code,date,weekday,regime,trend,label,mom_origin,fwd5,fwd10,fwd20,mae10,mfe10,half
603699,2023-03-09,3,mid,ma_bull,two_day_acceleration,current_week,0.18889809444904726,0.07042253521126751,0.013256006628003414,-0.030654515327257603,0.259320629660315,2023H1
603699,2023-03-13,0,mid,ma_bull,two_day_acceleration,current_week,0.08681408681408675,0.015561015561015523,0.03276003276003259,-0.014742014742014753,0.24488124488124496,2023H1
603699,2023-04-28,4,bull,ma_bull,shrinking_volume_acceleration,current_week,-0.056834532374100744,-0.03093525179856116,0.03597122302158273,-0.08561151079136686,0.033812949640287915,2023H1
603699,2023-05-22,0,mid,ma_bull,two_day_acceleration,current_week,0.043754410726887905,0.0028228652081863093,-0.031051517290049402,-0.034580098800282344,0.056457304163726185,2023H1
603699,2023-06-20,1,mid,ma_bull,shrinking_volume_acceleration,current_week,0.045454545454545414,0.02059659090909105,0.07883522727272729,-0.03977272727272729,0.07457386363636376,2023H1
603699,2023-08-07,0,bull,ma_bull,shrinking_volume_acceleration,current_week,-0.021088435374149728,-0.036054421768707545,0.02857142857142847,-0.054421768707483054,0.015646258503401178,2023H2
603699,2023-09-11,0,mid,macd_stabilizing,pullback_holds,current_week,-0.007397444519166241,0.0020174848688634395,-0.02286482851378613,-0.03765971755211839,0.059179556153328816,2023H2
603699,2023-09-14,3,mid,none,pullback_holds,current_week,-0.031735313977042545,0.03241053342336264,-0.05874409182984475,-0.033760972316002724,0.03646185010128278,2023H2
603699,2023-11-20,0,mid,none,two_day_acceleration,current_week,-0.02214285714285713,-0.024285714285714244,-0.03857142857142848,-0.04499999999999993,0.0035714285714285587,2023H2
603699,2023-11-21,1,mid,none,pullback_holds,current_week,0.018922852983988436,-0.02765647743813693,-0.0181950509461426,-0.02765647743813693,0.022561863173216956,2023H2
603699,2023-11-23,3,mid,none,pullback_holds,current_week,-0.0021897810218979297,-0.025547445255474588,0.007299270072992581,-0.04452554744525561,0.025547445255474477,2023H2
603699,2024-05-20,0,bull,ma_bull,two_day_acceleration,current_week,0.011616650532429995,-0.04065827686350432,-0.10116166505324298,-0.048886737657308665,0.014036786060019235,2024H1
603699,2024-06-04,1,mid,ma_bull,pullback_holds,current_week,-0.061850569025235,-0.10935180603661554,-0.17812963879267696,-0.11281543790202875,0.002968827313211131,2024H1
603699,2024-09-24,1,mid,macd_stabilizing,two_day_acceleration,current_week,0.1877984084880635,0.14641909814323606,0.24244031830238733,-0.023342175066313087,0.2541114058355436,2024H2
603699,2024-09-25,2,bull,macd_stabilizing,pullback_holds,current_week,0.17030335284725928,0.14741883980840864,0.22511974454497086,-0.020223523150611933,0.2581160191591272,2024H2
603699,2024-09-26,3,bull,macd_stabilizing,pullback_holds,current_week,0.15498938428874753,0.1443736730360934,0.17569002123142252,-0.0031847133757960666,0.2547770700636942,2024H2
603699,2024-10-24,3,bull,ma_bull,two_day_acceleration,current_week,-0.03695652173913033,0.06956521739130439,0.03086956521739137,-0.0534782608695652,0.08913043478260874,2024H2
603699,2024-11-25,0,mid,ma_bull,pullback_holds,current_week,0.005110732538330609,-0.007240204429301622,-0.05238500851788763,-0.05877342419080067,0.049403747870528036,2024H2
603699,2024-11-26,1,mid,ma_bull,pullback_holds,current_week,0.028037383177570208,-0.034834324553950746,-0.028887000849617706,-0.061172472387425514,0.04672897196261694,2024H2
603699,2024-11-29,4,mid,ma_bull,pullback_holds,current_week,-0.01751388295600176,-0.07475437847073896,-0.04527979495941903,-0.09440410081161899,0.04656129859034608,2024H2
603699,2024-12-02,0,bull,ma_bull,pullback_holds,current_week,-0.01270648030495558,-0.1029224904701398,-0.05972045743329102,-0.108852181279119,0.026683608640406753,2024H2
603699,2024-12-03,1,bull,ma_bull,shrinking_volume_acceleration,current_week,-0.05726141078838187,-0.10788381742738595,-0.08008298755186716,-0.12697095435684658,0.004149377593360981,2024H2
603699,2024-12-04,2,bull,ma_bull,pullback_holds,current_week,-0.07549557148882324,-0.09784900885702241,-0.08435259384226068,-0.11261071277941803,0.008435259384226068,2024H2
603699,2024-12-09,0,bull,ma_bull,shrinking_volume_acceleration,current_week,-0.11417816813048931,-0.06942701798410711,-0.08573818485989126,-0.12379757423672111,0.0,2024H2
603699,2024-12-25,2,bull,none,pullback_holds,current_week,-0.030370701205895467,0.08441268423403314,0.1103171058508261,-0.0665475658776239,0.09736489504242973,2024H2
603699,2024-12-26,3,bull,none,pullback_holds,current_week,-0.050809352517985684,0.07598920863309333,0.14298561151079126,-0.06025179856115104,0.10476618705035956,2024H2
603699,2024-12-27,4,bull,none,pullback_holds,current_week,-0.04843049327354265,0.03363228699551568,0.23049327354260085,-0.06278026905829592,0.10179372197309422,2024H2
603699,2025-01-24,4,mid,ma_bull,two_day_acceleration,current_week,0.023282012767555482,0.0123920390536989,-0.0788584303417198,-0.015771686068343893,0.07960946301164107,2025H1
603699,2025-03-04,1,mid,ma_bull,two_day_acceleration,current_week,-0.009009009009009028,0.023110066588327483,0.12534273403838614,-0.03603603603603611,0.02820211515863691,2025H1
603699,2025-03-05,2,bull,ma_bull,pullback_holds,current_week,-0.009044435705859222,0.03421156114825008,0.13055446323240272,-0.032245379473063274,0.04207628784899731,2025H1
603699,2025-03-06,3,bull,ma_bull,pullback_holds,current_week,0.0015980823012384793,0.05393527766679984,0.055133839392728756,-0.016779864163004476,0.060727127447063545,2025H1
603699,2025-03-07,4,bull,ma_bull,pullback_holds,current_week,-0.004347826086956497,0.046245059288537504,-0.06047430830039535,-0.027272727272727337,0.07035573122529648,2025H1
603699,2025-03-10,0,bull,ma_bull,two_day_acceleration,current_week,-0.02468652037617547,0.0607366771159874,-0.11285266457680243,-0.03565830721003138,0.07170846394984332,2025H1
603699,2025-03-11,1,bull,ma_bull,pullback_holds,current_week,0.03281929616449197,0.08461842625543703,-0.11111111111111105,-0.026888098062475274,0.10359826018189011,2025H1
603699,2025-03-24,0,mid,none,two_day_acceleration,current_week,0.022785740536567456,-0.16795295847115033,-0.10216832047041535,-0.19845644983461974,0.08416023520764426,2025H1
603699,2025-03-27,3,mid,none,shrinking_volume_acceleration,current_week,-0.03295496155254496,-0.10252654705236175,0.0007323324789454411,-0.2013914317099964,0.0801904064445258,2025H1
603699,2025-04-01,1,mid,macd_cross,two_day_acceleration,current_week,-0.21944444444444444,-0.18298611111111107,-0.07013888888888886,-0.24270833333333341,0.02430555555555558,2025H1
603699,2025-05-07,2,bull,none,shrinking_volume_acceleration,current_week,0.02739726027397249,0.07663828211773427,0.24435394298407997,-0.007774898185857082,0.0936690114772305,2025H1
603699,2025-05-08,3,bull,none,shrinking_volume_acceleration,current_week,0.012773722627737127,0.07956204379562037,0.22481751824817509,-0.004014598540146075,0.08467153284671514,2025H1
603699,2025-05-09,4,bull,none,shrinking_volume_acceleration,current_week,-0.00285612281328107,0.06854694751874324,0.2277757943591574,-0.01749375223134597,0.07925740806854686,2025H1
603699,2025-05-20,1,bull,ma_bull,shrinking_volume_acceleration,current_week,0.058761435608726265,0.1798029556650247,0.19282195636875432,-0.003166783954961283,0.1843771991555243,2025H1
603699,2025-05-21,2,bull,ma_bull,two_day_acceleration,current_week,0.07253351667239594,0.15537985562048817,0.13441045032657262,-0.005156411137848038,0.1663801993812306,2025H1
603699,2025-06-11,2,bull,ma_bull,shrinking_volume_acceleration,current_week,0.008928571428571397,-0.03303571428571428,-0.09464285714285714,-0.06101190476190477,0.03541666666666665,2025H1
603699,2025-06-18,2,bull,ma_bull,pullback_holds,current_week,-0.04300441826215029,-0.09808541973490437,-0.11605301914580268,-0.1184094256259206,0.004418262150220897,2025H1
603699,2025-07-04,4,bull,ma_bull,pullback_holds,current_week,-0.04596592735454841,-0.03664416586306651,-0.05625200900032146,-0.06460945033751198,0.004178720668595481,2025H2
603699,2025-07-16,2,bull,none,pullback_holds,current_week,-0.015686274509803977,-0.05228758169934644,0.07843137254901955,-0.05718954248366015,0.030065359477124076,2025H2
603699,2025-07-17,3,bull,none,pullback_holds,current_week,-0.03218390804597704,-0.05287356321839076,0.07553366174055842,-0.05517241379310345,0.035139573070607666,2025H2
603699,2025-07-18,4,bull,none,pullback_holds,current_week,-0.008316699933466398,-0.02328675981370598,0.09980039920159678,-0.04624085163007319,0.04856952761144373,2025H2
603699,2025-07-22,1,bull,none,two_day_acceleration,current_week,-0.06725888324873086,0.03680203045685282,0.0466370558375635,-0.09041878172588824,0.05742385786802018,2025H2
603699,2025-07-23,2,bull,none,pullback_holds,current_week,-0.03941702550513415,0.10102683007618429,0.09804571050016553,-0.050347797283868845,0.13481285193772763,2025H2
603699,2025-08-20,2,bull,ma_bull,pullback_holds,current_week,-0.03165511003919219,0.03346397347000307,0.12722339463370513,-0.03497135966234566,0.0823032861018993,2025H2
603699,2025-09-04,3,mid,ma_bull,pullback_holds,current_week,0.07355982274741502,0.12259970457902503,0.29010339734121127,-0.013884785819793133,0.17193500738552436,2025H2
603699,2025-09-11,3,bull,ma_bull,two_day_acceleration,current_week,0.0453920220082531,0.2159559834938103,0.1691884456671251,-0.040165061898211896,0.2442916093535077,2025H2
603699,2025-09-29,0,bull,ma_bull,shrinking_volume_acceleration,current_week,-0.03559283609158925,-0.029925187032418976,0.23441396508728185,-0.06053049195193838,0.07186579007027882,2025H2
603699,2025-10-15,2,bull,ma_bull,shrinking_volume_acceleration,current_week,0.005325306783977801,0.24797406807131295,0.1576753878212549,-0.02708960407501726,0.2549201203982405,2025H2
603699,2025-10-22,2,bull,ma_bull,pullback_holds,current_week,0.2413634269921694,0.2761400276370336,0.14486411791801013,-0.014279134039613006,0.28972823583602025,2025H2
603699,2025-10-23,3,bull,ma_bull,two_day_acceleration,current_week,0.18962472406181008,0.21192052980132425,0.08763796909492272,-0.0331125827814569,0.23620309050772614,2025H2
603699,2025-11-03,0,bull,ma_bull,shrinking_volume_acceleration,current_week,-0.035388340473086255,-0.06146395976904451,-0.07506053268765123,-0.07953063885267264,0.0430247718383312,2025H2
603699,2025-12-30,1,bull,none,shrinking_volume_acceleration,current_week,0.013305455236647168,0.007793195210036075,0.14788063105873417,-0.05037065196730661,0.04732940505607308,2025H2
603699,2026-01-07,2,bull,ma_bull,shrinking_volume_acceleration,current_week,-0.056902985074626766,0.09906716417910455,0.08899253731343282,-0.06791044776119404,0.10429104477611939,2026H1
603699,2026-01-23,4,bull,ma_bull,shrinking_volume_acceleration,current_week,0.014079785450888282,-0.05648675829701655,-0.02916526986255452,-0.06067717063359046,0.0811263828360711,2026H1
603699,2026-01-30,4,bull,ma_bull,shrinking_volume_acceleration,current_week,-0.061833333333333296,-0.08316666666666672,-0.06533333333333335,-0.08333333333333337,0.014666666666666606,2026H1
603699,2026-02-10,1,bull,ma_bull,pullback_holds,current_week,-0.038156077348066364,-0.059046961325966874,-0.04005524861878451,-0.059564917127071904,0.035911602209944826,2026H1
603699,2026-02-24,1,bull,ma_bull,shrinking_volume_acceleration,current_week,0.05266916622031781,0.0755222281735406,-0.11230137475450808,-0.04695590073201206,0.0867702196036424,2026H1
603699,2026-02-26,3,bull,ma_bull,pullback_holds,current_week,-0.010700909577314066,0.10540395933654367,-0.11360799001248434,-0.047975744604958015,0.13055109684323174,2026H1
603699,2026-02-27,4,bull,ma_bull,pullback_holds,current_week,-0.018194919834264023,0.07944514501891553,-0.09872095117996749,-0.03837146460097274,0.14195640425148626,2026H1
603699,2026-04-09,3,mid,none,pullback_holds,current_week,-0.00019212295869364127,0.12046109510086445,0.2186359269932756,-0.043611911623439026,0.1504322766570605,2026H1
603699,2026-06-16,1,bull,none,pullback_holds,current_week,-0.13812154696132595,-0.15435082872928174,-0.3062845303867403,-0.16574585635359118,0.013121546961325947,2026H1
603699,2026-08-07,4,mid,none,shrinking_volume_acceleration,current_week,0.031328563140591736,0.07619415973699484,-0.11777219106555803,-0.015470895378070004,0.09147166892283876,2026H2
603699,2026-08-17,0,mid,none,two_day_acceleration,current_week,-0.03266378824854521,-0.043739440585695566,-0.18584569175896382,-0.06851886615355729,0.059508165947061986,2026H2
603699,2026-08-20,3,mid,none,shrinking_volume_acceleration,current_week,-0.054611872146118734,-0.14337899543378996,,-0.1766210045662101,0.030867579908675724,2026H2
603699,2026-08-21,4,mid,none,two_day_acceleration,current_week,-0.0361216730038022,-0.13269961977186318,,-0.14296577946768063,0.05988593155893529,2026H2
301236,2024-05-06,0,bull,none,shrinking_volume_acceleration,current_week,-0.11936885433340971,-0.08323805168076837,-0.08278069974845659,-0.12439972558884071,0.0077749828493025586,2024H1
301236,2024-05-07,1,bull,none,pullback_holds,current_week,-0.07940969782150376,-0.04403841649098139,-0.074256266104474,-0.10306863434059499,0.0,2024H1
301236,2024-05-20,0,bull,none,pullback_holds,current_week,-0.018226600985221775,-0.012068965517241459,0.04901477832512313,-0.07733990147783254,0.041871921182266014,2024H1
301236,2024-05-21,1,bull,none,pullback_holds,current_week,-0.04454342984409809,-0.022024251422915087,0.04454342984409787,-0.07300173224449402,0.04677060133630295,2024H1
301236,2024-05-22,2,bull,none,pullback_holds,current_week,-0.08953794589418251,-0.06703375628441477,-0.0222647833373234,-0.1031841034235097,0.0026334689968876557,2024H1
301236,2024-10-21,0,bull,ma_bull,shrinking_volume_acceleration,current_week,-0.0849295774647888,-0.12253521126760558,-0.19478873239436623,-0.1635211267605634,0.06478873239436633,2024H2
301236,2024-12-12,3,bull,none,shrinking_volume_acceleration,current_week,-0.05124610591900314,-0.028037383177570208,-0.1855140186915888,-0.0995327102803738,0.0009345794392523477,2024H2
301236,2024-12-25,2,bull,none,two_day_acceleration,current_week,-0.11157556270096469,-0.16286173633440515,-0.11897106109324751,-0.20578778135048237,0.02893890675241151,2024H2
301236,2024-12-27,4,bull,none,pullback_holds,current_week,-0.1499754138665792,-0.1380101622684805,-0.12014423864940171,-0.19029667267661043,0.03442058678905102,2024H2
301236,2025-04-01,1,mid,none,shrinking_volume_acceleration,current_week,-0.09362068965517245,-0.07465517241379305,0.0017241379310344307,-0.21258620689655172,0.0070689655172413435,2025H1
301236,2025-04-21,0,mid,none,pullback_holds,current_week,-0.0014503263234229014,0.06852791878172582,-0.011240029006526542,-0.026831036983321344,0.12944162436548234,2025H1
301236,2025-04-25,4,mid,none,pullback_holds,current_week,0.10351777207768431,0.09637229754488841,-0.04690362770245504,-0.0014657383657017409,0.14785635764016125,2025H1
301236,2025-04-29,1,mid,none,two_day_acceleration,current_week,0.07768744354110213,0.049503161698283726,-0.05691056910569103,-0.0005420054200542257,0.13188798554652204,2025H1
301236,2025-05-12,0,bull,none,shrinking_volume_acceleration,current_week,-0.0740983606557376,-0.11606557377049176,-0.11983606557377058,-0.12590163934426224,0.003278688524590123,2025H1
002748,2025-06-06,4,bull,ma_bull,shrinking_volume_acceleration,current_week,-0.034446764091858095,-0.06784968684759918,0.014613778705636848,-0.07202505219206679,0.0052192066805847315,2025H1
002748,2025-06-09,0,bull,ma_bull,two_day_acceleration,current_week,-0.0052192066805846205,-0.04279749478079331,0.03235908141962418,-0.0814196242171189,0.00417536534446783,2025H1
002748,2025-06-25,2,bull,ma_bull,pullback_holds,current_week,0.0431034482758621,0.046336206896551824,0.05280172413793105,-0.018318965517241326,0.07650862068965525,2025H1
002748,2025-06-26,3,bull,ma_bull,pullback_holds,current_week,0.057671381936888144,0.0914036996735581,0.05984766050054424,0.0,0.10119695321001099,2025H1
002748,2025-07-01,1,bull,ma_bull,two_day_acceleration,current_week,0.012371134020618513,0.013402061855670055,0.007216494845360577,-0.01752577319587645,0.05567010309278331,2025H2
002748,2025-07-03,3,bull,ma_bull,shrinking_volume_acceleration,current_week,0.02871794871794875,0.012307692307692353,-0.021538461538461395,-0.022564102564102684,0.050256410256410255,2025H2
002748,2025-07-28,0,bull,ma_bull,two_day_acceleration,current_week,-0.018943170488534333,0.009970089730807707,-0.026919242273180433,-0.053838484546360865,0.018943170488534555,2025H2
002748,2025-08-04,0,bull,ma_bull,pullback_holds,current_week,0.02842639593908647,-0.024365482233502544,-0.05888324873096451,-0.029441624365482144,0.045685279187817285,2025H2
002748,2025-08-06,2,bull,ma_bull,pullback_holds,current_week,-0.007007007007007071,-0.012012012012011963,-0.09609609609609615,-0.05005005005005003,0.03103103103103111,2025H2
002748,2025-08-07,3,bull,ma_bull,pullback_holds,current_week,-0.01619433198380571,0.005060728744939125,-0.0668016194331984,-0.03947368421052633,0.04251012145748989,2025H2
002748,2025-08-08,4,bull,ma_bull,pullback_holds,current_week,-0.03203203203203209,-0.025025025025025016,-0.06806806806806809,-0.05005005005005003,0.03103103103103111,2025H2
002748,2025-08-11,0,bull,ma_bull,two_day_acceleration,current_week,-0.05133267522211271,-0.036525172754195534,0.010858835143139123,-0.06317867719644621,0.016781836130306038,2025H2
002748,2025-08-19,1,bull,ma_bull,pullback_holds,current_week,0.017453798767967044,-0.054414784394250404,0.02772073921971252,-0.08624229979466114,0.03182751540041062,2025H2
002748,2025-08-20,2,bull,ma_bull,pullback_holds,current_week,-0.04550050556117302,-0.0869565217391306,0.008088978766430666,-0.1001011122345804,0.016177957532861553,2025H2
002748,2025-08-21,3,bull,ma_bull,pullback_holds,current_week,-0.07243460764587517,-0.07243460764587517,-0.04929577464788715,-0.1046277665995975,0.01106639839034207,2025H2
002748,2025-08-25,0,bull,none,pullback_holds,current_week,-0.05020491803278693,0.049180327868852514,-0.06249999999999989,-0.08811475409836056,0.049180327868852514,2025H2
002748,2025-08-26,1,bull,ma_bull,pullback_holds,current_week,-0.06969696969696959,0.03838383838383819,-0.06363636363636371,-0.101010101010101,0.13737373737373737,2025H2
002748,2025-10-10,4,bull,ma_bull,shrinking_volume_acceleration,current_week,0.07180020811654542,0.6004162330905309,0.30593132154006253,-0.023933402705514917,0.6004162330905309,2025H2
002748,2025-10-14,1,bull,ma_bull,two_day_acceleration,current_week,0.1279296875,0.513671875,0.28515625,-0.0078125,0.6884765624999998,2025H2
002748,2025-10-20,0,mid,ma_bull,two_day_acceleration,current_week,0.6083650190114072,0.1796577946768061,0.290874524714829,-0.011406844106463754,0.6435361216730038,2025H2
002748,2026-01-12,0,bull,ma_bull,pullback_holds,current_week,-0.02635658914728678,-0.018604651162790753,-0.010077519379845024,-0.0728682170542635,0.006201550387596955,2026H1
002748,2026-01-19,0,bull,ma_bull,pullback_holds,current_week,0.0079617834394905,-0.03582802547770714,0.028662420382165488,-0.043789808917197526,0.04617834394904463,2026H1
002748,2026-01-22,3,bull,ma_bull,pullback_holds,current_week,-0.018225039619651384,-0.02297939778129965,0.05229793977813002,-0.04833597464342321,0.04120443740095081,2026H1
002748,2026-01-23,4,bull,ma_bull,pullback_holds,current_week,-0.022480620155038822,-0.027906976744185963,0.03410852713178292,-0.06899224806201554,0.018604651162790642,2026H1
002748,2026-02-09,0,bull,none,shrinking_volume_acceleration,current_week,0.0070148090413093556,-0.011691348402182444,-0.06547155105222136,-0.03351519875292286,0.07248636009353082,2026H1
002748,2026-04-08,2,mid,none,pullback_holds,current_week,0.018675721561969505,0.03820033955857394,0.08234295415959259,-0.009337860780984641,0.06536502546689316,2026H1
002748,2026-04-09,3,mid,none,pullback_holds,current_week,0.04931972789115657,0.028911564625850428,0.06972789115646272,-0.00340136054421758,0.06717687074829937,2026H1
002748,2026-04-14,1,mid,none,two_day_acceleration,current_week,0.011494252873563315,0.05500821018062396,0.006568144499178974,-0.027093596059113323,0.09195402298850586,2026H1
002369,2023-09-04,0,mid,none,two_day_acceleration,current_week,0.07407407407407396,0.0019493177387914784,0.24951267056530213,-0.021442495126705596,0.12280701754385959,2023H2
002369,2025-05-12,0,bull,none,shrinking_volume_acceleration,current_week,-0.05967078189300412,-0.08436213991769548,-0.09876543209876554,-0.11522633744855981,0.007201646090535085,2025H1
002369,2025-05-26,0,bull,none,shrinking_volume_acceleration,current_week,-0.04049493813273353,-0.014623172103487181,0.0866141732283463,-0.05624296962879638,0.014623172103486848,2025H1
002369,2025-06-05,3,bull,none,pullback_holds,current_week,0.012499999999999956,0.03863636363636358,0.05909090909090908,-0.045454545454545525,0.11022727272727262,2025H1
002369,2025-06-09,0,bull,none,pullback_holds,current_week,-0.025555555555555554,0.032222222222222374,-0.0022222222222221255,-0.06666666666666665,0.0855555555555556,2025H1
002369,2025-06-12,3,bull,none,pullback_holds,current_week,0.04576659038901609,0.07208237986270039,0.016018306636155666,-0.0389016018306636,0.11784897025171626,2025H1
002369,2025-06-16,0,bull,none,shrinking_volume_acceleration,current_week,0.055681818181818166,0.05795454545454537,0.011363636363636243,-0.025000000000000022,0.11022727272727262,2025H1
002369,2025-06-17,1,bull,none,pullback_holds,current_week,0.10273972602739723,0.051369863013698724,0.0011415525114155667,-0.020547945205479423,0.11529680365296802,2025H1
002369,2025-06-20,4,mid,none,pullback_holds,current_week,0.06912442396313367,0.03917050691244239,0.03341013824884809,-0.011520737327188946,0.12327188940092171,2025H1
002369,2025-06-27,4,bull,none,pullback_holds,current_week,-0.02696871628910469,-0.04099244875943897,-0.03991370010787476,-0.056094929881337574,0.05177993527508096,2025H1
002369,2025-07-18,4,bull,none,pullback_holds,current_week,-0.010011123470522798,-0.026696329254727535,0.020022246941045596,-0.031145717463848643,0.006674082313681939,2025H2
002369,2025-07-28,0,bull,none,pullback_holds,current_week,-0.01118568232662187,0.020134228187919545,0.2762863534675617,-0.03579418344519003,0.05145413870246096,2025H2
002369,2025-08-04,0,bull,none,pullback_holds,current_week,0.029345372460496844,0.05643340857787815,0.278781038374718,-0.0011286681715575453,0.07787810383747185,2025H2
002369,2025-08-07,3,bull,ma_bull,two_day_acceleration,current_week,0.005452562704471253,0.15158124318429667,0.06761177753544168,-0.019629225736095934,0.15158124318429667,2025H2
002369,2025-08-08,4,bull,none,pullback_holds,current_week,0.018888888888888955,0.22111111111111104,0.11333333333333329,-0.0011111111111110628,0.2777777777777777,2025H2
002369,2025-08-12,1,bull,ma_bull,two_day_acceleration,current_week,0.018418201516793076,0.2481040086673889,0.05525460455037923,-0.008667388949079147,0.2979414951245938,2025H2
002369,2025-08-15,4,bull,ma_bull,pullback_holds,current_week,0.19456521739130417,0.2108695652173913,0.07717391304347809,-0.0010869565217392907,0.3445652173913043,2025H2
002369,2025-08-20,2,bull,ma_bull,two_day_acceleration,current_week,0.19266055045871555,0.019367991845056,0.032619775739041845,-0.014271151885830835,0.2609582059123343,2025H2
002369,2025-08-27,2,bull,ma_bull,two_day_acceleration,current_week,-0.1561181434599156,-0.17552742616033756,-0.17552742616033756,-0.1932489451476792,0.028691983122362874,2025H2
002369,2025-10-13,0,bull,none,shrinking_volume_acceleration,current_week,-0.01880530973451322,-0.008849557522123908,-0.02986725663716827,-0.04314159292035402,0.006637168141592875,2025H2
002369,2025-10-20,0,mid,none,shrinking_volume_acceleration,current_week,-0.015384615384615219,-0.025274725274725074,0.027472527472527375,-0.06593406593406592,0.0,2025H2
002369,2025-10-21,1,bull,none,pullback_holds,current_week,0.004514672686230403,-0.010158013544018019,0.036117381489842115,-0.040632054176072185,0.02708803611738153,2025H2
002369,2025-10-22,2,bull,none,pullback_holds,current_week,-0.00563063063063074,-0.009009009009009028,0.014639639639639546,-0.04279279279279291,0.024774774774774633,2025H2
002369,2025-10-23,3,bull,none,pullback_holds,current_week,-0.041479820627802644,-0.023542600896860888,0.11098654708520184,-0.047085201793722,0.020179372197309364,2025H2
600081,2025-07-08,1,bull,none,pullback_holds,current_week,0.004583651642475317,0.027501909854851014,0.0,-0.009167303284950301,0.0488922841864019,2025H2
600081,2025-07-09,2,bull,none,pullback_holds,current_week,0.009976976208748933,0.012279355333844943,0.01304681504221028,-0.004604758250191909,0.053722179585571794,2025H2
600081,2025-07-10,3,bull,none,pullback_holds,current_week,0.01834862385321112,0.013761467889908285,0.0,-0.00840978593272168,0.04969418960244654,2025H2
600081,2025-07-11,4,bull,none,pullback_holds,current_week,0.009916094584286883,0.016781083142639153,-0.0007627765064835978,-0.010678871090770259,0.04729214340198329,2025H2
600081,2025-07-14,0,bull,none,two_day_acceleration,current_week,0.009826152683295453,-0.0007558578987150177,0.035525321239606944,-0.019652305366591016,0.037792894935752,2025H2
600081,2025-07-15,1,bull,none,pullback_holds,current_week,0.02515243902439024,-0.007621951219512257,0.056402439024390016,-0.02286585365853666,0.04649390243902429,2025H2
600081,2025-07-16,2,bull,none,pullback_holds,current_week,-0.0007575757575758457,-0.025000000000000022,0.04621212121212115,-0.03181818181818186,0.04015151515151505,2025H2
600081,2025-07-17,3,bull,none,two_day_acceleration,current_week,-0.005251312828207122,-0.04201050262565642,0.009002250562640812,-0.04426106526631657,0.030007501875468856,2025H2
600081,2025-07-18,4,bull,none,pullback_holds,current_week,0.009848484848484773,-0.027272727272727337,0.04621212121212115,-0.034848484848484906,0.04015151515151505,2025H2
600081,2025-07-24,3,bull,none,pullback_holds,current_week,-0.03840361445783147,-0.015060240963855498,0.07530120481927716,-0.04292168674698793,0.012801204819277157,2025H2
600081,2025-07-25,4,bull,none,pullback_holds,current_week,-0.04321907600596131,-0.023845007451564815,0.0842026825633384,-0.05290611028315939,0.0022354694485842153,2025H2
600081,2025-08-07,3,bull,none,pullback_holds,current_week,0.02828746177370034,0.09174311926605516,0.001529051987767538,-0.009938837920489219,0.09633027522935778,2025H2
600081,2025-08-08,4,bull,none,pullback_holds,current_week,0.028294862248696928,0.08339538346984376,0.007446016381236209,-0.013402829486224843,0.10945644080416983,2025H2
600081,2025-08-15,4,bull,none,shrinking_volume_acceleration,current_week,0.05972323379461031,0.0036416605972324767,-0.03350327749453752,-0.031318281136198056,0.09031318281136191,2025H2
600081,2025-08-20,2,bull,none,two_day_acceleration,current_week,-0.02970297029702973,-0.03111739745403108,-0.03394625176803401,-0.060113154172560135,0.05869872701555878,2025H2
600081,2025-08-22,4,bull,none,two_day_acceleration,current_week,-0.06576271186440674,-0.08271186440677958,-0.1098305084745762,-0.12542372881355934,0.014915254237288122,2025H2
600081,2025-09-16,1,bull,none,pullback_holds,current_week,0.0007418397626113293,-0.04080118694362023,-0.0741839762611276,-0.07715133531157281,0.034866468842730036,2025H2
600081,2025-09-17,2,bull,macd_stabilizing,pullback_holds,current_week,-0.03657644476956845,-0.06291148500365762,-0.08412582297000737,-0.08997805413313831,0.02048280907095834,2025H2
600081,2025-09-18,3,mid,none,pullback_holds,current_week,-0.04104477611940305,-0.04179104477611939,-0.06194029850746274,-0.07164179104477619,0.018656716417910557,2025H2
600081,2025-10-27,0,bull,none,pullback_holds,current_week,-0.0031746031746030523,-0.004761904761904634,-0.033333333333333326,-0.022222222222222143,0.014285714285714457,2025H2
600081,2025-10-28,1,bull,none,pullback_holds,current_week,-0.01500789889415477,-0.007898894154818259,-0.041074249605055235,-0.026856240126382325,0.0007898894154818592,2025H2
002365,2023-03-15,2,mid,ma_bull,shrinking_volume_acceleration,current_week,-0.014693171996542742,0.0,-0.050129645635263564,-0.03889369057908376,0.023336214347450257,2023H1
002365,2023-03-16,3,mid,ma_bull,pullback_holds,current_week,-0.030874785591766707,-0.07461406518010283,-0.05231560891938247,-0.08576329331046317,0.014579759862778818,2023H1
002365,2025-08-05,1,bull,none,two_day_acceleration,current_week,0.01294820717131473,0.0229083665338643,-0.08665338645418341,-0.028386454183266907,0.13147410358565725,2025H2
002365,2025-08-07,3,bull,none,pullback_holds,current_week,0.10292633703329956,0.024217961654894093,-0.04238143289606455,-0.013622603430877844,0.14631685166498487,2025H2
002365,2025-08-13,2,bull,none,pullback_holds,current_week,-0.011268985791278774,-0.05242528172464478,-0.10338069573738362,-0.05291523762861339,0.11317981381675635,2025H2
002365,2025-09-09,1,bull,none,two_day_acceleration,current_week,-0.009129967776584369,-0.06552094522019325,0.04994629430719644,-0.08163265306122447,0.009129967776584147,2025H2
002365,2025-09-11,3,bull,none,pullback_holds,current_week,-0.007658643326039383,-0.046498905908096355,-0.005470459518599591,-0.06455142231947486,0.0191466083150984,2025H2
002365,2025-11-03,0,bull,none,pullback_holds,current_week,-0.0017142857142857792,0.0,-0.06914285714285717,-0.027999999999999914,0.034285714285714475,2025H2
002365,2025-11-10,0,bull,none,pullback_holds,current_week,0.0011441647597254523,-0.0846681922196797,-0.09496567505720821,-0.09839816933638446,0.035469107551487467,2025H2
002365,2025-11-11,1,bull,none,two_day_acceleration,current_week,-0.04357541899441342,-0.09329608938547496,-0.12737430167597774,-0.11955307262569848,0.011173184357541777,2025H2
002365,2025-11-12,2,bull,none,pullback_holds,current_week,-0.055587067498582,-0.07941009642654562,-0.11627906976744184,-0.10606920022688593,0.026659103800340533,2025H2
002365,2025-11-13,3,bull,none,shrinking_volume_acceleration,current_week,-0.06260671599317025,-0.07285145133750714,-0.13033579965850872,-0.10301650540694363,0.030165054069436703,2025H2
688450,2025-08-04,0,bull,ma_bull,shrinking_volume_acceleration,current_week,-0.017025377449405688,-0.01156440732412467,-0.04593639575971731,-0.06392547381946667,0.0,2025H2
688450,2025-08-07,3,bull,ma_bull,pullback_holds,current_week,-0.0398682042833608,0.040856672158154916,-0.07347611202635917,-0.0398682042833608,0.053377265238879756,2025H2
688450,2025-08-20,2,bull,ma_bull,shrinking_volume_acceleration,current_week,-0.04271597067261712,-0.10870258208479444,-0.07650621613006059,-0.11380299649346515,0.032833917755817676,2025H2
688450,2025-09-08,0,bull,ma_bull,pullback_holds,current_week,-0.035052241321199995,-0.0778564206268959,-0.0805527468823728,-0.08291203235591504,0.0006740815638692776,2025H2
688450,2025-09-16,1,bull,none,pullback_holds,current_week,-0.06413793103448273,-0.039655172413793016,-0.025862068965517238,-0.10344827586206895,0.012068965517241459,2025H2
688450,2025-09-17,2,bull,none,pullback_holds,current_week,-0.04982817869415801,-0.0453608247422681,-0.03264604810996563,-0.10652920962199319,0.00859106529209619,2025H2
688450,2025-09-30,1,bull,none,pullback_holds,current_week,-0.01076812634601565,0.0139985642498206,0.059942569992821326,-0.06496769562096194,0.02943287867910982,2025H2
688450,2025-10-14,1,bull,none,pullback_holds,current_week,0.03629032258064502,0.050953079178885696,0.08944281524926678,-0.01026392961876832,0.06854838709677424,2025H2
688450,2025-10-15,2,bull,none,pullback_holds,current_week,0.025408348457350183,0.015607985480943665,0.05843920145190551,-0.019963702359346636,0.05807622504537213,2025H2
688450,2025-10-16,3,bull,none,pullback_holds,current_week,0.02774735304855791,0.010222709017889686,0.05951077035414376,-0.014238773274917849,0.06425702811244993,2025H2
688450,2025-10-17,4,mid,none,pullback_holds,current_week,0.04397215097105178,0.0410406742396483,0.06632466104800305,0.0,0.06815683400513017,2025H2
688450,2025-10-20,0,mid,none,pullback_holds,current_week,0.03766751177109762,0.049619703006157145,0.06772908366533859,-0.003984063745019917,0.06483158275986978,2025H2
688450,2025-10-21,1,bull,none,two_day_acceleration,current_week,0.014149274849664106,0.03997170145030071,0.06154934559603831,-0.027237354085603127,0.048814998231340834,2025H2
688450,2025-11-06,3,bull,none,two_day_acceleration,current_week,-0.036200597808037194,-0.07040850215875116,-0.0790435071404848,-0.0793756227167054,0.009299236134174826,2025H2
688450,2025-12-08,0,bull,none,pullback_holds,current_week,-0.04438182458612194,-0.03945051074321948,-0.022895385699189807,-0.08348009862627692,0.006340260655160357,2025H2
688450,2025-12-19,4,mid,none,shrinking_volume_acceleration,current_week,-0.008960573476702538,0.0028673835125447855,0.09103942652329744,-0.032258064516129115,0.019713261648745428,2025H2
688450,2026-01-07,2,bull,none,pullback_holds,current_week,0.08447653429602897,0.1155234657039712,0.08808664259927812,0.0,0.11913357400722036,2026H1
688450,2026-01-15,3,bull,macd_cross,shrinking_volume_acceleration,current_week,0.009256198347107558,-0.03438016528925614,0.03140495867768589,-0.044628099173553704,0.024793388429751984,2026H1
688450,2026-01-21,2,bull,ma_bull,shrinking_volume_acceleration,current_week,-0.03839948370442081,-0.027428202646014865,0.013552758954501476,-0.0680864795095193,0.0,2026H1
688450,2026-01-22,3,bull,ma_bull,pullback_holds,current_week,-0.04386252045826511,-0.009819967266775809,0.09983633387888702,-0.054664484451718565,0.007855973813420514,2026H1
688450,2026-01-23,4,bull,ma_bull,pullback_holds,current_week,-0.02777777777777779,-0.008169934640522847,0.1124183006535946,-0.05620915032679741,0.0062091503267973636,2026H1
688450,2026-02-03,1,mid,ma_bull,shrinking_volume_acceleration,current_week,0.020156046814044037,0.01755526657997386,0.1534460338101431,-0.031209362808842678,0.0552665799739922,2026H1
688450,2026-02-04,2,mid,ma_bull,pullback_holds,current_week,0.029314888010540274,0.034584980237154284,0.1472332015810276,-0.01844532279314881,0.06916996047430835,2026H1
688450,2026-02-05,3,mid,ma_bull,pullback_holds,current_week,0.041388518024032095,0.12149532710280386,0.17690253671562073,-0.005340453938584733,0.13618157543391174,2026H1
688450,2026-02-06,4,mid,ma_bull,pullback_holds,current_week,0.026557377049180486,0.11606557377049187,0.12918032786885236,-0.0006557377049180024,0.14950819672131166,2026H1
688450,2026-02-09,0,bull,ma_bull,two_day_acceleration,current_week,0.03577183370931358,0.07702223654527884,0.0705768611021591,-0.007089912987431446,0.12987431517885928,2026H1
688450,2026-02-24,1,bull,ma_bull,two_day_acceleration,current_week,0.02957486136783727,0.06623536660505236,-0.05637707948243997,-0.05760936537276651,0.08009858287122618,2026H1
688450,2026-02-26,3,bull,ma_bull,pullback_holds,current_week,0.015286624203821653,0.10923566878980884,0.012101910828025364,-0.025796178343949094,0.14299363057324843,2026H1
688450,2026-03-09,0,mid,ma_bull,two_day_acceleration,current_week,0.014432989690721598,-0.15463917525773208,0.05655375552282749,-0.1649484536082475,0.07511045655375548,2026H1
688450,2026-04-16,3,mid,ma_bull,shrinking_volume_acceleration,current_week,0.1637717121588087,0.15086848635235728,0.15459057071960292,-0.001985111662531125,0.20297766749379642,2026H1
688450,2026-04-17,4,mid,ma_bull,two_day_acceleration,current_week,0.1032098765432099,0.1693827160493826,0.15407407407407403,0.0,0.2123456790123457,2026H1
688450,2026-05-14,3,bull,ma_bull,pullback_holds,current_week,-0.022866821935210835,-0.002117298327334316,-0.14016514926953216,-0.11009951302138477,0.11962735549438919,2026H1
688450,2026-06-25,3,bull,ma_bull,shrinking_volume_acceleration,current_week,0.21628787878787858,0.18428030303030285,-0.45227272727272727,-0.004166666666666763,0.34090909090909083,2026H1
688450,2026-08-06,3,mid,none,shrinking_volume_acceleration,current_week,0.01924812030075196,-0.0015037593984961184,0.0,-0.04330827067669163,0.11127819548872186,2026H2
688450,2026-09-01,1,bull,none,pullback_holds,current_week,-0.017127403846153855,-0.060997596153846145,,-0.09224759615384615,0.028846153846153966,2026H2
688450,2026-09-02,2,mid,none,pullback_holds,current_week,-0.028451632225217183,,,-0.09523809523809523,0.025456723569931228,2026H2
300198,2025-04-01,1,mid,none,shrinking_volume_acceleration,current_week,-0.15017064846416384,-0.11945392491467577,-0.24232081911262793,-0.2696245733788396,0.013651877133105783,2025H1
300198,2025-05-06,1,mid,none,shrinking_volume_acceleration,current_week,0.06306306306306286,0.11261261261261257,0.17567567567567544,-0.018018018018018056,0.13963963963963955,2025H1
300198,2025-05-08,3,bull,none,two_day_acceleration,current_week,0.004347826086956497,0.09130434782608687,0.10434782608695636,-0.026086956521739202,0.11739130434782585,2025H1
300198,2025-05-12,0,bull,none,pullback_holds,current_week,0.004166666666666874,0.008333333333333304,0.10416666666666674,-0.06666666666666654,0.0708333333333333,2025H1
300198,2025-05-21,2,bull,none,pullback_holds,current_week,0.03658536585365857,0.0,0.024390243902439046,-0.0325203252032521,0.06910569105691056,2025H1
300198,2025-05-22,3,bull,macd_stabilizing,two_day_acceleration,current_week,0.028340080971659853,0.028340080971659853,-0.020242914979757165,-0.036437246963562875,0.06477732793522262,2025H1
300198,2025-06-03,1,bull,none,shrinking_volume_acceleration,current_week,0.039215686274509665,0.05490196078431353,0.03137254901960773,-0.0509803921568629,0.1568627450980391,2025H1
300198,2025-06-04,2,bull,none,two_day_acceleration,current_week,0.04230769230769216,-0.011538461538461608,-0.015384615384615441,-0.06923076923076932,0.13461538461538458,2025H1
300198,2025-06-06,4,bull,none,shrinking_volume_acceleration,current_week,0.15294117647058814,-0.0509803921568629,-0.019607843137255054,-0.0509803921568629,0.1568627450980391,2025H1
300198,2025-06-09,0,bull,none,pullback_holds,current_week,0.02316602316602312,-0.01158301158301156,-0.03474903474903468,-0.07335907335907332,0.13899613899613916,2025H1
300198,2025-06-12,3,bull,ma_bull,two_day_acceleration,current_week,-0.10954063604240283,-0.08127208480565373,-0.1307420494699647,-0.15194346289752658,0.042402826855123754,2025H1
300198,2025-06-30,0,bull,ma_bull,pullback_holds,current_week,-0.04580152671755733,-0.06488549618320605,-0.06106870229007644,-0.0725190839694656,0.01908396946564883,2025H1
300198,2025-07-01,1,bull,ma_bull,pullback_holds,current_week,-0.053030303030303094,-0.08333333333333337,-0.08712121212121215,-0.08712121212121215,0.0,2025H2
300198,2025-07-21,0,bull,none,pullback_holds,current_week,0.020746887966804906,0.0,-0.03319502074688796,-0.03734439834024905,0.03319502074688807,2025H2
300198,2025-07-30,2,bull,none,pullback_holds,current_week,-0.008264462809917328,-0.016528925619834767,0.024793388429751984,-0.02066115702479332,0.008264462809917328,2025H2
300198,2025-08-01,4,bull,none,pullback_holds,current_week,0.0,-0.029166666666666563,0.008333333333333304,-0.03749999999999998,0.016666666666666607,2025H2
300198,2025-08-19,1,bull,none,pullback_holds,current_week,0.02991452991453003,0.012820512820512997,-0.004273504273504147,-0.004273504273504147,0.11965811965811968,2025H2
300198,2025-08-20,2,bull,none,two_day_acceleration,current_week,0.029045643153526868,-0.020746887966805128,-0.0456431535269709,-0.03319502074688796,0.08713692946058083,2025H2
300198,2025-08-22,4,bull,none,pullback_holds,current_week,0.01680672268907557,-0.01680672268907568,0.021008403361344685,-0.02941176470588225,0.10084033613445387,2025H2
300198,2025-08-26,1,bull,none,pullback_holds,current_week,-0.012499999999999956,-0.01666666666666672,-0.03749999999999998,-0.03749999999999998,0.09166666666666679,2025H2
300198,2025-08-27,2,bull,none,two_day_acceleration,current_week,-0.044534412955465674,-0.03238866396761131,-0.06882591093117407,-0.06477732793522273,0.03238866396761142,2025H2
300198,2025-08-29,4,bull,none,pullback_holds,current_week,-0.03305785123966942,-0.024793388429752095,-0.04958677685950397,-0.045454545454545414,0.004132231404958775,2025H2
300198,2025-09-08,0,bull,none,two_day_acceleration,current_week,-0.008510638297872353,-0.004255319148936287,-0.06808510638297882,-0.07234042553191489,0.05531914893617018,2025H2
300198,2025-09-09,1,bull,none,pullback_holds,current_week,-0.008510638297872353,-0.017021276595744705,-0.07234042553191489,-0.07234042553191489,0.05531914893617018,2025H2
300198,2025-09-10,2,bull,none,pullback_holds,current_week,-0.029535864978902926,-0.029535864978902926,-0.05907172995780596,-0.08016877637130804,0.04641350210970452,2025H2
300198,2025-09-11,3,bull,none,pullback_holds,current_week,-0.051063829787234116,-0.02127659574468077,-0.07659574468085117,-0.07234042553191489,0.05531914893617018,2025H2
300198,2025-09-12,4,bull,none,pullback_holds,current_week,0.029661016949152685,-0.025423728813559143,-0.06779661016949146,-0.07627118644067787,0.05084745762711873,2025H2
300198,2025-10-22,2,bull,none,pullback_holds,current_week,0.008888888888888946,0.026666666666666616,0.15111111111111097,-0.01777777777777778,0.057777777777777706,2025H2
300198,2025-10-23,3,bull,none,pullback_holds,current_week,-0.004444444444444362,0.017777777777777892,0.15555555555555567,-0.01777777777777778,0.057777777777777706,2025H2
300198,2025-10-24,4,bull,none,pullback_holds,current_week,-0.004424778761062065,0.0265486725663715,0.09292035398230092,-0.02212389380530988,0.05309734513274322,2025H2
300198,2026-01-12,0,bull,ma_bull,two_day_acceleration,current_week,-0.04528301886792441,0.07169811320754715,0.0641509433962264,-0.07169811320754715,0.10566037735849076,2026H1
300198,2026-01-28,2,bull,ma_bull,shrinking_volume_acceleration,current_week,-0.07973421926910307,-0.06312292358803995,-0.12624584717607978,-0.10963455149501666,0.006644518272425293,2026H1
300198,2026-02-09,0,bull,ma_bull,pullback_holds,current_week,0.0035335689045936647,-0.0742049469964664,-0.0035335689045937757,-0.08127208480565373,0.05653710247349819,2026H1
300198,2026-04-13,0,mid,none,pullback_holds,current_week,-0.015503875968992276,-0.04263565891472865,-0.03488372093023251,-0.050387596899224785,0.03100775193798455,2026H1
300198,2026-04-14,1,mid,none,pullback_holds,current_week,-0.02334630350194533,-0.02334630350194533,-0.05836575875486383,-0.06225680933852129,0.035019455252918386,2026H1
300198,2026-04-16,3,mid,none,pullback_holds,current_week,-0.057251908396946494,-0.038167938931297773,-0.08778625954198471,-0.08015267175572516,0.003816793893129722,2026H1
300198,2026-04-17,4,mid,none,pullback_holds,current_week,-0.04263565891472865,-0.03488372093023251,-0.10077519379844968,-0.06589147286821706,0.0,2026H1
300198,2026-04-29,2,bull,none,pullback_holds,current_week,0.0,-0.024193548387096753,-0.05645161290322587,-0.05645161290322587,0.032258064516129004,2026H1
300198,2026-04-30,3,bull,none,pullback_holds,current_week,-0.07058823529411773,-0.04313725490196085,-0.10196078431372557,-0.08235294117647074,0.0,2026H1
300198,2026-05-15,4,bull,none,shrinking_volume_acceleration,current_week,-0.04048582995951422,-0.07692307692307687,-0.01619433198380571,-0.11336032388663975,0.00809716599190291,2026H1
301076,2024-04-01,0,bull,none,shrinking_volume_acceleration,current_week,-0.10150674068199839,-0.1471054718477398,-0.07613005551149876,-0.25059476605868347,0.02101506740682013,2024H1
301076,2025-05-06,1,mid,macd_cross,shrinking_volume_acceleration,current_week,-0.008642602948652822,0.032791052364006035,-0.07015760040671082,-0.08490086426029497,0.1428571428571428,2025H1
301076,2025-05-12,0,bull,none,shrinking_volume_acceleration,current_week,0.07826086956521738,0.17285902503293804,-0.06534914361001332,-0.0513833992094862,0.21212121212121193,2025H1
301076,2025-05-14,2,bull,none,pullback_holds,current_week,0.03797132235793943,0.0833775889537971,-0.07249070631970267,-0.0440785979819438,0.2214551248008496,2025H1
301076,2025-06-09,0,bull,ma_bull,shrinking_volume_acceleration,current_week,-0.05637322965842806,-0.11830047209108574,-0.06525965009719503,-0.12940849763954443,0.00610941405165244,2025H1
301076,2025-06-11,2,bull,ma_bull,shrinking_volume_acceleration,current_week,-0.069401517280135,-0.012363023321157796,-0.021354313009272374,-0.119134588367519,0.030345602697386953,2025H1
301076,2025-06-26,3,bull,none,pullback_holds,current_week,-0.026179516685845727,-0.24856156501726112,-0.1470080552359032,-0.253452243958573,0.038550057537399374,2025H1
301076,2025-06-27,4,bull,none,pullback_holds,current_week,-0.0296425457715781,-0.2034292356873003,-0.1421098517872712,-0.25167102586457435,0.04911362975879108,2025H1
301076,2025-09-11,3,bull,ma_bull,shrinking_volume_acceleration,current_week,-0.08047089179164646,-0.13401064344460567,-0.1719077568134172,-0.16158684083212382,0.07208514755684581,2025H2
301076,2025-09-17,2,bull,ma_bull,shrinking_volume_acceleration,current_week,-0.07663740715732614,-0.1068534773801485,-0.1610398379473329,-0.13234301147873062,0.018737339635381378,2025H2
301076,2025-10-20,0,mid,none,pullback_holds,current_week,-0.007837889504874851,-0.02733702924870962,-0.16344867138214503,-0.0611737717453642,0.03402791053335874,2025H2
301076,2025-10-21,1,bull,none,pullback_holds,current_week,0.013261579857774208,-0.08648856428983276,-0.17336152219873158,-0.09667499519507983,0.039592542763790206,2025H2
301076,2025-10-27,0,bull,none,two_day_acceleration,current_week,-0.012038834951456301,-0.08640776699029118,-0.20310679611650484,-0.09708737864077666,0.05029126213592239,2025H2
301076,2025-10-31,4,bull,none,pullback_holds,current_week,-0.04727685325264752,-0.1821104387291982,-0.19610438729198187,-0.1821104387291982,0.011724659606656473,2025H2
301076,2025-12-01,0,mid,none,two_day_acceleration,current_week,0.013953488372093092,-0.03651162790697671,0.06279069767441858,-0.04604651162790685,0.025348837209302477,2025H2
301076,2025-12-09,1,mid,none,pullback_holds,current_week,-0.04727187206020711,0.0042333019755409484,0.1246472248353716,-0.06067732831608663,0.02539981185324547,2025H2
301076,2025-12-24,2,bull,none,shrinking_volume_acceleration,current_week,0.13356321839080465,0.10643678160919556,0.14827586206896548,-0.013563218390804543,0.2091954022988507,2025H2
301076,2025-12-25,3,bull,none,two_day_acceleration,current_week,0.09879627526686363,0.13422666363842817,0.049511696570520014,-0.025437201907790086,0.19464001816942988,2025H2
301076,2026-01-06,1,bull,none,two_day_acceleration,current_week,-0.03238948869423519,0.014259523324505974,-0.10348339784070082,-0.06844571195762883,0.08168669790181293,2026H1
301076,2026-02-26,3,bull,none,pullback_holds,current_week,-0.09968567579703635,-0.06331387516838793,-0.17220475976650207,-0.12415806017063313,0.003816793893129722,2026H1
603500,2023-07-25,1,mid,ma_bull,shrinking_volume_acceleration,current_week,-0.02080123266563938,-0.03389830508474567,-0.07858243451463787,-0.046995377503852076,0.0007704160246533309,2023H2
603500,2023-07-31,0,bull,none,shrinking_volume_acceleration,current_week,-0.019592476489028177,-0.061128526645767955,-0.12617554858934166,-0.06896551724137923,0.0031347962382446415,2023H2
603500,2025-09-19,4,mid,ma_bull,pullback_holds,current_week,-0.03716814159292037,0.022123893805309658,0.19115044247787605,-0.04867256637168149,0.05752212389380529,2025H2
603500,2025-09-30,1,bull,ma_bull,pullback_holds,current_week,0.06991150442477867,0.09646017699115039,0.08584070796460175,-0.026548672566371723,0.1292035398230087,2025H2
603500,2025-11-10,0,bull,ma_bull,pullback_holds,current_week,-0.023961661341852958,-0.12779552715654952,-0.09584664536741205,-0.1357827476038338,0.03594249201277955,2025H2
603500,2025-11-11,1,bull,ma_bull,two_day_acceleration,current_week,-0.04720692368214019,-0.1313926042486231,-0.10149488591660116,-0.14870180959874113,0.016522423288748866,2025H2
603500,2025-11-12,2,bull,ma_bull,pullback_holds,current_week,-0.0563939634630658,-0.13343923749007147,-0.08339952343129464,-0.1405877680698967,0.01588562351072298,2025H2
603500,2025-11-14,4,bull,ma_bull,pullback_holds,current_week,-0.14037854889589896,-0.09779179810725558,-0.10567823343848581,-0.14668769716088326,0.0,2025H2
603500,2025-12-19,4,mid,none,pullback_holds,current_week,0.034782608695652195,0.06434782608695655,0.16695652173913045,-0.003478260869565153,0.08521739130434791,2025H2
603500,2026-01-08,3,bull,ma_bull,pullback_holds,current_week,0.03127572016460922,0.12757201646090532,0.10946502057613161,-0.008230452674897082,0.14567901234567904,2026H1
603500,2026-01-09,4,bull,ma_bull,shrinking_volume_acceleration,current_week,0.04939271255060729,0.13441295546558707,0.08016194331983817,-0.012955465587044523,0.1417004048582995,2026H1
603500,2026-01-12,0,bull,ma_bull,two_day_acceleration,current_week,0.034810126582278444,0.08623417721518978,0.058544303797468444,-0.024525316455696222,0.115506329113924,2026H1
603500,2026-01-15,3,bull,ma_bull,shrinking_volume_acceleration,current_week,0.08816521048451165,0.0659253375694997,0.061159650516282804,-0.006354249404289081,0.11993645750595716,2026H1
603500,2026-01-16,4,bull,ma_bull,two_day_acceleration,current_week,0.08101851851851838,0.044753086419753174,0.03317901234567899,-0.01620370370370372,0.0879629629629628,2026H1
603500,2026-01-20,1,bull,ma_bull,two_day_acceleration,current_week,0.0345345345345347,0.020270270270270174,0.007507507507507505,-0.011261261261261257,0.058558558558558405,2026H1
603500,2026-01-21,2,bull,ma_bull,shrinking_volume_acceleration,current_week,-0.010830324909747224,-0.015162454873646092,-0.012274368231046884,-0.04909747292418776,0.018050541516245522,2026H1
603500,2026-01-23,4,bull,ma_bull,shrinking_volume_acceleration,current_week,-0.03285714285714281,-0.04714285714285715,-0.03857142857142848,-0.059285714285714275,0.0035714285714285587,2026H1
603500,2026-02-04,2,mid,ma_bull,pullback_holds,current_week,-0.02720588235294108,0.00588235294117645,-0.138235294117647,-0.03676470588235292,0.008823529411764675,2026H1
603500,2026-02-24,1,bull,ma_bull,pullback_holds,current_week,-0.10561299852289519,-0.11373707533234867,-0.20974889217134418,-0.17208271787296903,0.0406203840472672,2026H1
603500,2026-04-08,2,mid,none,two_day_acceleration,current_week,0.0035874439461882623,-0.019730941704035887,-0.06995515695067256,-0.02959641255605383,0.047533632286995475,2026H1
603500,2026-04-10,4,mid,none,two_day_acceleration,current_week,-0.027898866608544015,-0.07759372275501308,-0.10810810810810811,-0.10636442894507414,0.0052310374891018085,2026H1
603500,2026-04-27,0,bull,none,shrinking_volume_acceleration,current_week,-0.0326492537313432,-0.06623134328358216,-0.06156716417910446,-0.06623134328358216,0.00746268656716409,2026H1
603500,2026-04-30,3,bull,none,two_day_acceleration,current_week,-0.05228758169934644,-0.03361344537815136,-0.03548085901027087,-0.0774976657329598,0.007469654528478031,2026H1
603500,2026-05-19,1,bull,none,shrinking_volume_acceleration,current_week,0.01844660194174752,0.002912621359223211,0.29902912621359223,-0.04757281553398063,0.09223300970873782,2026H1
603500,2026-05-20,2,bull,none,pullback_holds,current_week,-0.016221374045801484,-0.03530534351145043,0.2977099236641221,-0.06393129770992367,0.07347328244274798,2026H1
002955,2023-03-15,2,mid,ma_bull,pullback_holds,current_week,0.0958495073156167,-0.02418632427590328,-0.21021200358315917,-0.06240668856375031,0.20214989549119133,2023H1
002955,2023-03-23,3,bull,ma_bull,shrinking_volume_acceleration,current_week,-0.14216216216216215,-0.26540540540540536,-0.321081081081081,-0.29000000000000004,0.0881081081081081,2023H1
002955,2023-05-09,1,bull,none,pullback_holds,current_week,0.002873563218390718,0.01518883415435135,0.019704433497536922,-0.007799671592774948,0.057060755336617364,2023H1
002955,2023-05-10,2,mid,none,pullback_holds,current_week,0.009704811969267979,-0.004043671653861769,0.01455721795390219,-0.02062272543469479,0.041245450869389355,2023H1
002955,2023-05-11,3,mid,none,two_day_acceleration,current_week,0.0035615354174911573,-0.03878116343490301,-0.03126236644242186,-0.05619311436485941,0.018994855559952617,2023H1
002955,2023-06-16,4,mid,none,pullback_holds,current_week,-0.07391130643228128,-0.04754294846184581,-0.15501398322013582,-0.10986815821014784,0.0259688373951259,2023H1
002955,2023-06-19,0,mid,none,two_day_acceleration,current_week,-0.10503540519276167,-0.059008654602675015,-0.16679779701022823,-0.12352478363493313,0.001180173092053316,2023H1
002955,2025-08-15,4,bull,ma_bull,shrinking_volume_acceleration,current_week,0.028352490421455823,0.04482758620689653,0.17624521072796928,-0.009578544061302652,0.07088122605363978,2025H2
002955,2025-10-27,0,bull,none,pullback_holds,current_week,-0.021353601158161428,-0.007600434310531923,-0.027868259138617457,-0.029677886355410688,0.08469055374592838,2025H2
002955,2025-10-28,1,bull,none,pullback_holds,current_week,-0.015804597701149392,-0.03196839080459768,-0.0193965517241379,-0.03735632183908044,0.07650862068965503,2025H2
002955,2025-10-29,2,bull,none,pullback_holds,current_week,-0.002852049910873511,-0.054545454545454564,-0.011051693404634522,-0.06310160427807487,0.06844919786096249,2025H2
002955,2025-12-24,2,bull,ma_bull,shrinking_volume_acceleration,current_week,0.02228976697061813,0.027017899358324993,-0.04457953394123604,-0.013846673421141542,0.050658561296859084,2025H2
002955,2025-12-25,3,bull,ma_bull,two_day_acceleration,current_week,0.005603164139749595,-0.003625576796308483,-0.07910349373764003,-0.037574159525379014,0.03460777851021746,2025H2
002955,2026-02-04,2,mid,none,pullback_holds,current_week,-0.023930384336475763,0.00435097897026826,-0.05257432922407557,-0.026468455402465563,0.0116026105873821,2026H1
002955,2026-02-24,1,bull,none,pullback_holds,current_week,-0.06078359575247161,-0.017942145734163417,-0.07250091541559867,-0.07872574148663503,0.02160380812889051,2026H1
002955,2026-02-25,2,bull,none,pullback_holds,current_week,-0.08672184238934866,-0.04390068369917233,-0.07844548398704565,-0.09463835912198626,0.0032385750269880997,2026H1
002955,2026-02-26,3,bull,none,pullback_holds,current_week,-0.051985559566786965,-0.05667870036101086,-0.09675090252707585,-0.09169675090252705,0.0,2026H1
002955,2026-02-27,4,bull,none,pullback_holds,current_week,-0.04415011037527594,-0.04488594554819714,-0.048933038999264156,-0.07431935246504784,0.0003679175864605977,2026H1
002955,2026-03-11,2,bull,none,pullback_holds,current_week,-0.03532506576475003,-0.037579857196542665,-0.03570086433671549,-0.11123637730176617,0.033446072904923074,2026H1
002955,2026-03-12,3,bull,none,pullback_holds,current_week,-0.026153846153846194,-0.03769230769230769,-0.002307692307692233,-0.09038461538461529,0.05769230769230771,2026H1
002955,2026-08-21,4,mid,ma_bull,pullback_holds,current_week,-0.04215323269723714,0.10880091142124759,,-0.0689262318427799,0.18513244090002856,2026H2
688353,2025-07-29,1,bull,ma_bull,pullback_holds,current_week,0.055247003800058536,0.00993861444022226,0.029231218941829784,-0.07921660333235903,0.11078631978953513,2025H2
688353,2025-09-02,1,bull,ma_bull,pullback_holds,current_week,0.31924614505996574,0.29354654483152487,0.34237578526556245,-0.01456310679611661,0.44774414620217007,2025H2
688353,2025-10-13,0,bull,ma_bull,shrinking_volume_acceleration,current_week,0.007337526205450695,-0.1352201257861636,0.9496855345911948,-0.14465408805031443,0.0691823899371069,2025H2
688353,2026-02-13,4,mid,ma_bull,two_day_acceleration,current_week,-0.03839999999999999,-0.039555555555555566,-0.12168888888888885,-0.10026666666666673,0.040000000000000036,2026H1
688353,2026-03-09,0,mid,none,two_day_acceleration,current_week,0.08371665133394668,-0.09098436062557502,0.03679852805887762,-0.10763569457221711,0.10285188592456285,2026H1
688353,2026-03-10,1,bull,none,pullback_holds,current_week,0.03737089201877941,0.030140845070422584,0.08450704225352124,-0.08920187793427226,0.12563380281690129,2026H1
688353,2026-04-13,0,mid,ma_bull,two_day_acceleration,current_week,-0.01582677165354318,-0.047165354330708675,-0.20740157480314958,-0.10157480314960621,0.10236220472440949,2026H1
688353,2026-04-16,3,mid,ma_bull,shrinking_volume_acceleration,current_week,-0.06259109311740896,-0.10971659919028343,-0.20412955465587035,-0.11902834008097163,0.052550607287449536,2026H1
688353,2026-05-06,2,bull,ma_bull,shrinking_volume_acceleration,current_week,-0.0749338040600176,-0.11579876434245362,-0.26363636363636356,-0.14995586937334504,0.010503089143865996,2026H1
688353,2026-05-11,0,bull,none,shrinking_volume_acceleration,current_week,-0.058746736292428325,-0.1398731816486387,-0.25634091756807165,-0.14817232375979117,0.0,2026H1
688353,2026-06-22,0,bull,none,shrinking_volume_acceleration,current_week,-0.03594936708860752,-0.08253164556962023,-0.3046413502109704,-0.0972151898734177,0.08016877637130793,2026H1
000968,2025-07-14,0,bull,ma_bull,pullback_holds,current_week,0.0,-0.00557880055788007,0.0069735006973501434,-0.023709902370990243,0.023709902370990132,2025H2
000968,2025-07-21,0,bull,ma_bull,pullback_holds,current_week,-0.0069637883008356605,-0.01532033426183832,0.001392757660167332,-0.029247910863509752,0.022284122562674202,2025H2
000968,2025-07-22,1,bull,ma_bull,two_day_acceleration,current_week,-0.020547945205479423,-0.02602739726027392,-0.019178082191780743,-0.045205479452054775,0.005479452054794498,2025H2
000968,2025-07-23,2,bull,ma_bull,pullback_holds,current_week,-0.0013831258644537714,-0.006915629322268413,-0.0027662517289074318,-0.03596127247579539,0.015214384508990264,2025H2
000968,2025-07-24,3,bull,ma_bull,shrinking_volume_acceleration,current_week,-0.03967168262653897,-0.013679890560875596,0.00547195622435015,-0.04651162790697683,0.004103967168262557,2025H2
000968,2025-07-25,4,bull,ma_bull,pullback_holds,current_week,-0.023578363384188616,0.006934812760055475,0.01109570041608876,-0.03328710124826628,0.006934812760055475,2025H2
000968,2025-08-08,4,bull,none,two_day_acceleration,current_week,-0.006858710562414272,0.0,-0.04801097393689979,-0.021947873799725626,0.010973936899862924,2025H2
000968,2025-08-21,3,bull,none,two_day_acceleration,current_week,-0.03673469387755113,-0.06394557823129265,-0.05850340136054433,-0.07755102040816331,0.0027210884353741083,2025H2
000968,2025-08-22,4,bull,none,pullback_holds,current_week,-0.03566529492455417,-0.04801097393689979,-0.04663923182441698,-0.06995884773662553,0.010973936899862924,2025H2
000968,2025-09-08,0,bull,none,pullback_holds,current_week,0.0014204545454545858,-0.026988636363636243,0.022727272727272707,-0.03125,0.01846590909090917,2025H2
000968,2025-09-09,1,bull,none,pullback_holds,current_week,0.004279600570613384,-0.0199714693295292,0.02710413694721825,-0.041369472182596345,0.022824536376604865,2025H2
000968,2025-09-10,2,bull,none,pullback_holds,current_week,-0.0014104372355430161,-0.021156558533145242,0.012693935119887145,-0.05218617771509171,0.0028208744710860323,2025H2
000968,2025-09-11,3,bull,none,pullback_holds,current_week,-0.017045454545454586,-0.026988636363636243,0.02556818181818188,-0.045454545454545525,0.009943181818181879,2025H2
000968,2025-09-12,4,bull,none,pullback_holds,current_week,-0.011379800853485111,-0.019914651493598834,0.0867709815078237,-0.04409672830725464,0.011379800853485111,2025H2
000968,2025-10-14,1,bull,none,two_day_acceleration,current_week,0.0625,0.01388888888888884,0.061111111111111116,-0.012499999999999956,0.07916666666666661,2025H2
000968,2025-10-22,2,bull,macd_cross,shrinking_volume_acceleration,current_week,-0.056921086675291166,-0.015523932729624823,-0.03751617076326008,-0.07503234152652005,0.001293661060802087,2025H2
000968,2025-11-04,1,bull,macd_cross,pullback_holds,current_week,0.046575342465753566,0.026027397260274032,-0.047945205479452024,-0.006849315068493178,0.07397260273972606,2025H2
000968,2026-01-09,4,bull,none,two_day_acceleration,current_week,-0.02279202279202286,0.13247863247863245,0.13817663817663806,-0.024216524216524205,0.17806267806267795,2026H1
000968,2026-02-27,4,bull,ma_bull,shrinking_volume_acceleration,current_week,0.032769556025369795,0.0,0.2230443974630021,-0.051797040169133224,0.20507399577167007,2026H1
000968,2026-04-14,1,mid,ma_bull,pullback_holds,current_week,-0.10313447927199182,-0.0869565217391306,-0.166835187057634,-0.1324570273003034,0.0010111223458038054,2026H1
300149,2025-07-04,4,bull,ma_bull,pullback_holds,current_week,-0.010909090909090868,0.016363636363636358,0.20909090909090922,-0.0636363636363636,0.11727272727272742,2025H2
300149,2025-07-24,3,bull,ma_bull,shrinking_volume_acceleration,current_week,0.255731922398589,0.10229276895943573,0.154320987654321,-0.020282186948853642,0.34744268077601426,2025H2
300149,2025-08-15,4,bull,ma_bull,shrinking_volume_acceleration,current_week,-0.011363636363636354,-0.03560606060606064,0.015151515151515138,-0.11590909090909096,0.07954545454545436,2025H2
300149,2025-08-19,1,bull,ma_bull,two_day_acceleration,current_week,-0.036512667660208664,-0.03576751117734722,0.03874813710879277,-0.13040238450074515,0.020119225037257715,2025H2
300149,2025-08-25,0,bull,ma_bull,two_day_acceleration,current_week,-0.005295007564296572,0.04009077155824503,-0.04689863842662645,-0.11724659606656584,0.04841149773071085,2025H2
300149,2025-09-01,0,bull,ma_bull,two_day_acceleration,current_week,0.04166666666666652,0.05833333333333335,-0.1287878787878789,-0.09242424242424252,0.08560606060606046,2025H2
300149,2025-09-02,1,bull,ma_bull,pullback_holds,current_week,0.015455950540958385,0.07727975270479126,-0.11823802163833075,-0.07418856259659967,0.10741885625966008,2025H2
300149,2025-09-12,4,bull,ma_bull,two_day_acceleration,current_week,-0.05369127516778527,-0.1491424310216256,-0.1610738255033557,-0.15137956748695003,0.06860551826994787,2025H2
300149,2025-10-16,3,bull,none,pullback_holds,current_week,-0.024179620034542215,-0.04404145077720201,-0.02849740932642486,-0.04749568221070821,0.03367875647668406,2025H2
300149,2025-10-28,1,bull,none,pullback_holds,current_week,-0.022648083623693416,-0.03832752613240409,-0.09843205574912894,-0.058362369337979114,0.025261324041811806,2025H2
300149,2025-12-08,0,bull,none,two_day_acceleration,current_week,-0.03707414829659328,-0.015030060120240551,0.014028056112224574,-0.0711422845691384,0.03206412825651306,2025H2
003042,2025-07-01,1,bull,ma_bull,pullback_holds,current_week,0.01366607248960161,-0.012477718360071388,0.04278074866310155,-0.016042780748663277,0.03267973856209139,2025H2
003042,2025-07-02,2,bull,ma_bull,pullback_holds,current_week,0.002969121140142583,-0.0017814726840855721,0.05463182897862251,-0.016627078384798155,0.03206650831353919,2025H2
003042,2025-07-03,3,bull,ma_bull,pullback_holds,current_week,-0.004728132387706974,-0.010047281323877222,0.023049645390070816,-0.021276595744680993,0.027186761229314182,2025H2
003042,2025-07-04,4,bull,ma_bull,pullback_holds,current_week,0.03963963963963968,0.012612612612612706,0.043843843843843766,-0.00540540540540535,0.043843843843843766,2025H2
003042,2025-07-24,3,bull,ma_bull,shrinking_volume_acceleration,current_week,-0.009158557527189526,0.005151688609044136,0.034917000572409984,-0.015455065827132186,0.04579278763594741,2025H2
003042,2025-07-25,4,bull,ma_bull,two_day_acceleration,current_week,-0.01807909604519775,0.005084745762711895,-0.001129943502824804,-0.02824858757062143,0.031073446327683607,2025H2
003042,2025-07-28,0,bull,ma_bull,two_day_acceleration,current_week,-0.02285395763656639,-0.004459308807134965,-0.016164994425863943,-0.04124860646599793,0.0078037904124861335,2025H2
003042,2025-08-21,3,bull,ma_bull,two_day_acceleration,current_week,-0.0492529053680133,-0.08411732152739348,-0.1057000553403431,-0.11344770337576093,0.0027670171555063128,2025H2
003042,2025-08-22,4,bull,ma_bull,pullback_holds,current_week,-0.05087620124364056,-0.062182023742227366,-0.09044657998869421,-0.09440361786319962,0.024307518371961434,2025H2
003042,2025-09-16,1,bull,none,pullback_holds,current_week,-0.06812796208530802,-0.04502369668246431,-0.007701421800947794,-0.09537914691943128,0.0005924170616113944,2025H2
003042,2025-09-29,0,bull,none,pullback_holds,current_week,0.045482866043613734,0.04112149532710285,0.04485981308411202,-0.034267912772585674,0.13520249221183778,2025H2
003042,2025-09-30,1,bull,none,pullback_holds,current_week,0.04277743335399875,0.03843769373837569,0.053316800991940694,-0.039057656540607555,0.12957222566645998,2025H2
003042,2025-10-13,0,bull,none,pullback_holds,current_week,0.004270896888346476,0.06589383770591817,0.06589383770591817,-0.016473459426479486,0.11165344722391701,2025H2
003042,2025-10-14,1,bull,none,two_day_acceleration,current_week,-0.001195457262402888,0.04662283323371197,0.060968320382546404,-0.03646144650328742,0.08906156604901372,2025H2
003042,2025-10-17,4,mid,none,pullback_holds,current_week,0.07012195121951237,0.013414634146341697,0.12621951219512195,-0.01707317073170722,0.07560975609756104,2025H2
003042,2025-10-20,0,mid,none,pullback_holds,current_week,0.05431502715751346,0.015087507543753764,0.12251056125528059,-0.016294508147254083,0.06457453228726617,2025H2
003042,2025-10-21,1,bull,none,shrinking_volume_acceleration,current_week,0.052283653846153966,0.0078125,0.09134615384615374,-0.019831730769230838,0.060096153846153744,2025H2
003042,2025-10-23,3,bull,none,two_day_acceleration,current_week,-0.03785672684915564,0.0,0.0343622597553872,-0.0500873616773444,0.02737332556785077,2025H2
003042,2025-11-11,1,bull,macd_cross,two_day_acceleration,current_week,0.022522522522522515,-0.022522522522522626,-0.02533783783783805,-0.06024774774774777,0.08445945945945943,2025H2
003042,2025-11-13,3,bull,macd_cross,shrinking_volume_acceleration,current_week,-0.02417582417582409,-0.05604395604395607,-0.12307692307692297,-0.0829670329670329,0.05824175824175848,2025H2
003042,2025-11-14,4,bull,macd_cross,two_day_acceleration,current_week,-0.09366540335679463,-0.03302652950730911,-0.15538711423930696,-0.09637249593936104,0.04277206280454804,2025H2
003042,2025-12-08,0,bull,ma_bull,pullback_holds,current_week,-0.09158986175115202,-0.09216589861751145,-0.07603686635944706,-0.13709677419354838,0.008064516129032251,2025H2
003042,2025-12-09,1,mid,ma_bull,pullback_holds,current_week,-0.11676300578034682,-0.09075144508670518,-0.06936416184971095,-0.1341040462427746,0.0046242774566473965,2025H2
003042,2026-01-21,2,bull,none,two_day_acceleration,current_week,0.4850964348334308,0.08766803039158377,0.08416130917592057,-0.008766803039158333,0.6335476329631795,2026H1
003042,2026-05-08,4,bull,none,shrinking_volume_acceleration,current_week,-0.041450777202072686,-0.07369027058146238,-0.17731721358664365,-0.10477835348301667,0.0023028209556705814,2026H1
000151,2023-03-01,2,bull,ma_bull,two_day_acceleration,current_week,0.12196914033798678,0.16531961792799432,0.040411462160176326,-0.0036737692872886862,0.26377663482733293,2023H1
000151,2023-03-02,3,bull,ma_bull,two_day_acceleration,current_week,0.05945558739255019,0.1597421203438396,-0.025071633237822466,0.0,0.2320916905444126,2023H1
000151,2023-03-15,2,mid,ma_bull,two_day_acceleration,current_week,-0.03497409326424861,-0.08290155440414504,-0.11787564766839365,-0.08678756476683935,0.08290155440414493,2023H1
000151,2023-04-06,3,bull,ma_bull,pullback_holds,current_week,-0.0435393258426966,-0.002808988764044895,-0.0730337078651685,-0.0653089887640449,0.028792134831460592,2023H1
000151,2023-04-07,4,bull,ma_bull,pullback_holds,current_week,-0.013389711064129672,-0.03594080338266381,-0.054263565891472854,-0.06201550387596888,0.03241719520789288,2023H1
000151,2023-04-18,1,bull,none,pullback_holds,current_week,-0.19157894736842107,-0.13192982456140345,-0.14105263157894732,-0.20912280701754393,0.004912280701754312,2023H1
000151,2023-04-20,3,bull,none,pullback_holds,current_week,-0.15625,-0.06249999999999989,-0.1640625,-0.19957386363636365,0.015625,2023H1
000151,2023-05-09,1,bull,none,pullback_holds,current_week,-0.020769230769230762,-0.09461538461538466,-0.11307692307692307,-0.0953846153846154,0.06153846153846154,2023H1
000151,2023-05-10,2,mid,none,shrinking_volume_acceleration,current_week,-0.044128646222887036,-0.12116679132385944,-0.13163799551234112,-0.13089005235602091,0.008227374719521174,2023H1
000151,2023-05-11,3,mid,none,pullback_holds,current_week,-0.04100227790432798,-0.11465451784358394,-0.11921032649962038,-0.13211845102505693,0.009870918754745661,2023H1
000151,2023-06-13,1,mid,none,pullback_holds,current_week,0.06423611111111116,0.15625,0.08333333333333348,-0.03298611111111105,0.17274305555555558,2023H1
000151,2023-07-03,0,mid,none,shrinking_volume_acceleration,current_week,-0.04491017964071853,-0.045658682634730496,-0.0479041916167664,-0.09356287425149701,0.014221556886227615,2023H2
000151,2024-12-10,1,bull,ma_bull,two_day_acceleration,current_week,-0.04316109422492398,-0.11367781155015189,-0.1914893617021276,-0.12948328267477194,0.07355623100303954,2024H2
000151,2025-02-06,3,mid,none,pullback_holds,current_week,0.0251851851851852,0.01925925925925931,0.022962962962963074,-0.004444444444444473,0.06518518518518523,2025H1
000151,2025-02-07,4,mid,none,two_day_acceleration,current_week,0.010144927536231751,-0.0021739130434783593,-0.02898550724637683,-0.019565217391304346,0.04202898550724643,2025H1
000151,2025-02-10,0,mid,none,shrinking_volume_acceleration,current_week,0.002133712660028486,-0.004978662873399764,-0.02560455192034139,-0.03769559032716918,0.022759601706970223,2025H1
000151,2025-02-12,2,bull,none,shrinking_volume_acceleration,current_week,-0.002153625269203152,-0.035175879396984966,0.05025125628140703,-0.03876525484565685,0.032304379038047504,2025H1
000151,2025-02-24,0,bull,none,pullback_holds,current_week,-0.042476601871850206,-0.013678905687544929,0.016558675305975656,-0.05183585313174954,0.03167746580273567,2025H1
000151,2025-03-10,0,bull,none,shrinking_volume_acceleration,current_week,0.11881918819188186,0.04206642066420674,-0.08339483394833958,-0.006642066420664228,0.1505535055350553,2025H1
000151,2025-03-14,4,bull,none,shrinking_volume_acceleration,current_week,-0.012096774193548376,-0.016129032258064502,-0.07258064516129037,-0.06989247311827962,0.04771505376344076,2025H1
000151,2025-03-17,0,bull,none,two_day_acceleration,current_week,-0.08311688311688303,-0.0844155844155845,-0.11103896103896105,-0.10129870129870133,0.008441558441558472,2025H1
000151,2025-04-23,2,mid,none,pullback_holds,current_week,-0.03010752688172047,0.02078853046594986,-0.0888888888888889,-0.03440860215053765,0.05161290322580636,2025H1
000151,2025-04-24,3,mid,none,two_day_acceleration,current_week,-0.00986610288935863,0.007751937984496138,-0.10288935870331217,-0.05073995771670181,0.03382663847780121,2025H1
000151,2025-04-25,4,mid,none,pullback_holds,current_week,0.0,0.027956989247311714,-0.10752688172043012,-0.03440860215053765,0.05161290322580636,2025H1
002168,2023-04-11,1,bull,none,shrinking_volume_acceleration,current_week,-0.02714932126696834,-0.07918552036199089,0.022624434389140413,-0.09728506787330315,0.0565610859728507,2023H1
002168,2023-04-12,2,bull,none,two_day_acceleration,current_week,-0.046052631578947345,-0.08114035087719296,0.0350877192982455,-0.125,0.024122807017543657,2023H1
002168,2023-04-14,4,bull,none,pullback_holds,current_week,-0.08126410835214437,0.02257336343115135,0.04966139954853288,-0.09932279909706532,0.02257336343115135,2023H1
002168,2023-05-09,1,bull,none,two_day_acceleration,current_week,0.002169197396963085,-0.017353579175705014,0.010845986984815648,-0.041214750542299394,0.07592190889370931,2023H1
002168,2023-05-18,3,mid,macd_cross,pullback_holds,current_week,0.0,0.0,0.01948051948051943,-0.06277056277056281,0.058441558441558294,2023H1
002168,2023-06-13,1,mid,ma_bull,two_day_acceleration,current_week,0.10874200426439229,0.10234541577825151,0.10234541577825151,-0.03624733475479747,0.21535181236673773,2023H1
002168,2023-06-16,4,mid,ma_bull,two_day_acceleration,current_week,0.050000000000000044,0.08749999999999991,0.06458333333333344,-0.05833333333333324,0.1875,2023H1
002168,2023-08-07,0,bull,none,pullback_holds,current_week,-0.03601694915254239,-0.06779661016949146,-0.07838983050847437,-0.07415254237288127,0.004237288135593209,2023H2
002168,2023-09-06,2,mid,none,pullback_holds,current_week,-0.04318181818181832,-0.025000000000000022,0.004545454545454408,-0.054545454545454564,0.027272727272727337,2023H2
002168,2023-09-18,0,mid,none,pullback_holds,current_week,0.014184397163120366,0.06146572104018899,-0.0378250591016549,-0.009456264775413725,0.1158392434988178,2023H2
002168,2025-10-16,3,bull,none,two_day_acceleration,current_week,0.019464720194647178,-0.024330900243309084,-0.009732360097323589,-0.031630170316301776,0.024330900243308973,2025H2
002168,2025-10-24,4,bull,none,pullback_holds,current_week,-0.01686746987951815,-0.028915662650602414,-0.06746987951807237,-0.0337349397590363,0.004819277108433662,2025H2
002168,2025-11-13,3,bull,none,pullback_holds,current_week,-0.01728395061728394,-0.03703703703703698,-0.10617283950617273,-0.051851851851851816,0.029629629629629672,2025H2
002168,2025-11-14,4,bull,none,pullback_holds,current_week,-0.04914004914004921,-0.03439803439803446,-0.10565110565110569,-0.05651105651105659,0.02457002457002444,2025H2
002168,2025-12-08,0,bull,none,shrinking_volume_acceleration,current_week,-0.03475935828877019,-0.013368983957219305,0.10160427807486627,-0.09090909090909094,0.005347593582887722,2025H2
002168,2026-01-22,3,bull,none,shrinking_volume_acceleration,current_week,-0.029885057471264576,-0.034482758620689724,-0.07586206896551728,-0.07126436781609202,0.04137931034482745,2026H1
002168,2026-01-23,4,bull,none,two_day_acceleration,current_week,-0.044642857142857206,-0.07589285714285732,-0.11383928571428581,-0.09821428571428581,0.006696428571428381,2026H1
002168,2026-03-06,4,bull,none,pullback_holds,current_week,-0.009950248756218971,-0.0024875621890548816,-0.024875621890547372,-0.009950248756218971,0.09701492537313428,2026H1
002168,2026-04-14,1,mid,none,shrinking_volume_acceleration,current_week,0.05048076923076916,0.012019230769230616,-0.04086538461538458,-0.004807692307692402,0.08653846153846168,2026H1
002168,2026-04-16,3,mid,none,two_day_acceleration,current_week,0.021077283372365363,0.0,-0.07728337236533966,-0.030444964871194524,0.058548009367681564,2026H1
600106,2023-03-03,4,bull,none,pullback_holds,current_week,-0.040307101727447225,-0.04414587332053732,-0.06717850287907867,-0.0575815738963531,0.015355086372360827,2023H1
600106,2023-11-06,0,mid,ma_bull,pullback_holds,current_week,0.15151515151515138,0.15719696969696972,0.3446969696969697,-0.03409090909090906,0.21590909090909083,2023H2
600106,2023-11-17,4,mid,ma_bull,shrinking_volume_acceleration,current_week,0.041459369817578695,0.08291873963515761,0.06965174129353224,-0.0066334991708125735,0.11774461028192373,2023H2
600106,2024-05-21,1,bull,none,two_day_acceleration,current_week,-0.048973143759873605,-0.1911532385466035,-0.2148499210110585,-0.20853080568720384,0.009478672985782088,2024H1
600106,2024-12-02,0,bull,ma_bull,two_day_acceleration,current_week,0.04398826979472137,0.08064516129032251,-0.15542521994134906,-0.04692082111436957,0.17741935483870952,2024H2
600106,2024-12-13,4,bull,ma_bull,two_day_acceleration,current_week,-0.18908122503328895,-0.2143808255659121,-0.3115845539280958,-0.2609853528628495,0.014647137150466172,2024H2
600106,2025-08-11,0,bull,ma_bull,two_day_acceleration,current_week,0.156060606060606,0.1393939393939394,0.040909090909090784,-0.00303030303030305,0.24696969696969684,2025H2
600106,2025-10-09,3,bull,none,two_day_acceleration,current_week,-0.04496124031007753,-0.01705426356589157,0.08837209302325588,-0.0604651162790697,0.010852713178294726,2025H2
600106,2025-10-10,4,bull,none,pullback_holds,current_week,-0.008143322475570147,0.04885993485342022,0.12866449511400635,-0.013029315960912058,0.061889250814332275,2025H2
600106,2025-10-21,1,bull,none,two_day_acceleration,current_week,0.02539682539682553,0.049206349206349254,0.0,-0.01111111111111096,0.11111111111111116,2025H2
600106,2025-10-22,2,bull,none,pullback_holds,current_week,0.028391167192429068,0.05362776025236582,-0.025236593059936974,-0.017350157728706517,0.10410094637223977,2025H2
600106,2025-10-23,3,bull,none,pullback_holds,current_week,0.06874999999999987,0.09687500000000004,-0.0390625,-0.018750000000000044,0.140625,2025H2
600106,2026-01-05,0,bull,none,pullback_holds,current_week,0.028662420382165488,0.047770700636942554,0.015923566878980777,-0.0031847133757962887,0.08280254777070062,2026H1
600106,2026-01-06,1,bull,none,pullback_holds,current_week,0.018927444794952786,0.052050473186119994,0.004731861198738141,-0.006309148264984188,0.0725552050473186,2026H1
600106,2026-01-08,3,bull,none,pullback_holds,current_week,0.021909233176838683,0.025039123630672844,-0.021909233176838905,-0.006259780907668211,0.06416275430359919,2026H1
600106,2026-01-15,3,bull,none,two_day_acceleration,current_week,0.001529051987767538,-0.019877675840978548,-0.051987767584097844,-0.041284403669724745,0.03363914373088672,2026H1
600106,2026-01-16,4,bull,none,two_day_acceleration,current_week,-0.009049773755656076,-0.040723981900452455,-0.07088989441930615,-0.05429864253393657,0.015082956259427016,2026H1
605507,2025-01-27,0,mid,none,two_day_acceleration,current_week,-0.023065833733781682,-0.043728976453627943,-0.06054781355117722,-0.053339740509370515,0.001922152811148603,2025H1
605507,2025-03-12,2,bull,none,pullback_holds,current_week,0.026557711950970342,0.05260469867211426,0.0,-0.010214504596527174,0.06281920326864121,2025H1
605507,2025-03-13,3,bull,none,pullback_holds,current_week,0.01896463352127098,0.05740645822655033,0.01025115325474113,-0.002050230650948337,0.06714505381855451,2025H1
605507,2025-03-25,1,mid,none,pullback_holds,current_week,0.04977600796416137,-0.04131408661025382,-0.04728720756595317,-0.0726729716276755,0.07914385266301638,2025H1
605507,2025-03-26,2,mid,none,two_day_acceleration,current_week,0.03178484107579482,-0.04254278728606342,-0.05525672371638135,-0.08899755501222495,0.06014669926650362,2025H1
605507,2025-03-28,4,mid,none,two_day_acceleration,current_week,-0.08082257293161177,-0.05643232902917261,-0.09038737446197997,-0.10903873744619808,0.03395504543280725,2025H1
605507,2025-08-01,4,bull,ma_bull,shrinking_volume_acceleration,current_week,-0.012831479897348008,-0.00042771599657820403,0.0047048759623611325,-0.020530367835756902,0.044482463644140324,2025H2
605507,2025-08-04,0,bull,ma_bull,shrinking_volume_acceleration,current_week,-0.036363636363636376,-0.035537190082644554,-0.04586776859504127,-0.05371900826446274,0.0004132231404958553,2025H2
605507,2025-08-25,0,bull,ma_bull,pullback_holds,current_week,-0.009438009438009431,0.03775203775203795,-0.04032604032604026,-0.029601029601029505,0.07679107679107688,2025H2
605507,2025-08-27,2,bull,ma_bull,pullback_holds,current_week,-0.003896103896103842,0.013852813852813783,-0.022943722943723044,-0.020779220779220786,0.08658008658008653,2025H2
605507,2025-08-28,3,bull,ma_bull,pullback_holds,current_week,-0.006024096385542244,0.005593803786574814,-0.033993115318416645,-0.026678141135972555,0.08003442340791733,2025H2
605507,2025-08-29,4,bull,ma_bull,pullback_holds,current_week,0.0,-0.02120441051738764,-0.05385920271416467,-0.040712468193384255,0.06446140797285826,2025H2
605507,2025-09-05,4,bull,ma_bull,shrinking_volume_acceleration,current_week,-0.029436501261564274,-0.052144659377628355,-0.01387720773759471,-0.060555088309503846,0.055508830950378396,2025H2
605507,2025-09-08,0,bull,ma_bull,two_day_acceleration,current_week,-0.0512396694214875,-0.07561983471074374,-0.04132231404958675,-0.07851239669421484,0.007024793388429762,2025H2
605507,2025-10-27,0,bull,none,pullback_holds,current_week,-0.0013239187996469948,0.02824360105913515,0.014121800529567574,-0.026037069726390083,0.033539276257722905,2025H2
605507,2025-10-28,1,bull,none,pullback_holds,current_week,-0.025843188786684124,0.04029785370127015,0.030223390275952555,-0.0332895313184407,0.0446780551905388,2025H2
605507,2025-10-29,2,bull,none,pullback_holds,current_week,-0.019477644975652852,0.048694112439132464,0.0460380699424523,-0.02301903497122615,0.0566622399291723,2025H2
605507,2025-10-31,4,bull,none,pullback_holds,current_week,-0.004370629370629264,0.027097902097902082,0.04763986013986021,-0.03540209790209781,0.04326923076923084,2025H2
605507,2025-11-10,0,bull,macd_stabilizing,two_day_acceleration,current_week,-0.0008616975441619878,-0.009909521757862971,0.03662214562688493,-0.013787160706592028,0.028436018957346043,2025H2
605507,2025-12-19,4,mid,ma_bull,pullback_holds,current_week,0.021935483870967776,0.061075268817204265,0.08559139784946246,-0.024516129032258083,0.07311827956989236,2025H2
605507,2025-12-26,4,bull,ma_bull,pullback_holds,current_week,0.04048924504428508,0.0565162378743147,0.15183466891606923,-0.001687051876845147,0.08899198650358486,2025H2
605507,2025-12-29,0,bull,ma_bull,two_day_acceleration,current_week,0.037394957983193367,0.036974789915966255,0.14579831932773102,0.0,0.08487394957983185,2025H2
605507,2025-12-30,1,bull,ma_bull,two_day_acceleration,current_week,0.03244120032441211,0.008515815085158085,0.1070559610705597,-0.010543390105433814,0.047039740470397495,2025H2
605507,2026-01-08,3,bull,ma_bull,two_day_acceleration,current_week,-0.017384433030422808,0.05333860134334256,0.06440142236270252,-0.032003160806005626,0.09561438166732517,2026H1
605507,2026-01-19,0,bull,ma_bull,pullback_holds,current_week,0.10008038585209023,0.043006430868167245,0.1362540192926045,-0.006028938906752379,0.11575562700964648,2026H1
605507,2026-01-20,1,bull,ma_bull,pullback_holds,current_week,0.08373015873015888,0.05476190476190479,0.11706349206349209,-0.001984126984126866,0.10158730158730167,2026H1
605507,2026-01-29,3,bull,ma_bull,shrinking_volume_acceleration,current_week,-0.018221574344023272,0.055029154518950296,-0.028425655976676456,-0.055393586005830886,0.061224489795918435,2026H1
605507,2026-03-11,2,bull,ma_bull,pullback_holds,current_week,0.00963676797627877,-0.01519644180874724,-0.047442550037064546,-0.08784284655300223,0.11119347664936985,2026H1
605507,2026-04-15,2,mid,none,pullback_holds,current_week,-0.030144694533762006,-0.026527331189710623,-0.09043408360128613,-0.054662379421221874,0.004421221864951974,2026H1
605507,2026-04-29,2,bull,none,pullback_holds,current_week,-0.024783147459727428,-0.06526228831061553,-0.34613795952085913,-0.07352333746385797,0.0012391573729864103,2026H1
605507,2026-05-11,0,bull,none,pullback_holds,current_week,-0.042724196277495796,-0.061336717428087995,-0.33587140439932317,-0.08671742808798644,0.009306260575296044,2026H1
605507,2026-05-13,2,bull,none,pullback_holds,current_week,-0.0552509489666807,-0.06748207507380855,-0.31885280472374533,-0.08941374947279634,0.00632644453816944,2026H1
605507,2026-05-14,3,bull,none,pullback_holds,current_week,-0.05782312925170063,-0.07397959183673464,-0.32440476190476186,-0.0820578231292517,0.011054421768707634,2026H1
688175,2025-10-13,0,bull,ma_bull,shrinking_volume_acceleration,current_week,-0.07963185274109652,-0.00200080032012806,0.028011204481792618,-0.10044017607042821,0.0004001600640255454,2025H2
688175,2025-11-11,1,bull,ma_bull,shrinking_volume_acceleration,current_week,0.014768752429071164,-0.00582977069568591,0.034589972794403456,-0.08589195491643997,0.04158569762922659,2025H2
688175,2025-11-12,2,bull,ma_bull,two_day_acceleration,current_week,-0.020930232558139528,-0.0007751937984495916,0.04961240310077519,-0.08837209302325588,0.03875968992248069,2025H2
688175,2025-11-13,3,bull,ma_bull,pullback_holds,current_week,-0.02818003913894318,0.007827788649706457,0.0606653620352251,-0.07945205479452055,0.048923679060665304,2025H2
688175,2026-01-15,3,bull,ma_bull,shrinking_volume_acceleration,current_week,0.04668383773341911,-0.004829362524146896,0.15743721828718615,-0.050225370251126944,0.08692852543464258,2026H1
688175,2026-02-05,3,mid,ma_bull,shrinking_volume_acceleration,current_week,0.026556253569388844,0.12278697886921752,0.026841804683038095,-0.008566533409480437,0.12707024557395763,2026H1
688175,2026-02-06,4,mid,ma_bull,two_day_acceleration,current_week,0.0019110019110020193,0.03603603603603611,-0.032214032214032184,-0.03630903630903626,0.07753207753207736,2026H1
688175,2026-03-12,3,bull,ma_bull,pullback_holds,current_week,-0.1351351351351351,-0.03297297297297297,-0.06837837837837846,-0.182972972972973,0.020540540540540553,2026H1
688175,2026-04-17,4,mid,macd_stabilizing,two_day_acceleration,current_week,-0.04620918649695638,-0.003873824017708971,0.017708909795240757,-0.06225788599889315,0.03680132816823467,2026H1
688175,2026-04-29,2,bull,none,pullback_holds,current_week,0.017627308337996528,-0.03637381085618363,-0.0011191941801902416,-0.0817011751538892,0.04840514829322884,2026H1
688175,2026-05-18,0,bull,ma_bull,shrinking_volume_acceleration,current_week,0.07068366164542295,0.03418308227114708,-0.22450753186558525,-0.18568945538818082,0.11181923522595594,2026H1
688175,2026-05-22,4,mid,ma_bull,shrinking_volume_acceleration,current_week,-0.025081788440567077,-0.028625954198473247,-0.3031624863685932,-0.23364231188658668,0.055343511450381744,2026H1
600493,2023-03-22,2,mid,macd_stabilizing,pullback_holds,current_week,-0.029220779220779147,-0.06493506493506496,-0.12175324675324672,-0.08279220779220775,0.004870129870129913,2023H1
600493,2023-03-23,3,bull,none,pullback_holds,current_week,-0.043973941368078195,-0.06026058631921827,-0.14332247557003264,-0.07980456026058635,0.008143322475570036,2023H1
600493,2023-03-24,4,mid,none,pullback_holds,current_week,-0.04390243902439028,-0.09268292682926838,-0.14146341463414636,-0.09918699186991875,0.004878048780487809,2023H1
600493,2023-04-28,4,bull,none,shrinking_volume_acceleration,current_week,0.0,0.030741410488245968,-0.034358047016274984,-0.018083182640144746,0.039783001808318286,2023H1
600493,2023-05-11,3,mid,none,shrinking_volume_acceleration,current_week,0.0035335689045936647,-0.005300353356890497,-0.030035335689045928,-0.03886925795052998,0.01590106007067127,2023H1
600493,2023-06-13,1,mid,none,pullback_holds,current_week,-0.04197080291970812,-0.010948905109489093,0.11313868613138678,-0.06386861313868619,0.0018248175182480342,2023H1
600493,2023-11-10,4,mid,ma_bull,pullback_holds,current_week,0.010638297872340496,0.03799392097264431,0.015197568389057725,-0.0075987841945288626,0.059270516717325084,2023H2
600493,2023-11-20,0,mid,ma_bull,pullback_holds,current_week,-0.004457652303120341,0.04606240713224352,0.0326894502228825,-0.013372956909361022,0.06092124814264488,2023H2
600493,2023-11-21,1,mid,ma_bull,two_day_acceleration,current_week,-0.005873715124816492,0.022026431718061623,0.014684287812041008,-0.02496328928046987,0.048458149779735615,2023H2
600493,2023-11-23,3,mid,ma_bull,shrinking_volume_acceleration,current_week,-0.02328966521106257,0.026200873362445476,0.01601164483260553,-0.033478893740902405,0.04657933042212514,2023H2
600493,2024-01-02,1,mid,ma_bull,two_day_acceleration,current_week,-0.005730659025787954,-0.01002865329512903,-0.07449856733524363,-0.03295128939828085,0.015759312320916763,2024H1
600493,2024-01-03,2,mid,ma_bull,pullback_holds,current_week,0.0,0.06540697674418605,-0.13226744186046513,-0.018895348837209336,0.10465116279069786,2024H1
600493,2024-02-27,1,bull,none,pullback_holds,current_week,-0.10251798561151082,-0.010791366906474864,0.03597122302158251,-0.12410071942446044,0.043165467625899234,2024H1
600493,2024-03-15,4,bull,none,shrinking_volume_acceleration,current_week,0.041071428571428426,0.08749999999999991,-0.10178571428571437,0.0,0.08928571428571419,2024H1
600493,2024-03-18,0,bull,none,two_day_acceleration,current_week,-0.00874125874125875,0.03846153846153855,-0.05944055944055937,-0.01748251748251739,0.07517482517482521,2024H1
600493,2024-03-27,2,mid,none,two_day_acceleration,current_week,0.04498269896193774,0.02768166089965396,-0.12283737024221453,0.0,0.06401384083044981,2024H1
600493,2025-06-09,0,bull,ma_bull,two_day_acceleration,current_week,-0.03476821192052981,0.026490066225165476,0.07450331125827825,-0.08443708609271516,0.04470198675496695,2025H1
600493,2025-06-11,2,bull,ma_bull,shrinking_volume_acceleration,current_week,-0.04166666666666663,0.04166666666666674,0.07666666666666666,-0.07833333333333325,0.05166666666666675,2025H1
600493,2025-06-25,2,bull,ma_bull,shrinking_volume_acceleration,current_week,0.04677419354838719,0.041935483870967794,0.06451612903225823,-0.004838709677419395,0.08225806451612905,2025H1
600493,2025-06-27,4,bull,ma_bull,two_day_acceleration,current_week,-0.0031347962382444194,0.00783699059561127,0.056426332288401326,-0.01567398119122254,0.051724137931034475,2025H1
600493,2025-07-16,2,bull,ma_bull,pullback_holds,current_week,0.016949152542372836,0.0215716486902926,0.07704160246533132,-0.00924499229583986,0.06779661016949134,2025H2
600493,2025-07-17,3,bull,ma_bull,two_day_acceleration,current_week,0.003030303030302939,-0.012121212121212088,0.034848484848484684,-0.025757575757575868,0.027272727272727337,2025H2
600493,2025-07-18,4,bull,ma_bull,pullback_holds,current_week,0.03215926493108734,0.010719754977029039,0.03522205206738116,-0.015313935681470214,0.038284839203675425,2025H2
600493,2025-08-04,0,bull,ma_bull,pullback_holds,current_week,0.05979073243647237,0.008968609865470878,-0.01644245142002998,-0.001494768310911887,0.08071748878923768,2025H2
600493,2025-08-05,1,bull,ma_bull,two_day_acceleration,current_week,0.035036496350364876,0.0,-0.039416058394160625,-0.027737226277372296,0.05547445255474459,2025H2
600493,2025-08-19,1,bull,ma_bull,pullback_holds,current_week,0.013081395348837122,-0.043604651162790664,-0.011627906976744207,-0.09011627906976749,0.024709302325581328,2025H2
600493,2025-08-20,2,bull,ma_bull,pullback_holds,current_week,-0.06285714285714283,-0.08285714285714285,-0.030000000000000027,-0.10571428571428576,0.0071428571428571175,2025H2
600493,2025-08-22,4,bull,ma_bull,pullback_holds,current_week,-0.05217391304347829,-0.050724637681159535,-0.04492753623188417,-0.09275362318840585,0.01739130434782621,2025H2
600493,2025-08-26,1,bull,ma_bull,shrinking_volume_acceleration,current_week,-0.05595408895265419,-0.03586800573888094,-0.07747489239598282,-0.10186513629842175,0.0,2025H2
600493,2025-09-08,0,bull,ma_bull,two_day_acceleration,current_week,-0.005952380952380931,-0.029761904761904656,-0.0029761904761904656,-0.044642857142857095,0.019345238095238138,2025H2
600493,2025-09-09,1,bull,ma_bull,pullback_holds,current_week,0.007407407407407307,-0.047407407407407454,-0.007407407407407418,-0.0888888888888888,0.014814814814814836,2025H2
600493,2025-09-29,0,bull,none,pullback_holds,current_week,0.021341463414634054,0.04878048780487787,0.12195121951219501,-0.05640243902439024,0.05030487804878048,2025H2
600493,2025-09-30,1,bull,none,pullback_holds,current_week,0.019786910197869156,0.0669710806697108,0.12937595129375956,-0.0578386605783866,0.08828006088280071,2025H2
600493,2025-10-20,0,mid,macd_stabilizing,two_day_acceleration,current_week,0.06110283159463492,0.09538002980625948,0.19076005961251874,-0.005961251862891204,0.11326378539493298,2025H2
600493,2025-10-21,1,bull,macd_stabilizing,two_day_acceleration,current_week,0.05232558139534893,0.06976744186046524,0.1758720930232558,-0.015988372093023173,0.08575581395348841,2025H2
600493,2025-10-28,1,bull,ma_bull,two_day_acceleration,current_week,0.01939058171745156,0.052631578947368585,0.047091412742382266,-0.04155124653739606,0.12049861495844882,2025H2
600493,2025-11-03,0,bull,ma_bull,two_day_acceleration,current_week,0.06530612244897949,0.0870748299319728,0.023129251700680253,-0.023129251700680364,0.10068027210884334,2025H2
600493,2025-11-05,2,bull,ma_bull,two_day_acceleration,current_week,0.03351206434316345,0.06970509383378021,0.04155495978552293,-0.03753351206434319,0.13941018766756041,2025H2
600493,2025-11-13,3,bull,ma_bull,two_day_acceleration,current_week,-0.03237858032378571,-0.05977584059775831,-0.05853051058530501,-0.10211706102117057,0.05853051058530512,2025H2
600493,2025-11-20,3,mid,ma_bull,pullback_holds,current_week,-0.023285899094437346,-0.02457956015523932,-0.08408796895213455,-0.06727037516170764,0.09055627425614476,2025H2
600493,2026-02-03,1,mid,none,shrinking_volume_acceleration,current_week,0.04150943396226414,0.046540880503144644,-0.012578616352201255,-0.017610062893081757,0.08176100628930816,2026H1
600493,2026-02-06,4,mid,none,two_day_acceleration,current_week,-0.006031363088057962,-0.0615199034981907,-0.06755126658624855,-0.06875753920386019,0.03739445114595874,2026H1
600493,2026-03-16,0,mid,ma_bull,pullback_holds,current_week,-0.15463917525773185,-0.028350515463917536,-0.05670103092783496,-0.1649484536082474,0.002577319587628857,2026H1
600493,2026-04-09,3,mid,none,pullback_holds,current_week,0.009472259810554773,-0.048714479025710467,-0.0027063599458728715,-0.07171853856562926,0.03653585926928282,2026H1
600493,2026-04-10,4,mid,none,pullback_holds,current_week,0.009472259810554773,-0.041948579161028454,-0.012178619756427755,-0.07171853856562926,0.03653585926928282,2026H1
600493,2026-04-13,0,mid,none,pullback_holds,current_week,-0.002666666666666595,-0.029333333333333322,-0.026666666666666727,-0.08533333333333326,0.021333333333333426,2026H1
600493,2026-04-21,1,bull,none,shrinking_volume_acceleration,current_week,-0.006802721088435493,0.03401360544217691,-0.023129251700680364,-0.06666666666666665,0.05714285714285716,2026H1
600493,2026-04-27,0,bull,none,two_day_acceleration,current_week,0.02876712328767117,0.0,-0.08493150684931505,-0.010958904109588996,0.06438356164383574,2026H1
600493,2026-04-28,1,bull,none,pullback_holds,current_week,0.04395604395604402,-0.005494505494505475,-0.11538461538461531,-0.017857142857142794,0.06730769230769229,2026H1
600493,2026-05-18,0,bull,none,pullback_holds,current_week,-0.06216216216216219,-0.09324324324324329,-0.19189189189189182,-0.15135135135135136,0.006756756756756799,2026H1
600493,2026-05-19,1,bull,none,pullback_holds,current_week,-0.07452574525745259,-0.1287262872628726,-0.1937669376693767,-0.14905149051490507,0.0027100271002711285,2026H1
600386,2023-03-01,2,bull,ma_bull,pullback_holds,current_week,0.0022988505747125743,-0.00919540229885063,0.027586206896551557,-0.043678160919540354,0.06666666666666643,2023H1
600386,2023-03-03,4,bull,ma_bull,pullback_holds,current_week,-0.00454545454545463,0.002272727272727204,0.036363636363636376,-0.054545454545454564,0.05454545454545445,2023H1
600386,2023-03-17,4,mid,ma_bull,shrinking_volume_acceleration,current_week,0.006787330316742057,0.03167420814479649,0.03167420814479649,-0.018099547511312264,0.03619909502262453,2023H1
600386,2023-03-31,4,bull,ma_bull,shrinking_volume_acceleration,current_week,-0.04772234273318887,-0.010845986984815537,0.019522776572667988,-0.05856832971800441,0.02386117136659416,2023H1
600386,2023-04-14,4,bull,ma_bull,pullback_holds,current_week,-0.05217391304347829,-0.013043478260869712,0.047826086956521685,-0.06304347826086953,0.015217391304347627,2023H1
600386,2023-04-20,3,bull,ma_bull,shrinking_volume_acceleration,current_week,-0.030368763557483858,-0.02819956616052055,-0.08459869848156198,-0.06507592190889366,0.021691973969631073,2023H1
600386,2023-04-28,4,bull,ma_bull,pullback_holds,current_week,-0.015452538631346657,0.06401766004415022,-0.09050772626931569,-0.02428256070640189,0.2560706401766004,2023H1
600386,2023-05-08,0,bull,ma_bull,shrinking_volume_acceleration,current_week,0.11904761904761907,-0.051948051948051965,-0.023809523809523836,-0.05627705627705626,0.2316017316017316,2023H1
600386,2023-07-04,1,mid,none,two_day_acceleration,current_week,0.038277511961722466,0.026315789473684292,0.021531100478469067,-0.011961722488038284,0.04306220095693791,2023H2
600386,2023-07-11,1,mid,none,two_day_acceleration,current_week,-0.016055045871559703,0.006880733944953921,-0.02752293577981657,-0.034403669724770714,0.029816513761467878,2023H2
600386,2023-07-13,3,mid,none,shrinking_volume_acceleration,current_week,0.00932400932400923,-0.009324009324009341,-0.03962703962703962,-0.018648018648018683,0.046620046620046596,2023H2
600386,2023-08-01,1,bull,none,pullback_holds,current_week,-0.009345794392523366,-0.05607476635514019,-0.05841121495327106,-0.06542056074766356,0.007009345794392496,2023H2
600386,2023-08-02,2,bull,none,pullback_holds,current_week,-0.025943396226415172,-0.054245283018867996,-0.04245283018867918,-0.061320754716981174,0.01650943396226423,2023H2
600386,2025-02-07,4,mid,none,shrinking_volume_acceleration,current_week,0.10633484162895912,0.10633484162895912,0.09049773755656121,-0.004524886877827927,0.21266968325791868,2025H1
600386,2025-02-10,0,mid,none,shrinking_volume_acceleration,current_week,0.11283185840707954,0.09955752212389357,0.05088495575221219,-0.026548672566371723,0.18584070796460161,2025H1
600386,2025-02-17,0,bull,ma_bull,shrinking_volume_acceleration,current_week,-0.009960159362549903,-0.07968127490039845,0.0,-0.0916334661354582,0.02589641434262946,2025H1
600386,2025-04-22,1,mid,none,two_day_acceleration,current_week,-0.006960556844547661,0.002320185614849146,-0.02784222737819031,-0.037122969837587005,0.08120649651972145,2025H1
600386,2025-04-23,2,mid,none,pullback_holds,current_week,-0.03255813953488362,0.006976744186046657,-0.0023255813953487747,-0.0348837209302324,0.08372093023255811,2025H1
600386,2025-04-24,3,mid,none,pullback_holds,current_week,0.011627906976744429,0.0046511627906977715,0.0255813953488373,-0.0348837209302324,0.08372093023255811,2025H1
600386,2025-04-25,4,mid,none,shrinking_volume_acceleration,current_week,0.013856812933025209,-0.002309468822170868,0.06004618937644346,-0.04157043879907618,0.07621247113163965,2025H1
600386,2025-05-09,4,bull,none,pullback_holds,current_week,-0.02298850574712652,-0.0367816091954023,0.06896551724137923,-0.04137931034482767,0.036781609195402076,2025H1
600386,2025-05-19,0,bull,none,pullback_holds,current_week,-0.006944444444444531,0.10416666666666674,0.0532407407407407,-0.03703703703703709,0.17361111111111116,2025H1
600386,2025-05-20,1,bull,none,two_day_acceleration,current_week,0.004555808656036442,0.056947608200455635,0.018223234624145768,-0.05239179954441908,0.15489749430523925,2025H1
600386,2025-05-21,2,bull,none,pullback_holds,current_week,0.055172413793103336,0.06666666666666643,0.0,-0.043678160919540354,0.16551724137931023,2025H1
600386,2025-05-22,3,bull,none,pullback_holds,current_week,0.07656612529002293,0.07424593967517379,0.0,-0.03480278422273786,0.17633410672853822,2025H1
600386,2025-05-26,0,bull,none,shrinking_volume_acceleration,current_week,0.11971830985915499,0.07746478873239449,0.068075117370892,-0.00704225352112664,0.19014084507042273,2025H1
600386,2025-05-27,1,mid,none,two_day_acceleration,current_week,0.04740406320541757,0.06772009029345383,0.031602708803611934,0.0,0.14446952595936802,2025H1
600386,2025-06-03,1,bull,none,two_day_acceleration,current_week,-0.03368421052631587,-0.04210526315789476,-0.0378947368421052,-0.052631578947368474,0.01684210526315799,2025H1
600386,2025-06-25,2,bull,macd_stabilizing,pullback_holds,current_week,0.002192982456140413,0.01754385964912264,0.046052631578947345,-0.010964912280701955,0.02631578947368407,2025H1
600386,2025-06-26,3,bull,macd_stabilizing,pullback_holds,current_week,0.01986754966887405,0.026490066225165476,0.0662251655629138,-0.004415011037527727,0.0331125827814569,2025H1
600386,2025-06-27,4,bull,macd_stabilizing,pullback_holds,current_week,-0.006578947368421129,0.024122807017543657,0.04824561403508776,-0.010964912280701955,0.02631578947368407,2025H1
600386,2025-07-22,1,bull,ma_bull,two_day_acceleration,current_week,-0.02268041237113405,-0.024742268041237137,-0.04742268041237119,-0.05154639175257736,0.01855670103092777,2025H2
600386,2025-09-01,0,bull,none,pullback_holds,current_week,0.002132196162046851,0.04051172707889106,-0.03624733475479747,-0.046908315565032166,0.04051172707889106,2025H2
600386,2025-09-08,0,bull,macd_stabilizing,two_day_acceleration,current_week,0.029535864978902815,0.00421940928270037,-0.06118143459915615,-0.014767932489451518,0.139240506329114,2025H2
600386,2025-09-12,4,bull,macd_cross,shrinking_volume_acceleration,current_week,0.0041407867494824835,-0.051759834368530044,-0.051759834368530044,-0.07039337474120078,0.11801242236024856,2025H2
600386,2025-09-15,0,bull,ma_bull,two_day_acceleration,current_week,-0.024590163934426257,-0.07377049180327855,-0.018442622950819665,-0.09426229508196726,0.10655737704918034,2025H2
600386,2025-09-17,2,bull,ma_bull,two_day_acceleration,current_week,-0.06464646464646473,-0.101010101010101,-0.016161616161616155,-0.1070707070707071,0.09090909090909105,2025H2
600386,2025-09-18,3,mid,ma_bull,two_day_acceleration,current_week,-0.07910750507099384,-0.08722109533468558,-0.022312373225152005,-0.10344827586206895,0.026369168356998207,2025H2
600386,2025-10-16,3,bull,none,two_day_acceleration,current_week,0.07505518763796903,0.06181015452538641,0.09492273730684331,-0.0066225165562914245,0.08609271523178808,2025H2
600386,2025-10-17,4,mid,none,pullback_holds,current_week,0.05934065934065935,0.06593406593406614,0.10329670329670337,-0.004395604395604269,0.08131868131868125,2025H2
600386,2025-10-23,3,bull,macd_stabilizing,shrinking_volume_acceleration,current_week,-0.012320328542094416,0.026694045174537884,-0.02053388090349073,-0.028747433264887046,0.045174537987679564,2025H2
600386,2025-10-28,1,bull,macd_cross,shrinking_volume_acceleration,current_week,0.016528925619834656,0.03305785123966953,-0.06404958677685946,-0.016528925619834767,0.051652892561983466,2025H2
600386,2025-11-03,0,bull,ma_bull,two_day_acceleration,current_week,0.014198782961460488,0.030425963488843966,-0.05882352941176472,-0.016227180527383256,0.032454361054766734,2025H2
600386,2025-12-19,4,mid,none,shrinking_volume_acceleration,current_week,-0.0267857142857143,-0.008928571428571397,0.017857142857142794,-0.04241071428571441,0.0,2025H2
600386,2025-12-30,1,bull,none,pullback_holds,current_week,0.009111617312072884,0.04328018223234631,0.0410022779043282,-0.0227790432801821,0.08428246013667429,2025H2
600386,2025-12-31,2,bull,none,pullback_holds,current_week,0.018223234624145768,0.036446469248291535,0.0410022779043282,-0.013667425968109215,0.08428246013667429,2025H2
600386,2026-01-06,1,bull,none,pullback_holds,current_week,0.01348314606741563,0.024719101123595655,0.02921348314606731,-0.020224719101123556,0.06966292134831442,2026H1
600386,2026-01-08,3,bull,none,shrinking_volume_acceleration,current_week,0.03619909502262453,0.040723981900452566,0.05429864253393668,-0.004524886877827927,0.07692307692307687,2026H1
600386,2026-01-12,0,bull,none,two_day_acceleration,current_week,-0.0021834061135370675,0.013100436681222627,0.017467248908296984,-0.02183406113537112,0.0393013100436681,2026H1
600386,2026-02-03,1,mid,none,pullback_holds,current_week,0.030701754385964897,-0.004385964912280826,-0.061403508771929904,-0.030701754385965008,0.04166666666666652,2026H1
600386,2026-02-06,4,mid,none,pullback_holds,current_week,-0.03239740820734327,-0.07127429805615548,-0.0820734341252699,-0.07775377969762409,0.02591792656587466,2026H1
600386,2026-02-10,1,bull,macd_cross,two_day_acceleration,current_week,-0.031982942430703654,-0.11513859275053306,-0.10874200426439251,-0.12366737739872069,0.0,2026H1
688105,2025-11-10,0,bull,none,two_day_acceleration,current_week,-0.0025380710659898,-0.043147208121827374,-0.07656514382402702,-0.0693739424703892,0.030033840947546464,2025H2
688105,2025-11-12,2,bull,none,two_day_acceleration,current_week,-0.025512337933918827,-0.04935173567544959,-0.11710581346716853,-0.07988289418653283,0.018402342116269343,2025H2
300209,2024-12-05,3,bull,ma_bull,shrinking_volume_acceleration,current_week,-0.05582137161084533,-0.08293460925039875,-0.22807017543859653,-0.08293460925039875,0.0350877192982455,2024H2
300209,2024-12-06,4,bull,ma_bull,two_day_acceleration,current_week,-0.0662557781201849,-0.12634822804314338,-0.23728813559322037,-0.1294298921417565,0.0015408320493066618,2024H2
300209,2025-02-06,3,mid,none,pullback_holds,current_week,0.0,-0.04042553191489373,0.006382978723404209,-0.044680851063829796,0.03404255319148941,2025H1
300209,2025-02-07,4,mid,none,pullback_holds,current_week,-0.017021276595744705,-0.0617021276595745,0.006382978723404209,-0.06382978723404253,0.03404255319148941,2025H1
300209,2025-02-11,1,mid,none,pullback_holds,current_week,-0.04999999999999982,-0.09166666666666656,0.008333333333333304,-0.09791666666666665,0.006250000000000089,2025H1
300209,2025-02-12,2,bull,none,pullback_holds,current_week,-0.043659043659043606,-0.11434511434511452,0.03950103950103934,-0.12058212058212059,0.0,2025H1
300209,2025-02-13,3,bull,none,pullback_holds,current_week,-0.04042553191489373,-0.07659574468085117,0.06595744680851046,-0.09999999999999998,0.008510638297872353,2025H1
300209,2025-05-07,2,bull,ma_bull,pullback_holds,current_week,0.27667984189723316,0.10474308300395241,0.08498023715415015,-0.013833992094861691,0.3833992094861658,2025H1
300209,2025-05-09,4,bull,ma_bull,two_day_acceleration,current_week,0.06690777576853524,0.009041591320072317,-0.0018083182640143969,-0.016274864376130127,0.26582278481012644,2025H1
300209,2025-05-29,3,bull,ma_bull,pullback_holds,current_week,-0.05017301038062283,-0.07958477508650519,-0.0761245674740485,-0.08304498269896199,0.0,2025H1
300209,2025-06-11,2,bull,ma_bull,shrinking_volume_acceleration,current_week,-0.029090909090909167,-0.041818181818181754,-0.0018181818181818299,-0.08727272727272717,0.016363636363636358,2025H1
300209,2025-06-17,1,bull,ma_bull,pullback_holds,current_week,-0.031481481481481444,-0.020370370370370483,-0.0018518518518519933,-0.0703703703703703,0.011111111111111072,2025H1
300209,2025-06-23,0,bull,none,shrinking_volume_acceleration,current_week,0.04633204633204646,0.04054054054054057,0.04054054054054057,-0.0038610038610037423,0.07528957528957547,2025H1
300209,2025-06-25,2,bull,none,pullback_holds,current_week,0.03984819734345346,0.04174573055028463,-0.013282732447817858,-0.011385199240986799,0.05692599620493355,2025H1
300209,2025-06-26,3,bull,none,pullback_holds,current_week,0.028790786948176716,0.07101727447216888,0.011516314779270731,0.0,0.09021113243762002,2025H1
300209,2025-06-27,4,bull,none,pullback_holds,current_week,-0.009345794392523477,0.03364485981308407,-0.009345794392523477,-0.02242990654205612,0.06168224299065406,2025H1
300209,2025-06-30,0,bull,macd_stabilizing,pullback_holds,current_week,-0.003696857670979714,0.009242144177449063,-0.02402957486136781,-0.03327171903881698,0.049907578558225474,2025H1
300209,2025-07-03,3,bull,none,pullback_holds,current_week,0.042990654205607326,0.020560747663551204,-0.0037383177570093906,-0.016822429906542147,0.06168224299065406,2025H2
300209,2025-07-10,3,bull,macd_stabilizing,two_day_acceleration,current_week,-0.01621621621621616,-0.05045045045045038,-0.04684684684684681,-0.06666666666666665,0.003603603603603789,2025H2
300209,2025-07-29,1,bull,ma_bull,pullback_holds,current_week,0.011342155009451904,-0.007561436672967825,0.017013232514177634,-0.011342155009451682,0.032136105860113506,2025H2
300209,2025-07-31,3,bull,ma_bull,pullback_holds,current_week,-0.009363295880149725,-0.041198501872659166,-0.01872659176029956,-0.04307116104868902,0.022471910112359605,2025H2
300209,2025-08-01,4,bull,ma_bull,pullback_holds,current_week,-0.009433962264150941,-0.026415094339622636,-0.035849056603773466,-0.04339622641509422,0.030188679245283012,2025H2
300209,2025-08-04,0,bull,ma_bull,pullback_holds,current_week,-0.022181146025878062,-0.044362292051756014,-0.027726432532347522,-0.06284658040665436,0.009242144177449063,2025H2
300209,2025-08-05,1,bull,ma_bull,pullback_holds,current_week,-0.018691588785046842,-0.01495327102803734,-0.00747663551401867,-0.052336448598130914,0.013084112149532645,2025H2
300209,2025-08-11,0,bull,none,pullback_holds,current_week,-0.022684310018903586,0.0,-0.015122873345935761,-0.041587901701323204,0.02457466918714557,2025H2
300209,2025-08-19,1,bull,none,pullback_holds,current_week,0.020872865275142205,0.007590132827324458,0.24098671726755216,-0.036053130929791344,0.04364326375711558,2025H2
300209,2025-08-22,4,bull,none,pullback_holds,current_week,-0.035849056603773466,-0.015094339622641506,0.20566037735849063,-0.04150943396226414,0.037735849056603765,2025H2
300209,2025-09-02,1,bull,none,pullback_holds,current_week,-0.0320754716981132,0.23396226415094334,0.24905660377358507,-0.04150943396226414,0.3056603773584905,2025H2
300209,2025-09-03,2,bull,none,pullback_holds,current_week,-0.011450381679389388,0.22519083969465647,0.2977099236641221,-0.03053435114503822,0.32061068702290063,2025H2
300209,2025-09-05,4,bull,none,pullback_holds,current_week,-0.019193857965451033,0.22648752399232253,0.3474088291746642,-0.02303262955854124,0.32821497120921306,2025H2
300209,2025-10-09,3,bull,ma_bull,two_day_acceleration,current_week,-0.059171597633136064,-0.12721893491124248,-0.10798816568047331,-0.14644970414201175,0.08136094674556227,2025H2
300209,2025-10-13,0,bull,ma_bull,two_day_acceleration,current_week,-0.11428571428571421,-0.11857142857142855,-0.15714285714285714,-0.1757142857142856,0.0128571428571429,2025H2
300209,2025-12-08,0,bull,none,pullback_holds,current_week,0.06654676258992787,0.01978417266187038,-0.017985611510791477,-0.007194244604316502,0.16546762589928066,2025H2
300209,2025-12-24,2,bull,none,pullback_holds,current_week,-0.045534150612959734,-0.014010507880910739,0.09632224168126102,-0.061295971978984176,0.02626970227670755,2025H2
300209,2025-12-25,3,bull,none,pullback_holds,current_week,-0.03826086956521735,-0.024347826086956514,0.2573913043478262,-0.0678260869565217,0.003478260869565375,2025H2
300209,2026-01-06,1,bull,none,pullback_holds,current_week,0.019572953736654908,-0.014234875444839923,0.2758007117437722,-0.0462633451957295,0.07295373665480431,2026H1
300209,2026-01-08,3,bull,none,shrinking_volume_acceleration,current_week,0.047882136279926435,0.1270718232044199,0.30018416206261533,-0.012891344383056946,0.13627992633517505,2026H1
300209,2026-01-09,4,bull,none,two_day_acceleration,current_week,0.03035714285714275,0.11785714285714266,0.31607142857142856,-0.021428571428571463,0.1339285714285714,2026H1
300209,2026-01-13,1,bull,none,two_day_acceleration,current_week,-0.026362038664323406,0.2759226713532512,0.4569420035149385,-0.03690685413005268,0.446397188049209,2026H1
300209,2026-01-16,4,bull,none,shrinking_volume_acceleration,current_week,0.09440559440559437,0.3216783216783219,0.3321678321678323,-0.04195804195804187,0.43881118881118897,2026H1
300209,2026-01-29,3,bull,macd_cross,two_day_acceleration,current_week,-0.022160664819944498,0.06371191135734078,0.2063711911357342,-0.18282548476454286,0.1842105263157896,2026H1
300209,2026-03-12,3,bull,ma_bull,shrinking_volume_acceleration,current_week,0.15287958115183242,0.06596858638743441,0.20837696335078526,-0.04083769633507861,0.23560209424083767,2026H1
300209,2026-04-15,2,mid,ma_bull,shrinking_volume_acceleration,current_week,0.114886731391586,0.3778317152103561,1.1804207119741101,-0.012944983818770073,0.3778317152103561,2026H1
300209,2026-04-27,0,bull,ma_bull,pullback_holds,current_week,0.6693726937269373,0.944649446494465,1.0863468634686346,-0.03321033210332114,0.9682656826568266,2026H1
300209,2026-05-14,3,bull,ma_bull,shrinking_volume_acceleration,current_week,0.05801526717557248,0.07900763358778629,0.034732824427480935,-0.06488549618320605,0.2045801526717559,2026H1
300209,2026-08-26,2,mid,ma_bull,pullback_holds,current_week,-0.014891179839633506,0.07932416953035504,,-0.07502863688430716,0.08762886597938158,2026H2
002165,2025-02-07,4,mid,macd_stabilizing,pullback_holds,current_week,-0.017204301075268824,-0.02580645161290329,0.043010752688172005,-0.05591397849462376,0.010752688172043001,2025H1
002165,2025-02-11,1,mid,ma_bull,shrinking_volume_acceleration,current_week,-0.051724137931034364,0.006465517241379448,0.028017241379310498,-0.053879310344827624,0.07543103448275867,2025H1
002165,2025-02-12,2,bull,ma_bull,shrinking_volume_acceleration,current_week,-0.03640256959314769,0.008565310492505418,0.01927194860813697,-0.05995717344753748,0.0685224839400429,2025H1
002165,2025-02-17,0,bull,ma_bull,pullback_holds,current_week,-0.010893246187363759,0.056644880174292034,0.045751633986928164,-0.04357298474945537,0.08714596949891074,2025H1
002165,2025-02-24,0,bull,ma_bull,pullback_holds,current_week,0.07538802660753907,0.066518847006652,0.2172949002217297,-0.008869179600886956,0.10643015521064303,2025H1
002165,2025-02-25,1,bull,ma_bull,two_day_acceleration,current_week,0.03440860215053765,0.02580645161290329,0.2989247311827956,-0.021505376344086113,0.06236559139784936,2025H1
002165,2025-03-06,3,bull,none,two_day_acceleration,current_week,-0.025104602510460317,0.04184100418410042,0.4707112970711296,-0.03556485355648531,0.08786610878661083,2025H1
002165,2025-03-07,4,bull,none,two_day_acceleration,current_week,-0.026639344262295084,0.12295081967213117,0.32786885245901654,-0.055327868852458884,0.12295081967213117,2025H1
002165,2025-06-27,4,bull,none,pullback_holds,current_week,0.08710033076074963,0.058434399117971214,0.009922822491730932,-0.004410143329658278,0.22381477398015437,2025H1
002165,2025-06-30,0,bull,none,two_day_acceleration,current_week,0.1052060737527114,0.04772234273318876,-0.005422993492407935,-0.010845986984815537,0.20390455531453355,2025H1
002165,2025-08-06,2,bull,none,pullback_holds,current_week,0.02076502732240426,0.03825136612021862,0.11366120218579234,-0.014207650273224126,0.05464480874316946,2025H2
002165,2025-08-07,3,bull,none,pullback_holds,current_week,-0.0021739130434783593,0.0684782608695651,0.14021739130434763,-0.019565217391304457,0.11413043478260865,2025H2
002165,2025-08-08,4,bull,none,pullback_holds,current_week,0.016519823788546217,0.04625550660792954,0.13436123348017626,-0.0066079295154185536,0.12885462555066085,2025H2
002165,2025-08-13,2,bull,none,two_day_acceleration,current_week,0.017130620985010614,-0.023554603854389566,0.051391862955032064,-0.02676659528907921,0.09743040685224846,2025H2
002165,2025-08-14,3,bull,none,pullback_holds,current_week,0.07785087719298245,0.09978070175438569,0.05372807017543835,-0.00877192982456143,0.1239035087719298,2025H2
002165,2025-08-15,4,bull,none,pullback_holds,current_week,0.029252437703141787,0.07692307692307687,0.029252437703141787,-0.02058504875406275,0.13759479956663045,2025H2
002165,2025-08-18,0,bull,none,two_day_acceleration,current_week,0.0031847133757962887,0.0849256900212314,0.013800424628450214,-0.040339702760084806,0.1146496815286624,2025H2
002165,2025-08-21,3,bull,none,two_day_acceleration,current_week,0.03937823834196874,0.08704663212435237,-0.033160621761658016,-0.06321243523316056,0.1367875647668395,2025H2
002165,2025-09-01,0,bull,none,shrinking_volume_acceleration,current_week,-0.01270772238514184,-0.06647116324535673,-0.16715542521994142,-0.08993157380254158,0.07233626588465292,2025H2
002165,2025-09-04,3,mid,none,two_day_acceleration,current_week,-0.08388941849380371,-0.11058150619637752,-0.1706387035271687,-0.12392755004766454,0.018112488083889433,2025H2
002165,2025-10-09,3,bull,none,two_day_acceleration,current_week,-0.01612903225806439,-0.013824884792626668,-0.025345622119815503,-0.04262672811059898,0.03341013824884809,2025H2
002165,2025-10-13,0,bull,none,two_day_acceleration,current_week,-0.06285072951739623,-0.041526374859708115,0.0011223344556676729,-0.06734006734006726,0.006734006734006703,2025H2
002165,2025-10-23,3,bull,none,pullback_holds,current_week,-0.021126760563380254,-0.00704225352112664,-0.008215962441314617,-0.024647887323943518,0.021126760563380476,2025H2
002165,2025-10-24,4,bull,none,pullback_holds,current_week,-0.02771362586605086,0.004618937644341958,-0.08891454965357959,-0.04041570438799069,0.024249422632794504,2025H2
002165,2025-11-03,0,bull,none,pullback_holds,current_week,0.05312868949232574,0.06965761511216062,-0.04132231404958675,-0.018890200708382543,0.09799291617473438,2025H2
002165,2025-11-05,2,bull,none,pullback_holds,current_week,0.01531213191990588,0.016489988221437102,-0.07538280329799762,-0.008244994110718551,0.09540636042402828,2025H2
002165,2025-11-06,3,bull,none,pullback_holds,current_week,0.040236686390532794,0.0,-0.09585798816568036,-0.004733727810650734,0.10059171597633143,2025H2
002165,2025-11-14,4,bull,none,pullback_holds,current_week,-0.09621993127147765,-0.08361970217640324,-0.12600229095074467,-0.11798396334478811,0.06529209621993126,2025H2
002165,2026-02-06,4,mid,ma_bull,shrinking_volume_acceleration,current_week,-0.1501120238984316,-0.07617625093353242,-0.09708737864077677,-0.15085884988797604,0.045556385362210516,2026H1
002165,2026-02-09,0,bull,ma_bull,two_day_acceleration,current_week,-0.05223315669947015,-0.15745647236941707,-0.03179409538228617,-0.15745647236941707,0.02498107494322488,2026H1
002165,2026-02-26,3,bull,ma_bull,pullback_holds,current_week,-0.11270983213429253,-0.07274180655475626,-0.20223820943245396,-0.13349320543565146,0.039168665067945696,2026H1
002165,2026-02-27,4,bull,ma_bull,shrinking_volume_acceleration,current_week,-0.03172085646312439,0.011895321173671647,-0.19587628865979378,-0.14036478984932588,0.030927835051546504,2026H1
002165,2026-04-09,3,mid,none,pullback_holds,current_week,-0.005102040816326592,-0.0836734693877551,-0.1193877551020408,-0.09591836734693893,0.010204081632652962,2026H1
002165,2026-04-10,4,mid,none,pullback_holds,current_week,0.01038421599169248,-0.056074766355140304,-0.11318795430944961,-0.08618899273104885,0.028037383177569986,2026H1
002165,2026-04-20,0,bull,none,pullback_holds,current_week,-0.10327198364008183,-0.09918200408997946,-0.19631901840490784,-0.1278118609406953,0.0030674846625768915,2026H1
002165,2026-05-07,3,bull,none,two_day_acceleration,current_week,0.06583427922814988,-0.10783200908059021,-0.2531214528944382,-0.10783200908059021,0.16118047673098745,2026H1
002165,2026-05-08,4,bull,none,two_day_acceleration,current_week,0.07268722466960353,-0.1145374449339206,-0.2687224669603524,-0.15638766519823788,0.12665198237885456,2026H1
002165,2026-06-15,0,bull,none,shrinking_volume_acceleration,current_week,-0.031047865459249757,-0.18887451487710216,-0.27166882276843474,-0.203104786545925,0.04269081500646821,2026H1
300399,2023-06-19,0,mid,ma_bull,pullback_holds,current_week,-0.10824022346368722,-0.10544692737430161,-0.1033519553072626,-0.13687150837988837,0.0216480446927374,2023H1
300399,2023-06-20,1,mid,ma_bull,pullback_holds,current_week,-0.08874912648497546,-0.10272536687631029,-0.11390635918937808,-0.13626834381551367,0.002795248078266921,2023H1
300399,2023-07-14,4,mid,none,two_day_acceleration,current_week,-0.0423728813559322,0.025423728813559254,0.19645608628659472,-0.04930662557781207,0.03312788906009234,2023H2
300399,2023-07-26,2,mid,none,pullback_holds,current_week,0.04488188976377949,0.43622047244094486,0.17244094488188977,-0.0275590551181103,0.43622047244094486,2023H2
300399,2023-11-06,0,mid,none,two_day_acceleration,current_week,0.033333333333333215,0.05227272727272725,0.05984848484848482,-0.006818181818181945,0.07045454545454533,2023H2
300399,2023-11-16,3,mid,none,shrinking_volume_acceleration,current_week,-0.0007246376811593791,-0.0391304347826088,-0.010144927536231974,-0.051449275362318914,0.019565217391304346,2023H2
300399,2023-11-17,4,mid,none,shrinking_volume_acceleration,current_week,-0.027456647398843903,-0.011560693641618491,-0.012283236994219626,-0.05419075144508667,0.016618497109826658,2023H2
300399,2024-12-03,1,bull,ma_bull,pullback_holds,current_week,0.6004566210045663,0.3999999999999999,0.12146118721461185,0.0,0.6904109589041096,2024H2
300399,2024-12-12,3,bull,ma_bull,shrinking_volume_acceleration,current_week,-0.0062893081761006275,-0.15251572327044027,-0.31352201257861634,-0.1572327044025157,0.02327044025157221,2024H2
300399,2025-02-06,3,mid,none,two_day_acceleration,current_week,0.07118353344768447,0.012006861063464935,0.16380789022298448,-0.009433962264150941,0.11706689536878212,2025H1
300399,2025-02-12,2,bull,none,shrinking_volume_acceleration,current_week,-0.018930041152263377,0.010699588477366406,0.06790123456790109,-0.05802469135802468,0.07201646090534974,2025H1
300399,2025-02-13,3,bull,none,two_day_acceleration,current_week,-0.04065040650406504,0.039430894308942976,0.0,-0.06951219512195128,0.08252032520325203,2025H1
300399,2025-02-26,2,bull,none,pullback_holds,current_week,0.055443140428976134,0.05018211250505855,-0.12869283690813438,-0.004856333468231555,0.2116552003237555,2025H1
300399,2025-04-22,1,mid,none,pullback_holds,current_week,0.012121212121211977,0.040909090909090784,0.24898989898989887,-0.02777777777777779,0.1595959595959595,2025H1
300399,2025-04-23,2,mid,none,pullback_holds,current_week,0.028673835125447855,0.1024065540194572,0.28520225294418844,-0.014336917562724039,0.17562724014336917,2025H1
300399,2025-05-08,3,bull,none,shrinking_volume_acceleration,current_week,0.20405278039585317,0.22714420358152698,0.15692742695570217,-0.029217719132893394,0.3590951932139492,2025H1
300399,2025-05-16,4,bull,none,shrinking_volume_acceleration,current_week,-0.04110120201628531,-0.08026366808840635,0.05118262892594028,-0.08491663435440089,0.11826289259402878,2025H1
300399,2025-05-21,2,bull,macd_cross,shrinking_volume_acceleration,current_week,-0.11608442503639016,-0.06513828238719066,-0.11608442503639016,-0.1448326055312955,0.02001455604075697,2025H1
300399,2025-06-09,0,bull,macd_cross,shrinking_volume_acceleration,current_week,0.08396641343462607,-0.01119552179128358,0.31627349060375853,-0.05917632946821272,0.13074770091963206,2025H1
300399,2025-06-10,1,bull,macd_cross,pullback_holds,current_week,0.06734279918864106,0.20405679513184571,0.3780933062880323,-0.04543610547667343,0.20405679513184571,2025H1
300399,2025-07-08,1,bull,ma_bull,two_day_acceleration,current_week,-0.02529761904761907,-0.05535714285714288,-0.048214285714285765,-0.06577380952380951,0.04851190476190492,2025H2
300399,2025-08-08,4,bull,ma_bull,pullback_holds,current_week,-0.010819165378670781,-0.0015455950540959051,-0.09149922720247294,-0.06646058732612059,0.20030911901081905,2025H2
300399,2025-10-10,4,bull,none,pullback_holds,current_week,0.063533834586466,0.043609022556390986,-0.005639097744360999,-0.007518796992481147,0.11052631578947358,2025H2
300399,2025-10-13,0,bull,none,pullback_holds,current_week,0.008849557522123908,0.014513274336283244,-0.05274336283185832,-0.049203539823008846,0.04566371681415937,2025H2
300399,2025-10-16,3,bull,none,two_day_acceleration,current_week,-0.044250871080139365,-0.008710801393728262,-0.08501742160278736,-0.06411149825783968,0.10383275261324054,2025H2
300399,2025-10-17,4,mid,none,pullback_holds,current_week,-0.029370629370629397,-0.00034965034965039887,-0.10664335664335667,-0.060839160839160855,0.10769230769230753,2025H2
300399,2025-10-27,0,bull,none,two_day_acceleration,current_week,0.01556970983722561,-0.05307855626326963,-0.1008492569002124,-0.0661712668082095,0.12101910828025475,2025H2
300399,2025-10-31,4,bull,none,pullback_holds,current_week,-0.07485134662469395,-0.10633088492479881,-0.11367611052815674,-0.10738020286813577,0.004896817068905213,2025H2
300399,2025-12-25,3,bull,none,two_day_acceleration,current_week,0.04435797665369656,0.20661478599221805,0.12840466926070038,-0.022568093385213928,0.25330739299610894,2025H2
300399,2025-12-29,0,bull,none,shrinking_volume_acceleration,current_week,0.16771653543307075,0.18188976377952737,0.07244094488188968,-0.011023622047244164,0.26811023622047236,2025H2
002132,2025-05-08,3,bull,ma_bull,shrinking_volume_acceleration,current_week,0.012158054711246313,0.003039513677811634,0.03039513677811545,-0.024316109422492405,0.08814589665653494,2025H1
002132,2025-05-09,4,bull,none,pullback_holds,current_week,0.024539877300613355,-0.015337423312883569,0.042944785276073594,-0.018404907975460127,0.09815950920245387,2025H1
002132,2025-05-16,4,bull,none,shrinking_volume_acceleration,current_week,-0.03603603603603611,-0.006006006006005982,0.039039039039038936,-0.04504504504504503,0.033033033033033066,2025H1
002132,2025-06-04,2,bull,ma_bull,two_day_acceleration,current_week,-0.01183431952662728,0.053254437869822535,0.07396449704142016,-0.023668639053254337,0.07396449704142016,2025H1
002132,2025-06-05,3,bull,ma_bull,pullback_holds,current_week,0.029940119760479167,0.1227544910179641,0.08383233532934131,-0.011976047904191489,0.1227544910179641,2025H1
002132,2025-06-23,0,bull,ma_bull,shrinking_volume_acceleration,current_week,-0.037234042553191515,-0.0292553191489362,0.061170212765957466,-0.0771276595744681,0.013297872340425565,2025H1
002132,2025-07-07,0,bull,ma_bull,shrinking_volume_acceleration,current_week,0.04395604395604402,0.09615384615384626,0.03296703296703307,-0.008241758241758323,0.09615384615384626,2025H2
002132,2025-08-08,4,bull,ma_bull,two_day_acceleration,current_week,-0.03535353535353525,-0.025252525252525304,-0.04797979797979801,-0.05303030303030298,0.045454545454545414,2025H2
002132,2025-08-18,0,bull,ma_bull,pullback_holds,current_week,0.0,-0.03359173126614989,-0.04134366925064603,-0.06201550387596899,0.015503875968992276,2025H2
002132,2025-08-19,1,bull,ma_bull,pullback_holds,current_week,0.0,-0.03350515463917525,-0.03865979381443296,-0.06443298969072164,0.012886597938144506,2025H2
002132,2025-08-20,2,bull,ma_bull,pullback_holds,current_week,-0.04113110539845766,-0.04370179948586117,-0.04113110539845766,-0.06683804627249368,0.010282776349614497,2025H2
002132,2025-08-21,3,bull,ma_bull,pullback_holds,current_week,-0.028132992327365658,-0.07928388746803072,-0.06138107416879801,-0.09207161125319685,0.0,2025H2
002132,2025-08-22,4,bull,ma_bull,pullback_holds,current_week,-0.033678756476683946,-0.023316062176165775,-0.04922279792746109,-0.0803108808290155,0.007772020725388629,2025H2
002132,2025-08-25,0,bull,ma_bull,pullback_holds,current_week,-0.03359173126614989,-0.03100775193798455,-0.05167958656330751,-0.08268733850129195,0.0051679586563306845,2025H2
002132,2025-08-26,1,bull,ma_bull,pullback_holds,current_week,-0.02849740932642486,-0.02072538860103612,-0.062176165803108696,-0.0803108808290155,0.005181347150259086,2025H2
002132,2025-10-15,2,bull,ma_bull,shrinking_volume_acceleration,current_week,0.010075566750629594,-0.032745591939546737,0.02015113350125941,-0.04282115869017633,0.052896725440805925,2025H2
002132,2025-10-16,3,bull,ma_bull,two_day_acceleration,current_week,-0.019607843137254943,-0.07107843137254899,0.056372549019607865,-0.07352941176470584,0.02450980392156854,2025H2
002132,2025-12-22,0,bull,none,pullback_holds,current_week,0.014164305949008416,-0.005665722379603388,0.10198300283286121,-0.011331444759206777,0.05099150141643061,2025H2
002132,2025-12-23,1,bull,none,pullback_holds,current_week,0.0028011204481792618,-0.01400560224089642,0.09803921568627438,-0.022408963585434205,0.039215686274509665,2025H2
002132,2025-12-24,2,bull,none,two_day_acceleration,current_week,-0.03794037940379391,-0.04065040650406504,0.09756097560975596,-0.054200542005420016,0.0027100271002711285,2025H2
002132,2026-01-12,0,bull,none,two_day_acceleration,current_week,0.02717391304347827,0.10869565217391308,0.05163043478260865,-0.029891304347826053,0.11413043478260865,2026H1
002132,2026-01-14,2,bull,none,shrinking_volume_acceleration,current_week,0.07458563535911611,0.16022099447513805,0.06077348066298338,-0.011049723756906049,0.17127071823204432,2026H1
002132,2026-01-15,3,bull,none,pullback_holds,current_week,0.08287292817679548,0.12983425414364635,0.04419889502762442,-0.002762430939226568,0.19613259668508287,2026H1
002132,2026-01-23,4,bull,none,two_day_acceleration,current_week,-0.024691358024691246,-0.05432098765432092,-0.022222222222222143,-0.07901234567901227,0.06913580246913598,2026H1
002132,2026-02-25,2,bull,macd_cross,two_day_acceleration,current_week,-0.07537688442211055,0.015075376884422065,-0.047738693467336724,-0.08040201005025127,0.0201005025125629,2026H1
002132,2026-02-26,3,bull,macd_cross,pullback_holds,current_week,-0.03316326530612246,0.03571428571428581,-0.0535714285714286,-0.0663265306122448,0.04081632653061229,2026H1
002132,2026-02-27,4,bull,macd_cross,shrinking_volume_acceleration,current_week,-0.02506265664160401,0.0,-0.03258145363408527,-0.08270676691729328,0.022556390977443552,2026H1
002132,2026-08-06,3,mid,none,shrinking_volume_acceleration,current_week,0.033898305084745894,0.07990314769975781,0.03631961259079919,-0.01937046004842613,0.13801452784503643,2026H2
002132,2026-08-07,4,mid,none,pullback_holds,current_week,0.04513064133016642,0.13301662707838502,-0.004750593824227933,-0.02137767220902609,0.14726840855106893,2026H2
002132,2026-08-10,0,mid,none,pullback_holds,current_week,0.09047619047619038,0.23809523809523814,-0.004761904761904856,-0.014285714285714457,0.25,2026H2
002132,2026-08-14,4,mid,none,shrinking_volume_acceleration,current_week,0.03695652173913033,-0.02826086956521756,-0.0782608695652175,-0.05434782608695654,0.14130434782608692,2026H2
002276,2023-03-02,3,bull,none,pullback_holds,current_week,-0.006610009442870712,-0.10009442870632679,-0.052880075542965144,-0.10292728989612843,0.03305004721435312,2023H1
002276,2023-03-03,4,bull,none,pullback_holds,current_week,-0.03766478342749535,-0.10451977401129953,-0.044256120527306986,-0.10828625235404898,0.030131826741996104,2023H1
002276,2023-03-07,1,bull,ma_bull,pullback_holds,current_week,-0.06981132075471697,-0.07547169811320742,-0.05283018867924516,-0.10660377358490558,0.02264150943396226,2023H1
002276,2023-03-08,2,mid,ma_bull,pullback_holds,current_week,-0.07116104868913853,-0.08239700374531822,-0.07584269662921339,-0.11329588014981262,0.0074906367041198685,2023H1
002276,2023-03-27,0,mid,ma_bull,two_day_acceleration,current_week,0.028000000000000025,-0.015000000000000013,-0.08299999999999996,-0.02200000000000002,0.040000000000000036,2023H1
002276,2023-03-28,1,mid,ma_bull,pullback_holds,current_week,-0.005940594059405835,0.017821782178217838,-0.04851485148514856,-0.03168316831683171,0.02970297029702973,2023H1
002276,2023-03-30,3,mid,ma_bull,pullback_holds,current_week,-0.014925373134328401,0.01990049751243772,0.07164179104477597,-0.02686567164179121,0.03482587064676612,2023H1
002276,2023-03-31,4,bull,ma_bull,pullback_holds,current_week,-0.023622047244094557,0.030511811023621993,0.11220472440944884,-0.03740157480314965,0.03740157480314976,2023H1
002276,2023-04-03,0,bull,ma_bull,two_day_acceleration,current_week,-0.046466602129719314,-0.013552758954501476,0.05324298160697016,-0.05324298160697005,0.020329138431752325,2023H1
002276,2023-04-10,0,bull,none,pullback_holds,current_week,0.05544354838709675,-0.05544354838709664,0.251008064516129,-0.07358870967741937,0.0625,2023H1
002276,2023-04-13,3,bull,none,pullback_holds,current_week,-0.023928215353938076,-0.023928215353938076,0.3499501495513462,-0.10667996011964098,0.05084745762711873,2023H1
002276,2023-04-17,0,bull,none,two_day_acceleration,current_week,-0.09903846153846152,0.08653846153846168,0.27596153846153837,-0.1384615384615384,0.09903846153846141,2023H1
002276,2023-07-25,1,mid,none,pullback_holds,current_week,-0.009717314487632467,-0.01590106007067138,-0.08215547703180204,-0.05830388692579502,0.01590106007067127,2023H2
002276,2023-08-01,1,bull,none,pullback_holds,current_week,-0.013286093888396855,-0.06731620903454394,-0.06643046944198405,-0.07971656333038091,0.018600531443755397,2023H2
002276,2023-08-02,2,bull,none,pullback_holds,current_week,-0.020814479638009087,-0.06425339366515848,-0.0325791855203621,-0.0678733031674208,0.03619909502262453,2023H2
002276,2023-08-03,3,bull,none,pullback_holds,current_week,-0.020758122743682383,-0.02436823104693142,-0.05956678700361007,-0.07039711191335729,0.03339350180505418,2023H2
002276,2023-08-04,4,bull,none,pullback_holds,current_week,-0.06333630686886715,-0.05084745762711862,-0.06958073148974142,-0.0811775200713648,0.02140945584299736,2023H2
002276,2023-08-07,0,bull,none,pullback_holds,current_week,-0.05235137533274181,-0.08784383318544808,-0.05501330967169471,-0.08784383318544808,0.0053238686779060185,2023H2
002276,2023-09-04,0,mid,none,two_day_acceleration,current_week,0.028301886792452935,-0.009433962264150941,0.050000000000000044,-0.03301886792452824,0.04245283018867929,2023H2
002276,2023-09-14,3,mid,none,pullback_holds,current_week,-0.033269961977186235,0.010456273764258617,-0.011406844106463754,-0.04372623574144474,0.019011406844106515,2023H2
002276,2025-04-21,0,mid,none,two_day_acceleration,current_week,-0.014830508474576232,0.09887005649717517,0.039548022598870025,-0.02824858757062154,0.13629943502824848,2025H1
002276,2025-05-14,2,bull,none,shrinking_volume_acceleration,current_week,-0.03194888178913735,-0.08306709265175727,-0.13354632587859427,-0.11054313099041535,0.017891373801916854,2025H1
002276,2025-05-15,3,bull,none,pullback_holds,current_week,-0.02966381015161501,-0.04416611733684905,-0.1252471984179302,-0.0823994726433751,0.03230059327620305,2025H1
002276,2025-05-19,0,bull,ma_bull,pullback_holds,current_week,-0.06762967826657906,-0.08010505581089955,-0.1326329612606697,-0.10308601444517407,0.028233749179251477,2025H1
002276,2025-06-09,0,bull,none,pullback_holds,current_week,-0.05598866052445073,-0.0779588944011339,0.0,-0.10276399716513107,0.002126151665485576,2025H1
002276,2025-07-09,2,bull,none,pullback_holds,current_week,0.03746397694524495,0.051152737752161226,0.1195965417867435,-0.012247838616714746,0.11671469740634,2025H2
002276,2025-07-11,4,bull,none,pullback_holds,current_week,0.016254416961130724,0.028268551236749095,0.09893992932862195,-0.010600706713780994,0.09540636042402828,2025H2
002276,2025-07-18,4,bull,none,pullback_holds,current_week,-0.010876954452753274,-0.010876954452753274,0.06866077498300482,-0.04010876954452747,0.05370496261046909,2025H2
002276,2025-07-24,3,bull,none,pullback_holds,current_week,-0.03125000000000011,0.06521739130434767,0.09714673913043459,-0.040760869565217406,0.11752717391304346,2025H2
002276,2025-08-20,2,bull,ma_bull,two_day_acceleration,current_week,-0.027607361963190247,-0.04969325153374238,0.10674846625766854,-0.07852760736196329,0.01717791411042957,2025H2
002276,2025-09-08,0,bull,ma_bull,two_day_acceleration,current_week,0.1049723756906078,0.2627378759975445,0.11172498465316139,0.0,0.2627378759975445,2025H2
002276,2025-09-11,3,bull,ma_bull,shrinking_volume_acceleration,current_week,0.02941176470588225,0.02828054298642524,-0.03902714932126683,-0.02149321266968318,0.24151583710407243,2025H2
002276,2025-09-19,4,mid,ma_bull,shrinking_volume_acceleration,current_week,-0.06649076517150387,-0.032717678100263714,-0.07229551451187322,-0.0675461741424801,0.158311345646438,2025H2
002276,2025-10-09,3,bull,ma_bull,two_day_acceleration,current_week,0.007596310363537695,-0.08790016277807933,0.004883342376559963,-0.11014650027129691,0.05751492132392855,2025H2
002276,2025-10-10,4,bull,ma_bull,two_day_acceleration,current_week,-0.05348189415041771,-0.021727019498607225,0.012813370473537589,-0.08635097493036215,0.07353760445682456,2025H2
002276,2025-12-01,0,mid,none,pullback_holds,current_week,0.013871374527112179,0.005674653215636871,0.030895334174022793,-0.032786885245901676,0.027112232030264583,2025H2
002276,2025-12-08,0,bull,none,pullback_holds,current_week,-0.0012523481527864089,0.0050093926111458575,0.04383218534752675,-0.03819661865998758,0.02003757044458343,2025H2
002276,2025-12-09,1,mid,none,pullback_holds,current_week,-0.003140703517587884,-0.002512562814070307,0.05841708542713575,-0.035175879396984966,0.023241206030150785,2025H2
002276,2025-12-25,3,bull,none,two_day_acceleration,current_week,0.016343825665859457,0.04237288135593209,0.05811138014527861,-0.025423728813559254,0.08353510895883787,2025H2
002276,2026-01-12,0,bull,none,two_day_acceleration,current_week,0.07259001161440182,0.015098722415795685,0.0,-0.0389082462253193,0.0876887340301975,2026H1
002276,2026-01-22,3,bull,none,shrinking_volume_acceleration,current_week,-0.07427937915742788,-0.06929046563192909,-0.029933481152993324,-0.1097560975609756,0.00942350332594244,2026H1
002276,2026-02-04,2,mid,macd_stabilizing,pullback_holds,current_week,-0.006321839080459912,0.013793103448275668,-0.07873563218390811,-0.0505747126436783,0.02298850574712641,2026H1
002276,2026-02-10,1,bull,none,pullback_holds,current_week,0.008111239860950192,-0.06488991888760143,-0.12340672074159909,-0.08806488991888772,0.031286210892236266,2026H1
002276,2026-02-12,3,bull,none,two_day_acceleration,current_week,0.0,-0.04685714285714282,-0.18571428571428572,-0.10057142857142853,0.017142857142857126,2026H1
002276,2026-02-13,4,mid,none,pullback_holds,current_week,-0.042229729729729715,-0.05405405405405406,-0.22409909909909909,-0.11373873873873885,0.0022522522522521182,2026H1
002276,2026-03-09,0,mid,none,pullback_holds,current_week,-0.08994082840236672,-0.18461538461538451,-0.1911242603550295,-0.1911242603550295,0.011242603550295938,2026H1
600008,2024-10-16,2,bull,ma_bull,pullback_holds,current_week,0.009374999999999911,0.05312499999999987,0.08437500000000009,-0.028125000000000067,0.05312499999999987,2024H2
600008,2024-10-22,1,bull,ma_bull,shrinking_volume_acceleration,current_week,0.021874999999999867,0.09375,0.059374999999999956,-0.0031250000000000444,0.10312499999999991,2024H2
600008,2024-11-04,0,bull,ma_bull,shrinking_volume_acceleration,current_week,0.034782608695652195,-0.020289855072463836,-0.04057971014492756,-0.03188405797101457,0.08115942028985512,2024H2
600008,2024-11-05,1,bull,ma_bull,shrinking_volume_acceleration,current_week,-0.002849002849002913,-0.03418803418803418,-0.054131054131054124,-0.04843304843304852,0.06267806267806253,2024H2
600008,2024-11-18,0,mid,ma_bull,pullback_holds,current_week,-0.041297935103244865,-0.02359882005899705,0.002949852507374562,-0.06489675516224191,0.008849557522123908,2024H2
600008,2024-11-19,1,mid,ma_bull,pullback_holds,current_week,-0.05014749262536866,-0.020648967551622377,-0.008849557522124019,-0.06489675516224191,0.005899705014749346,2024H2
600008,2024-11-28,3,mid,ma_bull,pullback_holds,current_week,-0.029673590504451064,0.014836795252225476,-0.017804154302670683,-0.03857566765578635,0.023738872403560762,2024H2
600008,2024-11-29,4,mid,ma_bull,pullback_holds,current_week,0.02127659574468077,0.01823708206686936,0.01823708206686936,-0.009118541033434568,0.04863221884498481,2024H2
600008,2024-12-02,0,bull,ma_bull,pullback_holds,current_week,0.012048192771084265,0.02409638554216853,0.009036144578313143,-0.01807228915662651,0.03915662650602414,2024H2
600008,2024-12-03,1,bull,ma_bull,pullback_holds,current_week,0.015105740181268867,0.015105740181268867,-0.009063444108761254,-0.015105740181268867,0.04229607250755296,2024H2
600008,2024-12-04,2,bull,ma_bull,pullback_holds,current_week,0.03658536585365835,0.030487804878048586,-0.0335365853658538,-0.0060975609756097615,0.05182926829268286,2024H2
600008,2024-12-11,2,bull,ma_bull,shrinking_volume_acceleration,current_week,-0.00588235294117645,-0.014705882352941124,-0.09411764705882353,-0.04117647058823515,0.008823529411764675,2024H2
600008,2024-12-16,0,bull,none,shrinking_volume_acceleration,current_week,-0.038235294117647034,-0.014705882352941124,-0.08823529411764697,-0.04117647058823515,0.002941176470588225,2024H2
600008,2024-12-17,1,bull,none,pullback_holds,current_week,-0.008902077151335397,-0.026706231454005858,-0.08605341246290799,-0.03264094955489616,0.011869436201780381,2024H2
600008,2024-12-18,2,bull,none,pullback_holds,current_week,-0.0029761904761904656,-0.05654761904761907,-0.0714285714285714,-0.0625,0.008928571428571397,2024H2
600008,2025-01-27,0,mid,none,pullback_holds,current_week,-0.012618296529968487,-0.028391167192428957,-0.034700315457413256,-0.03154574132492105,0.009463722397476504,2025H1
600008,2025-02-10,0,mid,none,pullback_holds,current_week,-0.00952380952380949,-0.022222222222222143,-0.025396825396825307,-0.03174603174603163,0.0031746031746031633,2025H1
600008,2025-02-17,0,bull,none,pullback_holds,current_week,-0.012820512820512886,-0.03205128205128205,0.0,-0.03525641025641024,0.0064102564102563875,2025H1
600008,2025-02-24,0,bull,none,pullback_holds,current_week,-0.016286644951140183,0.0,0.0228013029315961,-0.019543973941368087,0.0032573289902280145,2025H1
600008,2025-03-04,1,mid,none,pullback_holds,current_week,0.0032573289902280145,0.013029315960911836,0.02931596091205213,-0.013029315960912058,0.0228013029315961,2025H1
600008,2025-03-05,2,bull,none,pullback_holds,current_week,0.009803921568627416,0.019607843137254832,0.026143790849673332,-0.006535947712418277,0.026143790849673332,2025H1
600008,2025-03-06,3,bull,none,pullback_holds,current_week,0.0032679738562091387,0.013071895424836555,0.042483660130719025,-0.006535947712418277,0.026143790849673332,2025H1
600008,2025-03-10,0,bull,none,pullback_holds,current_week,0.019607843137254832,0.026143790849673332,-0.009803921568627416,-0.006535947712418277,0.03267973856209161,2025H1
600008,2025-03-11,1,bull,none,pullback_holds,current_week,0.009740259740259605,0.032467532467532534,0.0,-0.006493506493506551,0.032467532467532534,2025H1
600008,2025-03-12,2,bull,none,pullback_holds,current_week,0.009708737864077666,0.01941747572815533,0.003236245954692629,-0.009708737864077555,0.02912621359223322,2025H1
600008,2025-03-13,3,bull,none,pullback_holds,current_week,0.006493506493506551,0.016233766233766156,0.006493506493506551,-0.0032467532467531646,0.032467532467532534,2025H1
600008,2025-03-18,1,bull,none,pullback_holds,current_week,0.022508038585209,0.016077170418006492,-0.006430868167202619,-0.006430868167202619,0.022508038585209,2025H1
600008,2025-03-19,2,bull,none,shrinking_volume_acceleration,current_week,0.012861736334405238,0.009646302250803984,-0.009646302250803762,-0.006430868167202619,0.022508038585209,2025H1
600008,2025-03-21,4,mid,none,pullback_holds,current_week,0.0032051282051281937,-0.054487179487179516,-0.012820512820512886,-0.0705128205128206,0.025641025641025772,2025H1
600008,2025-03-24,0,mid,none,shrinking_volume_acceleration,current_week,-0.006369426751592355,-0.035031847133757954,-0.015923566878981,-0.07643312101910837,0.019108280254777066,2025H1
600008,2025-03-25,1,mid,none,two_day_acceleration,current_week,-0.003154574132492094,-0.028391167192428957,-0.02208201892744477,-0.08517350157728709,0.009463722397476504,2025H1
600008,2025-03-26,2,mid,none,pullback_holds,current_week,-0.0031746031746030523,-0.015873015873015817,-0.006349206349206327,-0.07936507936507942,0.01587301587301604,2025H1
600008,2025-03-27,3,mid,none,pullback_holds,current_week,0.015923566878980777,-0.01273885350318471,0.006369426751592355,-0.07643312101910837,0.019108280254777066,2025H1
600008,2025-03-28,4,mid,none,pullback_holds,current_week,-0.054487179487179516,-0.0064102564102563875,0.012820512820512775,-0.0705128205128206,0.025641025641025772,2025H1
600008,2025-04-01,1,mid,none,pullback_holds,current_week,-0.025316455696202556,-0.022151898734177333,0.0,-0.08227848101265833,0.012658227848101333,2025H1
600008,2025-04-02,2,mid,none,pullback_holds,current_week,-0.009584664536741117,-0.015974440894568676,0.009584664536741228,-0.07348242811501593,0.022364217252396346,2025H1
600008,2025-10-16,3,bull,ma_bull,shrinking_volume_acceleration,current_week,0.018018018018018056,-0.01501501501501501,-0.03603603603603611,-0.024024024024024038,0.02102102102102088,2025H2
600008,2025-10-21,1,bull,ma_bull,pullback_holds,current_week,-0.01492537313432829,-0.047761194029850795,-0.06865671641791049,-0.05373134328358209,0.014925373134328401,2025H2
600008,2025-10-24,4,bull,ma_bull,pullback_holds,current_week,-0.042042042042042094,-0.042042042042042094,-0.08708708708708712,-0.05105105105105101,0.009009009009008917,2025H2
600008,2025-11-11,1,bull,ma_bull,pullback_holds,current_week,-0.028037383177570097,-0.06230529595015566,-0.05919003115264798,-0.06542056074766356,0.009345794392523477,2025H2
600008,2025-11-12,2,bull,ma_bull,pullback_holds,current_week,-0.03105590062111807,-0.06521739130434778,-0.06521739130434778,-0.06832298136645965,0.006211180124223503,2025H2
600008,2025-11-13,3,bull,ma_bull,pullback_holds,current_week,-0.02187500000000009,-0.05625000000000002,-0.07187500000000002,-0.0625,0.012499999999999956,2025H2
600008,2025-11-14,4,bull,ma_bull,pullback_holds,current_week,-0.052959501557632405,-0.05919003115264798,-0.06853582554517124,-0.06542056074766356,0.0031152647975078995,2025H2
603070,2025-10-16,3,bull,none,pullback_holds,current_week,0.013254786450662692,-0.006627393225331346,0.05743740795287189,-0.040500736377025004,0.04565537555228283,2025H2
603070,2025-10-20,0,mid,none,shrinking_volume_acceleration,current_week,0.007230657989877098,-0.01156905278380338,0.053506869125090395,-0.045553145336225564,0.02675343456254531,2025H2
603070,2025-10-21,1,bull,macd_stabilizing,two_day_acceleration,current_week,0.025018395879323085,0.022810890360559277,0.050772626931567366,-0.013980868285504044,0.04488594554819736,2025H2
603070,2025-11-04,1,bull,macd_stabilizing,pullback_holds,current_week,0.050761421319796884,0.035532994923857864,-0.049311094996374316,-0.006526468455402501,0.06598984771573613,2025H2
603070,2025-11-05,2,bull,macd_stabilizing,two_day_acceleration,current_week,-0.004169562195969423,-0.030576789437109064,-0.09381514940931202,-0.04100069492703262,0.02154273801250861,2025H2
603070,2025-12-01,0,mid,none,pullback_holds,current_week,-0.012158054711246202,-0.024316109422492405,-0.008358662613981771,-0.04027355623100304,0.006079027355623046,2025H2
603070,2025-12-25,3,bull,none,two_day_acceleration,current_week,-0.0060975609756097615,0.01981707317073167,0.13109756097560976,-0.019054878048780477,0.021341463414634054,2025H2
603070,2025-12-29,0,bull,none,shrinking_volume_acceleration,current_week,0.006896551724137945,0.06360153256704981,0.10957854406130263,-0.01379310344827589,0.09578544061302674,2025H2
603070,2026-01-06,1,bull,none,pullback_holds,current_week,0.031321619556913705,0.17952635599694422,0.134453781512605,-0.006111535523300238,0.2192513368983957,2026H1
603070,2026-01-07,2,bull,none,pullback_holds,current_week,0.0619739862280031,0.1377199693955624,0.13159908186687064,0.0,0.22111706197398617,2026H1
603070,2026-01-08,3,bull,none,shrinking_volume_acceleration,current_week,0.04220045214770152,0.12358703843255459,0.08666164280331579,-0.01130369253956287,0.20271288620949512,2026H1
603070,2026-01-14,2,bull,none,two_day_acceleration,current_week,0.077536231884058,0.049275362318840665,0.07101449275362315,-0.007246376811594124,0.15652173913043477,2026H1
603070,2026-01-22,3,bull,none,shrinking_volume_acceleration,current_week,-0.04896042924211941,-0.032863849765258246,0.13480885311871238,-0.059691482226693515,0.02012072434607659,2026H1
603070,2026-02-02,0,mid,none,pullback_holds,current_week,0.015731874145006763,0.019151846785225635,0.18946648426812573,-0.028043775649794767,0.0239398084815321,2026H1
603070,2026-02-04,2,mid,none,pullback_holds,current_week,-0.003371544167228513,0.07417397167902906,0.11395819285232633,-0.04180714767363447,0.11126095751854348,2026H1
603070,2026-02-06,4,mid,none,pullback_holds,current_week,-0.010862186014935493,0.1004752206381534,0.09029192124915131,-0.012898845892735933,0.16429056347589954,2026H1
603070,2026-04-09,3,mid,none,pullback_holds,current_week,0.01870407481629921,-0.015364061456245803,0.032732130928523784,-0.020708082832331387,0.025384101536406023,2026H1
603070,2026-04-10,4,mid,none,two_day_acceleration,current_week,0.012675116744496284,0.009339559706470935,0.13475650433622421,-0.02201467645096733,0.024016010673782562,2026H1
603070,2026-04-16,3,mid,none,shrinking_volume_acceleration,current_week,-0.028345418589321048,-0.08701384311140414,0.08174027686222818,-0.10019775873434411,0.009228740936058077,2026H1
603070,2026-04-20,0,bull,none,two_day_acceleration,current_week,-0.022207707380796804,-0.09862834748530369,0.08164598301763548,-0.10973220117570215,0.0,2026H1
603070,2026-04-21,1,bull,none,pullback_holds,current_week,-0.007328447701532292,-0.0826115922718188,0.1259160559626915,-0.09393737508327782,0.015323117921385743,2026H1
603070,2026-05-18,0,bull,ma_bull,shrinking_volume_acceleration,current_week,0.03297362110311752,0.01618705035971213,-0.0383693045563549,-0.05455635491606714,0.07793764988009588,2026H1
002772,2023-04-06,3,bull,none,pullback_holds,current_week,0.24282560706401757,0.23289183222958054,0.13796909492273723,-0.0055187637969095205,0.3167770419426048,2023H1
002772,2023-05-04,3,bull,ma_bull,pullback_holds,current_week,-0.07706255666364459,-0.06436990027198541,-0.034451495920217456,-0.08522212148685404,0.0,2023H1
002772,2023-05-22,0,mid,ma_bull,pullback_holds,current_week,-0.04477611940298509,-0.011194029850746356,-0.03824626865671643,-0.05597014925373134,0.002798507462686617,2023H1
002772,2023-08-02,2,bull,none,pullback_holds,current_week,-0.009249743062692661,-0.043165467625899234,-0.058581706063720485,-0.04933196300102782,0.01541623843782114,2023H2
002772,2023-08-03,3,bull,none,pullback_holds,current_week,-0.01430030643513791,-0.039836567926455624,-0.0643513789581206,-0.06639427987742597,0.009193054136874323,2023H2
002772,2023-08-04,4,bull,none,pullback_holds,current_week,-0.031729785056294646,-0.05834186284544507,-0.06448311156601827,-0.06448311156601827,0.011258955987717645,2023H2
002772,2023-08-07,0,bull,none,pullback_holds,current_week,-0.04498977505112467,-0.10327198364008183,-0.06134969325153372,-0.10429447852760731,0.006134969325153339,2023H2
002772,2023-09-04,0,mid,none,pullback_holds,current_week,-0.02732240437158473,-0.025136612021858018,-0.06557377049180324,-0.051366120218579336,0.003278688524590123,2023H2
002772,2023-09-12,1,mid,none,pullback_holds,current_week,-0.012345679012345623,-0.015712682379349086,-0.08193041526374867,-0.03479236812570152,0.007856341189674598,2023H2
002772,2023-09-18,0,mid,none,pullback_holds,current_week,-0.011223344556677839,-0.04040404040404033,-0.09090909090909094,-0.041526374859708115,0.002244668911335568,2023H2
002772,2023-09-19,1,mid,none,pullback_holds,current_week,-0.0022753128555177415,-0.026166097838452806,-0.07167235494880553,-0.02957906712172942,0.012514220705347023,2023H2
002772,2023-09-22,4,mid,none,pullback_holds,current_week,-0.021590909090909216,-0.05227272727272736,-0.07272727272727275,-0.059090909090909194,0.011363636363636243,2023H2
002772,2025-05-06,1,mid,ma_bull,pullback_holds,current_week,0.00766283524904221,0.04980842911877392,0.01404853128991057,-0.0012771392081736277,0.14559386973180088,2025H1
002772,2025-05-07,2,bull,ma_bull,two_day_acceleration,current_week,0.0,0.017721518987341867,-0.0012658227848101333,-0.010126582278481067,0.1354430379746836,2025H1
002772,2025-05-09,4,bull,ma_bull,two_day_acceleration,current_week,0.04466501240694787,-0.04466501240694798,-0.001240694789081842,-0.04466501240694798,0.11290322580645151,2025H1
002772,2025-06-04,2,bull,ma_bull,pullback_holds,current_week,0.02267002518891692,0.0037783375314861534,0.0012594458438286438,-0.015113350125944613,0.05037783375314864,2025H1
002772,2025-06-05,3,bull,ma_bull,pullback_holds,current_week,0.041984732824427384,-0.022900763358778664,0.011450381679389388,-0.025445292620865145,0.061068702290076216,2025H1
002772,2025-06-06,4,bull,ma_bull,pullback_holds,current_week,0.012578616352201255,-0.04528301886792452,-0.0012578616352201255,-0.04779874213836477,0.049056603773584895,2025H1
002772,2025-06-09,0,bull,ma_bull,two_day_acceleration,current_week,-0.01715686274509809,-0.05759803921568629,-0.011029411764705843,-0.0845588235294118,0.022058823529411686,2025H1
002772,2025-06-12,3,bull,ma_bull,shrinking_volume_acceleration,current_week,-0.055350553505535194,-0.04182041820418214,-0.011070110701106972,-0.0811808118081182,0.019680196801967975,2025H1
002772,2025-06-13,4,bull,ma_bull,pullback_holds,current_week,-0.05125000000000002,-0.026249999999999996,0.007500000000000062,-0.06625000000000003,0.01750000000000007,2025H1
002772,2025-06-30,0,bull,none,pullback_holds,current_week,0.034615384615384714,0.0410256410256411,0.06282051282051304,0.0,0.04743589743589749,2025H1
002772,2025-07-01,1,bull,macd_stabilizing,pullback_holds,current_week,0.017699115044247815,0.03539823008849541,0.036662452591656125,-0.006321112515802807,0.07458912768647274,2025H2
002772,2025-07-02,2,bull,macd_stabilizing,pullback_holds,current_week,0.01261034047919285,0.046658259773013855,0.03656998738965944,-0.008827238335435084,0.07187894073139978,2025H2
002772,2025-07-03,3,bull,macd_stabilizing,pullback_holds,current_week,0.01132075471698113,0.03899371069182389,0.02515723270440251,-0.01132075471698113,0.0691823899371069,2025H2
002772,2025-07-04,4,bull,macd_stabilizing,pullback_holds,current_week,0.015113350125944613,0.03904282115869018,0.032745591939546514,-0.010075566750629705,0.07052896725440805,2025H2
002772,2025-07-10,3,bull,none,shrinking_volume_acceleration,current_week,0.02481389578163773,0.023573200992555776,0.032258064516129004,-0.007444168734491385,0.05459057071960283,2025H2
002772,2025-07-11,4,bull,none,pullback_holds,current_week,0.02230483271375472,0.02230483271375472,0.039653035935563796,-0.0024783147459727095,0.053283767038413865,2025H2
002772,2025-07-14,0,bull,macd_cross,shrinking_volume_acceleration,current_week,-0.015402843601895588,-0.017772511848341055,-0.0011848341232226778,-0.03672985781990501,0.007109004739336511,2025H2
002772,2025-07-15,1,bull,macd_cross,two_day_acceleration,current_week,0.014723926380368013,0.006134969325153339,0.02944785276073625,-0.0036809815950918923,0.02822085889570558,2025H2
002772,2025-07-16,2,bull,macd_cross,shrinking_volume_acceleration,current_week,-0.0036363636363635488,-0.0036363636363635488,0.01939393939393952,-0.015757575757575637,0.01575757575757586,2025H2
002772,2025-08-05,1,bull,ma_bull,pullback_holds,current_week,0.007202881152461149,-0.015606242496998934,-0.03721488595438183,-0.01680672268907568,0.02280912364945964,2025H2
002772,2025-08-06,2,bull,ma_bull,pullback_holds,current_week,0.014475271411338975,-0.004825090470446436,-0.055488540410132736,-0.01326899879372756,0.02774427020506609,2025H2
002772,2025-08-07,3,bull,ma_bull,pullback_holds,current_week,-0.012004801920768249,-0.006002400960384291,-0.04201680672268904,-0.01800720288115254,0.02280912364945964,2025H2
002772,2025-08-08,4,bull,ma_bull,two_day_acceleration,current_week,-0.01664684898929847,-0.021403091557669396,-0.057074910820451796,-0.03210463733650415,0.013079667063020217,2025H2
002772,2025-08-13,2,bull,ma_bull,shrinking_volume_acceleration,current_week,-0.021352313167259718,-0.03677342823250285,-0.010676156583629859,-0.037959667852906276,0.004744958481613493,2025H2
002772,2025-08-25,0,bull,ma_bull,pullback_holds,current_week,-0.023030303030302957,-0.025454545454545396,0.18181818181818188,-0.054545454545454564,0.012121212121211977,2025H2
002772,2025-08-26,1,bull,ma_bull,pullback_holds,current_week,-0.0360576923076924,-0.039663461538461564,0.15504807692307687,-0.0625,0.0024038461538460343,2025H2
002772,2025-09-08,0,bull,none,pullback_holds,current_week,0.23296158612143758,0.20817843866171004,0.2973977695167287,-0.014869888475836479,0.3457249070631969,2025H2
002772,2025-09-09,1,bull,none,pullback_holds,current_week,0.2862500000000001,0.20124999999999993,0.28875000000000006,-0.0024999999999999467,0.35749999999999993,2025H2
002772,2025-09-16,1,bull,ma_bull,shrinking_volume_acceleration,current_week,-0.056918547595682045,0.017664376840039298,0.07948969578017673,-0.1207065750736015,0.0657507360157017,2025H2
002772,2025-10-10,4,bull,ma_bull,shrinking_volume_acceleration,current_week,-0.027237354085603016,0.0622568093385214,0.3132295719844358,-0.05447470817120614,0.13813229571984453,2025H2
002772,2025-10-24,4,bull,ma_bull,shrinking_volume_acceleration,current_week,0.17657657657657655,0.21621621621621623,0.07837837837837847,-0.01981981981981973,0.3567567567567569,2025H2
002772,2025-11-05,2,bull,ma_bull,shrinking_volume_acceleration,current_week,-0.06424581005586594,-0.12011173184357549,-0.08659217877094971,-0.13407821229050276,0.014664804469273873,2025H2
002772,2025-12-24,2,bull,ma_bull,shrinking_volume_acceleration,current_week,-0.01285520974289589,0.11502029769959399,0.058863328822733374,-0.0378890392422192,0.13531799729364002,2025H2
002772,2026-01-07,2,bull,ma_bull,two_day_acceleration,current_week,0.016000000000000014,0.011333333333333417,0.13200000000000012,-0.021333333333333315,0.1186666666666667,2026H1
002772,2026-01-26,0,bull,ma_bull,shrinking_volume_acceleration,current_week,0.10322580645161294,0.16129032258064524,0.17032258064516137,-0.07741935483870965,0.195483870967742,2026H1
002772,2026-01-27,1,bull,ma_bull,two_day_acceleration,current_week,0.05074257425742568,0.08910891089108919,0.1212871287128714,-0.05507425742574257,0.14665841584158423,2026H1
002772,2026-02-27,4,bull,ma_bull,shrinking_volume_acceleration,current_week,0.01957494407158844,0.03020134228187943,-0.12080536912751672,-0.06767337807606244,0.1034675615212528,2026H1
002772,2026-03-11,2,bull,ma_bull,shrinking_volume_acceleration,current_week,-0.007034632034631949,-0.10335497835497831,-0.05086580086580095,-0.1341991341991342,0.06764069264069272,2026H1
002772,2026-04-17,4,mid,macd_stabilizing,shrinking_volume_acceleration,current_week,-0.06578947368421051,-0.128421052631579,-0.2131578947368421,-0.13210526315789461,0.01684210526315799,2026H1
002772,2026-04-20,0,bull,none,two_day_acceleration,current_week,-0.09378238341968903,-0.1497409326424871,-0.24145077720207253,-0.16165803108808297,0.0,2026H1
603918,2023-04-13,3,bull,ma_bull,shrinking_volume_acceleration,current_week,-0.07052631578947366,-0.2699999999999999,-0.13315789473684214,-0.2894736842105263,0.014210526315789451,2023H1
603918,2023-07-03,0,mid,ma_bull,two_day_acceleration,current_week,-0.0046745774901115755,-0.042790363178712765,-0.06868033081625313,-0.08126573175116869,0.10032362459546929,2023H2
603918,2023-11-07,1,mid,none,two_day_acceleration,current_week,0.11661113755354591,0.07282246549262239,-0.0004759638267491928,-0.029985721085197592,0.13279390766301757,2023H2
603918,2025-06-03,1,bull,none,shrinking_volume_acceleration,current_week,0.025452488687782715,0.0209276018099549,0.09615384615384603,-0.015271493212669629,0.10576923076923084,2025H1
603918,2025-06-23,0,bull,ma_bull,shrinking_volume_acceleration,current_week,0.04114583333333344,0.043229166666666874,0.14583333333333348,-0.03124999999999989,0.11145833333333344,2025H1
603918,2025-06-24,1,bull,ma_bull,two_day_acceleration,current_week,-0.008188331627430934,0.025588536335721557,0.1033776867963152,-0.04810644831115651,0.09211873080859778,2025H1
603918,2025-06-27,4,bull,ma_bull,shrinking_volume_acceleration,current_week,0.022058823529411686,0.006862745098038969,0.0637254901960782,-0.08823529411764708,0.046078431372548856,2025H1
603918,2025-07-17,3,bull,ma_bull,shrinking_volume_acceleration,current_week,-0.032589285714285765,-0.031696428571428625,-0.13883928571428583,-0.08437499999999998,0.042857142857142705,2025H2
603918,2025-08-18,0,bull,ma_bull,two_day_acceleration,current_week,0.022900763358778553,-0.010687022900763399,-0.09414758269720103,-0.049363867684478535,0.07735368956743005,2025H2
603918,2025-08-25,0,bull,none,two_day_acceleration,current_week,-0.027999999999999914,-0.07150000000000001,-0.09499999999999997,-0.12050000000000005,0.058499999999999996,2025H2
603918,2025-08-26,1,bull,none,pullback_holds,current_week,-0.12315035799522667,-0.14510739856801902,-0.1594272076372315,-0.16038186157517897,0.010501193317422608,2025H2
603918,2025-09-08,0,bull,none,two_day_acceleration,current_week,-0.03991370010787476,-0.023732470334411948,-0.08306364617044226,-0.04746494066882412,0.03020496224379743,2025H2
603918,2025-09-11,3,bull,none,pullback_holds,current_week,-0.020245071923281732,0.003196590303676139,-0.146510388918487,-0.07991475759190192,0.03889184869472562,2025H2
603918,2025-09-12,4,bull,none,pullback_holds,current_week,-0.013661202185792365,-0.01967213114754096,-0.10928961748633881,-0.05628415300546452,0.06557377049180313,2025H2
603918,2025-09-18,3,mid,none,pullback_holds,current_week,0.023926046764546127,-0.03153887982599246,-0.08482871125611735,-0.060902664491571556,0.06035889070146805,2025H2
603918,2025-11-17,0,mid,none,shrinking_volume_acceleration,current_week,0.05663716814159292,0.022418879056047336,-0.103244837758112,-0.03126843657817091,0.11209439528023601,2025H2
603918,2025-11-19,2,mid,none,pullback_holds,current_week,0.055200464846019814,-0.055781522370714764,-0.11795467751307387,-0.057524694944799615,0.09529343404997093,2025H2
600459,2025-07-22,1,bull,ma_bull,two_day_acceleration,current_week,-0.01538461538461533,-0.048615384615384616,-0.0326153846153846,-0.07507692307692304,0.028307692307692367,2025H2
600459,2025-08-15,4,bull,ma_bull,pullback_holds,current_week,0.025380710659898442,0.0881979695431474,0.1281725888324874,-0.015228426395939132,0.1040609137055839,2025H2
600459,2025-08-22,4,bull,ma_bull,shrinking_volume_acceleration,current_week,0.046369737644905484,0.022574740695546103,-0.006711409395973145,-0.018303843807199516,0.10616229408175704,2025H2
600459,2025-08-25,0,bull,none,two_day_acceleration,current_week,0.0615853658536587,0.039024390243902474,-0.01097560975609757,-0.01890243902439015,0.10548780487804876,2025H2
600459,2025-08-28,3,bull,none,shrinking_volume_acceleration,current_week,-0.005415162454873612,0.03971119133573997,-0.05896510228640195,-0.021058965102286442,0.0908543922984355,2025H2
600459,2025-08-29,4,bull,ma_bull,two_day_acceleration,current_week,-0.014117647058823457,0.045882352941176485,-0.05294117647058816,-0.04294117647058826,0.06647058823529406,2025H2
600459,2025-09-09,1,bull,ma_bull,two_day_acceleration,current_week,-0.016860465116279033,-0.1034883720930232,0.01279069767441876,-0.12209302325581395,0.0511627906976746,2025H2
600459,2025-10-30,3,bull,ma_bull,pullback_holds,current_week,0.019058963668850515,0.036331149493746384,0.04347826086956519,-0.05539011316259668,0.058368076235854716,2025H2
600459,2025-10-31,4,bull,ma_bull,pullback_holds,current_week,0.023966446974236,0.1210305572198922,0.05152786099460749,-0.049730377471539855,0.14679448771719583,2025H2
600459,2025-11-03,0,bull,none,pullback_holds,current_week,0.030741410488245968,0.09101868595539497,0.07956600361663657,-0.044002411091018656,0.1543098251959012,2025H2
600459,2025-12-24,2,bull,ma_bull,shrinking_volume_acceleration,current_week,-0.041709577754891924,0.11071060762100915,0.21987641606591146,-0.054582904222451156,0.17353244078269814,2025H2
600459,2025-12-26,4,bull,ma_bull,shrinking_volume_acceleration,current_week,0.06774519716885741,0.06167846309403435,0.2224469160768452,-0.07178968655207285,0.15217391304347805,2025H2
600459,2026-04-10,4,mid,none,shrinking_volume_acceleration,current_week,0.054780876494023856,0.06175298804780871,0.06075697211155373,0.0,0.12549800796812738,2026H1
600459,2026-04-14,1,mid,none,two_day_acceleration,current_week,0.05707434052757776,-0.03884892086330949,-0.07098321342925662,-0.045083932853717035,0.0839328537170263,2026H1
600459,2026-04-16,3,mid,none,shrinking_volume_acceleration,current_week,0.033157135992311515,-0.034598750600672745,-0.03988467083133096,-0.043728976453627943,0.08601633829889499,2026H1
600459,2026-04-20,0,bull,none,two_day_acceleration,current_week,-0.03299256505576209,-0.009758364312267731,-0.10966542750929364,-0.07527881040892181,0.05018587360594795,2026H1
600459,2026-04-21,1,bull,none,two_day_acceleration,current_week,-0.0968904912122579,-0.03785488958990535,-0.1054529067147364,-0.10319963947724198,0.018476791347453725,2026H1
600459,2026-04-24,4,bull,none,pullback_holds,current_week,-0.02908067542213888,-0.0009380863039399889,-0.040806754221388464,-0.06660412757973722,0.027204502814258902,2026H1
600459,2026-05-11,0,bull,none,two_day_acceleration,current_week,-0.042259990813045434,-0.028020211299954023,0.09554432705558114,-0.13688562241616908,0.005971520440974043,2026H1
600459,2026-08-07,4,mid,none,shrinking_volume_acceleration,current_week,-0.032437442075996414,0.013438368860055672,-0.07043558850787779,-0.05236329935125128,0.09267840593141807,2026H2
600459,2026-08-21,4,mid,none,shrinking_volume_acceleration,current_week,-0.02457897132453346,-0.08693673190714613,,-0.10969503868912156,0.004096495220755614,2026H2
601077,2023-09-04,0,mid,macd_stabilizing,two_day_acceleration,current_week,0.010309278350515427,0.02577319587628879,0.046391752577319645,-0.015463917525773141,0.030927835051546504,2023H2
601077,2023-09-05,1,mid,macd_stabilizing,pullback_holds,current_week,0.015665796344647598,0.036553524804177506,0.05483028720626626,-0.0026109660574411553,0.044386422976501194,2023H2
601077,2023-09-11,0,mid,none,two_day_acceleration,current_week,0.01790281329923271,0.023017902813299296,0.10485933503836331,-0.007672634271099765,0.025575447570332477,2023H2
601077,2023-09-14,3,mid,macd_cross,two_day_acceleration,current_week,0.0025188916876572875,0.007556675062972307,0.055415617128463435,-0.012594458438287215,0.0176322418136019,2023H2
601077,2023-09-18,0,mid,none,shrinking_volume_acceleration,current_week,0.007556675062972307,0.02267002518891692,0.05037783375314864,-0.007556675062972307,0.027707808564231717,2023H2
601077,2023-09-22,4,mid,none,pullback_holds,current_week,0.012562814070351758,0.07035175879396971,0.047738693467336724,-0.007537688442211032,0.07035175879396971,2023H2
601077,2023-11-14,1,mid,ma_bull,pullback_holds,current_week,-0.014705882352941124,-0.007352941176470673,0.026960784313725616,-0.026960784313725505,0.004901960784313708,2023H2
601077,2024-01-25,3,mid,ma_bull,pullback_holds,current_week,0.009411764705882453,0.028235294117647136,0.054117647058823604,-0.0117647058823529,0.040000000000000036,2024H1
601077,2024-01-26,4,mid,ma_bull,two_day_acceleration,current_week,-0.0023201856148493682,0.016241299303944245,0.03944315545243615,-0.025522041763341163,0.02552204176334083,2024H1
601077,2024-02-07,2,mid,ma_bull,pullback_holds,current_week,0.0347222222222221,0.03703703703703698,0.0277777777777779,-0.01388888888888895,0.0532407407407407,2024H1
601077,2024-02-08,3,mid,ma_bull,shrinking_volume_acceleration,current_week,0.031890660592255315,0.0205011389521641,0.02505694760820054,-0.011389521640091105,0.036446469248291535,2024H1
601077,2024-02-20,1,bull,ma_bull,shrinking_volume_acceleration,current_week,0.0,0.033860045146727025,0.0022573363431153126,-0.009029345372460473,0.038374717832957206,2024H1
601077,2024-02-22,3,bull,ma_bull,shrinking_volume_acceleration,current_week,0.004484304932735439,0.020179372197309364,0.004484304932735439,-0.015695067264574036,0.03587443946188351,2024H1
601077,2024-02-23,4,bull,ma_bull,two_day_acceleration,current_week,-0.01103752759381893,0.01986754966887405,-0.008830022075055233,-0.030905077262693315,0.01986754966887405,2024H1
601077,2024-03-25,0,mid,ma_bull,two_day_acceleration,current_week,0.008714596949891185,-0.002178649237472685,-0.006535947712418166,-0.006535947712418166,0.050108932461873756,2024H1
601077,2024-03-26,1,mid,ma_bull,shrinking_volume_acceleration,current_week,-0.010638297872340385,-0.02127659574468077,-0.010638297872340385,-0.036170212765957444,0.025531914893617058,2024H1
601077,2024-03-29,4,mid,ma_bull,shrinking_volume_acceleration,current_week,0.004310344827586299,-0.010775862068965525,0.0,-0.023706896551723977,0.0237068965517242,2024H1
601077,2024-04-08,0,mid,ma_bull,two_day_acceleration,current_week,-0.0127388535031846,-0.014861995753715607,-0.006369426751592355,-0.03821656050955413,0.00849256900212314,2024H1
601077,2024-04-16,1,mid,ma_bull,pullback_holds,current_week,-0.0065502183406114245,0.013100436681222627,0.06331877729257651,-0.0327510917030569,0.037117903930131035,2024H1
601077,2024-04-17,2,bull,ma_bull,pullback_holds,current_week,-0.01724137931034464,0.006465517241379448,0.03879310344827602,-0.04525862068965514,0.0237068965517242,2024H1
601077,2024-04-18,3,bull,ma_bull,pullback_holds,current_week,-0.0064102564102562765,-0.017094017094016922,0.05128205128205132,-0.05341880341880345,0.008547008547008517,2024H1
601077,2024-04-19,4,bull,ma_bull,pullback_holds,current_week,-0.02777777777777779,-0.019230769230769162,0.07051282051282048,-0.05341880341880345,0.0064102564102563875,2024H1
601077,2024-04-29,0,bull,ma_bull,shrinking_volume_acceleration,current_week,0.03083700440528636,0.06607929515418509,0.10572687224669619,0.0,0.07268722466960353,2024H1
601077,2024-04-30,1,bull,ma_bull,pullback_holds,current_week,0.008602150537634357,0.047311827956989294,0.10967741935483866,-0.01505376344086029,0.04946236559139772,2024H1
601077,2024-05-06,0,bull,ma_bull,pullback_holds,current_week,0.014957264957265126,0.02991452991453003,0.07478632478632496,-0.02136752136752129,0.047008547008547064,2024H1
601077,2024-05-13,0,bull,ma_bull,two_day_acceleration,current_week,0.01473684210526316,0.06947368421052635,0.05894736842105264,-0.008421052631578996,0.08000000000000007,2024H1
601077,2024-07-15,0,mid,ma_bull,two_day_acceleration,current_week,-0.02457466918714557,-0.003780718336483857,-0.05860113421550084,-0.041587901701323204,0.007561436672967936,2024H2
601077,2024-07-19,4,mid,ma_bull,pullback_holds,current_week,-0.007736943907156735,0.013539651837524147,0.0019342359767891004,-0.01934235976789156,0.030947775628626717,2024H2
601077,2024-08-19,0,mid,ma_bull,two_day_acceleration,current_week,-0.01883239171374773,-0.024482109227872084,-0.08851224105461408,-0.0659133709981169,0.007532956685499137,2024H2
601077,2024-09-26,3,bull,macd_stabilizing,shrinking_volume_acceleration,current_week,0.0,0.08133086876155282,0.02957486136783727,-0.07024029574861368,0.14602587800369693,2024H2
601077,2024-11-07,3,bull,ma_bull,pullback_holds,current_week,-0.02777777777777768,-0.02951388888888884,-0.003472222222222099,-0.05902777777777779,0.00868055555555558,2024H2
601077,2024-11-13,2,bull,ma_bull,two_day_acceleration,current_week,0.007194244604316502,0.007194244604316502,0.023381294964028854,-0.021582733812949617,0.04496402877697836,2024H2
601077,2024-11-14,3,bull,ma_bull,pullback_holds,current_week,0.0017921146953405742,0.0017921146953405742,0.017921146953404854,-0.02508960573476693,0.04121863799283165,2024H2
601077,2024-11-15,4,mid,ma_bull,pullback_holds,current_week,-0.03368794326241131,-0.0035460992907800915,-0.0035460992907800915,-0.03546099290780125,0.030141843971631443,2024H2
601077,2024-12-04,2,bull,none,two_day_acceleration,current_week,0.0,0.010544815465729274,0.04217926186291732,-0.019332161687170557,0.03690685413005279,2024H2
601077,2024-12-06,4,bull,none,shrinking_volume_acceleration,current_week,-0.025996533795494048,-0.015597920277296451,0.0034662045060658286,-0.032928942807625705,0.022530329289428108,2024H2
601077,2024-12-16,0,bull,none,pullback_holds,current_week,0.022687609075043635,0.05933682373472937,0.027923211169284423,-0.013961605584642212,0.06457242582897038,2024H2
601077,2024-12-17,1,bull,none,pullback_holds,current_week,0.047451669595782064,0.06326889279437609,0.05272407732864681,-0.005272407732864748,0.07381370826010536,2024H2
601077,2024-12-18,2,bull,none,pullback_holds,current_week,0.04703832752613235,0.033101045296167086,0.06097560975609739,-0.013937282229965153,0.06968641114982588,2024H2
601077,2024-12-19,3,bull,none,pullback_holds,current_week,0.04569420035149374,0.01581722319859402,0.06151142355008776,-0.005272407732864748,0.07908611599297011,2024H2
601077,2024-12-20,4,bull,none,pullback_holds,current_week,0.03866432337434089,0.017574692442882123,0.05799648506151134,-0.010544815465729385,0.07908611599297011,2024H2
601077,2025-01-27,0,mid,ma_bull,pullback_holds,current_week,-0.01655629139072845,-0.01655629139072845,-0.0612582781456954,-0.03642384105960261,0.0016556291390728006,2025H1
601077,2025-02-11,1,mid,ma_bull,pullback_holds,current_week,0.001686340640809636,-0.062394603709949314,-0.04890387858347389,-0.06576728499156825,0.010118043844856706,2025H1
601077,2025-02-12,2,bull,ma_bull,pullback_holds,current_week,-0.011725293132328174,-0.07202680067001666,-0.06867671691792288,-0.07705192629815749,0.003350083752093891,2025H1
601077,2025-02-13,3,bull,ma_bull,pullback_holds,current_week,-0.010067114093959662,-0.05872483221476499,-0.057046979865771785,-0.07550335570469802,0.001677852348993314,2025H1
601077,2025-02-14,4,bull,ma_bull,pullback_holds,current_week,-0.025380710659898553,-0.04230118443316411,-0.04230118443316411,-0.06768189509306266,0.010152284263959421,2025H1
601077,2025-02-18,1,bull,ma_bull,pullback_holds,current_week,-0.0639730639730639,-0.045454545454545525,-0.03872053872053882,-0.07239057239057245,0.0016835016835017313,2025H1
601077,2025-03-13,3,bull,none,pullback_holds,current_week,0.03743315508021383,0.057040998217468664,0.09447415329768272,-0.0017825311942958333,0.08199643493761144,2025H1
601077,2025-03-14,4,bull,none,pullback_holds,current_week,0.03356890459363959,0.06360424028268552,0.10070671378091878,-0.0017667844522968323,0.07243816254416968,2025H1
601077,2025-03-17,0,bull,none,pullback_holds,current_week,0.03508771929824572,0.06666666666666665,0.1333333333333333,-0.00877192982456132,0.0736842105263158,2025H1
601077,2025-03-19,2,bull,none,two_day_acceleration,current_week,0.03418803418803407,0.04786324786324769,0.11111111111111094,-0.008547008547008628,0.04786324786324769,2025H1
601077,2025-03-24,0,mid,none,two_day_acceleration,current_week,0.03050847457627115,0.011864406779660941,0.12372881355932197,-0.04915254237288136,0.04576271186440661,2025H1
601077,2025-03-25,1,mid,none,two_day_acceleration,current_week,0.01342281879194629,-0.005033557046979942,0.10906040268456385,-0.05872483221476499,0.03523489932885915,2025H1
601077,2025-04-28,0,mid,ma_bull,two_day_acceleration,current_week,0.0262773722627736,0.06861313868613128,0.03795620437956204,-0.04963503649635048,0.07445255474452561,2025H1
601077,2025-05-08,3,bull,ma_bull,two_day_acceleration,current_week,0.0382978723404257,0.08652482269503547,0.053900709219858234,-0.014184397163120477,0.08794326241134764,2025H1
601077,2025-05-13,1,bull,ma_bull,shrinking_volume_acceleration,current_week,0.04615384615384621,0.02237762237762242,0.044755244755244616,-0.009790209790209836,0.08671328671328671,2025H1
601077,2025-05-14,2,bull,ma_bull,two_day_acceleration,current_week,0.03314917127071837,-0.008287292817679592,0.023480662983425438,-0.013812154696132506,0.07320441988950277,2025H1
601077,2025-05-20,1,bull,ma_bull,shrinking_volume_acceleration,current_week,-0.024032042723631464,0.028037383177569986,-0.03204272363150873,-0.058744993324432615,0.040053404539385884,2025H1
601077,2025-06-06,4,bull,ma_bull,pullback_holds,current_week,-0.022911051212938016,-0.01752021563342321,-0.0013477088948786742,-0.04177897574123979,0.03504043126684642,2025H1
601077,2025-06-11,2,bull,ma_bull,pullback_holds,current_week,-0.03204272363150873,-0.005340453938584733,0.002670226969292422,-0.05073431241655535,0.008010680907877044,2025H1
601077,2025-06-16,0,bull,ma_bull,shrinking_volume_acceleration,current_week,0.03305785123966953,-0.016528925619834656,0.03443526170798905,-0.026170798898071612,0.05096418732782371,2025H1
601077,2025-06-23,0,bull,ma_bull,two_day_acceleration,current_week,-0.04417670682730912,-0.016064257028112316,-0.042838018741633066,-0.05354752342704139,0.021419009370816644,2025H1
601077,2025-06-25,2,bull,ma_bull,pullback_holds,current_week,-0.021563342318059342,0.0121293800539084,-0.0646900269541778,-0.047169811320754707,0.028301886792452935,2025H1
601077,2025-07-01,1,bull,ma_bull,shrinking_volume_acceleration,current_week,-0.010884353741496655,0.012244897959183598,-0.08027210884353753,-0.017687074829932037,0.03265306122448974,2025H2
601077,2025-07-14,0,bull,ma_bull,shrinking_volume_acceleration,current_week,-0.047936085219706936,-0.08122503328894803,-0.09853528628495334,-0.10119840213049269,0.009320905459387463,2025H2
601077,2025-07-28,0,bull,none,two_day_acceleration,current_week,-0.005788712011577379,-0.02026049204052094,-0.06078147612156293,-0.03473227206946461,0.00868306801736618,2025H2
601077,2025-08-07,3,bull,none,pullback_holds,current_week,-0.041907514450867045,-0.050578034682080886,-0.06502890173410403,-0.06791907514450868,0.007225433526011571,2025H2
601077,2025-08-08,4,bull,none,pullback_holds,current_week,-0.045189504373177924,-0.0568513119533528,-0.0568513119533528,-0.06559766763848396,0.004373177842565523,2025H2
601077,2025-08-25,0,bull,none,shrinking_volume_acceleration,current_week,-0.016949152542372947,0.009244992295839749,-0.03389830508474567,-0.04160246533127898,0.03235747303543923,2025H2
601077,2025-09-01,0,bull,none,pullback_holds,current_week,0.026645768025078453,-0.0015673981191222097,0.034482758620689724,-0.00940438871473348,0.06112852664576818,2025H2
601077,2025-09-03,2,bull,none,pullback_holds,current_week,0.024615384615384706,-0.007692307692307665,-0.007692307692307665,-0.03384615384615386,0.041538461538461524,2025H2
601077,2025-09-04,3,mid,none,pullback_holds,current_week,0.02635658914728678,-0.015503875968992165,0.006201550387596955,-0.02635658914728678,0.04961240310077519,2025H2
601077,2025-09-05,4,bull,none,pullback_holds,current_week,0.0046511627906977715,-0.029457364341085368,0.04806201550387601,-0.037209302325581395,0.04961240310077519,2025H2
601077,2025-09-23,1,mid,none,two_day_acceleration,current_week,0.03453689167974883,0.12244897959183687,0.07692307692307687,-0.012558869701726816,0.13500784929356358,2025H2
601077,2025-09-26,4,mid,none,shrinking_volume_acceleration,current_week,0.046439628482972006,0.10681114551083604,0.10526315789473695,-0.012383900928792602,0.14860681114551078,2025H2
601077,2025-10-16,3,bull,none,shrinking_volume_acceleration,current_week,-0.0357142857142857,-0.05494505494505497,-0.039835164835164805,-0.07829670329670335,0.019230769230769162,2025H2
601077,2025-11-03,0,bull,none,two_day_acceleration,current_week,-0.016853932584269704,-0.0393258426966292,-0.0674157303370786,-0.042134831460674094,0.014044943820224587,2025H2
601077,2025-11-06,3,bull,none,pullback_holds,current_week,-0.012711864406779627,-0.04519774011299438,-0.06355932203389836,-0.05932203389830504,0.016949152542372836,2025H2
601077,2025-11-07,4,bull,none,pullback_holds,current_week,0.0014326647564468775,-0.06303724928366772,-0.0644699140401146,-0.06590257879656158,0.03151862464183375,2025H2
601077,2025-11-12,2,bull,none,pullback_holds,current_week,-0.045454545454545525,-0.07244318181818177,-0.09659090909090906,-0.08522727272727271,0.014204545454545636,2025H2
601077,2026-04-10,4,mid,ma_bull,shrinking_volume_acceleration,current_week,-0.008264462809917328,0.02066115702479343,-0.05371900826446274,-0.015151515151515027,0.03994490358126712,2026H1
601077,2026-06-02,1,mid,none,pullback_holds,current_week,0.020588235294117796,-0.01911764705882346,-0.0911764705882353,-0.045588235294117596,0.044117647058823595,2026H1
601077,2026-06-03,2,mid,none,pullback_holds,current_week,0.049180327868852514,-0.023845007451564815,-0.06706408345752612,-0.032786885245901565,0.058122205663189375,2026H1
601077,2026-06-23,1,bull,none,two_day_acceleration,current_week,-0.0700152207001522,-0.0273972602739726,0.0015220700152207556,-0.08066971080669716,0.0,2026H1
601077,2026-08-10,0,mid,macd_stabilizing,two_day_acceleration,current_week,0.013953488372093092,0.09147286821705425,0.04341085271317824,-0.0015503875968991832,0.09302325581395343,2026H2
601077,2026-08-11,1,mid,macd_stabilizing,pullback_holds,current_week,0.018433179723502224,0.055299539170506895,0.044546850998463894,-0.01075268817204289,0.08448540706605234,2026H2
601077,2026-08-12,2,mid,macd_stabilizing,pullback_holds,current_week,0.03680981595092003,0.05674846625766872,0.039877300613496924,-0.012269938650306789,0.08282208588957052,2026H2
601077,2026-08-13,3,mid,macd_stabilizing,pullback_holds,current_week,0.04761904761904767,0.05376344086021523,0.04608294930875578,-0.007680491551459223,0.08448540706605234,2026H2
601077,2026-08-14,4,mid,macd_stabilizing,pullback_holds,current_week,0.03969465648854964,0.03664122137404591,0.022900763358778775,-0.006106870229007688,0.07786259541984752,2026H2
601077,2026-08-19,2,mid,none,two_day_acceleration,current_week,0.02529761904761907,0.019345238095238138,,-0.0029761904761904656,0.05059523809523814,2026H2
601077,2026-08-26,2,mid,macd_cross,shrinking_volume_acceleration,current_week,-0.0029112081513827937,-0.013100436681222738,,-0.03056768558951961,0.03056768558951961,2026H2
688339,2026-01-05,0,bull,none,shrinking_volume_acceleration,current_week,0.04697024022947294,0.22732162065256367,0.04876299749013979,-0.00035855145213348205,0.24309788454643244,2026H1
688339,2026-01-06,1,bull,none,two_day_acceleration,current_week,0.010229276895943551,0.14850088183421528,0.061022927689594386,-0.00881834215167554,0.22292768959435616,2026H1
688339,2026-01-08,3,bull,none,two_day_acceleration,current_week,0.15298507462686572,0.11329715061058354,0.08887381275440975,-0.04409769335142477,0.17605156037991865,2026H1
688339,2026-02-25,2,bull,ma_bull,pullback_holds,current_week,0.06534090909090917,0.0602904040404042,-0.14204545454545459,-0.02146464646464641,0.13573232323232332,2026H1
688339,2026-02-26,3,bull,ma_bull,pullback_holds,current_week,0.11417697431018081,0.039010466222644924,-0.15191880748493491,-0.01680938788455444,0.14113542657786238,2026H1
688339,2026-03-16,0,mid,ma_bull,pullback_holds,current_week,-0.22475277195085397,-0.19808210967935258,-0.25142343422235536,-0.23044650884027562,0.01887923284387183,2026H1
688339,2026-04-08,2,mid,none,shrinking_volume_acceleration,current_week,0.026402640264026278,0.03712871287128716,0.08003300330033003,-0.03630363036303641,0.08292079207920788,2026H1
688339,2026-04-13,0,mid,none,two_day_acceleration,current_week,0.01159536185525778,-0.00559776089564179,0.0983606557377048,-0.06357457017193124,0.04958016793282671,2026H1
688339,2026-04-16,3,mid,none,shrinking_volume_acceleration,current_week,-0.021585557299843017,0.026295133437990614,0.016483516483516647,-0.08084772370486648,0.044348508634222794,2026H1
688339,2026-04-17,4,mid,none,pullback_holds,current_week,-0.03819173811379584,0.022992985190958715,-0.010522213561964144,-0.08729540140296177,0.037802026500389774,2026H1
688339,2026-04-27,0,bull,none,pullback_holds,current_week,0.08781512605042008,0.1542016806722688,-0.020588235294117685,-0.012605042016806789,0.21596638655462197,2026H1
688630,2023-03-08,2,mid,none,pullback_holds,current_week,-0.04332939787485246,-0.07685950413223142,-0.02066115702479343,-0.12042502951593859,0.03943329397874851,2023H1
688630,2023-03-09,3,mid,none,pullback_holds,current_week,-0.08973162193698947,-0.0606767794632439,-0.052625437572928924,-0.13068844807467916,0.0,2023H1
688630,2023-03-20,0,mid,none,shrinking_volume_acceleration,current_week,0.018729955099422657,0.004490057729313657,0.035663887107119985,-0.04259140474663259,0.11597177677998705,2023H1
688630,2023-03-23,3,bull,none,two_day_acceleration,current_week,-0.03434835566382466,-0.011084043848964775,-0.03495736906211944,-0.09098660170523765,0.059561510353227654,2023H1
688630,2023-03-24,4,mid,none,pullback_holds,current_week,-0.04477247773575699,-0.04306453580578262,-0.046480419665731354,-0.08954495547151398,0.02232524094180799,2023H1
688630,2023-05-18,3,mid,none,pullback_holds,current_week,0.07117181883537027,0.03091301222142362,0.12120776419841861,-0.019410496046009973,0.11631919482386777,2023H1
688630,2025-06-24,1,bull,ma_bull,two_day_acceleration,current_week,0.023592560229684256,0.11758831606541009,0.08238671826238941,-0.044938209961303155,0.12944701036075412,2025H1
688630,2025-07-21,0,bull,ma_bull,pullback_holds,current_week,0.3488700564971752,0.3495762711864405,0.5889830508474574,-0.01365348399246713,0.5795668549905835,2025H2
688630,2025-07-22,1,bull,ma_bull,two_day_acceleration,current_week,0.47380675203725264,0.40279394644935973,0.5005820721769498,-0.024447031431897637,0.5622817229336436,2025H2
688630,2025-09-22,0,mid,ma_bull,shrinking_volume_acceleration,current_week,-0.057521837593012104,-0.17515367195082499,-0.12565512779035926,-0.19262374636040125,0.0993206082174054,2025H2
688630,2025-10-27,0,bull,none,pullback_holds,current_week,-0.11029411764705888,-0.10514705882352937,-0.19367647058823534,-0.16147058823529403,0.05139705882352952,2025H2
688630,2025-12-19,4,mid,none,pullback_holds,current_week,0.0626184459886292,0.10099494630448524,0.3235944409349336,0.0,0.16471888818698677,2025H2
688630,2026-02-09,0,bull,ma_bull,shrinking_volume_acceleration,current_week,0.05860431568191382,0.12159644166616568,0.025064615014726233,-0.018452846065997397,0.2370018633167037,2026H1
688630,2026-02-13,4,mid,ma_bull,two_day_acceleration,current_week,0.13959663295859004,0.008417603525224582,-0.053499802271058106,-0.056550477374159636,0.16264617818202365,2026H1
688630,2026-03-02,0,bull,ma_bull,two_day_acceleration,current_week,-0.10972568578553621,-0.10982543640897757,-0.00463840399002502,-0.17376558603491277,0.0174563591022443,2026H1
688630,2026-08-20,3,mid,none,pullback_holds,current_week,0.023737833485050208,-0.08969960086828654,,-0.11481455546997177,0.06341759447284279,2026H2
688630,2026-08-21,4,mid,none,pullback_holds,current_week,-0.030555555555555558,-0.1416666666666666,,-0.15143518518518517,0.02879629629629621,2026H2
688630,2026-08-27,3,mid,none,pullback_holds,current_week,-0.10315963758450997,-0.058777537598307505,,-0.15701605114289663,0.01756887274065222,2026H2
688630,2026-09-08,1,mid,ma_bull,pullback_holds,current_week,-0.007764423076923155,,,-0.07841346153846152,0.020865384615384563,2026H2
688630,2026-09-09,2,bull,ma_bull,shrinking_volume_acceleration,current_week,,,,-0.05863576093895795,0.03840298580759227,2026H2
001378,2026-02-04,2,mid,ma_bull,pullback_holds,current_week,0.005218787635487665,0.036130068245684654,0.054997992773986315,-0.01525491770373344,0.04014452027298265,2026H1
001378,2026-02-09,0,bull,ma_bull,shrinking_volume_acceleration,current_week,0.003963535473642477,-0.025762980578676098,0.04756242568370994,-0.027744748315497447,0.0384462940943322,2026H1
001378,2026-02-26,3,bull,ma_bull,two_day_acceleration,current_week,-0.024902723735408472,0.02256809338521415,-0.1035019455252918,-0.05447470817120614,0.04280155642023353,2026H1
001378,2026-03-06,4,bull,ma_bull,two_day_acceleration,current_week,0.0201160541586074,-0.06460348162475826,-0.13230174081237922,-0.06769825918762085,0.03675048355899424,2026H1
001378,2026-03-10,1,bull,ma_bull,shrinking_volume_acceleration,current_week,-0.0022650056625141968,-0.14382785956964905,-0.09701774254435636,-0.17289543223858062,0.008682521706304236,2026H1
001378,2026-03-13,4,mid,ma_bull,shrinking_volume_acceleration,current_week,-0.07745135444486839,-0.1140785959557421,-0.08813429988553978,-0.1640595192674552,0.018695154521175095,2026H1
001378,2026-04-10,4,mid,none,pullback_holds,current_week,0.09525807805287445,0.05497272345782611,0.17079311791858998,-0.006294586655476331,0.11372219890893809,2026H1
001378,2026-04-13,0,mid,macd_stabilizing,pullback_holds,current_week,0.08051731330830214,0.04922820191906574,0.18147684605757197,-0.01209845640383811,0.10721735502711716,2026H1
001378,2026-04-30,3,bull,macd_cross,two_day_acceleration,current_week,0.030608435983575877,0.06756252332960067,-0.24337439343038447,-0.009705113848450853,0.08846584546472558,2026H1
001378,2026-05-08,4,bull,ma_bull,shrinking_volume_acceleration,current_week,0.03768752286864241,-0.21258690084156606,-0.24990852542993058,-0.2619831686791072,0.06695938529088896,2026H1
001378,2026-05-13,2,bull,ma_bull,shrinking_volume_acceleration,current_week,0.005319148936170359,-0.2872340425531914,-0.30248226950354606,-0.29574468085106387,0.03404255319148941,2026H1
001378,2026-05-14,3,bull,ma_bull,two_day_acceleration,current_week,-0.04321855235418137,-0.28109627547435,-0.33555867884750523,-0.30323260716795497,0.024595924104005684,2026H1
600322,2023-03-01,2,bull,none,pullback_holds,current_week,-0.04017857142857151,-0.07589285714285732,-0.12053571428571441,-0.09821428571428581,0.0,2023H1
600322,2023-11-13,0,mid,none,two_day_acceleration,current_week,0.008000000000000007,-0.019999999999999907,-0.07999999999999985,-0.02400000000000002,0.08400000000000007,2023H2
600322,2023-11-14,1,mid,none,two_day_acceleration,current_week,0.007722007722007707,-0.06949806949806936,-0.08880308880308885,-0.07722007722007718,0.04633204633204646,2023H2
600322,2023-11-17,4,mid,none,pullback_holds,current_week,0.011857707509881354,-0.055335968379446654,-0.06719367588932823,-0.08695652173913049,0.07114624505928835,2023H2
600322,2023-11-22,2,mid,none,pullback_holds,current_week,-0.07936507936507942,-0.059523809523809534,-0.11507936507936511,-0.08730158730158721,0.059523809523809534,2023H2
600322,2023-11-23,3,mid,none,shrinking_volume_acceleration,current_week,-0.11026615969581754,-0.09505703422053235,-0.14828897338403035,-0.1254752851711025,0.015209125475285079,2023H2
600322,2024-01-02,1,mid,none,shrinking_volume_acceleration,current_week,0.004629629629629539,-0.02777777777777779,-0.07407407407407418,-0.04629629629629628,0.1064814814814814,2024H1
600322,2024-01-04,3,mid,none,pullback_holds,current_week,0.009216589861751112,-0.055299539170507006,-0.12442396313364046,-0.0875576036866359,0.10138248847926268,2024H1
600322,2025-04-25,4,mid,none,two_day_acceleration,current_week,0.00877192982456143,0.00877192982456143,0.07894736842105243,-0.07894736842105265,0.05263157894736836,2025H1
600322,2025-05-06,1,mid,none,pullback_holds,current_week,-0.00877192982456143,0.04385964912280693,0.08771929824561386,-0.01754385964912286,0.0657894736842104,2025H1
600322,2025-05-07,2,bull,none,two_day_acceleration,current_week,0.0,0.06521739130434767,0.06956521739130417,-0.026086956521739202,0.06956521739130417,2025H1
600322,2025-05-09,4,bull,none,pullback_holds,current_week,0.0,0.09251101321585908,0.21145374449339216,-0.013215859030836885,0.1674008810572687,2025H1
600322,2025-05-16,4,bull,none,pullback_holds,current_week,0.08296943231441056,0.09606986899563319,0.24017467248908297,-0.004366812227074135,0.1572052401746724,2025H1
600322,2025-06-27,4,bull,ma_bull,pullback_holds,current_week,0.003472222222222321,0.01041666666666674,0.01041666666666674,-0.01736111111111105,0.09722222222222232,2025H1
600322,2025-07-22,1,bull,ma_bull,pullback_holds,current_week,0.01379310344827589,-0.020689655172413834,-0.006896551724137945,-0.03103448275862064,0.05517241379310356,2025H2
600322,2025-07-23,2,bull,ma_bull,two_day_acceleration,current_week,-0.03050847457627126,-0.04067796610169494,-0.023728813559322104,-0.05084745762711862,0.023728813559321882,2025H2
600322,2025-07-24,3,bull,ma_bull,shrinking_volume_acceleration,current_week,-0.05666666666666664,-0.053333333333333344,-0.036666666666666625,-0.06666666666666654,0.006666666666666599,2025H2
600322,2025-07-25,4,bull,ma_bull,pullback_holds,current_week,-0.017064846416382395,-0.03412969283276457,-0.020477815699658675,-0.04436860068259385,0.030716723549488067,2025H2
600322,2025-08-25,0,bull,ma_bull,pullback_holds,current_week,-0.04123711340206193,-0.09621993127147777,-0.054982817869415834,-0.13058419243986252,0.0,2025H2
600322,2025-08-26,1,bull,none,pullback_holds,current_week,-0.04529616724738672,-0.08013937282229966,-0.1149825783972126,-0.11846689895470375,0.006968641114982521,2025H2
600322,2025-09-08,0,bull,none,shrinking_volume_acceleration,current_week,0.06060606060606055,0.04166666666666652,-0.018939393939394034,-0.007575757575757569,0.3712121212121211,2025H2
600322,2025-09-12,4,bull,none,two_day_acceleration,current_week,0.06959706959706957,-0.16117216117216115,-0.06959706959706957,-0.16117216117216115,0.32600732600732596,2025H2
600322,2025-10-09,3,bull,none,two_day_acceleration,current_week,0.028000000000000025,0.07200000000000006,0.03200000000000003,-0.0119999999999999,0.1519999999999999,2025H2
600322,2025-10-29,2,bull,none,pullback_holds,current_week,0.007692307692307665,0.011538461538461497,-0.023076923076923106,-0.04999999999999993,0.030769230769230882,2025H2
600322,2025-11-10,0,bull,none,pullback_holds,current_week,0.07335907335907343,-0.03474903474903468,-0.04633204633204624,-0.050193050193050204,0.07335907335907343,2025H2
600322,2025-11-11,1,bull,none,two_day_acceleration,current_week,0.0037735849056603765,-0.04150943396226414,-0.08301886792452817,-0.07169811320754715,0.04905660377358512,2025H2
600322,2025-11-17,0,mid,none,two_day_acceleration,current_week,-0.1007194244604317,-0.07553956834532383,-0.16546762589928066,-0.11510791366906481,0.0,2025H2
600322,2026-05-08,4,bull,ma_bull,shrinking_volume_acceleration,current_week,-0.05714285714285716,-0.11785714285714288,-0.06071428571428583,-0.15357142857142858,0.0035714285714285587,2026H1
600322,2026-08-14,4,mid,none,pullback_holds,current_week,-0.018587360594795488,0.02602230483271395,-0.014869888475836479,-0.044609665427509326,0.0371747211895912,2026H2
600322,2026-08-28,4,mid,macd_cross,two_day_acceleration,current_week,-0.04529616724738672,-0.0766550522648084,,-0.08710801393728218,0.017421602787456303,2026H2
002240,2025-12-26,4,bull,ma_bull,two_day_acceleration,current_week,0.051645856980703675,0.06441543700340513,0.11889897843359809,-0.10130533484676507,0.1350737797956867,2025H2
002240,2026-01-09,4,bull,ma_bull,pullback_holds,current_week,-0.08883388338833875,0.15154015401540155,0.0019251925192518282,-0.09240924092409242,0.154840484048405,2026H1
002240,2026-02-27,4,bull,ma_bull,shrinking_volume_acceleration,current_week,-0.06929283341243475,-0.04200284765068829,0.0021357380161368678,-0.11888941623160887,0.0047460844803037805,2026H1
002240,2026-03-10,1,bull,ma_bull,shrinking_volume_acceleration,current_week,-0.027183488547697032,-0.09514220991693934,-0.004782280392650495,-0.15479486534105225,0.06216964510445511,2026H1
002240,2026-03-11,2,bull,ma_bull,two_day_acceleration,current_week,-0.07469586374695869,-0.12043795620437958,-0.051094890510948954,-0.18296836982968379,0.02676399026763998,2026H1
002240,2026-03-13,4,mid,ma_bull,pullback_holds,current_week,-0.12009006755066298,0.05654240680510392,0.12234175631723798,-0.1598699024268201,0.05654240680510392,2026H1
002240,2026-06-15,0,bull,none,shrinking_volume_acceleration,current_week,-0.14786223277909738,-0.1126286619160729,-0.3452098178939035,-0.2072446555819477,0.000593824228028561,2026H1
002240,2026-06-25,3,bull,none,pullback_holds,current_week,-0.061962134251290935,-0.23515490533562822,-0.34552495697074015,-0.26140275387263345,0.004733218588640176,2026H1
002240,2026-08-07,4,mid,none,two_day_acceleration,current_week,0.045342381246144425,0.041024059222702025,-0.09099321406539185,-0.03207896360271445,0.07063541024059217,2026H2
688562,2025-08-01,4,bull,ma_bull,pullback_holds,current_week,0.04345464421510048,-0.017925040738728804,0.05105920695274313,-0.02607278652906031,0.07821835958718104,2025H2
688562,2025-08-19,1,bull,ma_bull,pullback_holds,current_week,0.034390112842557885,0.002686727565824887,-0.03922622246104246,-0.02740462117141307,0.07415368081676532,2025H2
688562,2025-09-30,1,bull,macd_stabilizing,two_day_acceleration,current_week,0.010869565217391353,-0.059239130434782794,0.009239130434782528,-0.06304347826086953,0.032608695652173836,2025H2
688562,2025-10-15,2,bull,macd_stabilizing,shrinking_volume_acceleration,current_week,-0.06432432432432444,-0.00432432432432428,-0.022702702702702582,-0.08378378378378382,0.054054054054053946,2025H2
688562,2025-11-03,0,bull,none,two_day_acceleration,current_week,-0.021670190274841405,0.0005285412262154843,0.06765327695560241,-0.06923890063424953,0.02325581395348819,2025H2
688562,2025-11-05,2,bull,none,pullback_holds,current_week,-0.023758099352051754,-0.007019438444924364,0.05561555075593949,-0.04913606911447088,0.04535637149028071,2025H2
688562,2025-11-07,4,bull,none,pullback_holds,current_week,0.005913978494623606,-0.08225806451612905,0.13225806451612887,-0.09086021505376352,0.04086021505376336,2025H2
688562,2025-11-14,4,bull,none,pullback_holds,current_week,-0.0958686440677965,0.05031779661016955,0.09957627118644075,-0.10434322033898302,0.05773305084745761,2025H2
688562,2026-01-07,2,bull,ma_bull,two_day_acceleration,current_week,0.09290750725839914,-0.07424305267523845,-0.055993363749481495,-0.07880547490667766,0.2803815844048114,2026H1
688562,2026-03-02,0,bull,none,pullback_holds,current_week,-0.07569011576135354,-0.10329474621549417,-0.17497773820124662,-0.1264470169189671,0.0,2026H1
688562,2026-04-13,0,mid,none,two_day_acceleration,current_week,0.0564766839378239,0.007772020725388629,-0.040414507772020825,-0.011398963730569922,0.06424870466321231,2026H1
688562,2026-04-16,3,mid,none,shrinking_volume_acceleration,current_week,-0.012066365007541435,-0.065359477124183,-0.05681246857717437,-0.09602815485168426,0.03267973856209139,2026H1
688562,2026-04-17,4,mid,none,shrinking_volume_acceleration,current_week,-0.029131089904570473,-0.050728277247614195,-0.06780512305374187,-0.09693621295831234,0.03164239075841291,2026H1
688562,2026-04-20,0,bull,none,two_day_acceleration,current_week,-0.042814960629921295,-0.06200787401574814,-0.1309055118110236,-0.11515748031496065,0.001476377952756014,2026H1
688562,2026-05-06,2,bull,none,shrinking_volume_acceleration,current_week,0.01679790026246719,-0.02572178477690301,-0.10551181102362217,-0.05091863517060358,0.0645669291338582,2026H1
002687,2023-11-13,0,mid,ma_bull,pullback_holds,current_week,0.009242144177449063,0.005545286506469571,-0.003696857670979714,-0.014787430683918634,0.027726432532347633,2023H2
002687,2023-11-22,2,mid,ma_bull,two_day_acceleration,current_week,0.0018214936247722413,0.012750455373406355,-0.021857923497267784,-0.023679417122040025,0.04371584699453557,2023H2
002687,2024-01-02,1,mid,none,two_day_acceleration,current_week,0.010948905109488871,0.012773722627737127,-0.0985401459854015,-0.012773722627737238,0.025547445255474477,2024H1
002687,2024-01-04,3,mid,ma_bull,two_day_acceleration,current_week,-0.007168458781361964,-0.028673835125448077,-0.1738351254480286,-0.057347670250896154,0.014336917562723928,2024H1
002687,2024-02-21,2,bull,none,shrinking_volume_acceleration,current_week,0.00424628450106157,0.0849256900212314,0.22292993630573243,-0.006369426751592355,0.10403397027600847,2024H1
002687,2024-03-18,0,bull,macd_cross,two_day_acceleration,current_week,0.007067137809187329,0.0459363957597172,-0.00883392226148405,-0.012367491166077826,0.07773851590106018,2024H1
002687,2024-03-20,2,bull,macd_cross,shrinking_volume_acceleration,current_week,-0.00865051903114189,0.05363321799307941,-0.01903114186851218,-0.02249134948096887,0.06401384083044981,2024H1
002687,2024-04-02,1,bull,none,shrinking_volume_acceleration,current_week,-0.016666666666666607,-0.036666666666666625,-0.19833333333333325,-0.1233333333333334,0.025000000000000133,2024H1
002687,2025-11-04,1,bull,macd_cross,two_day_acceleration,current_week,0.030364372469635414,0.06477732793522262,0.020242914979756943,-0.0080971659919028,0.07489878542510131,2025H2
002687,2025-11-17,0,mid,ma_bull,two_day_acceleration,current_week,-0.07765151515151514,-0.05492424242424243,-0.10227272727272729,-0.09469696969696972,0.005681818181818121,2025H2
002687,2026-01-14,2,bull,none,pullback_holds,current_week,0.035490605427974886,0.039665970772442716,0.08768267223382042,-0.01670146137787054,0.06263048016701456,2026H1
002687,2026-01-22,3,bull,macd_stabilizing,two_day_acceleration,current_week,-0.025742574257425765,0.023762376237623783,0.045544554455445585,-0.035643564356435564,0.03366336633663369,2026H1
002687,2026-01-30,4,bull,macd_cross,shrinking_volume_acceleration,current_week,0.03373015873015861,0.01984126984126977,0.031746031746031855,-0.003968253968253843,0.05555555555555558,2026H1
002687,2026-02-03,1,mid,ma_bull,shrinking_volume_acceleration,current_week,0.03960396039603964,0.03168316831683171,0.045544554455445585,0.0,0.055445544554455495,2026H1
002687,2026-02-06,4,mid,ma_bull,two_day_acceleration,current_week,-0.02281368821292773,-0.03992395437262353,-0.0038022813688212143,-0.05133079847908739,0.013307984790874583,2026H1
002687,2026-02-25,2,bull,ma_bull,pullback_holds,current_week,-0.04990403071017269,0.01343570057581589,-0.07677543186180413,-0.06142034548944342,0.0249520153550864,2026H1
002687,2026-02-26,3,bull,ma_bull,pullback_holds,current_week,-0.04022988505747127,0.0,-0.0900383141762452,-0.06321839080459768,0.02298850574712641,2026H1
002687,2026-02-27,4,bull,ma_bull,shrinking_volume_acceleration,current_week,0.01941747572815533,0.02135922330097073,-0.05631067961165048,-0.05048543689320406,0.03689320388349504,2026H1
002687,2026-03-10,1,bull,ma_bull,shrinking_volume_acceleration,current_week,-0.030131826741996215,-0.11487758945386073,-0.07721280602636538,-0.1713747645951036,0.005649717514124131,2026H1
002687,2026-04-09,3,mid,none,pullback_holds,current_week,0.008230452674897082,-0.006172839506172867,-0.002057613168724215,-0.0370370370370372,0.10905349794238672,2026H1
002687,2026-04-10,4,mid,none,pullback_holds,current_week,0.04526748971193406,-0.004115226337448652,-0.004115226337448652,-0.0370370370370372,0.10905349794238672,2026H1
002687,2026-04-28,1,bull,macd_stabilizing,pullback_holds,current_week,0.02448979591836742,-0.022448979591836782,-0.11836734693877549,-0.032653061224489854,0.04489795918367334,2026H1
002687,2026-04-29,2,bull,macd_stabilizing,pullback_holds,current_week,-0.02161100196463639,-0.05108055009823176,-0.11001964636542227,-0.07858546168958735,0.005893909626719207,2026H1
002687,2026-04-30,3,bull,macd_stabilizing,shrinking_volume_acceleration,current_week,-0.04150197628458496,-0.045454545454545525,-0.12648221343873522,-0.0731225296442688,0.011857707509881354,2026H1
002687,2026-08-13,3,mid,ma_bull,shrinking_volume_acceleration,current_week,-0.003252032520325243,0.021138211382113692,0.009756097560975618,-0.027642276422764178,0.08617886178861767,2026H2
002687,2026-08-18,1,bull,ma_bull,shrinking_volume_acceleration,current_week,-0.007692307692307665,-0.009230769230769154,-0.08615384615384614,-0.07999999999999996,0.026153846153846194,2026H2
002687,2026-08-27,3,mid,ma_bull,shrinking_volume_acceleration,current_week,-0.03650793650793649,-0.014285714285714235,,-0.042857142857142816,0.0714285714285714,2026H2
002687,2026-08-28,4,mid,ma_bull,pullback_holds,current_week,-0.028301886792452935,-0.018867924528301883,,-0.05188679245283023,0.061320754716981174,2026H2
603012,2023-08-01,1,bull,ma_bull,pullback_holds,current_week,-0.030944625407166138,-0.0456026058631922,-0.02442996742671011,-0.05863192182410426,0.0016286644951140072,2023H2
603012,2023-08-02,2,bull,ma_bull,pullback_holds,current_week,-0.04390243902439028,-0.05853658536585371,-0.01788617886178867,-0.06178861788617884,0.0,2023H2
603012,2023-09-18,0,mid,none,pullback_holds,current_week,0.006688963210702337,0.006688963210702337,-0.05685618729096997,-0.018394648829431537,0.02006688963210701,2023H2
603012,2023-09-22,4,mid,none,pullback_holds,current_week,0.011686143572620988,-0.036727879799666074,-0.03338898163606008,-0.04173622704507507,0.018363939899833204,2023H2
603012,2023-11-13,0,mid,none,two_day_acceleration,current_week,0.015332197614991383,0.005110732538330609,-0.008517887563884163,-0.006814310051107331,0.020442930153321992,2023H2
603012,2023-11-15,2,mid,none,shrinking_volume_acceleration,current_week,-0.00170068027210879,0.010204081632653184,0.008503401360544283,-0.008503401360544172,0.028911564625850428,2023H2
603012,2023-11-16,3,mid,none,pullback_holds,current_week,0.013675213675213627,0.011965811965811923,0.017094017094017033,-0.0034188034188035177,0.03418803418803407,2023H2
603012,2023-11-17,4,mid,none,pullback_holds,current_week,-0.005067567567567655,-0.0033783783783782884,0.0,-0.011824324324324231,0.02195945945945943,2023H2
603012,2023-11-21,1,mid,none,pullback_holds,current_week,0.013536379018612488,-0.008460236886632777,-0.01015228426395931,-0.01015228426395931,0.02368866328257191,2023H2
603012,2023-11-23,3,mid,none,pullback_holds,current_week,-0.001686340640809414,-0.010118043844856595,0.001686340640809636,-0.015177065767284947,0.02023608768971341,2023H2
603012,2025-06-03,1,bull,none,shrinking_volume_acceleration,current_week,0.0055147058823528106,0.0,0.014705882352941124,-0.007352941176470562,0.03492647058823528,2025H1
603012,2025-06-04,2,bull,none,pullback_holds,current_week,0.025641025641025772,-0.014652014652014711,0.0146520146520146,-0.02197802197802201,0.031135531135531025,2025H1
603012,2025-06-09,0,bull,none,pullback_holds,current_week,-0.009041591320072317,-0.02893309222423146,0.00723327305605781,-0.05786618444846303,0.018083182640144635,2025H1
603012,2025-06-24,1,bull,none,two_day_acceleration,current_week,0.0036363636363636598,0.021818181818181737,0.14909090909090916,-0.009090909090909038,0.023636363636363678,2025H1
603012,2025-06-25,2,bull,none,pullback_holds,current_week,0.005444646098003769,0.012704174228675091,0.10163339382940118,-0.010889292196007205,0.025408348457350405,2025H1
603012,2025-06-26,3,bull,none,pullback_holds,current_week,0.01090909090909098,0.023636363636363678,0.11090909090909107,-0.009090909090909038,0.027272727272727337,2025H1
603012,2025-06-27,4,bull,none,pullback_holds,current_week,-0.005434782608695676,0.0253623188405796,0.07608695652173902,-0.012681159420289911,0.032608695652173836,2025H1
603012,2025-07-07,0,bull,none,pullback_holds,current_week,0.028673835125448077,0.08960573476702516,0.06093189964157708,-0.007168458781361964,0.10394265232974909,2025H2
603012,2025-07-09,2,bull,none,pullback_holds,current_week,0.023297491039426577,0.08781362007168458,0.08422939068100344,-0.0035842293906809264,0.1577060931899641,2025H2
603012,2025-07-14,0,bull,none,two_day_acceleration,current_week,0.05555555555555558,0.02951388888888884,0.06597222222222232,-0.02951388888888884,0.1215277777777779,2025H2
603012,2025-07-16,2,bull,none,shrinking_volume_acceleration,current_week,0.06491228070175437,0.024561403508771784,0.10526315789473673,-0.01754385964912275,0.1333333333333333,2025H2
603012,2025-07-17,3,bull,none,pullback_holds,current_week,0.07381370826010536,0.01405975395430592,0.07908611599297011,-0.005272407732864748,0.13532513181019334,2025H2
603012,2025-07-18,4,bull,none,pullback_holds,current_week,0.03664921465968596,0.015706806282722585,0.07853403141361248,-0.005235602094240899,0.12739965095986028,2025H2
603012,2025-07-24,3,bull,macd_cross,shrinking_volume_acceleration,current_week,-0.0540983606557377,-0.013114754098360715,0.00983606557377037,-0.05737704918032793,0.0016393442622950616,2025H2
603012,2025-07-25,4,bull,macd_cross,pullback_holds,current_week,-0.018549747048903775,0.018549747048903997,0.033726812816188945,-0.030354131534569895,0.025295109612141653,2025H2
603012,2025-08-04,0,bull,ma_bull,pullback_holds,current_week,0.03891708967851115,0.0372250423011844,0.02876480541455151,-0.005076142131979711,0.07952622673434862,2025H2
603012,2025-08-05,1,bull,ma_bull,pullback_holds,current_week,0.047138047138046923,0.03367003367003374,0.025252525252525082,-0.0016835016835018424,0.07407407407407396,2025H2
603012,2025-08-06,2,bull,ma_bull,two_day_acceleration,current_week,0.03960396039603942,0.019801980198019598,-0.01320132013201325,-0.011551155115511635,0.05280528052805278,2025H2
603012,2025-08-08,4,bull,ma_bull,shrinking_volume_acceleration,current_week,0.02148760330578514,0.013223140495867813,0.013223140495867813,-0.0033057851239668423,0.05454545454545445,2025H2
603012,2025-08-11,0,bull,ma_bull,two_day_acceleration,current_week,0.0,0.019575856443719397,0.004893964110929794,-0.011419249592169556,0.040783034257748874,2025H2
603012,2025-08-15,4,bull,ma_bull,shrinking_volume_acceleration,current_week,-0.008090614886731351,-0.027508090614886682,0.0,-0.05663430420711968,0.017799352750809128,2025H2
603012,2025-09-02,1,bull,ma_bull,pullback_holds,current_week,0.009868421052631637,0.009868421052631637,-0.03289473684210531,-0.019736842105263164,0.026315789473684292,2025H2
603012,2025-09-08,0,bull,ma_bull,pullback_holds,current_week,-0.011363636363636465,-0.03733766233766245,0.02110389610389607,-0.04870129870129869,0.012987012987013102,2025H2
603012,2025-09-09,1,bull,ma_bull,pullback_holds,current_week,-0.004862236628849215,-0.05186385737439214,0.021069692058346856,-0.0794165316045381,0.011345218800648427,2025H2
603012,2025-09-10,2,bull,ma_bull,pullback_holds,current_week,-0.004878048780487809,-0.0325203252032521,0.011382113821138073,-0.07642276422764238,0.014634146341463428,2025H2
603012,2025-09-12,4,bull,ma_bull,pullback_holds,current_week,-0.040322580645161255,-0.056451612903225756,-0.012903225806451646,-0.08387096774193559,0.001612903225806317,2025H2
603012,2025-09-29,0,bull,none,two_day_acceleration,current_week,0.04833333333333334,0.050000000000000044,-0.02833333333333332,-0.033333333333333326,0.07499999999999996,2025H2
603012,2025-09-30,1,bull,none,pullback_holds,current_week,0.0659898477157359,0.05922165820642977,0.006768189509306355,-0.01861252115059231,0.09137055837563457,2025H2
603012,2025-10-09,3,bull,none,pullback_holds,current_week,0.041876046901172526,0.06532663316582932,0.01005025125628145,-0.028475711892797295,0.08040201005025138,2025H2
603012,2025-10-10,4,bull,macd_stabilizing,pullback_holds,current_week,0.02170283806343898,0.045075125208680955,0.013355592654423987,-0.03171953255425719,0.07679465776293815,2025H2
603012,2025-10-15,2,bull,macd_cross,shrinking_volume_acceleration,current_week,-0.004769475357710662,-0.011128775834658211,-0.020667726550079424,-0.03974562798092207,0.014308426073131875,2025H2
603012,2025-10-17,4,mid,none,pullback_holds,current_week,0.0245499181669393,-0.05400981996726684,0.014729950900163713,-0.0556464811783961,0.04418985270049092,2025H2
603012,2025-11-03,0,bull,ma_bull,shrinking_volume_acceleration,current_week,0.04467353951890041,0.06872852233676974,0.005154639175257714,-0.012027491408934776,0.07560137457044669,2025H2
603012,2025-11-05,2,bull,ma_bull,two_day_acceleration,current_week,0.03703703703703698,0.025252525252525082,-0.02188552188552184,-0.0016835016835018424,0.05892255892255882,2025H2
603012,2025-11-06,3,bull,ma_bull,pullback_holds,current_week,0.02487562189054726,-0.0016583747927031434,-0.046434494195688236,-0.009950248756218971,0.04311774461028195,2025H2
603012,2025-11-07,4,bull,ma_bull,pullback_holds,current_week,0.02310231023102305,-0.051155115511551275,-0.031353135313531455,-0.054455445544554504,0.037953795379537913,2025H2
603012,2025-11-18,1,mid,ma_bull,two_day_acceleration,current_week,-0.07507987220447276,-0.06869009584664532,-0.12939297124600635,-0.10862619808306706,0.0,2025H2
603012,2025-12-19,4,mid,none,two_day_acceleration,current_week,0.036206896551724155,0.1431034482758622,0.2982758620689656,-0.01551724137931032,0.1431034482758622,2025H2
603012,2025-12-26,4,bull,macd_stabilizing,two_day_acceleration,current_week,0.10316139767054922,0.16971713810316147,0.31780366056572373,-0.014975041597337757,0.20798668885191351,2025H2
603012,2026-01-09,4,bull,macd_cross,shrinking_volume_acceleration,current_week,0.07681365576102417,0.06258890469416767,0.15504978662873414,-0.024182076813655695,0.14224751066856323,2026H1
603012,2026-01-12,0,bull,ma_bull,two_day_acceleration,current_week,0.08732394366197171,0.1253521126760564,0.1816901408450704,-0.03380281690140852,0.147887323943662,2026H1
603012,2026-01-28,2,bull,ma_bull,shrinking_volume_acceleration,current_week,0.016372795969773257,0.018891687657430767,0.0176322418136019,-0.028967254408060472,0.10327455919395456,2026H1
603012,2026-01-30,4,bull,ma_bull,shrinking_volume_acceleration,current_week,0.021383647798742134,0.020125786163522008,0.037735849056603765,-0.030188679245283012,0.10188679245283017,2026H1
603012,2026-02-26,3,bull,ma_bull,two_day_acceleration,current_week,-0.021791767554479424,0.02300242130750596,-0.08595641646489105,-0.0690072639225181,0.08958837772397099,2026H1
603012,2026-03-06,4,bull,ma_bull,two_day_acceleration,current_week,-0.01203369434416357,-0.04332129963898923,-0.07460890493381467,-0.04332129963898923,0.08303249097472909,2026H1
603012,2026-04-16,3,mid,none,shrinking_volume_acceleration,current_week,0.03921568627450989,-0.0011534025374855261,0.02422145328719738,-0.011534025374855816,0.053056516724336866,2026H1
603012,2026-04-21,1,bull,ma_bull,shrinking_volume_acceleration,current_week,-0.033444816053511794,0.064659977703456,0.08584169453734658,-0.044593088071348985,0.064659977703456,2026H1
603012,2026-04-24,4,bull,ma_bull,pullback_holds,current_week,-0.01352874859075548,0.09582863585118373,0.09470124013528736,-0.03382187147688842,0.13303269447576094,2026H1
603012,2026-05-06,2,bull,ma_bull,pullback_holds,current_week,0.11212814645308922,0.08695652173913038,0.034324942791762014,-0.014874141876430325,0.1498855835240276,2026H1
603012,2026-05-07,3,bull,ma_bull,pullback_holds,current_week,0.0910138248847927,0.0875576036866359,0.011520737327188835,-0.008064516129032251,0.17050691244239635,2026H1
603012,2026-08-13,3,mid,none,shrinking_volume_acceleration,current_week,-0.06229860365198714,0.0032223415682062218,0.04081632653061207,-0.08700322234156821,0.07841031149301836,2026H2
603012,2026-08-14,4,mid,none,two_day_acceleration,current_week,-0.09006211180124213,0.04244306418219468,-0.051759834368530044,-0.12008281573498969,0.053830227743271175,2026H2
603012,2026-09-03,3,mid,ma_bull,shrinking_volume_acceleration,current_week,-0.07094918504314485,,,-0.15436241610738255,0.04314477468839906,2026H2
688011,2025-06-23,0,bull,ma_bull,shrinking_volume_acceleration,current_week,0.08147229114971055,0.03184449958643509,0.21215880893300265,-0.036807278742762684,0.10256410256410264,2025H1
688011,2025-08-06,2,bull,ma_bull,shrinking_volume_acceleration,current_week,-0.0310638297872341,-0.10702127659574467,-0.20319148936170206,-0.13297872340425532,0.08212765957446799,2025H2
688011,2025-08-26,1,bull,ma_bull,shrinking_volume_acceleration,current_week,-0.0006839945280437965,-0.18034655722754211,-0.0020519835841312783,-0.2316461468308253,0.0978112175102599,2025H2
688011,2025-08-27,2,bull,ma_bull,pullback_holds,current_week,-0.10833333333333328,-0.026666666666666616,0.07190476190476192,-0.19761904761904758,0.14642857142857135,2025H2
688011,2025-10-15,2,bull,none,shrinking_volume_acceleration,current_week,0.03816218930454429,-0.018830027617373846,0.04393673110720564,-0.05171980918905339,0.05950288727090136,2025H2
688011,2025-10-17,4,mid,none,two_day_acceleration,current_week,-0.03431491847164769,-0.03017765879776102,0.04648332927719623,-0.08079824774884403,0.027013871988318394,2025H2
688011,2025-11-03,0,bull,none,pullback_holds,current_week,0.034313725490195957,0.0776960784313725,0.09068627450980382,-0.04705882352941182,0.0977941176470587,2025H2
688011,2025-11-04,1,bull,none,two_day_acceleration,current_week,0.0491400491400491,0.033169533169533194,0.07371007371007376,-0.044717444717444765,0.10049140049140037,2025H2
688011,2025-11-13,3,bull,none,shrinking_volume_acceleration,current_week,-0.023590469450342044,0.05874026893135187,0.05095541401273884,-0.0698277895730125,0.10120311394196735,2025H2
688011,2025-11-14,4,bull,none,two_day_acceleration,current_week,-0.08486660533578672,0.03978840846366127,0.07198712051517919,-0.09314627414903409,0.07359705611775524,2025H2
688011,2025-11-17,0,mid,ma_bull,two_day_acceleration,current_week,-0.013952424519670603,0.01784080512351327,0.11505032021957917,-0.09812442817932299,0.06770356816102474,2025H2
688011,2026-02-11,2,bull,ma_bull,pullback_holds,current_week,0.10256788665879579,0.06257378984651707,0.011658795749704742,-0.024498229043683706,0.16720779220779214,2026H1
688011,2026-05-07,3,bull,ma_bull,pullback_holds,current_week,-0.00831477357089816,-0.052709725315515765,-0.14491462509279873,-0.06087602078693388,0.043801039346696324,2026H1
688011,2026-05-08,4,bull,ma_bull,pullback_holds,current_week,-0.06444605358435918,-0.06531498913830547,-0.1571325126719767,-0.0861694424330195,0.013613323678493883,2026H1
688011,2026-05-19,1,bull,none,pullback_holds,current_week,-0.1157847127996382,-0.14397708427559175,-0.05427408412483026,-0.18558721543796164,0.04477611940298498,2026H1
688011,2026-05-20,2,bull,none,pullback_holds,current_week,-0.13002399520095997,-0.14157168566286749,-0.09343131373725255,-0.18986202759448112,0.03929214157168559,2026H1
688011,2026-06-25,3,bull,none,pullback_holds,current_week,0.06348156720119014,0.03405521573813863,0.03670028103818801,-0.043147627707059044,0.18846090262853354,2026H1
688011,2026-08-31,0,bull,ma_bull,pullback_holds,current_week,-0.00024999999999997247,0.050124999999999975,,-0.03949999999999998,0.05899999999999994,2026H2
688011,2026-09-08,1,mid,ma_bull,pullback_holds,current_week,-0.021144278606965217,,,-0.028606965174129306,0.05373134328358198,2026H2
688011,2026-09-09,2,bull,ma_bull,pullback_holds,current_week,,,,-0.016744303160015073,0.0665995215913382,2026H2
002370,2025-07-03,3,bull,ma_bull,shrinking_volume_acceleration,current_week,0.0277777777777779,0.22474747474747492,0.6994949494949496,-0.017676767676767624,0.22474747474747492,2025H2
002370,2025-07-08,1,bull,ma_bull,two_day_acceleration,current_week,-0.004962779156327701,0.29032258064516125,0.8436724565756821,-0.0347394540942928,0.42679900744416854,2025H2
002370,2025-07-09,2,bull,ma_bull,two_day_acceleration,current_week,0.08620689655172398,0.3349753694581279,0.7660098522167484,-0.041871921182266125,0.41625615763546775,2025H2
002370,2025-07-11,4,bull,ma_bull,two_day_acceleration,current_week,0.204878048780488,0.3731707317073172,0.6634146341463416,-0.051219512195121886,0.41707317073170747,2025H2
002370,2025-07-14,0,bull,ma_bull,two_day_acceleration,current_week,0.27464788732394374,0.4530516431924885,0.699530516431925,-0.08685446009389663,0.4530516431924885,2025H2
002370,2025-09-02,1,bull,ma_bull,pullback_holds,current_week,-0.053892215568862145,-0.06736526946107779,0.026946107784431295,-0.12275449101796398,0.07784431137724557,2025H2
002370,2025-09-04,3,mid,ma_bull,pullback_holds,current_week,-0.08915304606240726,-0.10846953937592874,0.15156017830609203,-0.12927191679049033,0.010401188707280795,2025H2
002370,2025-11-14,4,bull,ma_bull,shrinking_volume_acceleration,current_week,-0.15463917525773196,-0.11569301260022913,-0.17067583046964496,-0.16036655211912942,0.03436426116838476,2025H2
002370,2025-11-17,0,mid,ma_bull,shrinking_volume_acceleration,current_week,-0.15000000000000002,-0.13750000000000007,-0.1875,-0.1670454545454546,0.010227272727272751,2025H2
002370,2025-12-08,0,bull,ma_bull,two_day_acceleration,current_week,-0.05921052631578949,-0.0552631578947369,-0.010526315789473717,-0.09342105263157896,0.08552631578947367,2025H2
002370,2025-12-23,1,bull,none,pullback_holds,current_week,0.013850415512465464,0.06925207756232687,0.03185595567867039,-0.00969529085872567,0.08448753462603875,2025H2
002370,2025-12-24,2,bull,none,pullback_holds,current_week,-0.010825439783491264,0.054127198917455877,0.014884979702300294,-0.02300405953991891,0.0757780784844384,2025H2
002370,2025-12-25,3,bull,none,two_day_acceleration,current_week,0.00401069518716568,0.017379679144384985,0.050802139037433136,-0.03475935828877019,0.0628342245989304,2025H2
002370,2026-02-09,0,bull,none,pullback_holds,current_week,-0.03457814661134162,-0.10511756569847863,-0.1023513139695712,-0.10788381742738595,0.0055325034578146415,2026H1
002370,2026-02-10,1,bull,none,pullback_holds,current_week,-0.01810584958217265,-0.09610027855153191,-0.08774373259052926,-0.11002785515320324,0.00417827298050133,2026H1
002370,2026-02-25,2,bull,none,pullback_holds,current_week,-0.07681365576102417,-0.0483641536273115,-0.10526315789473684,-0.09103840682788045,0.0014224751066855834,2026H1
002370,2026-04-17,4,mid,none,pullback_holds,current_week,-0.07199999999999995,-0.10266666666666657,-0.17600000000000005,-0.1346666666666666,0.016000000000000014,2026H1
002256,2025-04-24,3,mid,none,pullback_holds,current_week,0.03686635944700467,0.032258064516129226,0.13824884792626735,-0.018433179723502335,0.06912442396313367,2025H1
002256,2025-04-25,4,mid,none,two_day_acceleration,current_week,0.018099547511312153,0.022624434389140413,0.10407239819004532,-0.03619909502262442,0.04977375565610864,2025H1
002256,2025-05-26,0,bull,macd_cross,two_day_acceleration,current_week,-0.008064516129032251,-0.04435483870967738,-0.048387096774193616,-0.06451612903225812,0.056451612903225756,2025H1
002256,2025-09-17,2,bull,ma_bull,shrinking_volume_acceleration,current_week,-0.08157099697885195,-0.033232628398791486,-0.08157099697885195,-0.10876132930513593,0.01812688821752273,2025H2
002256,2025-12-09,1,mid,ma_bull,pullback_holds,current_week,0.09593023255813948,0.04651162790697683,0.06686046511627897,-0.008720930232558044,0.18895348837209291,2025H2
002256,2026-01-05,0,bull,ma_bull,shrinking_volume_acceleration,current_week,0.0940170940170939,0.0512820512820511,0.03988603988603989,-0.005698005698005715,0.09971509971509951,2026H1
002256,2026-01-08,3,bull,ma_bull,pullback_holds,current_week,-0.013586956521739246,0.04347826086956519,-0.00815217391304357,-0.03532608695652173,0.04619565217391308,2026H1
002256,2026-01-09,4,bull,ma_bull,pullback_holds,current_week,-0.016348773841961872,0.07084468664850152,-0.010899182561307952,-0.03269754768392363,0.08719346049046339,2026H1
002256,2026-01-14,2,bull,ma_bull,shrinking_volume_acceleration,current_week,0.027027027027026973,0.024324324324324298,-0.013513513513513598,-0.04054054054054046,0.08108108108108092,2026H1
002256,2026-01-23,4,bull,ma_bull,two_day_acceleration,current_week,-0.08651399491094158,-0.07633587786259544,-0.04580152671755733,-0.09669211195928751,0.01781170483460559,2026H1
002256,2026-02-03,1,mid,ma_bull,shrinking_volume_acceleration,current_week,-0.015957446808510634,0.010638297872340496,0.05585106382978733,-0.06382978723404265,0.02127659574468077,2026H1
002256,2026-02-04,2,mid,ma_bull,pullback_holds,current_week,-0.04199475065616798,-0.01049868766404205,0.04986876640419946,-0.07611548556430447,0.02887139107611536,2026H1
002256,2026-02-09,0,bull,ma_bull,two_day_acceleration,current_week,0.0026954177897575704,-0.03234501347708896,0.15094339622641528,-0.05121293800539084,0.05660377358490565,2026H1
002256,2026-02-10,1,bull,none,pullback_holds,current_week,0.032608695652173836,-0.016304347826086918,0.13858695652173925,-0.04619565217391297,0.06521739130434767,2026H1
002256,2026-04-13,0,mid,ma_bull,shrinking_volume_acceleration,current_week,0.06265664160400997,0.13533834586466176,0.21553884711779459,-0.005012531328320802,0.16541353383458657,2026H1
002256,2026-04-15,2,mid,ma_bull,pullback_holds,current_week,0.08937198067632846,0.10386473429951715,0.18599033816425137,-0.03140096618357491,0.12560386473429963,2026H1
002256,2026-04-16,3,mid,ma_bull,pullback_holds,current_week,0.07990314769975781,0.11138014527845042,0.1985472154963681,-0.029055690072639306,0.12832929782082325,2026H1
002256,2026-04-17,4,mid,ma_bull,pullback_holds,current_week,0.08009708737864085,0.133495145631068,0.15776699029126218,-0.02669902912621369,0.15291262135922334,2026H1
002256,2026-04-27,0,bull,ma_bull,shrinking_volume_acceleration,current_week,0.0786516853932584,0.0898876404494382,-0.006741573033707926,-0.017977528089887618,0.2921348314606742,2026H1
002256,2026-04-29,2,bull,ma_bull,two_day_acceleration,current_week,0.2185430463576159,0.08388520971302427,0.04194260485651213,-0.015452538631346657,0.26931567328918304,2026H1
002256,2026-05-06,2,bull,ma_bull,two_day_acceleration,current_week,0.12258064516129008,0.02580645161290329,-0.019354838709677358,-0.006451612903225823,0.23655913978494625,2026H1
002256,2026-05-07,3,bull,ma_bull,two_day_acceleration,current_week,0.021052631578947434,-0.054736842105263084,-0.07157894736842108,-0.05894736842105264,0.21052631578947367,2026H1
002256,2026-06-15,0,bull,none,shrinking_volume_acceleration,current_week,-0.03818615751789978,-0.13365155131264927,-0.22195704057279242,-0.15751789976133657,0.009546539379474916,2026H1
002256,2026-06-16,1,bull,none,pullback_holds,current_week,-0.06682577565632464,-0.10978520286396187,-0.22911694510739866,-0.15751789976133657,0.0023866348448686736,2026H1
002256,2026-07-01,2,bull,none,two_day_acceleration,current_week,-0.10106382978723416,-0.14095744680851074,-0.11702127659574468,-0.1542553191489362,0.010638297872340496,2026H2
002256,2026-08-27,3,mid,none,pullback_holds,current_week,-0.04347826086956519,-0.017391304347826098,,-0.05217391304347829,0.011594202898550732,2026H2
002256,2026-08-28,4,mid,none,pullback_holds,current_week,-0.04069767441860461,-0.029069767441860517,,-0.05232558139534871,0.0,2026H2
300923,2023-11-15,2,mid,macd_cross,pullback_holds,current_week,-0.011717171717171682,0.014949494949495046,-0.027878787878787836,-0.020606060606060517,0.0694949494949495,2023H2
300923,2023-11-17,4,mid,macd_cross,pullback_holds,current_week,-0.030434782608695587,-0.028458498023715362,-0.05296442687747038,-0.04189723320158101,0.046245059288537504,2023H2
300923,2023-12-29,4,mid,macd_stabilizing,shrinking_volume_acceleration,current_week,-0.020366598778004064,-0.04439918533604892,-0.16578411405295312,-0.046843177189409335,0.02321792260692468,2023H2
300923,2024-01-04,3,mid,none,shrinking_volume_acceleration,current_week,-0.033775633293124274,-0.11982308001608366,-0.30197024527543226,-0.13952553277040602,0.010052271813429936,2024H1
300923,2025-05-06,1,mid,ma_bull,two_day_acceleration,current_week,0.05969517358171039,0.05080440304826417,0.006350550381033049,-0.01778154106689256,0.18543607112616423,2025H1
300923,2025-05-16,4,bull,ma_bull,pullback_holds,current_week,-0.024121013900245347,-0.035159443990188,-0.011447260834014816,-0.04946852003270652,0.0245298446443174,2025H1
300923,2025-06-05,3,bull,ma_bull,two_day_acceleration,current_week,0.0012274959083469206,-0.06996726677577747,0.03027823240589189,-0.07037643207855981,0.01677577741407532,2025H1
300923,2025-06-09,0,bull,ma_bull,shrinking_volume_acceleration,current_week,-0.02539298669891188,-0.059653365578395845,0.027408303103587217,-0.09713825070536075,0.0,2025H1
300923,2025-06-16,0,bull,ma_bull,pullback_holds,current_week,-0.03515301902398671,0.02977667493796532,0.06989247311827973,-0.07361455748552514,0.07526881720430101,2025H1
300923,2025-06-27,4,bull,ma_bull,shrinking_volume_acceleration,current_week,0.011759935117599207,0.025952960259529645,0.056772100567721084,-0.0032441200324411223,0.039334955393349524,2025H1
300923,2025-07-10,3,bull,ma_bull,pullback_holds,current_week,0.011466982997232256,0.03084223013048648,0.06880189798339265,-0.013444049031237637,0.04784499802293407,2025H2
300923,2025-07-11,4,bull,ma_bull,pullback_holds,current_week,0.015785319652723118,0.028413575374901523,0.08326756116811374,-0.013022888713496328,0.04577742699289655,2025H2
300923,2025-07-14,0,bull,ma_bull,two_day_acceleration,current_week,0.021375825884181854,0.02681694520015543,0.09172172561212588,-0.027982899339292655,0.03614457831325302,2025H2
300923,2025-07-15,1,bull,ma_bull,pullback_holds,current_week,0.025821596244131273,0.02856025039123611,0.0884194053208136,-0.009780907668231587,0.043035993740218936,2025H2
300923,2025-07-16,2,bull,ma_bull,pullback_holds,current_week,0.0007695267410541273,0.006156213928434129,0.06540977298961126,-0.026163909195844548,0.025779145825317373,2025H2
300923,2025-07-17,3,bull,ma_bull,pullback_holds,current_week,0.01915559030492564,-0.01602814698983579,0.042611415168100075,-0.022283033620015602,0.04222048475371376,2025H2
300923,2025-07-18,4,bull,ma_bull,pullback_holds,current_week,0.009686168151879171,-0.0007748934521504269,0.0344827586206895,-0.03099573808601319,0.03293297171638887,2025H2
300923,2025-07-21,0,bull,ma_bull,shrinking_volume_acceleration,current_week,0.0053272450532724225,0.004185692541856856,0.02511415525114158,-0.04832572298325721,0.014459665144596512,2025H2
300923,2025-07-24,3,bull,ma_bull,pullback_holds,current_week,-0.04077743902439024,0.0301067073170731,0.04153963414634143,-0.046875,0.03658536585365835,2025H2
300923,2025-07-25,4,bull,ma_bull,pullback_holds,current_week,-0.012255840674071261,0.05132133282267337,0.03025660666411345,-0.04212945231711984,0.07162006893910378,2025H2
300923,2025-07-30,2,bull,ma_bull,pullback_holds,current_week,0.036711281070745505,0.058891013384321234,-0.004971319311663613,-0.04359464627151055,0.09139579349904392,2025H2
300923,2025-08-11,0,bull,ma_bull,shrinking_volume_acceleration,current_week,-0.04230359047280474,-0.04763597582651968,-0.06292214717383571,-0.057589761820120766,0.014575186633487336,2025H2
300923,2025-08-18,0,bull,ma_bull,shrinking_volume_acceleration,current_week,-0.009245562130177465,-0.03439349112426038,-0.02736686390532539,-0.07951183431952658,0.017011834319526686,2025H2
300923,2025-08-19,1,bull,ma_bull,pullback_holds,current_week,0.0,-0.03612237375598959,-0.0014743826022852735,-0.08256542572797632,0.01363803907113903,2025H2
300923,2025-08-26,1,bull,ma_bull,pullback_holds,current_week,-0.03612237375598959,-0.03317360855141904,-0.07703649096940657,-0.08256542572797632,0.013269443420567795,2025H2
300923,2025-09-08,0,bull,ma_bull,shrinking_volume_acceleration,current_week,-0.0022761760242792084,-0.044764795144157765,-0.03641881638846722,-0.057283763277693356,0.03262518968133543,2025H2
300923,2025-09-16,1,bull,ma_bull,two_day_acceleration,current_week,-0.07293594964827854,-0.04553868937430583,-0.021473528322843438,-0.11847463902258437,0.007774898185856971,2025H2
300923,2025-09-24,2,bull,none,shrinking_volume_acceleration,current_week,0.007474429583005371,-0.002360346184107076,0.04602675059008643,-0.06333595594020469,0.03343823760818254,2025H2
300923,2025-09-29,0,bull,none,pullback_holds,current_week,-0.0015723270440251014,0.03655660377358494,0.06839622641509435,-0.06407232704402521,0.03655660377358494,2025H2
300923,2025-09-30,1,bull,none,pullback_holds,current_week,-0.018271792919680285,0.0060905976398935024,0.04415683288922723,-0.09364293871336127,0.01865245527217363,2025H2
300923,2025-10-15,2,bull,none,pullback_holds,current_week,0.038506876227897946,0.05343811394891951,0.08565815324165027,-0.012180746561885947,0.06758349705304534,2025H2
300923,2025-10-21,1,bull,macd_stabilizing,two_day_acceleration,current_week,0.015530303030303116,0.02954545454545454,0.05492424242424243,-0.010984848484848597,0.036363636363636154,2025H2
300923,2025-10-23,3,bull,macd_stabilizing,two_day_acceleration,current_week,-0.0033733133433283546,0.03148425787106457,-0.00037481259370308884,-0.013868065967016396,0.03560719640179899,2025H2
300923,2025-11-05,2,bull,ma_bull,two_day_acceleration,current_week,0.0010869565217390686,-0.03007246376811601,-0.06557971014492758,-0.03152173913043477,0.023188405797101463,2025H2
300923,2025-12-08,0,bull,none,pullback_holds,current_week,-0.059976931949250356,-0.024990388312187695,-0.011534025374855816,-0.08688965782391389,0.008073817762398905,2025H2
300923,2025-12-19,4,mid,none,two_day_acceleration,current_week,-0.015897634742148115,0.0011632415664986073,0.055060100814269264,-0.030244280728964568,0.014346645986816675,2025H2
300923,2025-12-31,2,bull,none,pullback_holds,current_week,0.019607843137254832,0.043529411764705817,0.10039215686274527,-0.005490196078431375,0.05294117647058827,2025H2
300923,2026-01-05,0,bull,none,pullback_holds,current_week,0.027184466019417375,0.05514563106796122,0.09553398058252438,-0.015145631067961185,0.055533980582524345,2026H1
300923,2026-01-06,1,bull,none,shrinking_volume_acceleration,current_week,0.0229037267080745,0.056288819875776275,0.10442546583850931,-0.015527950310559091,0.06677018633540377,2026H1
300923,2026-01-07,2,bull,none,pullback_holds,current_week,0.023661753297129495,0.06982156710628407,0.11404189294026357,-0.00892164468580292,0.07253685027152845,2026H1
300923,2026-01-08,3,bull,none,shrinking_volume_acceleration,current_week,0.025502318392581103,0.08191653786707898,0.11282843894899552,-0.007341576506955105,0.0877125193199384,2026H1
300923,2026-01-12,0,bull,none,two_day_acceleration,current_week,0.02877697841726623,0.04960242332449827,0.10942824687618335,-0.021582733812949617,0.08292313517606975,2026H1
300923,2026-01-15,3,bull,none,shrinking_volume_acceleration,current_week,0.05065666041275785,0.02851782363977473,0.09268292682926815,-0.016510318949343405,0.07317073170731714,2026H1
300923,2026-01-21,2,bull,none,shrinking_volume_acceleration,current_week,0.003617945007236001,0.03907380607814748,0.07850940665701889,-0.03039073806078152,0.06005788712011584,2026H1
300923,2026-01-22,3,bull,macd_cross,two_day_acceleration,current_week,-0.02107142857142852,0.028571428571428692,0.043571428571428594,-0.042857142857142816,0.04714285714285715,2026H1
300923,2026-01-23,4,bull,macd_cross,shrinking_volume_acceleration,current_week,-0.014401123990165021,0.008078679311556147,0.008781173164734701,-0.05865823674042847,0.02985598876009843,2026H1
300923,2026-02-03,1,mid,ma_bull,shrinking_volume_acceleration,current_week,0.02427867698803654,0.03307529908515128,0.04574243490499641,-0.009148486980999349,0.059113300492610765,2026H1
300923,2026-02-24,1,bull,ma_bull,two_day_acceleration,current_week,-0.06651069518716579,0.00033422459893039935,-0.11430481283422467,-0.09057486631016043,0.005681818181818121,2026H1
300923,2026-02-25,2,bull,ma_bull,pullback_holds,current_week,-0.06499661475964791,0.0060934326337169775,-0.08293838862559244,-0.07887610020311442,0.031144211238998132,2026H1
300923,2026-02-26,3,bull,ma_bull,shrinking_volume_acceleration,current_week,-0.04827819041188386,-0.010465901417960777,-0.10499662390276843,-0.08136394328156649,0.028359216745442284,2026H1
300923,2026-02-27,4,bull,ma_bull,pullback_holds,current_week,0.008635578583765069,0.006563039723661568,-0.06873920552677026,-0.060103626943005084,0.052158894645941256,2026H1
300923,2026-03-12,3,bull,ma_bull,pullback_holds,current_week,-0.060925799863852936,-0.09768550034036749,-0.05547991831177668,-0.18141592920353977,0.014295439074200278,2026H1
300923,2026-04-09,3,mid,macd_stabilizing,pullback_holds,current_week,-0.00036258158085578085,-0.006163886874546831,0.039521392313270454,-0.034807831762146524,0.027918781725888353,2026H1
300923,2026-04-20,0,bull,none,two_day_acceleration,current_week,0.036717062634989084,0.0410367170626349,-0.05795536357091435,-0.04211663066954652,0.048596112311015016,2026H1
300923,2026-04-24,4,bull,none,pullback_holds,current_week,0.026183644189383015,0.016499282639885315,-0.12482065997130554,-0.019010043041606806,0.07388809182209477,2026H1
300923,2026-04-30,3,bull,none,shrinking_volume_acceleration,current_week,-0.00967184801381682,-0.04525043177892918,-0.19792746113989634,-0.05630397236614848,0.03419689119170988,2026H1
600327,2024-02-23,4,bull,none,two_day_acceleration,current_week,0.007371007371007154,-0.03194103194103204,0.03685503685503666,-0.05651105651105659,0.07862407862407839,2024H1
600327,2024-02-26,0,bull,none,two_day_acceleration,current_week,-0.03301886792452846,-0.04952830188679247,-0.014150943396226578,-0.09433962264150952,0.03537735849056589,2024H1
600327,2024-02-29,3,bull,none,shrinking_volume_acceleration,current_week,-0.04379562043795626,-0.014598540145985495,-0.0048661800486619056,-0.06569343065693445,0.009732360097323589,2024H1
600327,2025-03-13,3,bull,none,pullback_holds,current_week,0.025145067698259194,-0.025145067698259194,-0.05415860735009681,-0.03288201160541582,0.13926499032882012,2025H1
600327,2025-04-21,0,mid,none,two_day_acceleration,current_week,-0.061999999999999944,0.008000000000000007,-0.040000000000000036,-0.06799999999999995,0.038000000000000034,2025H1
600327,2025-04-22,1,mid,none,two_day_acceleration,current_week,-0.06054687499999989,-0.048828125,-0.080078125,-0.08984375,0.00390625,2025H1
600327,2025-04-23,2,mid,none,pullback_holds,current_week,-0.043824701195219196,-0.02788844621513953,-0.05776892430278879,-0.07171314741035861,0.007968127490039834,2025H1
600327,2025-05-08,3,bull,none,two_day_acceleration,current_week,-0.03792415169660668,-0.041916167664670656,-0.043912175648702534,-0.04590818363273441,0.001996007984031989,2025H1
600327,2025-12-09,1,mid,ma_bull,two_day_acceleration,current_week,0.014981273408239737,0.04681647940074907,-0.05243445692883886,-0.04307116104868902,0.101123595505618,2025H2
600327,2025-12-19,4,mid,ma_bull,two_day_acceleration,current_week,-0.055755395683453335,-0.0809352517985612,-0.09352517985611519,-0.11690647482014394,0.050359712230215736,2025H2
600327,2026-01-06,1,bull,ma_bull,two_day_acceleration,current_week,0.019685039370078705,-0.007874015748031482,-0.10039370078740151,-0.03149606299212604,0.059055118110236116,2026H1
600327,2026-01-08,3,bull,ma_bull,shrinking_volume_acceleration,current_week,0.003960396039603964,-0.003960396039603853,-0.07128712871287113,-0.025742574257425765,0.0653465346534654,2026H1
600327,2026-01-09,4,bull,ma_bull,pullback_holds,current_week,-0.021696252465483346,0.0039447731755424265,-0.07692307692307698,-0.029585798816568087,0.061143984220907166,2026H1
600327,2026-01-12,0,bull,ma_bull,two_day_acceleration,current_week,-0.021359223300970953,-0.007766990291262155,-0.0873786407766991,-0.044660194174757306,0.044660194174757084,2026H1
600327,2026-01-26,0,bull,none,pullback_holds,current_week,-0.0948616600790515,-0.07114624505928857,-0.20158102766798425,-0.10079051383399218,0.0019762845849802257,2026H1
002128,2024-01-29,0,mid,ma_bull,two_day_acceleration,current_week,-0.039893617021276695,0.07380319148936154,0.14228723404255317,-0.07380319148936176,0.09906914893617014,2024H1
002128,2024-02-29,3,bull,ma_bull,shrinking_volume_acceleration,current_week,0.04942736588306218,0.008438818565400963,-0.03013863773357439,-0.016877637130801704,0.07233273056057854,2024H1
002128,2024-03-04,0,bull,ma_bull,two_day_acceleration,current_week,-0.007558139534883712,-0.05813953488372092,0.005813953488372103,-0.06627906976744191,0.03430232558139523,2024H1
002128,2024-03-07,3,bull,ma_bull,two_day_acceleration,current_week,-0.04071100917431192,-0.0785550458715597,0.026949541284403633,-0.0865825688073395,0.007454128440366858,2024H1
002128,2024-03-25,0,mid,ma_bull,pullback_holds,current_week,0.07520198881292739,0.12740832815413294,0.16967060285891855,-0.021131137352392804,0.1479179614667494,2024H1
002128,2024-03-28,3,mid,ma_bull,pullback_holds,current_week,0.11588785046728978,0.23551401869158894,0.2934579439252336,0.0,0.23738317757009342,2024H1
002128,2024-04-11,3,mid,ma_bull,two_day_acceleration,current_week,0.08396946564885499,0.033260632497273734,0.19574700109051246,-0.005997818974918134,0.13413304252998914,2024H1
002128,2024-04-19,4,bull,ma_bull,shrinking_volume_acceleration,current_week,-0.029058116232465014,0.05460921843687383,0.1487975951903806,-0.07164328657314623,0.07965931863727449,2024H1
002128,2024-05-13,0,bull,ma_bull,two_day_acceleration,current_week,0.005911778080945895,0.0600272851296042,0.013187812642110108,-0.048203728967712745,0.0850386539336061,2024H1
002128,2024-05-20,0,bull,ma_bull,two_day_acceleration,current_week,0.04576043068640634,0.009421265141319024,-0.030955585464333635,-0.008075370121130576,0.07043517272319422,2024H1
002128,2024-05-22,2,bull,ma_bull,two_day_acceleration,current_week,0.047982062780269175,-0.005829596412555982,-0.02511210762331828,-0.009865470852017832,0.06995515695067267,2024H1
002128,2024-05-24,4,mid,ma_bull,shrinking_volume_acceleration,current_week,0.0022026431718062955,-0.006167400881057272,-0.053303964757709155,-0.027312775330396333,0.05110132158590308,2024H1
002128,2024-05-27,0,mid,ma_bull,two_day_acceleration,current_week,-0.036402569593147804,-0.04582441113490365,-0.083083511777302,-0.05952890792291221,0.018843683083511698,2024H1
002128,2024-10-28,0,bull,none,shrinking_volume_acceleration,current_week,0.04067796610169494,0.023728813559321882,-0.017433414043583673,-0.0314769975786926,0.08184019370460027,2024H2
002128,2025-03-24,0,mid,none,two_day_acceleration,current_week,-0.0253036437246964,-0.09514170040485848,-0.08299595141700411,-0.12398785425101233,0.003542510121457454,2025H1
002128,2025-07-24,3,bull,ma_bull,shrinking_volume_acceleration,current_week,-0.04370546318289792,-0.02422802850356298,-0.060807600950118834,-0.06270783847980999,0.0014251781472685021,2025H2
002128,2025-08-05,1,bull,ma_bull,shrinking_volume_acceleration,current_week,0.01380670611439827,-0.031065088757396442,0.05374753451676528,-0.03500986193293887,0.02268244575936884,2025H2
002128,2025-08-06,2,bull,ma_bull,pullback_holds,current_week,0.007317073170731714,-0.04146341463414627,0.029268292682926855,-0.046341463414634076,0.011707317073170742,2025H2
002128,2025-08-07,3,bull,ma_bull,pullback_holds,current_week,-0.02093476144109052,-0.03748782862706912,0.03797468354430378,-0.04819863680623171,0.009737098344693385,2025H2
002128,2025-08-08,4,bull,ma_bull,shrinking_volume_acceleration,current_week,-0.013539651837524036,-0.057543520309477625,0.043520309477756314,-0.06092843326885866,0.0029013539651838727,2025H2
002128,2025-08-26,1,bull,ma_bull,pullback_holds,current_week,0.05270935960591139,0.10443349753694586,0.1167487684729065,-0.018226600985221775,0.10443349753694586,2025H2
002128,2025-08-27,2,bull,ma_bull,pullback_holds,current_week,0.048186785891704,0.08991554893194253,0.12717337307501264,-0.0004967709885741467,0.11376055638350735,2025H2
002128,2025-09-01,0,bull,ma_bull,shrinking_volume_acceleration,current_week,0.05737316263632053,0.09815078236130859,0.06495969653864386,-0.014698909435751473,0.098624940730204,2025H2
002128,2025-09-08,0,bull,ma_bull,two_day_acceleration,current_week,0.046543154089471406,0.007230004518752775,0.07049254405784011,-0.014911884319927626,0.05422503389064626,2025H2
002128,2025-09-23,1,mid,ma_bull,two_day_acceleration,current_week,0.0031111111111110645,0.08177777777777773,0.12711111111111117,-0.021777777777777674,0.08666666666666667,2025H2
002128,2025-09-24,2,bull,ma_bull,pullback_holds,current_week,0.058381247235736344,0.0632463511720478,0.1251658558160107,-0.026536930561698258,0.10526315789473695,2025H2
002128,2025-09-25,3,bull,ma_bull,pullback_holds,current_week,0.07550561797752797,0.08359550561797757,0.13573033707865156,-0.010786516853932504,0.12314606741573053,2025H2
002128,2025-09-26,4,mid,ma_bull,pullback_holds,current_week,0.05784753363228701,0.09865470852017943,0.16367713004484297,-0.013004484304932729,0.12062780269058293,2025H2
002128,2025-09-29,0,bull,ma_bull,pullback_holds,current_week,0.052888888888888985,0.09155555555555561,0.14533333333333331,-0.005777777777777771,0.11066666666666669,2025H2
002128,2025-09-30,1,bull,ma_bull,pullback_holds,current_week,0.058260869565217366,0.06608695652173902,0.10478260869565226,-0.013043478260869601,0.08652173913043493,2025H2
002128,2025-10-15,2,bull,ma_bull,two_day_acceleration,current_week,0.007395234182415722,0.04190632703368946,0.1261298274445357,-0.018077239112571752,0.05710764174198846,2025H2
002128,2025-10-23,3,bull,ma_bull,two_day_acceleration,current_week,0.02580645161290329,0.08427419354838706,0.0741935483870968,-0.02620967741935476,0.08991935483870961,2025H2
002128,2025-10-27,0,bull,ma_bull,shrinking_volume_acceleration,current_week,0.04384553499597743,0.12228479485116672,0.050281576830249364,-0.02855993563958159,0.12429605792437659,2025H2
002128,2025-11-05,2,bull,ma_bull,pullback_holds,current_week,0.07870916961826047,0.07123179850452566,0.05706414797323878,-0.0015741833923651471,0.1837859110586384,2025H2
002128,2025-11-10,0,bull,ma_bull,two_day_acceleration,current_week,0.007524184879971418,-0.06449301325689716,0.002149767108563294,-0.0827660336796846,0.07774991042637058,2025H2
002128,2025-11-12,2,bull,ma_bull,shrinking_volume_acceleration,current_week,-0.00837887067395271,-0.03570127504553733,-0.010564663023679421,-0.06739526411657548,0.09581056466302385,2025H2
002128,2025-12-22,0,bull,ma_bull,shrinking_volume_acceleration,current_week,-0.013376717281272654,0.07592190889370931,0.049530007230657924,-0.030730296456977557,0.0976138828633406,2025H2
002128,2025-12-26,4,bull,ma_bull,two_day_acceleration,current_week,0.06073446327683607,0.05014124293785316,0.019420903954802338,-0.05084745762711873,0.07203389830508478,2025H2
002128,2026-01-05,0,bull,ma_bull,two_day_acceleration,current_week,-0.0020463847203273655,0.023192360163710735,-0.08935879945429748,-0.01023192360163716,0.07708049113233284,2026H1
002128,2026-01-26,0,bull,ma_bull,pullback_holds,current_week,-0.08341915550978374,-0.020254033642293168,0.11740473738414003,-0.08616546515619627,0.07964297974596635,2026H1
002128,2026-02-24,1,bull,ma_bull,shrinking_volume_acceleration,current_week,0.13099374565670585,0.11466296038915913,0.030229325920778427,-0.0034746351633079264,0.19527449617790116,2026H1
002128,2026-02-26,3,bull,ma_bull,pullback_holds,current_week,0.17075699965433788,0.19184237815416538,0.02938126512271011,-0.0006913238852401804,0.21258209471137213,2026H1
002128,2026-03-05,3,mid,ma_bull,shrinking_volume_acceleration,current_week,0.03699248120300758,-0.11097744360902251,-0.07458646616541353,-0.11849624060150366,0.05503759398496233,2026H1
002128,2026-04-29,2,bull,ma_bull,pullback_holds,current_week,-0.050197748707027534,-0.09735320961362937,-0.020687557042896265,-0.10648007301490714,0.018862184362640866,2026H1
002128,2026-05-11,0,bull,ma_bull,shrinking_volume_acceleration,current_week,-0.057197330791229795,-0.05211312360978715,-0.0908802033682874,-0.08261836669844302,0.029234191293295186,2026H1
002128,2026-05-12,1,bull,ma_bull,two_day_acceleration,current_week,-0.04247226624405709,-0.01933438985736924,-0.11505546751188589,-0.08494453248811407,0.026624405705229837,2026H1
002128,2026-05-14,3,bull,ma_bull,pullback_holds,current_week,-0.07967119822952895,-0.06038570976920643,-0.09800822004426168,-0.0872589313942459,0.0,2026H1
301280,2024-11-05,1,bull,ma_bull,pullback_holds,current_week,0.02759433962264146,0.02783018867924536,0.06863207547169825,-0.04481132075471694,0.060377358490566024,2024H2
301280,2024-11-06,2,bull,ma_bull,pullback_holds,current_week,0.041766682669226896,0.06793086893903011,0.06793086893903011,-0.02784445511281819,0.07921267402784449,2024H2
301280,2024-11-18,0,mid,ma_bull,pullback_holds,current_week,-0.01631205673758873,0.04160756501182017,0.04302600472813212,-0.07730496453900715,0.0851063829787233,2024H2
301280,2024-11-19,1,mid,ma_bull,shrinking_volume_acceleration,current_week,-0.06595940959409596,0.04497232472324719,-0.012453874538745358,-0.09986162361623607,0.06803505535055354,2024H2
301280,2024-11-20,2,bull,ma_bull,two_day_acceleration,current_week,-0.07280898876404496,-0.00022471910112353832,-0.016629213483146166,-0.12292134831460677,0.04067415730337087,2024H2
301280,2024-12-13,4,bull,ma_bull,pullback_holds,current_week,0.004437541601952644,-0.012203239405369382,-0.09696028400266243,-0.06301309074772565,0.0372753494564011,2024H2
301280,2025-02-14,4,bull,ma_bull,pullback_holds,current_week,0.10381810381810386,0.16516516516516533,0.41527241527241543,0.0,0.26061776061776065,2025H1
301280,2025-02-17,0,bull,ma_bull,two_day_acceleration,current_week,0.07385524372230434,0.22388689596961386,0.4279383836252375,-0.008018569318421709,0.2665119223464867,2025H1
301280,2025-02-18,1,bull,ma_bull,two_day_acceleration,current_week,0.09693877551020402,0.139591836734694,0.40000000000000013,0.0,0.23469387755102034,2025H1
301280,2025-02-21,4,bull,ma_bull,shrinking_volume_acceleration,current_week,0.03664122137404591,0.46564885496183206,0.1564885496183206,-0.05534351145038163,0.5000000000000002,2025H1
301280,2025-04-25,4,mid,macd_stabilizing,shrinking_volume_acceleration,current_week,-0.2941573792637622,-0.3020938872002702,-0.33113812901046946,-0.32235731171901383,0.011313745356298588,2025H1
301280,2025-05-06,1,mid,none,shrinking_volume_acceleration,current_week,-0.039090909090909065,-0.08568181818181808,-0.1311363636363635,-0.10363636363636364,0.032727272727272716,2025H1
301280,2025-05-12,0,bull,none,shrinking_volume_acceleration,current_week,-0.09748427672955984,-0.10309973045822107,-0.13499550763701718,-0.13274932614555268,0.0206648697214733,2025H1
301280,2025-05-29,3,bull,none,pullback_holds,current_week,-0.030745967741935498,-0.06224798387096775,-0.019657258064516125,-0.06426411290322576,0.01814516129032251,2025H1
301280,2025-06-09,0,bull,none,pullback_holds,current_week,-0.043134252169474196,-0.06559469116896377,0.02092904543134244,-0.07605921388463499,0.031138335885655843,2025H1
301280,2025-06-10,1,bull,none,pullback_holds,current_week,-0.039453326456936555,-0.01057246003094392,0.030170190820010268,-0.06652913873130473,0.012893243940175436,2025H1
301280,2025-06-11,2,bull,none,pullback_holds,current_week,-0.03064139184627368,0.004674110620618066,0.03972994027525312,-0.05998441963126444,0.01999480654375496,2025H1
301280,2025-06-12,3,bull,none,pullback_holds,current_week,-0.033202614379084894,-0.001830065359477162,0.04549019607843152,-0.053594771241829986,0.01594771241830073,2025H1
301280,2025-06-26,3,bull,none,pullback_holds,current_week,0.009401932619482967,0.044398015147558256,0.06241838600156702,-0.008096108644554567,0.06946983546617935,2025H1
301280,2025-10-10,4,bull,none,pullback_holds,current_week,0.023853211009174258,0.06523955147808347,0.08603465851172265,-0.04138634046890932,0.10988786952089691,2025H2
301280,2025-10-16,3,bull,none,pullback_holds,current_week,-0.029184383455740148,0.016041747197526046,-0.003285659064553581,-0.03846153846153855,0.10166215693853875,2025H2
301280,2025-12-08,0,bull,none,pullback_holds,current_week,-0.05072756669361367,-0.030517380759903068,0.02303961196443005,-0.07012934518997582,0.0,2025H2
301280,2025-12-09,1,mid,none,pullback_holds,current_week,-0.04001633319722342,-0.030216414863209584,0.024499795835034588,-0.06063699469171102,0.00020416496529196415,2025H2
301280,2025-12-22,0,bull,none,pullback_holds,current_week,0.05804969722280218,0.05700563792023394,0.25057423261641265,-0.015243265817498353,0.15744414282731256,2025H2
301280,2026-01-14,2,bull,none,shrinking_volume_acceleration,current_week,0.009949409780775742,0.0013490725126474867,-0.01433389544688024,-0.025295109612141653,0.07251264755480591,2026H1
301280,2026-02-06,4,mid,ma_bull,pullback_holds,current_week,-0.017485428809325687,-0.045795170691090736,-0.05778517901748548,-0.05628642797668615,0.013821815154038353,2026H1
301280,2026-03-10,1,bull,none,shrinking_volume_acceleration,current_week,-0.018739054290718093,-0.1122591943957969,-0.03327495621716281,-0.13257443082311737,0.02084063047285456,2026H1
301280,2026-03-11,2,bull,none,pullback_holds,current_week,-0.021754385964912304,-0.10368421052631571,-0.030701754385964897,-0.1310526315789473,0.007719298245614015,2026H1
301280,2026-03-12,3,bull,none,pullback_holds,current_week,-0.03551864286976503,-0.10125463862873307,-0.001590386994168691,-0.1247570242092243,0.015020321611592058,2026H1
301280,2026-04-15,2,mid,none,two_day_acceleration,current_week,0.014516129032257963,-0.0420967741935484,-0.19903225806451608,-0.050000000000000044,0.03306451612903216,2026H1
301280,2026-05-11,0,bull,none,shrinking_volume_acceleration,current_week,0.032432432432432545,-0.011434511434511352,-0.14802494802494792,-0.037837837837837895,0.06652806652806653,2026H1
301280,2026-05-22,4,mid,none,pullback_holds,current_week,-0.17134146341463408,-0.14939024390243905,0.040447154471544566,-0.21727642276422776,0.0030487804878047697,2026H1
000820,2023-03-22,2,mid,none,pullback_holds,current_week,-0.02819956616052055,-0.11062906724511945,-0.16919739696312364,-0.11279826464208254,0.0390455531453362,2023H1
000820,2023-03-23,3,bull,none,pullback_holds,current_week,-0.07296137339055786,-0.11373390557939922,-0.20171673819742486,-0.12231759656652363,0.02145922746781115,2023H1
000820,2023-03-24,4,mid,none,pullback_holds,current_week,-0.04978354978354993,-0.1385281385281385,-0.18181818181818177,-0.1428571428571429,0.0021645021645020357,2023H1
000820,2026-04-15,2,mid,none,pullback_holds,current_week,0.01739130434782621,0.12173913043478257,0.08405797101449286,-0.03188405797101457,0.12173913043478257,2026H1
000820,2026-04-20,0,bull,none,two_day_acceleration,current_week,-0.013850415512465353,0.052631578947368585,0.024930747922437657,-0.07479224376731297,0.12465373961218851,2026H1
000820,2026-04-22,2,bull,none,shrinking_volume_acceleration,current_week,0.10256410256410242,0.0940170940170939,0.0826210826210827,-0.04843304843304852,0.15669515669515666,2026H1
000820,2026-05-07,3,bull,none,shrinking_volume_acceleration,current_week,-0.005235602094240788,-0.03141361256544506,-0.12565445026178024,-0.04450261780104725,0.03926701570680624,2026H1
000820,2026-05-12,1,bull,macd_cross,shrinking_volume_acceleration,current_week,-0.03865979381443296,-0.025773195876288568,-0.17268041237113396,-0.05927835051546393,0.023195876288659933,2026H1
603989,2025-08-04,0,bull,ma_bull,shrinking_volume_acceleration,current_week,0.012195121951219745,0.06280487804878065,0.17439024390243918,-0.015243902439024404,0.08536585365853666,2025H2
603989,2025-08-06,2,bull,ma_bull,shrinking_volume_acceleration,current_week,0.05291970802919699,0.06569343065693412,0.10218978102189769,-0.017639902676399144,0.10279805352798044,2025H2
603989,2025-08-07,3,bull,ma_bull,pullback_holds,current_week,0.04350490196078427,0.08578431372549011,0.11274509803921573,-0.01041666666666674,0.11090686274509798,2025H2
603989,2025-08-08,4,bull,ma_bull,pullback_holds,current_week,0.07697006719609023,0.08735491753207092,0.16188149053145984,-0.007330482590103937,0.10751374465485641,2025H2
603989,2025-08-28,3,bull,ma_bull,shrinking_volume_acceleration,current_week,-0.015718157181571768,0.06233062330623329,0.046070460704607186,-0.05040650406504066,0.06233062330623329,2025H2
603989,2025-08-29,4,bull,ma_bull,pullback_holds,current_week,0.036512261580381455,0.04250681198910078,0.02833787465940052,-0.045231607629427906,0.0724795640326974,2025H2
603989,2025-10-21,1,bull,none,shrinking_volume_acceleration,current_week,0.044142614601018426,-0.04357668364459555,-0.027730616864742652,-0.056027164685908404,0.057159026598754936,2025H2
603989,2025-10-24,4,bull,none,two_day_acceleration,current_week,-0.05118326912493121,-0.038525041276830096,-0.11502476609796364,-0.08200330214639528,0.02806824435883315,2025H2
603989,2025-10-29,2,bull,none,shrinking_volume_acceleration,current_week,-0.07663248785752841,-0.0825688073394496,-0.11440906637884518,-0.09983810037776586,0.004317323259579009,2025H2
603989,2025-10-30,3,bull,none,pullback_holds,current_week,-0.019101123595505642,-0.02752808988764055,-0.07191011235955058,-0.06292134831460683,0.0,2025H2
603989,2025-11-06,3,bull,none,two_day_acceleration,current_week,0.0,-0.02772963604852663,-0.048526863084922045,-0.0375505488157134,0.028307336799537897,2025H2
603989,2025-11-18,1,mid,none,pullback_holds,current_week,-0.043300175541252095,-0.0275014628437682,-0.0708016383850204,-0.06085430076067866,0.011702750146284302,2025H2
603989,2025-12-08,0,bull,none,pullback_holds,current_week,-0.03752233472304933,-0.023823704586063088,0.020250148898153686,-0.07087552114353779,0.01191185229303171,2025H2
603989,2025-12-09,1,mid,none,pullback_holds,current_week,-0.05476190476190479,-0.021428571428571352,0.017857142857142794,-0.07142857142857151,0.0011904761904761862,2025H2
603989,2025-12-22,0,bull,none,pullback_holds,current_week,0.015834348355663774,0.04323995127892788,0.10475030450669909,-0.010353227771011109,0.08952496954933009,2025H2
603989,2025-12-23,1,bull,none,pullback_holds,current_week,0.0,0.036992116434202416,0.11885991510006044,-0.005457853244390742,0.0848999393571861,2025H2
603989,2025-12-24,2,bull,none,two_day_acceleration,current_week,-0.0035629453681709222,0.027909738717339705,0.1116389548693586,-0.026128266033254244,0.062351543942992915,2025H2
603989,2026-01-06,1,bull,none,two_day_acceleration,current_week,-0.00755374782103424,0.04183614177803596,0.04648460197559556,-0.02091807088901798,0.05345729227193474,2026H1
603989,2026-01-19,0,bull,none,two_day_acceleration,current_week,0.021727019498607225,-0.014484679665738076,0.058495821727019504,-0.018384401114206028,0.06072423398328697,2026H1
603989,2026-01-21,2,bull,none,shrinking_volume_acceleration,current_week,0.012602739726027323,-0.005479452054794387,0.0816438356164384,-0.034520547945205426,0.04328767123287669,2026H1
603989,2026-01-22,3,bull,macd_cross,two_day_acceleration,current_week,-0.018959913326110578,-0.01950162513542797,0.03954496208017333,-0.04550379198266519,0.031419284940411574,2026H1
603989,2026-02-09,0,bull,none,shrinking_volume_acceleration,current_week,0.04683195592286493,0.050137741046831774,-0.03911845730027552,-0.0027548209366391463,0.10633608815426987,2026H1
603989,2026-02-26,3,bull,ma_bull,two_day_acceleration,current_week,-0.03427109974424558,-0.06496163682864453,-0.12685421994884916,-0.10383631713554997,0.02710997442455243,2026H1
603989,2026-03-16,0,mid,ma_bull,pullback_holds,current_week,-0.1546782044348297,-0.08220659816116838,0.07787993510005387,-0.1617090319091402,0.004867495943753353,2026H1
603989,2026-04-22,2,bull,ma_bull,two_day_acceleration,current_week,-0.017946161515453585,0.06281156530408771,0.5304087736789631,-0.03788634097706867,0.07427716849451649,2026H1
603989,2026-04-28,1,bull,ma_bull,pullback_holds,current_week,0.06528340080971651,0.012145748987854255,0.8122469635627529,-0.02327935222672073,0.09767206477732793,2026H1
603989,2026-04-29,2,bull,ma_bull,pullback_holds,current_week,0.0849872773536895,0.11959287531806595,0.640203562340967,-0.007633587786259666,0.11959287531806595,2026H1
603989,2026-04-30,3,bull,ma_bull,shrinking_volume_acceleration,current_week,0.04830677290836638,0.20517928286852571,0.5806772908366533,-0.01145418326693226,0.20517928286852571,2026H1
603989,2026-05-06,2,bull,ma_bull,two_day_acceleration,current_week,0.03101920236336797,0.2658788774002956,0.5332348596750371,-0.022648941408173195,0.2959133431806993,2026H1
603989,2026-05-11,0,bull,ma_bull,shrinking_volume_acceleration,current_week,0.028037383177569986,0.43457943925233633,0.4929906542056073,-0.07242990654205606,0.46074766355140184,2026H1
603989,2026-08-12,2,mid,none,shrinking_volume_acceleration,current_week,-0.07066666666666666,-0.09533333333333327,0.12166666666666659,-0.134,0.127,2026H2
603989,2026-08-13,3,mid,none,two_day_acceleration,current_week,-0.07960848287112565,-0.07406199021207183,0.03425774877650878,-0.15236541598694953,0.1030995106035888,2026H2
603989,2026-09-02,2,mid,none,pullback_holds,current_week,0.14261460101867574,,,-0.005093378607809784,0.29032258064516125,2026H2
600276,2023-05-04,3,bull,ma_bull,two_day_acceleration,current_week,-0.05974078574321595,-0.027541514783313015,-0.06986634264884573,-0.08120696638315117,0.006682867557715744,2023H1
600276,2023-05-18,3,mid,ma_bull,pullback_holds,current_week,-0.00041597337770371556,-0.04471713810316136,-0.02391846921797003,-0.06385191347753749,0.04409317803660584,2023H1
600276,2023-07-25,1,mid,ma_bull,pullback_holds,current_week,-0.09189868118065736,-0.15972367594724723,-0.1804479799037053,-0.19279882771613988,0.03265647896169144,2023H2
600276,2023-07-26,2,mid,ma_bull,pullback_holds,current_week,-0.12518104696875643,-0.16801158700600038,-0.1992551210428305,-0.20215187254293387,0.020691082143596162,2023H2
600276,2023-07-27,3,mid,ma_bull,pullback_holds,current_week,-0.1171679197994987,-0.16666666666666674,-0.15538847117794496,-0.19465329991645786,0.030284043441938024,2023H2
600276,2025-01-24,4,mid,none,pullback_holds,current_week,0.0017857142857142794,0.01026785714285694,0.02499999999999991,-0.02522321428571439,0.034151785714285676,2025H1
600276,2025-02-07,4,mid,none,two_day_acceleration,current_week,0.0,0.06109890109890115,0.003956043956043986,-0.032527472527472456,0.06549450549450553,2025H1
600276,2025-02-14,4,bull,none,two_day_acceleration,current_week,0.05414847161572056,0.003493449781659219,0.01615720524017461,-0.03493449781659397,0.062227074235807756,2025H1
600276,2025-03-26,2,mid,macd_stabilizing,two_day_acceleration,current_week,0.103515625,0.05251736111111116,0.10959201388888906,-0.01041666666666663,0.13932291666666674,2025H1
600276,2025-03-31,0,mid,ma_bull,two_day_acceleration,current_week,-0.010162601626016232,-0.01890243902439026,0.008130081300812941,-0.06788617886178872,0.06707317073170715,2025H1
600276,2025-04-03,3,mid,ma_bull,shrinking_volume_acceleration,current_week,-0.008606557377049184,-0.01639344262295095,0.055532786885245766,-0.0602459016393444,0.024590163934426146,2025H1
600276,2025-05-09,4,bull,ma_bull,two_day_acceleration,current_week,0.03557692307692317,0.04807692307692313,0.04538461538461536,-0.0346153846153846,0.08653846153846145,2025H1
600276,2025-05-14,2,bull,ma_bull,two_day_acceleration,current_week,0.05746691871455578,0.025519848771266673,0.055198487712665445,-0.003780718336483857,0.06805293005671076,2025H1
600276,2025-05-21,2,bull,ma_bull,two_day_acceleration,current_week,-0.03125,-0.03785714285714281,-0.07892857142857146,-0.05249999999999999,0.00642857142857145,2025H1
600276,2025-05-30,4,mid,ma_bull,pullback_holds,current_week,-0.006941907197661745,-0.017902813299232823,-0.051881622214103085,-0.02995981001096093,0.026671538180489618,2025H1
600276,2025-06-03,1,bull,ma_bull,pullback_holds,current_week,0.005288110867979645,-0.054704595185995575,-0.04339897884755661,-0.05908096280087527,0.024799416484317938,2025H1
600276,2025-06-04,2,bull,ma_bull,shrinking_volume_acceleration,current_week,-0.0070780399274047445,-0.05970961887477311,-0.051724137931034475,-0.06860254083484574,0.019963702359346636,2025H1
600276,2025-06-09,0,bull,ma_bull,pullback_holds,current_week,-0.011401250459727952,-0.04450165502022807,-0.0318131666053697,-0.058477381390216965,0.033468186833394586,2025H1
600276,2025-06-10,1,bull,ma_bull,shrinking_volume_acceleration,current_week,-0.057454545454545425,-0.051818181818181874,-0.029090909090909167,-0.06909090909090909,0.02181818181818196,2025H1
600276,2025-06-11,2,bull,ma_bull,pullback_holds,current_week,-0.047610294117646945,-0.026654411764705843,0.05128676470588234,-0.05882352941176461,0.03308823529411775,2025H1
600276,2025-06-25,2,bull,ma_bull,pullback_holds,current_week,-0.0066539923954372915,0.08726235741444865,0.08612167300380236,-0.03060836501901143,0.10152091254752849,2025H1
600276,2025-06-26,3,bull,ma_bull,pullback_holds,current_week,0.010787902138316152,0.10961279136967828,0.10768638027355038,-0.017722982084376837,0.12271238682334795,2025H1
600276,2025-06-27,4,bull,ma_bull,pullback_holds,current_week,0.026006549797726652,0.09612791369678275,0.08649585821614325,-0.017722982084376837,0.12271238682334795,2025H1
600276,2025-07-01,1,bull,none,pullback_holds,current_week,0.01908396946564883,0.09198473282442743,0.21755725190839703,-0.01125954198473278,0.11221374045801524,2025H2
600276,2025-07-02,2,bull,none,pullback_holds,current_week,0.09433601224646004,0.09491006505931887,0.2168006123230004,-0.008610792192881633,0.12705702257941076,2025H2
600276,2025-07-03,3,bull,none,pullback_holds,current_week,0.09484888804409808,0.09731990115947542,0.1955901919787113,-0.002090857251473066,0.11955901919787104,2025H2
600276,2025-07-04,4,bull,none,pullback_holds,current_week,0.06594230048707383,0.10078681153990243,0.1485575121768452,-0.016485575121768514,0.12139378044211302,2025H2
600276,2025-08-25,0,bull,ma_bull,two_day_acceleration,current_week,0.03247734138972813,0.09229607250755278,0.07326283987915394,-0.07235649546827794,0.11586102719033242,2025H2
600276,2025-09-25,3,bull,ma_bull,two_day_acceleration,current_week,-0.03672316384180785,-0.0805084745762712,-0.09392655367231628,-0.10056497175141244,0.01214689265536717,2025H2
600276,2025-09-30,1,bull,ma_bull,shrinking_volume_acceleration,current_week,-0.07210732252655105,-0.08803801006148682,-0.13415315818893236,-0.11011738401341531,0.0013974287311346867,2025H2
600276,2025-10-27,0,bull,none,two_day_acceleration,current_week,-0.02790555044464893,-0.05197792088316466,-0.06991720331186746,-0.06531738730450776,0.004139834406623688,2025H2
600276,2025-11-12,2,bull,none,pullback_holds,current_week,-0.025203381719572593,-0.00526399744775885,0.01100654011804103,-0.05391609507098427,0.019301323975115636,2025H2
600276,2025-11-13,3,bull,none,shrinking_volume_acceleration,current_week,-0.0444444444444444,-0.021434200157604444,-0.0007880220646179215,-0.0652482269503546,0.007092198581560183,2025H2
600276,2025-12-23,1,bull,none,pullback_holds,current_week,-0.024160856169936795,0.03129560564293832,-0.03616020755634841,-0.03518728717366626,0.05480784822442031,2025H2
600276,2025-12-24,2,bull,none,pullback_holds,current_week,-0.026951976478275075,0.04181639986932373,-0.036426004573668735,-0.02809539366220193,0.06256125449199601,2025H2
600276,2026-01-09,4,bull,none,shrinking_volume_acceleration,current_week,-0.03369734789391554,-0.07971918876755058,-0.10592823712948507,-0.08330733229329168,0.02698907956318264,2026H1
002428,2023-08-01,1,bull,ma_bull,two_day_acceleration,current_week,-0.03706199460916437,-0.11185983827493262,-0.14555256064690025,-0.12264150943396224,0.0121293800539084,2023H2
002428,2023-08-07,0,bull,ma_bull,pullback_holds,current_week,-0.06638714185884009,-0.0552061495457723,-0.02655485674353608,-0.09713487071977644,0.01607267645003496,2023H2
002428,2023-09-06,2,mid,macd_stabilizing,two_day_acceleration,current_week,-0.0028368794326240065,-0.041134751773049705,-0.033333333333333215,-0.04397163120567371,0.06666666666666665,2023H2
002428,2023-11-07,1,mid,none,two_day_acceleration,current_week,-0.010279001468428861,-0.033039647577092546,-0.016886930983847304,-0.03597650513950079,0.03671071953010285,2023H2
002428,2023-11-20,0,mid,none,pullback_holds,current_week,-0.052631578947368474,0.048872180451127845,-0.06090225563909779,-0.07669172932330826,0.048872180451127845,2023H2
002428,2024-11-27,2,mid,ma_bull,pullback_holds,current_week,0.1361256544502618,0.08043788672060903,-0.0875773441218467,-0.015706806282722585,0.23750594954783422,2024H2
002428,2024-11-28,3,mid,ma_bull,two_day_acceleration,current_week,0.15093457943925226,0.043925233644859674,-0.08364485981308423,-0.03364485981308418,0.2149532710280373,2024H2
002428,2024-12-02,0,bull,ma_bull,two_day_acceleration,current_week,0.025435073627844806,-0.07407407407407407,-0.12226684515841135,-0.08121374386434632,0.1601963409192324,2024H2
002428,2024-12-03,1,bull,ma_bull,pullback_holds,current_week,-0.032258064516129004,-0.14914118139924604,-0.2082111436950146,-0.1529116045245078,0.08923334729786347,2024H2
002428,2025-02-10,0,mid,none,shrinking_volume_acceleration,current_week,-0.04168759417378198,-0.0025113008538423243,0.1677548970366649,-0.05474635861376187,0.049723756906077554,2025H1
002428,2025-04-03,3,mid,ma_bull,two_day_acceleration,current_week,0.02638522427440626,-0.021635883905013253,0.019525065963060806,-0.07229551451187322,0.06068601583113464,2025H1
002428,2025-04-21,0,mid,none,two_day_acceleration,current_week,-0.032460732984293195,0.01727748691099462,-0.019371727748691114,-0.04083769633507861,0.03560209424083771,2025H1
002428,2025-04-22,1,mid,none,pullback_holds,current_week,-0.016315789473684172,0.010000000000000009,-0.032631578947368456,-0.03578947368421048,0.04105263157894745,2025H1
002428,2025-04-23,2,mid,none,pullback_holds,current_week,-0.03077725612936877,0.028169014084507005,-0.034950443401147724,-0.044340114762650096,0.053729786124152135,2025H1
002428,2025-05-08,3,bull,none,shrinking_volume_acceleration,current_week,-0.005138746145940454,-0.037512846865364824,-0.02877697841726612,-0.03854059609455296,0.03802672147995878,2025H1
002428,2025-05-09,4,bull,none,pullback_holds,current_week,-0.010293360782295369,-0.054040144107050936,-0.019557385486361212,-0.054040144107050936,0.03962943901183724,2025H1
002428,2025-06-04,2,bull,none,pullback_holds,current_week,0.03186404673393506,-0.0005310674455656361,0.06266595857673929,-0.006372809346787078,0.04142326075411562,2025H1
002428,2025-06-05,3,bull,none,pullback_holds,current_week,0.01049868766404205,-0.04251968503936998,0.0435695538057741,-0.046194225721784776,0.029396325459317474,2025H1
002428,2025-06-06,4,bull,none,pullback_holds,current_week,-0.0036687631027253476,-0.0513626834381552,0.02358490566037741,-0.05293501048218041,0.02777777777777768,2025H1
002428,2025-06-24,1,bull,none,pullback_holds,current_week,0.09794372294372278,0.05519480519480524,0.13528138528138522,-0.0037878787878787845,0.10876623376623384,2025H1
002428,2025-06-25,2,bull,none,pullback_holds,current_week,0.07005347593582889,0.0299465240641712,0.09893048128342263,-0.012834224598930355,0.09572192513369004,2025H1
002428,2025-06-26,3,bull,none,pullback_holds,current_week,0.06709608158883529,0.038647342995169254,0.1594202898550725,-0.0016103059581319412,0.09983896940418702,2025H1
002428,2025-06-27,4,bull,none,pullback_holds,current_week,0.04104477611940305,0.09168443496801704,0.17217484008528783,-0.004797441364605581,0.13272921108741986,2025H1
002428,2025-07-28,0,bull,ma_bull,two_day_acceleration,current_week,-0.05746626033957325,-0.01567261645624729,0.21854592947322615,-0.07488027862429247,0.10840226382237717,2025H2
002428,2025-08-15,4,bull,ma_bull,shrinking_volume_acceleration,current_week,0.1556319862424762,0.28761822871883047,0.27944969905417016,-0.017626827171109194,0.33276010318142735,2025H2
002428,2025-09-24,2,bull,ma_bull,shrinking_volume_acceleration,current_week,0.0343017150857543,-0.018200910045502283,0.03500175008750439,-0.04200210010500527,0.07455372768638435,2025H2
002428,2025-09-25,3,bull,ma_bull,pullback_holds,current_week,-0.005242922055225363,-0.0625655365256903,-0.023767913317021994,-0.07095421181405093,0.07305138063614125,2025H2
002428,2025-09-30,1,bull,ma_bull,two_day_acceleration,current_week,-0.04932885906040263,-0.12483221476510065,-0.09194630872483212,-0.1332214765100671,0.030201342281879207,2025H2
002428,2025-10-27,0,bull,none,pullback_holds,current_week,0.015241635687732291,-0.009293680297397744,-0.08178438661710052,-0.05390334572490718,0.12825278810408913,2025H2
002428,2025-10-28,1,bull,none,two_day_acceleration,current_week,-0.07431225437656308,-0.047874240800285794,-0.11361200428724538,-0.09074669524830303,0.08431582708110041,2025H2
002428,2025-11-18,1,mid,none,pullback_holds,current_week,-0.06904315196998123,-0.0322701688555348,-0.004502814258911858,-0.09831144465290809,0.05290806754221378,2025H2
002428,2025-12-09,1,mid,none,shrinking_volume_acceleration,current_week,-0.10613207547169812,0.02863881401617263,0.1920485175202158,-0.1185983827493261,0.09231805929919146,2025H2
002428,2025-12-25,3,bull,macd_stabilizing,shrinking_volume_acceleration,current_week,0.003242542153047978,0.3294422827496757,0.34824902723735396,-0.029182879377431914,0.36543450064850846,2025H2
002428,2025-12-29,0,bull,macd_cross,two_day_acceleration,current_week,0.07817589576547235,0.20651465798045598,0.2964169381107493,-0.02475570032573282,0.37166123778501636,2025H2
002428,2026-02-09,0,bull,ma_bull,two_day_acceleration,current_week,0.03178621659634295,0.2348804500703232,0.1291139240506327,-0.03234880450070343,0.3735583684950772,2026H1
002428,2026-02-11,2,bull,ma_bull,pullback_holds,current_week,0.27191977077363894,0.266189111747851,0.1320916905444125,-0.014326647564469885,0.3991404011461319,2026H1
002428,2026-02-12,3,bull,ma_bull,two_day_acceleration,current_week,0.39479768786127156,0.24826589595375714,0.25606936416184967,-0.005780346820809301,0.4112716763005779,2026H1
002428,2026-02-13,4,mid,ma_bull,pullback_holds,current_week,0.23827595554350767,0.1580374085117917,0.10056925996204935,-0.015993494171862244,0.3236649498509081,2026H1
002428,2026-04-08,2,mid,ma_bull,two_day_acceleration,current_week,0.06226765799256495,0.3985130111524162,0.7137546468401486,-0.008364312267657992,0.3985130111524162,2026H1
002428,2026-05-20,2,bull,ma_bull,two_day_acceleration,current_week,-0.11735465744542894,-0.038361789496434096,0.07261724659606661,-0.15441971039550473,0.04819537497298465,2026H1
002428,2026-06-18,3,bull,ma_bull,shrinking_volume_acceleration,current_week,0.12650771388499304,-0.01757830762038326,-0.29827021972884527,-0.05002337540906965,0.24244974287050014,2026H1
002428,2026-06-29,0,mid,ma_bull,shrinking_volume_acceleration,current_week,-0.12241666666666662,-0.24808333333333332,-0.34133333333333327,-0.24808333333333332,0.028166666666666673,2026H1
002061,2025-01-27,0,mid,none,pullback_holds,current_week,0.0077319587628865705,0.01804123711340222,0.0,-0.028350515463917536,0.05670103092783507,2025H1
002061,2025-02-07,4,mid,none,two_day_acceleration,current_week,0.010126582278481067,-0.010126582278481067,-0.017721518987341867,-0.020253164556962022,0.037974683544303556,2025H1
002061,2025-02-13,3,bull,none,two_day_acceleration,current_week,-0.027295285359801524,-0.02977667493796532,-0.03970223325062039,-0.037220843672456705,0.007444168734491274,2025H1
002061,2025-02-24,0,bull,none,pullback_holds,current_week,-0.025252525252525304,-0.025252525252525304,0.005050505050504972,-0.03535353535353525,0.002525252525252597,2025H1
002061,2025-02-26,2,bull,none,pullback_holds,current_week,-0.012755102040816313,-0.010204081632653073,0.025510204081632848,-0.025510204081632515,0.007653061224489832,2025H1
002061,2025-03-14,4,bull,none,pullback_holds,current_week,0.01515151515151536,-0.005050505050505083,-0.037878787878787845,-0.012626262626262541,0.030303030303030276,2025H1
002061,2025-09-12,4,bull,ma_bull,pullback_holds,current_week,0.012165450121654375,0.009732360097323589,0.019464720194647178,-0.007299270072992803,0.051094890510948954,2025H2
002061,2025-09-15,0,bull,ma_bull,two_day_acceleration,current_week,0.014423076923076872,0.009615384615384581,0.033653846153846034,-0.024038461538461453,0.03846153846153855,2025H2
002061,2025-09-17,2,bull,ma_bull,two_day_acceleration,current_week,0.014150943396226356,-0.007075471698113289,0.02594339622641506,-0.04245283018867918,0.018867924528301883,2025H2
002061,2025-09-18,3,mid,ma_bull,pullback_holds,current_week,-0.002409638554217053,0.055421686746987886,0.04819277108433728,-0.02168674698795181,0.06506024096385521,2025H2
002061,2025-09-19,4,mid,ma_bull,pullback_holds,current_week,0.0,0.036144578313252795,0.04578313253012034,-0.02168674698795181,0.06506024096385521,2025H2
002061,2025-09-22,0,mid,ma_bull,two_day_acceleration,current_week,0.0,0.021428571428571352,0.021428571428571352,-0.033333333333333215,0.05238095238095242,2025H2
002061,2025-10-09,3,bull,ma_bull,pullback_holds,current_week,0.014251781472684133,0.03325415676959631,0.0071258907363420665,-0.014251781472684022,0.04988123515439424,2025H2
002061,2025-10-22,2,bull,ma_bull,pullback_holds,current_week,0.00932400932400923,-0.009324009324009341,-0.023310023310023187,-0.027972027972028024,0.025641025641025772,2025H2
002061,2025-11-05,2,bull,ma_bull,pullback_holds,current_week,0.016470588235294237,-0.014117647058823457,-0.03764705882352948,-0.018823529411764683,0.05882352941176472,2025H2
002061,2025-11-07,4,bull,ma_bull,pullback_holds,current_week,0.007009345794392496,-0.05841121495327106,-0.04672897196261683,-0.06074766355140182,0.051401869158878455,2025H2
002061,2025-11-14,4,bull,ma_bull,pullback_holds,current_week,-0.06279069767441847,-0.055813953488371926,-0.05813953488372092,-0.06744186046511624,0.0046511627906977715,2025H2
002061,2025-12-01,0,mid,none,pullback_holds,current_week,0.017199017199017064,-0.002457002457002422,-0.01228501228501222,-0.009828009828009798,0.06879606879606892,2025H2
002061,2025-12-08,0,bull,macd_stabilizing,pullback_holds,current_week,-0.016949152542372725,-0.02663438256658579,-0.029055690072639306,-0.05569007263922521,0.053268765133172025,2025H2
002061,2025-12-09,1,mid,macd_stabilizing,two_day_acceleration,current_week,-0.04773269689737469,-0.04057279236276845,-0.04057279236276845,-0.06921241050119342,0.007159904534606021,2025H2
002061,2026-01-05,0,bull,macd_stabilizing,pullback_holds,current_week,0.01243781094527363,0.00995024875621886,0.01243781094527363,-0.007462686567164201,0.0199004975124375,2026H1
002061,2026-01-06,1,bull,macd_stabilizing,pullback_holds,current_week,0.007425742574257432,0.017326732673267342,0.007425742574257432,-0.012376237623762387,0.017326732673267342,2026H1
002061,2026-01-07,2,bull,macd_stabilizing,pullback_holds,current_week,0.010000000000000009,0.022499999999999964,0.040000000000000036,-0.0024999999999999467,0.030000000000000027,2026H1
002061,2026-01-08,3,bull,macd_stabilizing,pullback_holds,current_week,0.00992555831265518,0.02481389578163773,0.022332506203473823,-0.004962779156327701,0.027295285359801413,2026H1
002061,2026-01-09,4,bull,macd_stabilizing,pullback_holds,current_week,-0.004938271604938205,0.022222222222222143,0.009876543209876631,-0.007407407407407196,0.02716049382716057,2026H1
002061,2026-01-12,0,bull,none,two_day_acceleration,current_week,0.0,0.01724137931034475,0.01477832512315258,-0.009852216748768461,0.02463054187192104,2026H1
002061,2026-01-15,3,bull,none,pullback_holds,current_week,0.014742014742014753,0.017199017199017064,-0.002457002457002422,-0.01228501228501222,0.02457002457002444,2026H1
002061,2026-01-20,1,bull,none,two_day_acceleration,current_week,-0.007299270072992803,-0.009732360097323589,0.0024330900243307862,-0.017031630170316392,0.024330900243308973,2026H1
002061,2026-01-21,2,bull,none,pullback_holds,current_week,0.007334963325183352,0.017114914425427896,0.0,-0.012224938875305624,0.02933985330073363,2026H1
002061,2026-01-30,4,bull,none,pullback_holds,current_week,-0.014457831325301318,-0.0337349397590363,-0.012048192771084487,-0.0337349397590363,0.014457831325301207,2026H1
002061,2026-02-24,1,bull,macd_stabilizing,pullback_holds,current_week,0.004901960784313708,0.014705882352941124,-0.06617647058823528,-0.01225490196078427,0.019607843137254832,2026H1
002061,2026-02-25,2,bull,macd_stabilizing,pullback_holds,current_week,-0.021791767554479424,0.01937046004842613,-0.05811138014527839,-0.024213075060532607,0.021791767554479424,2026H1
002061,2026-02-26,3,bull,macd_stabilizing,pullback_holds,current_week,-0.004901960784313597,0.04411764705882337,-0.0490196078431373,-0.01225490196078427,0.0490196078431373,2026H1
002061,2026-02-27,4,bull,macd_stabilizing,pullback_holds,current_week,0.0,0.029126213592232997,-0.05339805825242727,-0.021844660194174748,0.04611650485436902,2026H1
002061,2026-03-10,1,bull,macd_cross,pullback_holds,current_week,-0.002409638554217053,-0.08192771084337358,-0.048192771084337394,-0.10843373493975905,0.03855421686746996,2026H1
002061,2026-03-11,2,bull,macd_cross,two_day_acceleration,current_week,-0.026128266033254244,-0.07600950118764838,-0.06888361045130642,-0.12114014251781469,0.02375296912114022,2026H1
601162,2023-09-11,0,mid,ma_bull,two_day_acceleration,current_week,-0.026086956521739202,-0.04347826086956519,-0.06666666666666665,-0.04637681159420293,0.008695652173912993,2023H2
601162,2023-12-28,3,mid,none,pullback_holds,current_week,-0.025974025974025983,-0.0357142857142857,0.0032467532467532756,-0.05519480519480513,0.006493506493506551,2023H2
601162,2023-12-29,4,mid,none,pullback_holds,current_week,-0.045454545454545525,-0.019480519480519543,-0.016233766233766156,-0.05519480519480513,0.0,2023H2
601162,2024-12-06,4,bull,ma_bull,pullback_holds,current_week,-0.021568627450980427,-0.03921568627450989,-0.219607843137255,-0.07647058823529418,0.050980392156862786,2024H2
601162,2025-02-06,3,mid,none,two_day_acceleration,current_week,0.1843971631205672,0.11347517730496448,0.08747044917257685,-0.0023640661938535423,0.24113475177304955,2025H1
601162,2025-02-07,4,mid,none,two_day_acceleration,current_week,0.10755148741418763,0.10068649885583536,0.027459954233409745,-0.01830663615560646,0.2013729977116705,2025H1
601162,2025-08-11,0,bull,ma_bull,pullback_holds,current_week,0.15999999999999992,0.16200000000000014,0.09800000000000009,-0.006000000000000005,0.19600000000000017,2025H2
601162,2025-08-12,1,bull,ma_bull,pullback_holds,current_week,0.11928429423459241,0.16500994035785288,0.09343936381709739,-0.00994035785288272,0.21669980119284293,2025H2
601162,2025-08-13,2,bull,ma_bull,two_day_acceleration,current_week,0.099609375,0.134765625,0.0703125,-0.0234375,0.1953125,2025H2
601162,2025-08-14,3,bull,ma_bull,pullback_holds,current_week,0.11752988047808755,0.1832669322709164,0.12151394422310746,-0.003984063745020028,0.21912350597609542,2025H2
601162,2025-08-28,3,bull,ma_bull,shrinking_volume_acceleration,current_week,-0.07731092436974785,-0.05378151260504205,-0.11428571428571421,-0.10252100840336142,0.008403361344537785,2025H2
601162,2025-09-16,1,bull,ma_bull,pullback_holds,current_week,-0.051785714285714324,-0.051785714285714324,-0.07678571428571435,-0.0821428571428573,0.04999999999999982,2025H2
601162,2025-09-17,2,bull,ma_bull,pullback_holds,current_week,-0.056838365896980325,-0.05328596802841912,-0.07637655417406741,-0.08703374777975137,0.04440497335701599,2025H2
601162,2025-09-18,3,mid,ma_bull,pullback_holds,current_week,-0.05555555555555547,-0.048387096774193505,-0.05913978494623662,-0.07885304659498216,0.017921146953404854,2025H2
601162,2025-10-09,3,bull,none,pullback_holds,current_week,-0.024482109227872084,-0.020715630885122516,-0.020715630885122516,-0.04519774011299438,0.05461393596986808,2025H2
601162,2025-10-23,3,bull,none,pullback_holds,current_week,0.007677543186180413,-0.0019193857965450478,-0.040307101727447225,-0.011516314779270509,0.030710172744721653,2025H2
601162,2025-10-24,4,bull,none,pullback_holds,current_week,-0.011320754716981019,-0.028301886792452713,-0.09433962264150941,-0.030188679245283012,0.013207547169811429,2025H2
601162,2025-11-10,0,bull,none,pullback_holds,current_week,-0.019305019305019266,-0.06756756756756754,-0.15444015444015446,-0.08108108108108103,0.0,2025H2
300778,2025-07-14,0,bull,ma_bull,shrinking_volume_acceleration,current_week,-0.07687991021324359,-0.11335578002244662,-0.11279461279461278,-0.1301907968574635,0.14197530864197527,2025H2
300778,2025-08-11,0,bull,ma_bull,two_day_acceleration,current_week,0.02208201892744488,0.08391167192429028,-0.12744479495268135,-0.03974763406940052,0.11041009463722418,2025H2
300778,2025-08-20,2,bull,ma_bull,two_day_acceleration,current_week,-0.024826789838337193,-0.2338337182448037,-0.21131639722863738,-0.23787528868360275,0.039838337182448,2025H2
300778,2025-08-25,0,bull,ma_bull,shrinking_volume_acceleration,current_week,-0.16049382716049387,-0.18694885361552038,-0.22045855379188717,-0.22574955908289251,0.05878894767783649,2025H2
300778,2025-10-13,0,bull,none,pullback_holds,current_week,-0.02954545454545454,0.015909090909090873,0.012878787878787934,-0.054545454545454564,0.08939393939393936,2025H2
300778,2025-10-14,1,bull,none,pullback_holds,current_week,0.049004594180704464,0.02833078101071962,0.03598774885145484,-0.0444104134762634,0.10107197549770297,2025H2
300778,2025-10-15,2,bull,none,pullback_holds,current_week,0.058506543494996066,0.020785219399538146,0.026173979984603468,-0.03926096997690531,0.10700538876058507,2025H2
300778,2025-10-24,4,bull,none,shrinking_volume_acceleration,current_week,-0.04077253218884125,-0.044349070100143106,-0.09370529327610877,-0.07153075822603716,0.0,2025H2
300778,2025-11-03,0,bull,none,pullback_holds,current_week,0.0007485029940121901,0.021706586826347296,0.0531437125748504,-0.007485029940119681,0.022455089820359264,2025H2
300778,2025-11-04,1,bull,none,pullback_holds,current_week,0.00970149253731356,-0.0014925373134327957,0.06940298507462694,-0.010447761194029903,0.020149253731343242,2025H2
300778,2025-11-17,0,mid,none,shrinking_volume_acceleration,current_week,-0.03171091445427732,0.03761061946902644,-0.05752212389380529,-0.07595870206489674,0.06489675516224191,2025H2
300778,2025-12-31,2,bull,none,shrinking_volume_acceleration,current_week,-0.010806916426512991,-0.005043227665706085,0.010806916426512991,-0.04466858789625372,0.029538904899135465,2025H2
300778,2026-01-12,0,bull,ma_bull,two_day_acceleration,current_week,0.0007235890014472002,0.00940665701881338,0.09261939218523874,-0.03256150506512301,0.0680173661360346,2026H1
300778,2026-01-16,4,bull,ma_bull,two_day_acceleration,current_week,0.029927007299269892,0.024087591240876005,0.1058394160583942,-0.018978102189781132,0.07737226277372256,2026H1
300778,2026-01-22,3,bull,ma_bull,shrinking_volume_acceleration,current_week,-0.008977900552486262,0.0006906077348065587,0.07251381215469621,-0.07182320441988954,0.05110497237569067,2026H1
300778,2026-02-06,4,mid,ma_bull,shrinking_volume_acceleration,current_week,0.029911624745071252,0.027192386131883017,-0.08157715839564927,-0.011556764106050332,0.1325628823929299,2026H1
300778,2026-02-09,0,bull,ma_bull,two_day_acceleration,current_week,0.032215647600263075,-0.11308349769888237,-0.13083497698882318,-0.12031558185404334,0.09533201840894145,2026H1
688549,2025-04-24,3,mid,none,pullback_holds,current_week,-0.009722222222222299,0.016666666666666607,-0.030555555555555558,-0.06805555555555554,0.0625,2025H1
688549,2025-09-08,0,bull,ma_bull,pullback_holds,current_week,-0.02549246813441486,0.11355735805330225,0.12050984936268816,-0.0741599073001159,0.20509849362688293,2025H2
688549,2025-11-10,0,bull,ma_bull,two_day_acceleration,current_week,-0.055019305019304854,-0.12258687258687251,-0.10231660231660222,-0.137065637065637,0.004826254826254983,2025H2
688549,2025-11-13,3,bull,ma_bull,pullback_holds,current_week,-0.059880239520958,-0.08183632734530921,-0.11277445109780426,-0.10778443113772451,0.001996007984031989,2025H2
688549,2025-12-08,0,bull,none,pullback_holds,current_week,-0.024918743228602436,-0.007583965330444253,0.0866738894907908,-0.06717226435536305,0.007583965330444142,2025H2
688549,2025-12-24,2,bull,none,two_day_acceleration,current_week,-0.02250803858520889,0.07288317256162902,0.15434083601286175,-0.03001071811361189,0.1136120042872455,2025H2
688549,2026-01-09,4,bull,macd_stabilizing,shrinking_volume_acceleration,current_week,0.05074626865671639,0.07164179104477597,-0.11442786069651745,-0.029850746268656803,0.1124378109452735,2026H1
688549,2026-01-12,0,bull,none,two_day_acceleration,current_week,0.05009823182711193,0.016699410609037235,-0.1011787819253438,-0.04223968565815317,0.0982318271119842,2026H1
688549,2026-01-15,3,bull,none,two_day_acceleration,current_week,0.022966507177033302,-0.010526315789473828,-0.11961722488038273,-0.04688995215311009,0.0698564593301434,2026H1
688549,2026-01-21,2,bull,macd_cross,two_day_acceleration,current_week,-0.035486806187443154,-0.1701546860782529,0.0009099181073703999,-0.18380345768880801,0.017288444040036266,2026H1
688549,2026-01-23,4,bull,macd_cross,shrinking_volume_acceleration,current_week,-0.0475746268656716,-0.1697761194029851,-0.019589552238806096,-0.17537313432835833,0.004664179104477473,2026H1
688549,2026-03-16,0,mid,none,pullback_holds,current_week,-0.12462311557788941,-0.11356783919598001,-0.07035175879396993,-0.15075376884422131,0.0010050251256281673,2026H1
688549,2026-04-09,3,mid,none,pullback_holds,current_week,0.006514657980455807,0.057546145494028256,0.38110749185667747,-0.015200868621064068,0.08360477741585237,2026H1
688549,2026-04-14,1,mid,none,two_day_acceleration,current_week,0.014893617021276562,0.22765957446808516,0.7861702127659573,-0.03510638297872337,0.29255319148936176,2026H1
688549,2026-04-16,3,mid,none,shrinking_volume_acceleration,current_week,0.0529729729729731,0.32864864864864884,0.8594594594594593,-0.00432432432432428,0.3675675675675676,2026H1
688549,2026-04-21,1,bull,none,two_day_acceleration,current_week,0.21729957805907185,0.3080168776371308,0.7194092827004219,-0.007383966244725815,0.4061181434599155,2026H1
688549,2026-04-22,2,bull,none,two_day_acceleration,current_week,0.1465428276573788,0.36119711042311664,0.6501547987616101,-0.0041279669762640525,0.40970072239422084,2026H1
688549,2026-04-24,4,bull,none,two_day_acceleration,current_week,0.24873609706774502,0.3518705763397372,0.4782608695652175,0.0,0.3811931243680484,2026H1
688549,2026-08-12,2,mid,none,shrinking_volume_acceleration,current_week,-0.06883561643835612,-0.1678082191780822,-0.2280821917808219,-0.19143835616438354,0.053424657534246744,2026H2
688549,2026-08-31,0,bull,ma_bull,shrinking_volume_acceleration,current_week,-0.09061224489795916,-0.06204081632653058,,-0.1440816326530613,0.006938775510204165,2026H2
002136,2025-07-01,1,bull,ma_bull,two_day_acceleration,current_week,-0.012844036697247763,-0.025688073394495303,-0.013761467889908285,-0.0357798165137615,0.041284403669724634,2025H2
002136,2025-07-14,0,bull,none,two_day_acceleration,current_week,0.017641597028783762,0.013927576601671321,0.03899721448467974,-0.03435468895078919,0.05385329619312906,2025H2
002136,2025-07-21,0,bull,none,two_day_acceleration,current_week,-0.005464480874316946,-0.03460837887067403,0.0018214936247722413,-0.05737704918032793,0.009107468123861429,2025H2
002136,2025-07-24,3,bull,none,shrinking_volume_acceleration,current_week,-0.05388127853881297,-0.02100456621004565,0.05662100456620989,-0.05479452054794531,0.00913242009132409,2025H2
002136,2025-08-05,1,bull,ma_bull,pullback_holds,current_week,0.033426183844011303,0.04363974001857018,0.011142061281337101,-0.01671309192200554,0.058495821727019504,2025H2
002136,2025-08-06,2,bull,ma_bull,pullback_holds,current_week,0.0241411327762302,0.06778087279480038,-0.01578458681522743,-0.01671309192200554,0.08635097493036237,2025H2
002136,2025-08-11,0,bull,ma_bull,two_day_acceleration,current_week,-0.015219337511190645,0.017009847806624734,0.012533572068039511,-0.035810205908684,0.06356311548791416,2025H2
002136,2025-08-20,2,bull,ma_bull,two_day_acceleration,current_week,-0.04679376083188913,-0.08145580589254775,-0.025996533795494048,-0.08838821490467952,0.029462738301559765,2025H2
002136,2025-09-01,0,bull,ma_bull,pullback_holds,current_week,0.025385312783318348,0.0389845874886674,-0.01903898458748854,-0.04623753399818675,0.0770625566636447,2025H2
002136,2025-09-08,0,bull,ma_bull,two_day_acceleration,current_week,-0.003478260869565153,-0.05913043478260871,-0.02782608695652178,-0.07391304347826089,0.03304347826086973,2025H2
002136,2025-09-11,3,bull,ma_bull,shrinking_volume_acceleration,current_week,-0.03693931398416883,-0.07211961301671066,-0.027264731750219928,-0.10554089709762537,0.024626209322779147,2025H2
002136,2025-09-30,1,bull,ma_bull,pullback_holds,current_week,0.016378525932666088,0.0263876251137396,0.09736123748862613,-0.030027297543221088,0.05186533212010924,2025H2
002136,2025-10-09,3,bull,macd_stabilizing,two_day_acceleration,current_week,0.00631768953068601,0.02436823104693131,0.1660649819494584,-0.03790613718411551,0.04332129963898912,2025H2
002136,2025-10-13,0,bull,macd_cross,two_day_acceleration,current_week,-0.019130434782608785,-0.019130434782608785,0.35913043478260875,-0.039999999999999925,0.00521739130434784,2025H2
002136,2025-10-22,2,bull,macd_stabilizing,pullback_holds,current_week,-0.005319148936170137,0.0691489361702129,0.2127659574468086,-0.014184397163120477,0.07801418439716312,2025H2
002136,2025-10-23,3,bull,macd_stabilizing,pullback_holds,current_week,-0.01853486319505726,0.14033539276257723,0.16416593115622247,-0.01853486319505726,0.1632833186231244,2025H2
002136,2025-10-24,4,bull,macd_stabilizing,pullback_holds,current_week,0.03801945181255517,0.2564102564102564,0.07957559681697624,-0.016799292661361598,0.2564102564102564,2025H2
002136,2025-11-05,2,bull,ma_bull,shrinking_volume_acceleration,current_week,0.31862745098039214,0.11764705882352944,0.02941176470588225,-0.02450980392156865,0.4501633986928104,2025H2
002136,2026-01-05,0,bull,none,pullback_holds,current_week,0.05618892508143314,0.037459283387622166,0.012214983713354943,-0.005700325732899025,0.0708469055374592,2026H1
002136,2026-01-07,2,bull,none,pullback_holds,current_week,0.024979854955681002,0.05962933118452862,0.04190169218372275,-0.016116035455277955,0.06849315068493156,2026H1
002136,2026-01-08,3,bull,none,pullback_holds,current_week,0.007200000000000095,0.06719999999999993,0.03200000000000003,-0.023199999999999887,0.07279999999999998,2026H1
002136,2026-01-09,4,bull,none,pullback_holds,current_week,-0.019017432646592725,0.07606973058637068,0.04437400950871617,-0.032488114104595844,0.07606973058637068,2026H1
002136,2026-01-12,0,bull,macd_stabilizing,two_day_acceleration,current_week,-0.018489984591679498,0.04391371340523875,0.016949152542372836,-0.05932203389830504,0.06779661016949134,2026H1
002136,2026-01-13,1,bull,none,pullback_holds,current_week,0.013428120063191162,0.050552922590837435,0.04028436018957349,-0.03554502369668244,0.09478672985781977,2026H1
002136,2026-01-14,2,bull,macd_stabilizing,shrinking_volume_acceleration,current_week,0.037066246056782326,0.06703470031545744,0.03391167192429023,-0.037066246056782215,0.09305993690851744,2026H1
002136,2026-01-21,2,bull,ma_bull,two_day_acceleration,current_week,0.034403669724770714,-0.011467889908256867,0.0932721712538227,-0.05733944954128445,0.059633027522935755,2026H1
002136,2026-01-23,4,bull,ma_bull,two_day_acceleration,current_week,-0.036416605972323324,-0.0400582665695558,0.06554989075018214,-0.10196649672250546,0.009468317552804084,2026H1
002136,2026-02-27,4,bull,ma_bull,two_day_acceleration,current_week,-0.010323468685478399,0.0013764624913970014,-0.125258086717137,-0.07501720578114257,0.037164487267721924,2026H1
002136,2026-04-09,3,mid,none,pullback_holds,current_week,0.02305246422893492,0.11446740858505566,0.21383147853736095,-0.014308426073131986,0.15182829888712246,2026H1
002136,2026-04-10,4,mid,none,pullback_holds,current_week,0.023566378633150142,0.09897879025923007,0.20502749410840537,-0.025923016496465,0.13825608798114697,2026H1
002136,2026-04-13,0,mid,none,pullback_holds,current_week,0.052754072924747764,0.09542280837858819,0.1892940263770364,-0.0380139643134213,0.12412723041117135,2026H1
002136,2026-04-22,2,bull,none,two_day_acceleration,current_week,0.07062937062937058,0.06223776223776212,0.009790209790209614,-0.04825174825174838,0.10909090909090913,2026H1
002136,2026-05-06,2,bull,ma_bull,shrinking_volume_acceleration,current_week,-0.006476683937823857,-0.05375647668393779,-0.15349740932642486,-0.09261658031088082,0.0272020725388602,2026H1
002136,2026-06-25,3,bull,none,pullback_holds,current_week,-0.0177383592017738,-0.09830007390982998,-0.10347376201034741,-0.1330376940133038,0.03325942350332589,2026H1
002136,2026-08-28,4,mid,none,shrinking_volume_acceleration,current_week,0.0063341250989708,-0.05304829770387964,,-0.07521773555027722,0.04829770387965149,2026H2
002136,2026-08-31,0,bull,none,two_day_acceleration,current_week,-0.01317829457364339,-0.0744186046511629,,-0.09457364341085273,0.02635658914728678,2026H2
603115,2025-04-01,1,mid,ma_bull,two_day_acceleration,current_week,-0.16440217391304346,-0.11616847826086962,-0.08288043478260876,-0.23505434782608703,0.01902173913043481,2025H1
603115,2025-04-02,2,mid,ma_bull,pullback_holds,current_week,-0.13437926330150074,-0.07503410641200547,-0.05184174624829463,-0.2319236016371078,0.011596180081855367,2025H1
603115,2025-04-03,3,mid,ma_bull,pullback_holds,current_week,-0.08261494252873569,-0.06178160919540221,-0.001436781609195359,-0.1910919540229885,0.0,2025H1
603115,2025-04-23,2,mid,none,shrinking_volume_acceleration,current_week,0.01427498121712989,0.054845980465815236,0.07813673929376397,-0.015026296018031626,0.06160781367392931,2025H1
603115,2025-05-06,1,mid,none,two_day_acceleration,current_week,0.00642857142857145,0.03214285714285725,0.020714285714285685,-0.01285714285714279,0.04142857142857137,2025H1
603115,2025-05-08,3,bull,none,shrinking_volume_acceleration,current_week,0.010014306151645336,0.030042918454935563,0.0400572246065809,-0.010014306151645225,0.046494992846924266,2025H1
603115,2025-05-16,4,bull,none,two_day_acceleration,current_week,0.0041899441340782495,-0.016061452513966512,0.0013966480446927498,-0.0188547486033519,0.0244413407821229,2025H1
603115,2025-05-20,1,bull,none,two_day_acceleration,current_week,-0.006215469613259694,-0.013121546961325947,-0.017955801104972413,-0.03176795580110503,0.013121546961325947,2025H1
603115,2025-05-23,4,bull,none,pullback_holds,current_week,-0.016748080949057886,0.020935101186322358,-0.002093510118632236,-0.021632937892533177,0.02442428471737612,2025H1
603115,2025-05-27,1,mid,none,pullback_holds,current_week,-0.007638888888888862,0.013194444444444509,-0.030555555555555558,-0.026388888888888906,0.02083333333333348,2025H1
603115,2025-05-29,3,bull,none,pullback_holds,current_week,0.012534818941504211,-0.0013927576601671099,-0.016016713091921875,-0.0236768802228412,0.023676880222841312,2025H1
603115,2025-06-03,1,bull,none,pullback_holds,current_week,0.009071877180739651,-0.0013956734124214165,0.018841591067690233,-0.00976971388695047,0.02581995812979776,2025H1
603115,2025-06-04,2,bull,none,pullback_holds,current_week,0.023859649122806914,-0.002105263157894721,0.025964912280701746,-0.009824561403508847,0.03157894736842115,2025H1
603115,2025-06-05,3,bull,none,pullback_holds,current_week,0.019607843137254832,-0.01540616246498605,0.025210084033613356,-0.019607843137254943,0.02941176470588225,2025H1
603115,2025-06-11,2,bull,macd_cross,shrinking_volume_acceleration,current_week,-0.021335168616655187,-0.03922918100481765,0.004817618719889838,-0.0447350309704061,0.006882312456985451,2025H1
603115,2025-06-23,0,bull,macd_stabilizing,pullback_holds,current_week,0.010504201680672232,0.022408963585434094,0.26050420168067223,-0.03291316526610644,0.03571428571428559,2025H1
603115,2025-06-24,1,bull,ma_bull,two_day_acceleration,current_week,0.03546099290780136,0.04042553191489362,0.3156028368794328,-0.020567375886524797,0.04893617021276597,2025H1
603115,2025-06-30,0,bull,ma_bull,two_day_acceleration,current_week,0.01388888888888884,0.032638888888888884,0.09999999999999987,-0.004861111111111094,0.03541666666666665,2025H1
603115,2025-07-04,4,bull,ma_bull,pullback_holds,current_week,0.005536332179930881,0.35916955017301033,0.06643598615916946,-0.00553633217993077,0.35916955017301033,2025H2
603115,2025-07-15,1,bull,ma_bull,pullback_holds,current_week,0.2542258282623393,0.05747126436781613,0.06423258958755906,-0.006085192697768749,0.3799864773495605,2025H2
603115,2025-08-11,0,bull,ma_bull,two_day_acceleration,current_week,0.08118313404657007,0.15166771554436753,0.2504719949653871,-0.011957205789804859,0.21648835745752049,2025H2
603115,2025-08-12,1,bull,ma_bull,pullback_holds,current_week,0.20000000000000018,0.15873015873015883,0.23301587301587312,-0.0006349206349206549,0.22730158730158734,2025H2
603115,2025-09-24,2,bull,ma_bull,pullback_holds,current_week,-0.002169197396963085,0.0048806941431669415,0.08676789587852474,-0.06073752711496749,0.05043383947939262,2025H2
603115,2025-09-29,0,bull,ma_bull,pullback_holds,current_week,-0.02634408602150551,0.018817204301075252,0.029569892473118253,-0.0688172043010753,0.046774193548386966,2025H2
603115,2025-09-30,1,bull,ma_bull,two_day_acceleration,current_week,0.003154574132492316,-0.018927444794952675,0.018401682439537437,-0.08937960042060988,0.023659305993690705,2025H2
603115,2025-10-16,3,bull,none,pullback_holds,current_week,-0.01711229946524062,0.07165775401069507,0.09572192513369004,-0.05508021390374318,0.11122994652406426,2025H2
603115,2025-10-22,2,bull,none,pullback_holds,current_week,0.05894962486602373,0.03804930332261525,0.037513397642015,-0.030546623794212246,0.1136120042872455,2025H2
603115,2025-10-23,3,bull,none,pullback_holds,current_week,0.09209809264305169,0.09046321525885559,0.05940054495912794,-0.0005449591280655142,0.13242506811989108,2025H2
603115,2025-11-13,3,bull,ma_bull,two_day_acceleration,current_week,-0.05078125,-0.1162109375,-0.10888671875,-0.1318359375,0.04296875,2025H2
603115,2025-12-24,2,bull,none,two_day_acceleration,current_week,-0.012664907651714907,0.10448548812664904,0.28232189973614785,-0.01846965699208436,0.13984168865435365,2025H2
603115,2026-01-21,2,bull,ma_bull,shrinking_volume_acceleration,current_week,0.05146443514644328,0.01589958158995808,0.18451882845188283,-0.06066945606694574,0.08912133891213392,2026H1
603115,2026-01-22,3,bull,ma_bull,shrinking_volume_acceleration,current_week,-0.03081914030819133,-0.06001622060016221,0.1394971613949716,-0.08961881589618814,0.05555555555555558,2026H1
603115,2026-05-12,1,bull,ma_bull,shrinking_volume_acceleration,current_week,0.46115807943850706,0.6398149625139573,0.6111022491625457,-0.013399266230658902,0.9460839049290157,2026H1
603115,2026-09-01,1,bull,none,two_day_acceleration,current_week,0.013636363636363669,0.2064935064935065,,-0.06792207792207794,0.2064935064935065,2026H2
603115,2026-09-02,2,mid,none,pullback_holds,current_week,0.06613047363717617,,,-0.019532746074301,0.18600791523043547,2026H2
603115,2026-09-03,3,mid,none,two_day_acceleration,current_week,0.07787500000000014,,,-0.040000000000000036,0.16125000000000012,2026H2
688308,2023-04-06,3,bull,none,shrinking_volume_acceleration,current_week,-0.008404558404558449,-0.03846153846153855,-0.27920227920227925,-0.06267806267806275,0.05242165242165231,2023H1
688308,2023-04-14,4,bull,none,pullback_holds,current_week,-0.07646304997864162,-0.20760358821016667,-0.2803645165883526,-0.22283924248896492,0.05197209169870409,2023H1
688308,2023-04-19,2,bull,none,pullback_holds,current_week,-0.1955745895788722,-0.23840114204139895,-0.2626695217701641,-0.2646680942184154,0.011563169164882314,2023H1
688308,2025-12-25,3,bull,ma_bull,shrinking_volume_acceleration,current_week,0.01740506329113911,0.0025316455696202667,0.37341772151898733,-0.02753164556962029,0.06898734177215182,2025H2
688308,2026-01-07,2,bull,ma_bull,shrinking_volume_acceleration,current_week,-0.020220588235294157,0.24693627450980404,0.4886642156862746,-0.05851715686274506,0.33210784313725505,2026H1
688308,2026-01-08,3,bull,ma_bull,pullback_holds,current_week,0.0009259259259259967,0.23641975308641983,0.45092592592592595,-0.05154320987654315,0.34197530864197545,2026H1
688308,2026-01-09,4,bull,ma_bull,pullback_holds,current_week,0.045741324921135584,0.34258675078864353,0.5264984227129339,-0.030599369085173467,0.37160883280757107,2026H1
688308,2026-01-14,2,bull,ma_bull,pullback_holds,current_week,0.283506780195522,0.6080100914538,0.7026174708293913,-0.005045726900031577,0.6568905707978554,2026H1
688308,2026-01-15,3,bull,ma_bull,pullback_holds,current_week,0.22657685241886094,0.46540110226576825,0.6610532761788117,-0.007654623392529092,0.6086956521739129,2026H1
688308,2026-01-16,4,bull,ma_bull,two_day_acceleration,current_week,0.16666666666666652,0.4597039473684208,0.557017543859649,0.0,0.5060307017543857,2026H1
688308,2026-05-06,2,bull,ma_bull,two_day_acceleration,current_week,0.14387319650477548,0.12578744157691513,0.5037593984962405,-0.04490957122536077,0.2700670595407437,2026H1
688308,2026-05-21,3,mid,ma_bull,shrinking_volume_acceleration,current_week,0.35818965517241397,0.37715517241379315,0.6255172413793104,-0.0057758620689655205,0.47310344827586204,2026H1
688308,2026-08-31,0,bull,none,shrinking_volume_acceleration,current_week,-0.10722301571107928,-0.14211385431544576,,-0.18088145276474177,0.0008161599673537356,2026H2
688633,2025-06-23,0,bull,none,pullback_holds,current_week,0.020997375328083878,0.008623922009748819,0.05399325084364448,-0.013873265841769844,0.038245219347581516,2025H1
688633,2025-06-26,3,bull,none,pullback_holds,current_week,0.030566037735849205,0.0524528301886793,0.05698113207547184,-0.007547169811320753,0.1132075471698113,2025H1
688633,2025-06-27,4,bull,none,pullback_holds,current_week,0.013951734539969785,0.05467571644042235,0.06975867269984914,-0.003016591251885359,0.11236802413273006,2025H1
688633,2025-06-30,0,bull,macd_stabilizing,two_day_acceleration,current_week,-0.012118986412045452,0.03415350716121934,0.033419023136246784,-0.023870730811604846,0.08336393683437393,2025H1
688633,2025-07-01,1,bull,macd_stabilizing,pullback_holds,current_week,0.013264554163596065,0.04384672070744289,0.03131908621960222,-0.020633750921149496,0.08695652173913038,2025H2
688633,2025-07-04,4,bull,none,pullback_holds,current_week,0.04992492492492495,0.048048048048048075,0.04279279279279291,-0.0022522522522522292,0.10735735735735741,2025H2
688633,2025-07-08,1,bull,none,two_day_acceleration,current_week,0.02053314121037464,0.02449567723342949,0.02485590778097979,-0.012968299711815567,0.06268011527377526,2025H2
688633,2025-07-11,4,bull,none,shrinking_volume_acceleration,current_week,-0.001787629603146157,0.014301036825169922,0.01465856274579913,-0.014658562745798909,0.026099392205934935,2025H2
688633,2025-07-21,0,bull,none,pullback_holds,current_week,-0.00424628450106157,0.004600141542816738,-0.01840056617126684,-0.03290870488322717,0.03821656050955413,2025H2
688633,2025-07-22,1,bull,none,two_day_acceleration,current_week,-0.01547660921561722,0.000703482237073505,-0.029897995075624295,-0.03869152303904322,0.03200844178684492,2025H2
688633,2025-07-24,3,bull,none,pullback_holds,current_week,-0.018962432915921257,0.019677996422182487,-0.02862254025044708,-0.022182468694096458,0.04973166368515214,2025H2
688633,2025-07-25,4,bull,none,pullback_holds,current_week,-0.02320675105485237,-0.0021097046413502962,-0.044655414908579494,-0.039029535864978926,0.03164556962025311,2025H2
688633,2025-08-04,0,bull,ma_bull,two_day_acceleration,current_week,0.01405975395430592,-0.02495606326889266,-0.07521968365553588,-0.03866432337434089,0.03866432337434089,2025H2
688633,2025-08-08,4,bull,ma_bull,pullback_holds,current_week,-0.014391014391014423,-0.04633204633204635,-0.07160407160407167,-0.05686205686205692,0.03720603720603721,2025H2
688633,2026-05-06,2,bull,ma_bull,shrinking_volume_acceleration,current_week,0.01651527663088359,-0.004404073768235484,-0.19763281034957325,-0.029452243325075678,0.09358656757500694,2026H1
688633,2026-05-07,3,bull,ma_bull,shrinking_volume_acceleration,current_week,-0.03614457831325302,-0.08647925033467208,-0.23668005354752342,-0.09263721552878179,0.06372155287817938,2026H1
688633,2026-06-18,3,bull,none,shrinking_volume_acceleration,current_week,-0.06340057636887608,-0.032660902977905804,-0.29458853666346463,-0.09990393852065327,0.06500160102465569,2026H1
600570,2025-04-22,1,mid,none,pullback_holds,current_week,-0.02977099236641212,-0.0045801526717556,-0.026717557251908386,-0.04045801526717552,0.06641221374045814,2025H1
600570,2025-04-25,4,mid,none,pullback_holds,current_week,0.03249516441005795,0.05996131528046433,-0.025145067698259305,-0.02746615087040627,0.08085106382978724,2025H1
600570,2025-04-30,2,mid,none,two_day_acceleration,current_week,0.02729340409401071,-0.0094768764215315,0.012509476876421566,-0.022744503411675443,0.05913570887035635,2025H1
600570,2025-05-06,1,mid,none,two_day_acceleration,current_week,-0.03821196827685658,-0.05443403028118243,-0.0378514780100937,-0.07065609228550829,0.007209805335255837,2025H1
600570,2025-05-08,3,bull,none,shrinking_volume_acceleration,current_week,-0.0063646574316735816,-0.0213403219767877,0.0063646574316733595,-0.03481842006739044,0.04605016847622623,2025H1
600570,2025-05-30,4,mid,none,pullback_holds,current_week,0.006686478454680511,0.1341010401188707,0.24591381872213947,-0.03231797919762258,0.1341010401188707,2025H1
600570,2025-06-05,3,bull,none,two_day_acceleration,current_week,-0.02052785923753675,0.055718475073313734,0.17192082111436946,-0.0450879765395894,0.16202346041055704,2025H1
600570,2025-06-20,4,mid,none,pullback_holds,current_week,0.2195298372513561,0.1844484629294756,0.2180831826401446,-0.0021699819168173873,0.2936708860759494,2025H1
600570,2025-07-08,1,bull,ma_bull,two_day_acceleration,current_week,-0.0017772511848339612,-0.033175355450236865,0.03761848341232232,-0.04028436018957349,0.03969194312796209,2025H2
600570,2025-07-24,3,bull,ma_bull,two_day_acceleration,current_week,0.06847697756788662,0.01564344746162938,0.10537190082644621,-0.018595041322314154,0.13606847697756796,2025H2
600570,2025-08-11,0,bull,ma_bull,two_day_acceleration,current_week,0.06960227272727271,0.1090909090909089,0.0,-0.010795454545454608,0.14261363636363633,2025H2
600570,2025-08-12,1,bull,ma_bull,pullback_holds,current_week,0.020362622036262046,0.06415620641562048,-0.03960948396094843,-0.02705718270571822,0.12189679218967919,2025H2
600570,2025-08-15,4,bull,ma_bull,two_day_acceleration,current_week,0.04086603518267928,0.014614343707713084,-0.05277401894451972,-0.0330175913396481,0.08849797023004058,2025H2
600570,2025-08-20,2,bull,ma_bull,shrinking_volume_acceleration,current_week,-0.02493438320209984,-0.08582677165354335,-0.08031496062992127,-0.09186351706036744,0.05564304461942249,2025H2
600570,2025-08-22,4,bull,ma_bull,shrinking_volume_acceleration,current_week,-0.046055979643765954,-0.12111959287531815,-0.1475826972010179,-0.15165394402035626,0.023409669211195805,2025H2
600570,2025-09-17,2,bull,ma_bull,pullback_holds,current_week,-0.03965517241379313,0.015229885057471026,-0.08160919540229894,-0.07787356321839078,0.020689655172413834,2025H2
600570,2025-09-25,3,bull,none,two_day_acceleration,current_week,-0.013913043478260834,-0.09739130434782606,-0.08811594202898543,-0.10086956521739132,0.029565217391304355,2025H2
600570,2025-09-30,1,bull,none,pullback_holds,current_week,-0.04200463499420637,-0.08574739281575905,-0.13615295480880651,-0.1013904982618773,0.028968713789107703,2025H2
600570,2025-10-09,3,bull,macd_stabilizing,two_day_acceleration,current_week,-0.08140531276778051,-0.08711796629534407,-0.14081690945444147,-0.11396743787489283,0.0008568980291345785,2025H2
600570,2025-11-18,1,mid,none,two_day_acceleration,current_week,-0.006688963210702448,-0.03076923076923077,-0.0304347826086957,-0.058528428093645446,0.014046822742474818,2025H2
600570,2025-11-19,2,mid,none,pullback_holds,current_week,-0.008372404554588098,-0.05257870060281311,-0.011051574012056253,-0.05860683188211657,0.015405224380442117,2025H2
600570,2025-12-22,0,bull,none,pullback_holds,current_week,0.023728813559322104,0.04949152542372892,0.09525423728813576,-0.015254237288135575,0.07627118644067798,2025H2
600570,2025-12-25,3,bull,none,two_day_acceleration,current_week,0.025008336112037455,0.11437145715238417,0.07069023007669206,-0.0036678892964322474,0.12170723574524844,2025H2
301325,2025-07-17,3,bull,none,pullback_holds,current_week,0.017807089859851688,-0.0004946413849957754,-0.0023083264633141365,-0.005770816158285119,0.07650453421269598,2025H2
301325,2025-07-18,4,bull,none,pullback_holds,current_week,-0.0041942248749797795,-0.030811421196967337,-0.0033876431682529073,-0.035166962413292424,0.05323439264397489,2025H2
301325,2025-08-07,3,bull,ma_bull,pullback_holds,current_week,-0.020873786407767048,0.021197411003236244,0.018770226537216717,-0.031391585760517926,0.05372168284789636,2025H2
301325,2025-08-11,0,bull,ma_bull,pullback_holds,current_week,0.029928432010409844,0.07579700715679882,0.12865972674040327,-0.0263500325309044,0.09791802212101497,2025H2
301325,2025-08-12,1,bull,ma_bull,pullback_holds,current_week,0.04421602218959042,0.052373959862946684,0.1204111600587372,-0.019742209169521963,0.10132158590308382,2025H2
301325,2025-08-13,2,bull,ma_bull,pullback_holds,current_week,0.04012841091492758,-0.0032102728731943087,0.09695024077046543,-0.03563402889245593,0.08346709470304958,2025H2
301325,2025-08-15,4,bull,ma_bull,shrinking_volume_acceleration,current_week,0.026036644165863043,-0.030376084860173624,0.12552234008357455,-0.058180649308903876,0.08486017357762776,2025H2
301325,2025-08-18,0,bull,ma_bull,two_day_acceleration,current_week,0.04651898734177218,0.0030063291139239556,0.07151898734177209,-0.07278481012658233,0.06803797468354422,2025H2
301325,2025-08-20,2,bull,ma_bull,shrinking_volume_acceleration,current_week,-0.03825305869598894,-0.004800991172371094,0.06984667802385003,-0.09245779773888807,0.04537711011305556,2025H2
301325,2025-08-22,4,bull,ma_bull,shrinking_volume_acceleration,current_week,-0.055572949279899864,0.07748904195366313,0.04962429555416392,-0.08265497808390732,0.07921102066374441,2025H2
301325,2025-09-04,3,mid,ma_bull,pullback_holds,current_week,0.1072790845518119,0.10632549268912905,-0.018595041322314043,0.0,0.15193897012078827,2025H2
301325,2025-09-11,3,bull,ma_bull,two_day_acceleration,current_week,-0.0008612028132625182,-0.05454284483995975,-0.2188890483708913,-0.08224486866657088,0.04033299842112825,2025H2
301325,2025-10-09,3,bull,ma_bull,two_day_acceleration,current_week,-0.13064096680434456,-0.1479271837234205,-0.1494569374330733,-0.17072051399724653,0.00611901483861077,2025H2
301325,2025-11-14,4,bull,none,shrinking_volume_acceleration,current_week,-0.16890380313199105,-0.16171300735059124,-0.2106104186641099,-0.17513582614253742,0.020773410035155093,2025H2
301325,2025-12-08,0,bull,none,pullback_holds,current_week,-0.022551928783382746,-0.020771513353115778,0.043125618199802096,-0.05143422354104854,0.008902077151335286,2025H2
301325,2025-12-24,2,bull,none,two_day_acceleration,current_week,-0.010763209393346296,0.03385518590998027,0.09921722113502929,-0.019569471624266144,0.04266144814090023,2025H2
301325,2025-12-29,0,bull,none,shrinking_volume_acceleration,current_week,0.03392156862745099,0.040784313725490184,0.030392156862745212,-0.013333333333333308,0.08078431372549022,2025H2
603529,2024-11-26,1,mid,ma_bull,shrinking_volume_acceleration,current_week,0.0435695538057741,0.11286089238845132,0.06587926509186337,-0.03543307086614178,0.1280839895013124,2024H2
603529,2024-11-28,3,mid,ma_bull,pullback_holds,current_week,0.02404227212681631,0.13896961690885057,0.09088507265521795,-0.029062087186261576,0.16195508586525764,2024H2
603529,2025-01-24,4,mid,ma_bull,pullback_holds,current_week,-0.0679866412213741,-0.05391221374045796,-0.013120229007633655,-0.10066793893129766,0.027433206106870278,2025H1
603529,2025-02-19,2,bull,ma_bull,shrinking_volume_acceleration,current_week,-0.08729201832650102,0.010368941403424259,0.10393055220641423,-0.09766095972992517,0.027248613455510107,2025H1
603529,2025-03-07,4,bull,macd_stabilizing,shrinking_volume_acceleration,current_week,0.050420168067226934,0.1366782006920415,0.05610479485912023,-0.03534354918437965,0.16089965397923867,2025H1
603529,2025-04-24,3,mid,ma_bull,pullback_holds,current_week,0.02470286646469333,-0.07504078303425787,-0.13563271964577017,-0.08040083896527617,0.039384758797483155,2025H1
603529,2025-04-25,4,mid,ma_bull,pullback_holds,current_week,-0.0056457304163725075,-0.04493060456363196,-0.12208892025405782,-0.0757468830863326,0.049164902375911534,2025H1
603529,2025-04-30,2,mid,ma_bull,pullback_holds,current_week,-0.06204044117647067,-0.07582720588235303,-0.15303308823529416,-0.09719669117647067,0.02481617647058809,2025H1
603529,2025-05-06,1,mid,macd_stabilizing,two_day_acceleration,current_week,-0.10648356596127884,-0.0965781179648807,-0.17762269248086449,-0.11548851868527699,0.004052228725799134,2025H1
603529,2025-06-03,1,bull,none,shrinking_volume_acceleration,current_week,-0.038252848616386226,-0.082202930005426,-0.048833423765599515,-0.08600108518719485,0.0010851871947910041,2025H1
603529,2025-06-25,2,bull,none,two_day_acceleration,current_week,0.012968299711815456,0.054755043227665556,0.036887608069164246,-0.028530259365994293,0.07636887608069154,2025H1
603529,2025-06-27,4,bull,none,pullback_holds,current_week,0.07494145199063218,0.04713114754098369,0.0714285714285714,-0.004098360655737765,0.09338407494145184,2025H1
603529,2025-06-30,0,bull,none,pullback_holds,current_week,0.04854651162790713,0.04651162790697683,0.05087209302325579,-0.006104651162790686,0.08575581395348841,2025H1
002462,2023-03-16,3,mid,none,pullback_holds,current_week,-0.028439153439153486,-0.046957671957671976,-0.007275132275132323,-0.05555555555555558,0.000661375661375585,2023H1
002462,2023-04-13,3,bull,none,two_day_acceleration,current_week,-0.005369127516778538,0.10469798657718132,0.04026845637583887,-0.03691275167785235,0.1463087248322148,2023H1
002462,2023-04-17,0,bull,none,two_day_acceleration,current_week,0.0039551746868820015,0.09228740936058011,0.015820698747528006,-0.05405405405405406,0.12590639419907723,2023H1
002462,2023-05-04,3,bull,ma_bull,two_day_acceleration,current_week,-0.06035003017501506,-0.0700060350030175,-0.10742305371152683,-0.09112854556427274,0.0,2023H1
002462,2025-07-07,0,bull,none,pullback_holds,current_week,0.018532246108228234,0.036323202372127605,0.0793180133432172,-0.003706449221645758,0.04151223128243142,2025H2
002462,2025-07-08,1,bull,none,two_day_acceleration,current_week,-0.0007358351729211954,0.024282560706401668,0.13539367181751283,-0.011037527593819041,0.03384841795437832,2025H2
002462,2025-07-10,3,bull,none,shrinking_volume_acceleration,current_week,0.006564551422319376,0.013858497447118756,0.086068563092633,-0.01969365426695857,0.024799416484317938,2025H2
002462,2025-07-11,4,bull,none,pullback_holds,current_week,0.01615271659324513,0.033039647577092435,0.10279001468428772,-0.013215859030837107,0.06828193832599116,2025H2
002462,2025-07-14,0,bull,ma_bull,shrinking_volume_acceleration,current_week,0.018208302986161717,0.01966496722505462,0.10050983248361245,-0.021121631463947632,0.05972323379461031,2025H2
002462,2025-07-21,0,bull,ma_bull,shrinking_volume_acceleration,current_week,0.004304160688665792,0.04447632711621252,0.045911047345767564,-0.012912482065997155,0.11119081779053097,2025H2
002462,2025-07-24,3,bull,ma_bull,pullback_holds,current_week,0.03586800573888094,0.06814921090387371,0.04878048780487809,-0.010043041606886516,0.14921090387374458,2025H2
002462,2025-07-25,4,bull,ma_bull,two_day_acceleration,current_week,0.038406827880512084,0.06827880512091022,0.0362731152204836,-0.01849217638691325,0.13940256045519206,2025H2
002462,2025-08-01,4,bull,ma_bull,shrinking_volume_acceleration,current_week,0.03872752420470249,0.006224066390041472,-0.016597510373444035,-0.012448132780082943,0.10788381742738573,2025H2
002462,2025-08-08,4,bull,ma_bull,shrinking_volume_acceleration,current_week,-0.022834116856950915,-0.02149093351242448,-0.06447280053727344,-0.033579583613163155,0.022834116856951026,2025H2
002462,2025-08-19,1,bull,ma_bull,pullback_holds,current_week,-0.006793478260869512,-0.040760869565217406,-0.05163043478260865,-0.0625,0.0,2025H2
002462,2025-08-25,0,bull,ma_bull,pullback_holds,current_week,-0.024640657084188833,-0.037645448323066266,-0.06365503080082136,-0.06297056810403834,0.005475701574264136,2025H2
002462,2025-08-26,1,bull,ma_bull,pullback_holds,current_week,-0.034199726402188824,-0.04787961696306442,-0.08071135430916565,-0.06361149110807118,0.0020519835841312783,2025H2
002462,2025-09-08,0,bull,ma_bull,pullback_holds,current_week,-0.0028530670470755526,-0.024251069900142697,-0.029957203994293913,-0.03495007132667605,0.015691868758915817,2025H2
002462,2025-09-10,2,bull,ma_bull,pullback_holds,current_week,-0.011363636363636354,-0.03338068181818188,-0.025568181818181768,-0.06249999999999989,0.007102272727272707,2025H2
002462,2025-09-11,3,bull,ma_bull,pullback_holds,current_week,-0.02256699576868837,0.023272214386459877,-0.046544428772919644,-0.06911142454160779,0.05571227080394925,2025H2
002462,2025-09-12,4,bull,ma_bull,pullback_holds,current_week,-0.03342816500711243,0.0014224751066855834,-0.01778093883357046,-0.061166429587482196,0.06472261735419638,2025H2
002462,2025-09-24,2,bull,none,shrinking_volume_acceleration,current_week,0.01033210332103307,0.012546125461254665,0.02804428044280427,-0.01918819188191878,0.10479704797047962,2025H2
002462,2025-09-26,4,mid,none,pullback_holds,current_week,-0.030714285714285694,-0.013571428571428568,0.02571428571428558,-0.0507142857142856,0.0,2025H2
002462,2025-10-21,1,bull,macd_stabilizing,pullback_holds,current_week,0.010079193664506825,0.03527717782577389,0.1166306695464363,-0.007919366450683918,0.043916486681065514,2025H2
002462,2025-10-22,2,bull,macd_stabilizing,two_day_acceleration,current_week,-0.00998573466476449,0.032097004279600716,0.06490727532097007,-0.017118402282453538,0.03851640513552068,2025H2
002462,2025-11-03,0,bull,none,two_day_acceleration,current_week,0.027177700348432143,0.09616724738675964,0.10522648083623709,-0.0076655052264807955,0.16306620209059242,2025H2
002462,2025-11-05,2,bull,none,shrinking_volume_acceleration,current_week,0.044413601665510116,0.036086051353226845,0.07425399028452473,-0.002081887578070707,0.15822345593337972,2025H2
002462,2025-11-06,3,bull,none,two_day_acceleration,current_week,0.05263157894736836,0.031442241968557605,0.05263157894736836,-0.004784688995215336,0.14080656185919338,2025H2
002462,2025-11-10,0,bull,macd_cross,two_day_acceleration,current_week,0.07006802721088423,-0.0027210884353742193,0.02857142857142847,-0.017006802721088454,0.13537414965986394,2025H2
002462,2025-11-11,1,bull,macd_cross,shrinking_volume_acceleration,current_week,0.04093959731543628,0.0288590604026846,-0.004697986577181235,-0.030201342281879096,0.12013422818791941,2025H2
002462,2025-11-13,3,bull,macd_cross,two_day_acceleration,current_week,-0.014369693011103912,0.007184846505551956,-0.001306335728282093,-0.05617243631613322,0.09013716525146975,2025H2
002462,2026-02-09,0,bull,ma_bull,shrinking_volume_acceleration,current_week,-0.0351851851851851,-0.07098765432098753,-0.08209876543209871,-0.07222222222222208,0.004938271604938427,2026H1
002462,2026-04-09,3,mid,none,pullback_holds,current_week,0.00974251913709101,-0.029923451635351483,-0.06123869171885876,-0.0375782881002088,0.022268615170494055,2026H1
002462,2026-04-10,4,mid,none,pullback_holds,current_week,-0.02263374485596703,-0.05006858710562412,-0.04663923182441698,-0.06104252400548704,0.004801097393690057,2026H1
002462,2026-04-29,2,bull,none,pullback_holds,current_week,-0.005010737294201872,-0.032927702219040844,0.0014316392269146938,-0.06442376521116677,0.007158196134574135,2026H1
002462,2026-05-08,4,bull,none,pullback_holds,current_week,-0.02877697841726623,-0.015107913669064832,-0.012230215827338076,-0.05971223021582739,0.012230215827338187,2026H1
002462,2026-05-11,0,bull,none,pullback_holds,current_week,-0.029454022988505746,0.005028735632183867,-0.08477011494252873,-0.06106321839080453,0.012931034482758674,2026H1
002462,2026-05-20,2,bull,none,pullback_holds,current_week,0.022794117647058965,0.0,-0.013970588235294068,-0.026470588235294024,0.047794117647058876,2026H1
301002,2025-06-09,0,bull,ma_bull,shrinking_volume_acceleration,current_week,-0.04483430799220267,-0.023391812865497075,0.08235867446393774,-0.08430799220272911,0.058479532163742576,2025H1
301002,2025-06-26,3,bull,ma_bull,shrinking_volume_acceleration,current_week,0.06745017884517113,0.10321921308124682,0.10884006131834445,-0.018395503321410267,0.23454266734798157,2025H1
301002,2025-06-27,4,bull,ma_bull,pullback_holds,current_week,0.15148413510747183,0.12128966223132043,0.1340839303991812,-0.0005117707267143778,0.23643807574206765,2025H1
301002,2025-07-03,3,bull,ma_bull,shrinking_volume_acceleration,current_week,0.03748197981739554,0.06054781355117744,0.042287361845266824,-0.0028832292167226825,0.16098029793368585,2025H2
301002,2025-07-21,0,bull,ma_bull,two_day_acceleration,current_week,0.003539823008849474,0.022123893805309658,0.02920353982300883,-0.053097345132743334,0.0234513274336281,2025H2
301002,2025-07-25,4,bull,ma_bull,shrinking_volume_acceleration,current_week,0.0013513513513514486,0.07162162162162167,0.38378378378378386,-0.030180180180180094,0.09459459459459474,2025H2
301002,2025-07-28,0,bull,ma_bull,two_day_acceleration,current_week,0.02393617021276606,0.06471631205673756,0.4011524822695036,-0.04565602836879423,0.0771276595744681,2025H2
301002,2025-08-25,0,bull,ma_bull,shrinking_volume_acceleration,current_week,0.01582376667700891,0.0822215327334781,0.2928948184920881,-0.14644740924604416,0.0856345020167546,2025H2
301002,2025-12-08,0,bull,none,two_day_acceleration,current_week,-0.06430446194225725,0.12335958005249359,0.29527559055118124,-0.11351706036745413,0.19717847769028873,2025H2
301002,2025-12-09,1,mid,none,pullback_holds,current_week,-0.08456729187232648,0.06087528792365915,0.28232971372161897,-0.11089174070417906,0.20072392234287606,2025H2
301002,2026-01-23,4,bull,macd_cross,two_day_acceleration,current_week,-0.12052859421280471,-0.09774436090225558,0.039416723627249795,-0.14581909318751418,0.012759170653907637,2026H1
301002,2026-02-04,2,mid,ma_bull,pullback_holds,current_week,0.0312180143295806,0.17169907881269197,0.079324462640737,-0.08316274309109517,0.18679631525076767,2026H1
301002,2026-02-05,3,mid,ma_bull,pullback_holds,current_week,0.03477608206154614,0.17538153615211427,0.01300975731798859,-0.10357768326244687,0.18814110582937205,2026H1
301002,2026-02-06,4,mid,ma_bull,pullback_holds,current_week,0.06165072974333152,0.14796175138399592,-0.021137393054856624,-0.09838953195772526,0.21665827881227973,2026H1
301002,2026-02-12,3,bull,ma_bull,two_day_acceleration,current_week,0.14362220058422603,0.02799415774099323,-0.1555501460564752,-0.03773125608568639,0.1769717624148004,2026H1
301002,2026-02-27,4,bull,ma_bull,shrinking_volume_acceleration,current_week,-0.09182795698924717,-0.1292473118279569,-0.23677419354838702,-0.14989247311827958,0.03978494623655915,2026H1
301002,2026-04-09,3,mid,none,pullback_holds,current_week,0.09840065058281389,0.23502304147465436,0.47384114936297106,-0.01870425589590674,0.3003523990241257,2026H1
301002,2026-04-21,1,bull,none,shrinking_volume_acceleration,current_week,0.06928046335486737,0.1746491423479617,0.27689908665627083,-0.06437959456449094,0.214969926486968,2026H1
301002,2026-04-23,3,bull,none,two_day_acceleration,current_week,0.059044670499778906,0.20234409553295007,0.30871295886775774,-0.07120743034055721,0.23794781070322868,2026H1
301002,2026-04-24,4,bull,macd_cross,shrinking_volume_acceleration,current_week,0.061246730601569155,0.32933740191804706,0.23801220575414117,-0.08456843940714909,0.38230165649520487,2026H1
301002,2026-05-06,2,bull,ma_bull,shrinking_volume_acceleration,current_week,0.25159039605992195,0.1965934742458444,0.004514672686230181,-0.01374923045351939,0.3359326903344959,2026H1
301002,2026-08-05,2,mid,none,shrinking_volume_acceleration,current_week,0.02867132867132871,0.019230769230769162,-0.01993006993006996,-0.030769230769230882,0.09090909090909083,2026H2
000541,2023-08-01,1,bull,ma_bull,two_day_acceleration,current_week,-0.005281690140845008,-0.022887323943661997,-0.073943661971831,-0.04577464788732388,0.007042253521126751,2023H2
000541,2023-11-16,3,mid,ma_bull,pullback_holds,current_week,-0.035809018567639184,-0.04111405835543758,-0.09946949602122013,-0.051724137931034475,0.01458885941644561,2023H2
000541,2023-11-17,4,mid,ma_bull,pullback_holds,current_week,-0.0490066225165563,-0.03708609271523167,-0.11390728476821188,-0.05298013245033106,0.013245033112582849,2023H2
000541,2024-02-22,3,bull,none,pullback_holds,current_week,0.04933586337760909,0.026565464895635715,0.08918406072106255,-0.00948766603415574,0.08728652751423138,2024H1
000541,2024-02-23,4,bull,none,two_day_acceleration,current_week,0.035185185185184986,0.012962962962962843,0.03888888888888897,-0.02777777777777779,0.061111111111111116,2024H1
000541,2024-02-27,1,bull,none,shrinking_volume_acceleration,current_week,-0.031858407079646156,-0.008849557522123908,-0.02831858407079646,-0.07079646017699126,0.014159292035398341,2024H1
000541,2024-03-11,0,bull,none,two_day_acceleration,current_week,0.025134649910233398,-0.019748653500897717,-0.012567324955116699,-0.019748653500897717,0.037701974865349985,2024H1
000541,2024-03-14,3,bull,none,pullback_holds,current_week,0.036101083032491044,-0.014440433212996373,-0.032490974729241784,-0.05595667870036092,0.04332129963898912,2024H1
000541,2024-03-15,4,bull,none,shrinking_volume_acceleration,current_week,-0.005319148936170137,0.015957446808510856,-0.11524822695035453,-0.07269503546099276,0.06560283687943258,2024H1
000541,2024-03-20,2,bull,none,shrinking_volume_acceleration,current_week,-0.07853403141361259,-0.0017452006980803736,-0.059336823734729593,-0.0872600349040139,0.054101221640488584,2024H1
000541,2025-05-12,0,bull,none,shrinking_volume_acceleration,current_week,-0.024242424242424288,-0.06363636363636371,-0.059090909090909194,-0.07272727272727275,0.004545454545454408,2025H1
000541,2025-05-28,2,mid,none,pullback_holds,current_week,-0.006379585326953707,-0.006379585326953707,0.011164274322168932,-0.02392344497607657,0.012759170653907415,2025H1
000541,2025-05-29,3,bull,none,pullback_holds,current_week,-0.01118210862619795,-0.019169329073482344,0.006389776357827559,-0.022364217252396124,0.006389776357827559,2025H1
000541,2025-06-04,2,bull,none,pullback_holds,current_week,0.0,-0.012779552715655007,0.09265175718849838,-0.025559105431309792,0.006389776357827559,2025H1
000541,2025-06-09,0,bull,none,pullback_holds,current_week,-0.01757188498402551,-0.027156549520766737,0.04952076677316297,-0.054313099041533475,0.006389776357827559,2025H1
000541,2025-06-10,1,bull,none,pullback_holds,current_week,-0.001612903225806428,-0.004838709677419395,0.06451612903225823,-0.04516129032258065,0.016129032258064502,2025H1
000541,2025-06-11,2,bull,none,pullback_holds,current_week,-0.009615384615384692,-0.0032051282051283048,0.09134615384615397,-0.05128205128205132,0.009615384615384581,2025H1
000541,2025-06-12,3,bull,none,pullback_holds,current_week,-0.027375201288244777,0.02093397745571668,0.07729468599033829,-0.04669887278582929,0.03542673107890493,2025H1
000541,2025-06-23,0,bull,none,shrinking_volume_acceleration,current_week,0.05280528052805278,0.08415841584158401,0.09735973597359737,0.0,0.20462046204620443,2025H1
000541,2025-06-24,1,bull,none,pullback_holds,current_week,0.0858995137763372,0.06969205834683967,0.08752025931928697,-0.0032414910858994395,0.1831442463533226,2025H1
000541,2025-06-25,2,bull,none,pullback_holds,current_week,0.09791332263242358,0.0930979133226324,0.051364365971107384,-0.0048154093097914075,0.1717495987158908,2025H1
000541,2025-06-26,3,bull,none,two_day_acceleration,current_week,0.04238618524332827,0.050235478806907485,0.03924646781789631,-0.017268445839874413,0.14599686028257453,2025H1
000541,2025-06-30,0,bull,none,shrinking_volume_acceleration,current_week,0.028169014084507005,0.07511737089201875,0.04381846635367759,-0.003129890453834161,0.1424100156494521,2025H1
000541,2025-07-22,1,bull,none,pullback_holds,current_week,-0.01492537313432829,-0.0313432835820896,0.06417910447761188,-0.05074626865671639,0.011940298507462588,2025H2
000541,2025-07-28,0,bull,none,pullback_holds,current_week,-0.03463855421686757,-0.02259036144578319,0.06325301204819267,-0.04216867469879526,0.001506024096385561,2025H2
000541,2025-08-11,0,bull,ma_bull,pullback_holds,current_week,0.05222734254992334,0.08448540706605234,0.029185867895545448,-0.01228878648233489,0.14439324116743468,2025H2
000541,2025-08-12,1,bull,ma_bull,pullback_holds,current_week,0.09861325115562392,0.08782742681047773,0.018489984591679498,-0.006163328197226536,0.14791987673343598,2025H2
000541,2025-08-13,2,bull,ma_bull,pullback_holds,current_week,0.07798165137614665,0.042813455657492394,0.003058103975535298,-0.012232415902140636,0.13914373088685017,2025H2
000541,2025-08-14,3,bull,ma_bull,two_day_acceleration,current_week,0.08283132530120474,0.03765060240963858,-0.001506024096385672,-0.0060240963855421326,0.12198795180722888,2025H2
000541,2025-09-16,1,bull,ma_bull,pullback_holds,current_week,-0.03003003003003002,-0.0495495495495496,-0.0495495495495496,-0.07507507507507505,0.028528528528528607,2025H2
000541,2025-09-17,2,bull,ma_bull,pullback_holds,current_week,-0.04424778761061943,-0.05752212389380529,-0.06194690265486724,-0.09144542772861353,0.010324483775811188,2025H2
000541,2025-09-18,3,mid,ma_bull,pullback_holds,current_week,-0.044977511244377766,-0.04047976011993992,-0.038980509745127456,-0.07646176911544222,0.0059970014992503096,2025H2
000541,2025-09-19,4,mid,ma_bull,pullback_holds,current_week,-0.0453172205438066,-0.04380664652567978,-0.033232628398791486,-0.07854984894259809,0.007552870090634434,2025H2
000541,2025-10-09,3,bull,none,two_day_acceleration,current_week,-0.007861635220125729,0.0,0.004716981132075526,-0.04088050314465408,0.012578616352201255,2025H2
000541,2025-10-10,4,bull,none,pullback_holds,current_week,-0.008038585209003135,0.030546623794212246,0.027331189710610992,-0.019292604501607635,0.03536977491961424,2025H2
000541,2025-10-21,1,bull,none,pullback_holds,current_week,0.01754385964912264,0.006379585326953707,0.022328548644338087,-0.006379585326953707,0.030303030303030276,2025H2
000541,2025-10-22,2,bull,none,pullback_holds,current_week,0.011093502377178988,0.011093502377178988,0.0015847860538826808,-0.01267828843106178,0.023771790808240878,2025H2
000541,2025-10-23,3,bull,none,pullback_holds,current_week,-0.018897637795275646,0.006299212598425141,-0.007874015748031593,-0.018897637795275646,0.017322834645669305,2025H2
000541,2025-10-24,4,bull,none,pullback_holds,current_week,-0.023255813953488413,-0.009302325581395321,-0.05736434108527133,-0.03410852713178292,0.0015503875968991832,2025H2
000541,2025-11-04,1,bull,none,pullback_holds,current_week,0.04465709728867617,0.022328548644338087,-0.014354066985646008,-0.0015948963317385934,0.05263157894736836,2025H2
000541,2025-11-05,2,bull,none,pullback_holds,current_week,0.018808777429467183,-0.00940438871473348,-0.029780564263322762,-0.012539184952978122,0.034482758620689724,2025H2
000541,2025-11-06,3,bull,none,pullback_holds,current_week,0.01721439749608744,-0.014084507042253613,-0.04225352112676062,-0.017214397496087663,0.032863849765258246,2025H2
000541,2025-11-07,4,bull,none,pullback_holds,current_week,0.01716068642745716,-0.05148205928237126,-0.03588143525741039,-0.05148205928237126,0.029641185647425905,2025H2
000541,2025-11-11,1,bull,none,two_day_acceleration,current_week,-0.0243531202435312,-0.06240487062404876,-0.06544901065449005,-0.07458143074581436,0.004566210045662045,2025H2
300081,2023-11-08,2,mid,macd_cross,two_day_acceleration,current_week,0.10021321961620466,0.049040511727078684,0.08955223880597019,-0.04051172707889139,0.21321961620469088,2023H2
300081,2024-02-27,1,bull,none,shrinking_volume_acceleration,current_week,-0.025609756097560887,-0.023170731707316983,-0.06707317073170715,-0.12804878048780477,0.021951219512195363,2024H1
002102,2025-04-21,0,mid,none,two_day_acceleration,current_week,0.021582733812949506,0.03956834532374098,0.1151079136690647,-0.003597122302158362,0.07913669064748197,2025H1
002102,2025-04-22,1,mid,none,two_day_acceleration,current_week,0.013986013986013957,-0.013986013986013957,0.09440559440559437,-0.02447552447552437,0.04895104895104896,2025H1
002102,2025-04-23,2,mid,none,pullback_holds,current_week,0.0,-0.024390243902438935,0.132404181184669,-0.03135888501742157,0.04529616724738683,2025H1
002102,2025-05-06,1,mid,macd_stabilizing,shrinking_volume_acceleration,current_week,-0.03412969283276457,0.05119453924914663,0.15017064846416384,-0.05460750853242324,0.06484641638225264,2025H1
002102,2025-05-08,3,bull,macd_stabilizing,pullback_holds,current_week,-0.01041666666666663,0.07638888888888906,0.13888888888888906,-0.03819444444444442,0.10416666666666674,2025H1
002102,2025-05-13,1,bull,none,pullback_holds,current_week,0.08833922261484095,0.14134275618374548,0.16607773851590113,-0.021201413427561877,0.1590106007067138,2025H1
002102,2025-05-14,2,bull,none,pullback_holds,current_week,0.11660777385159005,0.1307420494699647,0.15547703180212014,-0.007067137809187329,0.1590106007067138,2025H1
002102,2025-05-15,3,bull,none,pullback_holds,current_week,0.09154929577464799,0.14788732394366222,0.11267605633802824,-0.007042253521126751,0.16901408450704247,2025H1
002102,2025-05-16,4,bull,macd_stabilizing,two_day_acceleration,current_week,0.07191780821917804,0.10616438356164393,0.09931506849315075,-0.003424657534246478,0.13698630136986312,2025H1
002102,2025-05-19,0,bull,none,two_day_acceleration,current_week,0.08333333333333326,0.08000000000000007,0.050000000000000044,-0.00666666666666671,0.10666666666666669,2025H1
002102,2025-05-20,1,bull,ma_bull,shrinking_volume_acceleration,current_week,0.04870129870129869,0.0941558441558441,0.012987012987013102,-0.006493506493506551,0.09740259740259738,2025H1
002102,2025-06-06,4,bull,ma_bull,pullback_holds,current_week,-0.033639143730886834,-0.07033639143730885,0.11314984709480136,-0.07033639143730885,0.030581039755351647,2025H1
002102,2025-06-10,1,bull,ma_bull,pullback_holds,current_week,-0.03963414634146356,-0.03658536585365857,0.14329268292682928,-0.0792682926829269,0.009146341463414531,2025H1
002102,2025-06-11,2,bull,ma_bull,pullback_holds,current_week,-0.04878048780487809,-0.03658536585365857,0.15243902439024382,-0.0792682926829269,0.009146341463414531,2025H1
002102,2025-06-16,0,bull,ma_bull,pullback_holds,current_week,-0.034267912772585674,-0.015576323987538832,0.22429906542056077,-0.05919003115264798,0.009345794392523477,2025H1
002102,2025-06-24,1,bull,ma_bull,pullback_holds,current_week,0.09779179810725558,0.18296529968454256,0.26813880126182976,-0.028391167192428957,0.20189274447949535,2025H1
002102,2025-06-25,2,bull,ma_bull,pullback_holds,current_week,0.09810126582278489,0.19620253164556956,0.2943037974683542,-0.025316455696202556,0.23417721518987333,2025H1
002102,2025-06-26,3,bull,ma_bull,pullback_holds,current_week,0.16077170418006426,0.23151125401929273,0.32797427652733124,-0.009646302250803762,0.25401929260450173,2025H1
002102,2025-06-27,4,bull,ma_bull,pullback_holds,current_week,0.15555555555555567,0.22222222222222232,0.3492063492063493,-0.00952380952380949,0.23809523809523814,2025H1
002102,2025-06-30,0,bull,ma_bull,shrinking_volume_acceleration,current_week,0.15408805031446526,0.23584905660377364,0.3176100628930818,-0.003144654088050425,0.24213836477987427,2025H1
002102,2025-07-14,0,bull,ma_bull,two_day_acceleration,current_week,0.05670103092783507,0.079896907216495,0.0670103092783505,-0.03865979381443296,0.10309278350515472,2025H2
002102,2025-07-25,4,bull,ma_bull,two_day_acceleration,current_week,-0.04275534441805218,-0.014251781472684022,-0.028503562945368155,-0.0665083135391924,0.01187648456057011,2025H2
002102,2025-08-06,2,bull,ma_bull,pullback_holds,current_week,-0.02415458937198056,0.019323671497584627,-0.01207729468599028,-0.05314009661835739,0.07004830917874405,2025H2
002102,2025-08-07,3,bull,ma_bull,pullback_holds,current_week,-0.050480769230769273,0.0024038461538460343,0.0,-0.05769230769230771,0.06490384615384603,2025H2
002102,2025-08-08,4,bull,ma_bull,pullback_holds,current_week,-0.04807692307692313,-0.016826923076923128,0.033653846153846034,-0.05769230769230771,0.06490384615384603,2025H2
002102,2025-08-22,4,bull,ma_bull,pullback_holds,current_week,0.004878048780487809,0.04878048780487809,-0.02195121951219514,-0.01707317073170722,0.04878048780487809,2025H2
002102,2025-08-29,4,bull,ma_bull,pullback_holds,current_week,0.043689320388349495,0.11407766990291246,-0.09951456310679618,-0.021844660194174748,0.13592233009708732,2025H2
002102,2025-09-04,3,mid,ma_bull,pullback_holds,current_week,0.062350119904076795,-0.014388489208633004,-0.08872901678657064,-0.016786570743405393,0.1223021582733812,2025H2
002102,2025-09-05,4,bull,ma_bull,two_day_acceleration,current_week,0.06744186046511635,-0.06744186046511624,-0.1209302325581394,-0.07441860465116279,0.08837209302325588,2025H2
002102,2025-09-11,3,bull,ma_bull,shrinking_volume_acceleration,current_week,-0.07223476297968379,-0.12866817155756205,-0.12641083521444685,-0.16478555304740394,0.05643340857787815,2025H2
002102,2025-10-22,2,bull,none,two_day_acceleration,current_week,-0.03491271820448871,-0.05985037406483784,-0.08478802992518697,-0.0723192019950124,0.0,2025H2
002102,2025-10-24,4,bull,none,pullback_holds,current_week,-0.01526717557251911,-0.03562340966921118,-0.10178117048346058,-0.05343511450381677,0.0050890585241729624,2025H2
002102,2025-11-10,0,bull,none,two_day_acceleration,current_week,-0.03069053708439895,-0.08695652173913038,-0.09462915601023025,-0.09974424552429673,0.01534526854219953,2025H2
002102,2025-11-11,1,bull,none,pullback_holds,current_week,-0.04859335038363166,-0.07161125319693096,-0.09207161125319685,-0.09974424552429673,0.01534526854219953,2025H2
002102,2025-11-12,2,bull,none,pullback_holds,current_week,-0.04427083333333337,-0.0546875,-0.06510416666666663,-0.08333333333333326,0.03385416666666674,2025H2
002102,2025-11-13,3,bull,none,pullback_holds,current_week,-0.043927648578811374,-0.07493540051679592,-0.09560723514211888,-0.09043927648578809,0.025839793281653867,2025H2
002102,2025-11-14,4,bull,none,pullback_holds,current_week,-0.08549222797927447,-0.06476683937823835,-0.08290155440414504,-0.08808290155440412,0.005181347150259086,2025H2
002102,2026-01-05,0,bull,none,pullback_holds,current_week,0.03857566765578624,0.029673590504451175,-0.017804154302670683,-0.008902077151335397,0.04747774480712175,2026H1
002102,2026-01-06,1,bull,none,two_day_acceleration,current_week,-0.0057636887608069065,-0.0057636887608069065,-0.028818443804034644,-0.03746397694524506,0.01729106628242083,2026H1
002102,2026-01-07,2,bull,none,pullback_holds,current_week,-0.0029239766081871066,0.02046783625731008,0.0,-0.023391812865497075,0.032163742690058506,2026H1
002102,2026-01-08,3,bull,none,shrinking_volume_acceleration,current_week,-0.005813953488372103,0.029069767441860517,-0.023255813953488413,-0.029069767441860517,0.04941860465116288,2026H1
002102,2026-01-12,0,bull,none,two_day_acceleration,current_week,-0.01139601139601143,0.03703703703703698,-0.01139601139601143,-0.04843304843304852,0.06267806267806253,2026H1
002102,2026-01-22,3,bull,none,two_day_acceleration,current_week,-0.013966480446927276,-0.06145251396648055,-0.011173184357541888,-0.07821229050279321,0.04189944134078205,2026H1
002102,2026-01-23,4,bull,none,two_day_acceleration,current_week,-0.044077134986225786,-0.04958677685950408,-0.022038567493112837,-0.09090909090909083,0.024793388429752206,2026H1
301360,2025-10-13,0,bull,ma_bull,shrinking_volume_acceleration,current_week,0.14333664843361515,0.056812531079065254,-0.05159124813525595,-0.08005967180507212,0.20201392342118352,2025H2
301360,2025-10-29,2,bull,ma_bull,two_day_acceleration,current_week,-0.08339100346020767,-0.12606689734717424,-0.1283737024221453,-0.1637831603229527,0.04486735870818914,2025H2
301360,2025-12-09,1,mid,none,pullback_holds,current_week,-0.08292483660130723,-0.0424836601307188,0.08891612200435728,-0.09667755991285398,0.0028594771241832184,2025H2
301360,2025-12-25,3,bull,none,two_day_acceleration,current_week,0.036805555555555536,0.1530555555555555,0.19763888888888892,-0.02430555555555558,0.17944444444444452,2025H2
301360,2026-01-07,2,bull,none,shrinking_volume_acceleration,current_week,0.06458739441195571,0.07550357374918781,0.08512020792722552,-0.005847953216374324,0.1382716049382715,2026H1
301360,2026-02-09,0,bull,macd_cross,two_day_acceleration,current_week,0.006765578635014924,-0.030029673590504458,-0.1670029673590504,-0.05780415430267072,0.05329376854599399,2026H1
301360,2026-02-27,4,bull,ma_bull,shrinking_volume_acceleration,current_week,-0.11143120534685413,-0.1677805946070523,-0.22608896058999772,-0.1737727587001613,0.010371053238073413,2026H1
301360,2026-04-10,4,mid,none,shrinking_volume_acceleration,current_week,0.15920959774170762,0.130698659139026,0.29569513055751573,-0.020465772759350798,0.23627381792519397,2026H1
301360,2026-04-13,0,mid,none,two_day_acceleration,current_week,0.13161114887831427,0.12304554724677108,0.24119646498980307,-0.015635622025832685,0.19089055064581917,2026H1
301360,2026-04-14,1,mid,none,two_day_acceleration,current_week,0.08939213349225272,0.10833002251357415,0.19202754602039462,-0.010991921599788124,0.15997881075354248,2026H1
301360,2026-04-27,0,bull,none,two_day_acceleration,current_week,0.04801364854984147,0.11247867414087254,-0.10943212283694859,-0.00012186205215702905,0.13307336095539846,2026H1
301360,2026-05-06,2,bull,macd_cross,two_day_acceleration,current_week,0.05882352941176472,0.07174163783160314,-0.051326412918108466,-0.03114186851211076,0.08719723183391004,2026H1
301360,2026-05-08,4,bull,macd_cross,shrinking_volume_acceleration,current_week,0.04250637016446612,0.06671299513551077,-0.07238823256891358,-0.02710215427380125,0.10030113504748672,2026H1
301169,2023-08-07,0,bull,none,two_day_acceleration,current_week,0.04787994282991903,0.06955693187231993,0.6314911862791803,-0.024059075750357484,0.10767031919961867,2023H2
301169,2023-08-09,2,bull,none,pullback_holds,current_week,0.03393400421249693,0.5132225602621108,0.47203369997659705,-0.04118886028551383,0.5132225602621108,2023H2
301169,2023-08-10,3,bull,none,pullback_holds,current_week,0.06710464570624142,0.7271234162365088,0.41858282496480537,-0.03871421867667757,0.8205068043172221,2023H2
301169,2023-11-09,3,mid,none,shrinking_volume_acceleration,current_week,0.08627450980392148,0.07647058823529407,0.2756862745098039,-0.007843137254901933,0.2941176470588236,2023H2
301169,2023-11-10,4,mid,none,pullback_holds,current_week,0.08087367178276272,0.010428964974419586,0.2788272333726878,-0.00019677292404562952,0.2987012987012987,2023H2
301169,2023-11-21,1,mid,none,two_day_acceleration,current_week,-0.0771415049692381,-0.07966556239154432,-0.0976494715254772,-0.19419466792869544,0.041173686701372336,2023H2
301169,2025-08-18,0,bull,ma_bull,pullback_holds,current_week,0.0759974667511083,0.03187671522060387,-0.028921258180282794,-0.020054887059320126,0.12011821828161295,2025H2
301169,2025-08-19,1,bull,ma_bull,two_day_acceleration,current_week,0.07315548145060435,-0.036473530637765705,-0.037098791162984646,-0.044393497290537764,0.10587744893705708,2025H2
301169,2025-09-12,4,bull,ma_bull,pullback_holds,current_week,-0.05038927335640131,-0.056444636678200655,-0.12153979238754331,-0.09602076124567471,0.028330449826989623,2025H2
301169,2025-10-22,2,bull,none,pullback_holds,current_week,0.03943661971830981,0.09413145539906109,-0.0023474178403756207,-0.013849765258216018,0.1051643192488263,2025H2
301169,2025-10-23,3,bull,none,two_day_acceleration,current_week,0.008058945429426645,0.07391204236702742,-0.0301634814644256,-0.00874971218052023,0.08404328804973527,2025H2
301169,2025-10-27,0,bull,none,two_day_acceleration,current_week,0.04653776978417268,0.022706834532373987,-0.05598021582733814,-0.019559352517985684,0.05845323741007191,2025H2
301169,2025-11-06,3,bull,none,shrinking_volume_acceleration,current_week,-0.047496238985600736,-0.09477756286266936,-0.08747044917257685,-0.10401891252955087,0.003653556845046202,2025H2
301169,2025-11-18,1,mid,macd_stabilizing,pullback_holds,current_week,-0.02759084791386268,0.001570210856886467,0.02288021534320328,-0.09623149394347241,0.049798115746971794,2025H2
301169,2025-12-19,4,mid,macd_cross,shrinking_volume_acceleration,current_week,0.029442914636729434,0.11078161406481679,0.28256725270069905,-0.0044482101249735395,0.1251853420885407,2025H2
301169,2025-12-23,1,bull,none,two_day_acceleration,current_week,0.045445026178010606,0.15120418848167527,0.3526701570680628,-0.0069109947643978265,0.19790575916230368,2025H2
301169,2025-12-24,2,bull,ma_bull,shrinking_volume_acceleration,current_week,0.020574455082501553,0.2171521694846199,0.3145243430433897,-0.027093094316561483,0.28519046649012014,2025H2
301169,2025-12-29,0,bull,ma_bull,two_day_acceleration,current_week,0.11531531531531525,0.28488488488488506,0.2164164164164164,-0.017417417417417536,0.31431431431431434,2025H2
301169,2025-12-31,2,bull,ma_bull,shrinking_volume_acceleration,current_week,0.1933293389255042,0.19253045735969643,0.1685640103854602,-0.019772318753744744,0.3111643698821651,2025H2
301169,2026-01-05,0,bull,ma_bull,two_day_acceleration,current_week,0.24951229028482236,0.17401482637534138,0.12192742879438168,-0.006827936012485214,0.28072571205618435,2026H1
301169,2026-01-06,1,bull,ma_bull,two_day_acceleration,current_week,0.20991197856869515,0.15862992728664382,0.1423650975889783,-0.013585916570991063,0.2562189054726369,2026H1
301169,2026-04-10,4,mid,none,two_day_acceleration,current_week,0.054966768456978565,0.1681336446919346,0.5807436680438296,-0.020477815699658675,0.23549488054607504,2026H1
301169,2026-04-29,2,bull,ma_bull,shrinking_volume_acceleration,current_week,0.2718245145990812,0.4138135467615236,0.18393360011857118,0.0,0.4238921001926783,2026H1
301169,2026-04-30,3,bull,ma_bull,two_day_acceleration,current_week,0.19977553310886642,0.3327721661054994,0.10984848484848486,-0.023849607182940602,0.34778338945005616,2026H1
301169,2026-05-11,0,bull,ma_bull,shrinking_volume_acceleration,current_week,0.11619471097589495,0.07395272642171768,-0.1223964427802482,-0.0388485841329278,0.16428738591153746,2026H1
301169,2026-05-13,2,bull,ma_bull,shrinking_volume_acceleration,current_week,0.07106541633713692,-0.01988475878431817,-0.15783527285052534,-0.022257372048356094,0.12416676081798661,2026H1
301169,2026-05-15,4,bull,ma_bull,two_day_acceleration,current_week,-0.00044038313332595,-0.1095453044148409,-0.18738302323021028,-0.11912363756468125,0.09545304414840916,2026H1
301169,2026-05-25,0,bull,ma_bull,pullback_holds,current_week,-0.12908853030963807,-0.18229393807239425,-0.18512865242041,-0.19483209768861742,0.0007631923244657557,2026H1
301169,2026-08-31,0,bull,none,shrinking_volume_acceleration,current_week,0.030852994555353952,-0.038112522686025385,,-0.0480943738656987,0.07586206896551717,2026H2
301169,2026-09-02,2,mid,none,shrinking_volume_acceleration,current_week,0.04667149059334297,,,-0.08176555716353118,0.0723589001447178,2026H2
301169,2026-09-03,3,mid,none,two_day_acceleration,current_week,0.039087947882736174,,,-0.08143322475570036,0.07274701411509232,2026H2
001230,2025-07-01,1,bull,ma_bull,pullback_holds,current_week,0.03605769230769229,0.060096153846153744,0.05288461538461542,-0.009615384615384581,0.1384615384615384,2025H2
001230,2025-07-03,3,bull,ma_bull,two_day_acceleration,current_week,0.03120567375886507,0.03404255319148941,0.03262411347517724,-0.008037825059101777,0.11962174940898329,2025H2
001230,2025-07-07,0,bull,ma_bull,two_day_acceleration,current_week,0.035565819861431924,0.011085450346420167,0.08221709006928402,-0.03002309468822184,0.09376443418013847,2025H2
001230,2025-07-11,4,bull,ma_bull,two_day_acceleration,current_week,-0.05648986632169051,-0.05131522207848216,0.047865459249676556,-0.08063820612332906,0.02112979732643372,2025H2
001230,2025-08-01,4,bull,ma_bull,two_day_acceleration,current_week,0.09017496635262456,0.19425751458052942,0.10677433826828175,-0.011664423508299548,0.2355316285329745,2025H2
001230,2025-08-06,2,bull,ma_bull,shrinking_volume_acceleration,current_week,0.08179871520342608,0.1237687366167024,-0.008993576017130689,-0.017558886509635996,0.2226980728051391,2025H2
001230,2025-09-08,0,bull,ma_bull,two_day_acceleration,current_week,-0.01736254650682112,0.0057875155022737435,-0.07110376188507661,-0.03348491112029772,0.05374121537825549,2025H2
001230,2025-09-09,1,bull,ma_bull,pullback_holds,current_week,0.04315039798910769,0.04482614160033527,-0.05278592375366575,-0.02052785923753675,0.06786761625471316,2025H2
001230,2025-09-17,2,bull,ma_bull,pullback_holds,current_week,0.034383954154727725,-0.06385591485878017,-0.06631191158411798,-0.06590257879656158,0.08391322144903812,2025H2
001230,2025-09-18,3,mid,ma_bull,pullback_holds,current_week,-0.022258862324814666,-0.05399835119538343,-0.055647155812036275,-0.06100577081615832,0.09150865622423732,2025H2
001230,2025-09-19,4,mid,ma_bull,shrinking_volume_acceleration,current_week,-0.04137931034482767,-0.08113590263691683,-0.051926977687626774,-0.12008113590263692,0.07423935091277878,2025H2
001230,2025-10-21,1,bull,none,shrinking_volume_acceleration,current_week,0.0284339457567806,0.03149606299212615,0.015748031496062964,-0.022309711286089162,0.03805774278215224,2025H2
001230,2025-10-22,2,bull,none,pullback_holds,current_week,0.026083112290008925,0.05216622458001763,-0.0013262599469496816,-0.011936339522546358,0.0557029177718833,2025H2
001230,2025-10-23,3,bull,none,shrinking_volume_acceleration,current_week,0.002640845070422726,0.046214788732394485,-0.005721830985915499,-0.01276408450704225,0.051056338028169,2025H2
001230,2025-10-27,0,bull,none,two_day_acceleration,current_week,0.0025586353944564433,0.0072494669509595155,-0.06311300639658846,-0.03155650319829417,0.020469083155650436,2025H2
001230,2025-10-29,2,bull,none,pullback_holds,current_week,0.03074924209614549,0.016890428757037723,-0.05240363793850156,-0.01645734084019057,0.03637938501515814,2025H2
001230,2025-11-05,2,bull,none,two_day_acceleration,current_week,-0.015100671140939603,-0.05243288590604023,-0.07550335570469802,-0.053271812080536884,0.003775167785234901,2025H2
001230,2025-12-08,0,bull,none,pullback_holds,current_week,-0.05664585191793037,-0.02140945584299736,0.05887600356824274,-0.08251561106155225,0.004906333630686932,2025H2
001230,2025-12-09,1,mid,none,pullback_holds,current_week,-0.0596947935368044,-0.022441651705565557,0.039946140035906685,-0.07675044883303417,0.0008976660682225024,2025H2
001230,2025-12-19,4,mid,none,pullback_holds,current_week,0.005045871559633097,0.016055045871559592,0.10733944954128449,-0.006880733944954032,0.029357798165137616,2025H2
001230,2025-12-22,0,bull,none,pullback_holds,current_week,0.0032080659945004086,0.08799266727772692,0.10953253895508719,-0.007791017415215262,0.10036663611365726,2025H2
001230,2025-12-25,3,bull,none,two_day_acceleration,current_week,-0.006283662477558405,0.04084380610412919,0.06283662477558338,-0.02782764811490135,0.07764811490125667,2025H2
001230,2025-12-26,4,bull,none,pullback_holds,current_week,0.010953902327704323,0.04472843450479225,0.08352350524874486,-0.011410314924691911,0.09584664536741228,2025H2
001230,2026-01-05,0,bull,none,pullback_holds,current_week,0.046008119079837595,0.0775823184483535,0.044654939106901104,-0.007668019846639673,0.08930987821380243,2026H1
001230,2026-01-06,1,bull,none,pullback_holds,current_week,0.024161073825503365,0.08008948545861294,0.048769574944071525,0.0,0.08053691275167796,2026H1
001230,2026-01-15,3,bull,none,shrinking_volume_acceleration,current_week,0.023779193205944793,-0.020382165605095537,0.10997876857749467,-0.030997876857749462,0.03991507430997876,2026H1
001230,2026-02-13,4,mid,ma_bull,two_day_acceleration,current_week,-0.017062314540059353,-0.001112759643916994,-0.1913946587537092,-0.02781899109792285,0.04599406528189909,2026H1
001230,2026-04-08,2,mid,macd_cross,shrinking_volume_acceleration,current_week,-0.01215209721677779,0.0987847902783221,0.11838494707957659,-0.03371226969815755,0.1274010192081536,2026H1
001230,2026-04-09,3,mid,macd_stabilizing,pullback_holds,current_week,0.10394265232974909,0.11190760653126253,0.14297092791716448,-0.018319394663480537,0.14536041417761858,2026H1
001230,2026-04-20,0,bull,none,shrinking_volume_acceleration,current_week,-0.032775453277545274,-0.02894002789400274,-0.11680613668061357,-0.0714783821478382,0.0,2026H1
001230,2026-05-08,4,bull,ma_bull,shrinking_volume_acceleration,current_week,-0.0786118980169972,-0.09667138810198306,-0.09065155807365444,-0.11473087818696892,0.04461756373937664,2026H1
001230,2026-05-28,3,mid,ma_bull,two_day_acceleration,current_week,-0.02125237191650864,-0.06337760910815948,-0.37798861480075907,-0.0759013282732448,0.0015180265654648473,2026H1
001230,2026-06-02,1,mid,none,pullback_holds,current_week,-0.0070367474589523304,0.05824863174354955,-0.3846755277560595,-0.04769351055512128,0.07075840500390917,2026H1
001230,2026-06-03,2,mid,none,pullback_holds,current_week,-0.020320437670965252,-0.26416568972254784,-0.37475576397030086,-0.2708089097303634,0.07033997655334123,2026H1
601226,2023-04-11,1,bull,ma_bull,two_day_acceleration,current_week,0.01001251564455563,-0.15269086357947426,-0.14392991239048814,-0.1677096370463078,0.040050062578222745,2023H1
601226,2023-04-12,2,bull,ma_bull,pullback_holds,current_week,0.03959131545338446,-0.10472541507024269,-0.10600255427841632,-0.1507024265644955,0.06130268199233724,2023H1
601226,2023-04-18,1,bull,none,pullback_holds,current_week,-0.16728167281672823,-0.11070110701107017,-0.11931119311193117,-0.18204182041820427,0.019680196801967975,2023H1
601226,2023-05-15,0,mid,none,shrinking_volume_acceleration,current_week,0.06428571428571428,-0.017142857142857126,-0.08571428571428563,-0.02285714285714291,0.08571428571428585,2023H1
601226,2023-05-18,3,mid,none,pullback_holds,current_week,-0.0069637883008356605,-0.05431754874651806,-0.0710306406685236,-0.07242339832869071,0.04038997214484685,2023H1
601226,2023-06-15,3,mid,none,pullback_holds,current_week,0.03748125937031488,0.1784107946026987,0.1934032983508247,-0.013493253373313308,0.22638680659670163,2023H1
601226,2023-06-16,4,mid,none,pullback_holds,current_week,0.13751868460388628,0.1733931240657698,0.1988041853512703,-0.01644245142002998,0.2227204783258594,2023H1
601226,2023-07-13,3,mid,none,pullback_holds,current_week,-0.025906735751295207,-0.07642487046632118,-0.11269430051813467,-0.07901554404145072,0.05569948186528495,2023H2
601226,2023-07-14,4,mid,none,pullback_holds,current_week,-0.046391752577319534,-0.08118556701030921,-0.13144329896907214,-0.09664948453608246,0.04381443298969079,2023H2
601226,2025-05-08,3,bull,none,two_day_acceleration,current_week,-0.042319749216300884,-0.028213166144200552,-0.025078369905956133,-0.042319749216300884,0.010971786833855912,2025H1
601226,2025-05-09,4,bull,none,pullback_holds,current_week,-0.0015999999999999348,-0.006399999999999961,0.0048000000000001375,-0.022399999999999975,0.03200000000000003,2025H1
601226,2025-05-12,0,bull,none,pullback_holds,current_week,-0.018779342723004744,-0.018779342723004744,-0.028169014084507116,-0.0438184663536777,0.009389671361502261,2025H1
601226,2025-05-19,0,bull,none,pullback_holds,current_week,-0.012598425196850394,-0.025196850393700787,-0.03622047244094495,-0.03622047244094495,0.012598425196850283,2025H1
601226,2025-05-20,1,bull,none,two_day_acceleration,current_week,-0.015649452269170694,-0.023474178403755874,-0.04225352112676062,-0.04225352112676062,0.0015649452269170805,2025H1
601226,2025-05-21,2,bull,none,pullback_holds,current_week,0.0031847133757960666,-0.007961783439490389,-0.04617834394904463,-0.02547770700636942,0.019108280254777066,2025H1
601226,2025-05-26,0,bull,none,pullback_holds,current_week,-0.012759170653907526,-0.009569377990430672,-0.030303030303030387,-0.01754385964912286,0.02551834130781483,2025H1
601226,2025-05-27,1,mid,none,pullback_holds,current_week,-0.0031948881789136685,-0.01118210862619795,-0.022364217252396124,-0.015974440894568676,0.02715654952076685,2025H1
601226,2025-05-28,2,mid,none,pullback_holds,current_week,-0.0031999999999999806,-0.015999999999999903,-0.02079999999999993,-0.022399999999999975,0.028799999999999937,2025H1
601226,2025-05-29,3,bull,none,two_day_acceleration,current_week,-0.022012578616352307,-0.04402515723270439,-0.04088050314465408,-0.047169811320754707,0.011006289308175932,2025H1
601226,2025-05-30,4,mid,none,pullback_holds,current_week,0.012903225806451646,-0.014516129032258074,-0.016129032258064502,-0.024193548387096864,0.0370967741935484,2025H1
601226,2025-09-05,4,bull,ma_bull,shrinking_volume_acceleration,current_week,0.004149377593360981,-0.04011065006915626,0.008298755186721962,-0.044260027662517354,0.07607192254495154,2025H2
601226,2025-09-30,1,bull,ma_bull,pullback_holds,current_week,0.08823529411764697,0.053221288515406195,0.08683473389355734,-0.01540616246498605,0.09243697478991586,2025H2
601226,2025-10-10,4,bull,ma_bull,two_day_acceleration,current_week,0.015536723163841915,0.05932203389830515,0.09039548022598876,-0.007062146892655385,0.10169491525423724,2025H2
601226,2025-10-14,1,bull,ma_bull,two_day_acceleration,current_week,0.010624169986719778,0.009296148738379806,0.10624169986719778,-0.04648074369189914,0.03585657370517925,2025H2
601226,2025-10-30,3,bull,ma_bull,two_day_acceleration,current_week,0.030423280423280463,0.08597883597883604,-0.04497354497354511,-0.031746031746031744,0.14550264550264536,2025H2
601226,2025-11-03,0,bull,ma_bull,pullback_holds,current_week,0.13654618473895597,0.038821954484605126,0.04016064257028118,-0.004016064257028051,0.15930388219544844,2025H2
601226,2025-11-04,1,bull,ma_bull,pullback_holds,current_week,0.10624169986719778,-0.014608233731739695,0.021248339973439556,-0.021248339973439556,0.1500664010624171,2025H2
601226,2025-11-05,2,bull,ma_bull,two_day_acceleration,current_week,0.021739130434782705,-0.02941176470588236,-0.008951406649616356,-0.06649616368286448,0.10741687979539649,2025H2
601226,2025-12-09,1,mid,ma_bull,shrinking_volume_acceleration,current_week,0.01412066752246477,0.00898587933247752,0.07317073170731692,-0.01797175866495504,0.06931964056482665,2025H2
601226,2025-12-22,0,bull,ma_bull,shrinking_volume_acceleration,current_week,0.022556390977443552,0.027568922305764243,0.17794486215538852,-0.03132832080200498,0.036340852130325674,2025H2
601226,2026-01-05,0,bull,ma_bull,pullback_holds,current_week,0.12182741116751261,0.15101522842639592,0.35786802030456877,-0.006345177664974555,0.17766497461928932,2026H1
601226,2026-01-08,3,bull,ma_bull,two_day_acceleration,current_week,0.053012048192770944,0.12409638554216862,0.38072289156626504,0.0,0.16265060240963858,2026H1
601226,2026-01-13,1,bull,ma_bull,shrinking_volume_acceleration,current_week,-0.004444444444444362,0.2666666666666666,0.19111111111111123,-0.04111111111111099,0.2977777777777777,2026H1
601226,2026-02-26,3,bull,ma_bull,shrinking_volume_acceleration,current_week,0.01285347043701801,-0.004284490145672559,-0.19280205655526994,-0.0754070265638388,0.07455012853470455,2026H1
601226,2026-03-12,3,bull,ma_bull,pullback_holds,current_week,-0.1938250428816466,-0.1921097770154374,-0.21355060034305318,-0.24528301886792447,0.016295025728988,2026H1
601226,2026-04-09,3,mid,none,pullback_holds,current_week,0.02280130293159588,0.02062975027144409,-0.020629750271444203,-0.009771986970684043,0.04777415852334421,2026H1
601226,2026-04-13,0,mid,none,pullback_holds,current_week,0.025723472668810254,0.0,-0.05037513397642024,-0.02250803858520889,0.03429796355841375,2026H1
601226,2026-04-14,1,mid,none,pullback_holds,current_week,0.021482277121374738,-0.03544575725026855,-0.07303974221267451,-0.03544575725026855,0.036519871106337254,2026H1
601226,2026-04-15,2,mid,none,pullback_holds,current_week,0.026968716289104577,-0.01941747572815533,-0.0733549083063646,-0.04746494066882412,0.04099244875943908,2026H1
601226,2026-04-16,3,mid,none,shrinking_volume_acceleration,current_week,-0.002123142250530785,-0.059447983014862094,-0.0721868365180467,-0.07006369426751591,0.02441613588110414,2026H1
601226,2026-04-17,4,mid,none,two_day_acceleration,current_week,-0.040414507772020825,-0.07046632124352326,-0.12124352331606214,-0.09222797927461146,0.0,2026H1
601226,2026-04-27,0,bull,none,pullback_holds,current_week,-0.02771855010660973,-0.05543710021321979,-0.1385927505330491,-0.06609808102345427,0.007462686567164312,2026H1
601226,2026-05-07,3,bull,none,pullback_holds,current_week,-0.027442371020856227,-0.10867178924259036,-0.18111964873765085,-0.11306256860592745,0.03732162458836452,2026H1
601226,2026-05-08,4,bull,none,pullback_holds,current_week,-0.0670270270270269,-0.10810810810810811,-0.19675675675675675,-0.12756756756756749,0.021621621621621845,2026H1
002722,2023-11-15,2,mid,ma_bull,shrinking_volume_acceleration,current_week,-0.02459546925566347,-0.008414239482200658,-0.012297734627831791,-0.03171521035598701,0.03559870550161803,2023H2
002722,2024-01-04,3,mid,ma_bull,shrinking_volume_acceleration,current_week,-0.03012820512820502,-0.08012820512820518,-0.2352564102564103,-0.10256410256410253,0.004487179487179471,2024H1
002722,2025-03-17,0,bull,ma_bull,two_day_acceleration,current_week,-0.03298070939639075,-0.08338518979464837,-0.14872433105164906,-0.09707529558182948,0.03422526446795282,2025H1
002722,2025-03-18,1,bull,ma_bull,pullback_holds,current_week,-0.04773713577185368,-0.07687538747675127,-0.17172969621822687,-0.10043397396156228,0.030378177309361654,2025H1
002722,2025-03-19,2,bull,ma_bull,pullback_holds,current_week,-0.039731051344743196,-0.08374083129584342,-0.18092909535452317,-0.11308068459657705,0.01589242053789741,2025H1
002722,2025-03-21,4,mid,ma_bull,pullback_holds,current_week,-0.06437499999999996,-0.166875,-0.14249999999999996,-0.166875,0.0006250000000000977,2025H1
002722,2025-04-21,0,mid,none,two_day_acceleration,current_week,-0.004376367614879695,0.12545587162654992,0.12837345003646972,-0.012399708242158969,0.15973741794310725,2025H1
002722,2025-04-23,2,mid,none,pullback_holds,current_week,0.006460875807609456,0.07106963388370424,0.1098348887293612,-0.027997128499640977,0.14142139267767417,2025H1
002722,2025-04-24,3,mid,none,pullback_holds,current_week,0.0375451263537907,0.18483754512635375,0.15018050541516237,-0.02238267148014428,0.18483754512635375,2025H1
002722,2025-04-25,4,mid,none,pullback_holds,current_week,0.13741007194244603,0.13669064748201443,0.14532374100719414,-0.025899280575539474,0.18057553956834527,2025H1
002722,2025-05-06,1,mid,none,two_day_acceleration,current_week,0.13564013840830436,0.08373702422145324,0.11557093425605536,-0.004844290657439521,0.16816608996539784,2025H1
002722,2025-05-15,3,bull,none,shrinking_volume_acceleration,current_week,-0.013392857142857095,0.017219387755102122,-0.005102040816326481,-0.036989795918367374,0.07653061224489788,2025H1
002722,2025-05-16,4,bull,none,shrinking_volume_acceleration,current_week,-0.09241706161137431,-0.09182464454976302,-0.07523696682464442,-0.10545023696682465,0.0,2025H1
002722,2025-05-27,1,mid,macd_cross,two_day_acceleration,current_week,0.023492063492063453,0.008888888888888946,0.01333333333333342,-0.03301587301587294,0.04507936507936505,2025H1
002722,2025-05-29,3,bull,macd_cross,shrinking_volume_acceleration,current_week,0.013166144200627006,-0.021943573667711713,0.0012539184952977678,-0.04514106583072108,0.031974921630093966,2025H1
002722,2025-06-06,4,bull,none,shrinking_volume_acceleration,current_week,-0.03644224830142073,-0.06423718344657203,-0.014823965410747375,-0.06423718344657203,0.01544163063619508,2025H1
002722,2025-06-09,0,bull,none,shrinking_volume_acceleration,current_week,-0.03820086260012323,-0.04805914972273562,-0.01047443006777582,-0.07886629698089953,0.012939001848428777,2025H1
002722,2025-06-24,1,bull,ma_bull,two_day_acceleration,current_week,0.005660377358490454,0.022012578616352085,0.07547169811320753,-0.007547169811320753,0.03899371069182389,2025H1
002722,2025-06-26,3,bull,ma_bull,pullback_holds,current_week,0.027707808564231717,0.0176322418136019,0.055415617128463435,-0.005037783375314908,0.04030226700251882,2025H1
002722,2025-07-11,4,bull,ma_bull,pullback_holds,current_week,0.06180469715698389,0.07849196538936964,0.050679851668726794,-0.015451174289246028,0.14647713226205195,2025H2
002722,2025-07-14,0,bull,ma_bull,two_day_acceleration,current_week,0.05885922330097082,0.091626213592233,0.04308252427184467,-0.033373786407767,0.12560679611650483,2025H2
002722,2025-07-21,0,bull,ma_bull,shrinking_volume_acceleration,current_week,0.034502587694077214,-0.021851638872915413,0.021851638872915302,-0.050603795284646313,0.04255319148936154,2025H2
002722,2025-08-11,0,bull,ma_bull,pullback_holds,current_week,0.03615160349854207,0.10379008746355667,-0.019241982507288702,-0.005830903790087549,0.218075801749271,2025H2
002722,2025-08-12,1,bull,ma_bull,pullback_holds,current_week,0.028053769725306932,0.10052600818234958,-0.03565166569257738,-0.0005844535359438296,0.22092343658679137,2025H2
002722,2025-08-15,4,bull,ma_bull,shrinking_volume_acceleration,current_week,0.0811267605633803,0.025352112676056304,-0.07774647887323938,-0.018591549295774557,0.17690140845070434,2025H2
002722,2025-10-15,2,bull,none,pullback_holds,current_week,0.02800763844684906,0.026734563971992253,0.040738383195416894,-0.02355187778485046,0.03946530872056031,2025H2
002722,2025-10-20,0,mid,none,shrinking_volume_acceleration,current_week,0.01692789968652031,0.02758620689655178,0.04326018808777432,-0.005015673981191182,0.0344827586206895,2025H2
002722,2025-11-07,4,bull,none,pullback_holds,current_week,0.022643818849449326,-0.05140758873929008,-0.033047735618115026,-0.05569155446756424,0.03916768665850667,2025H2
002722,2025-11-10,0,bull,none,two_day_acceleration,current_week,0.013398294762484664,-0.05176613885505488,-0.04141291108404399,-0.062119366626065875,0.03410475030450666,2025H2
002722,2025-12-19,4,mid,none,pullback_holds,current_week,-0.0013183915622939635,0.014502307185234153,0.0764667106130521,-0.017798286090969007,0.020435069215557045,2025H2
002722,2025-12-24,2,bull,none,pullback_holds,current_week,-0.012500000000000067,0.010526315789473495,0.06249999999999978,-0.019736842105263164,0.018421052631578894,2025H2
002722,2025-12-25,3,bull,none,pullback_holds,current_week,-0.00846354166666663,0.05013020833333326,0.04361979166666674,-0.02994791666666663,0.080078125,2025H2
600658,2023-04-06,3,bull,none,shrinking_volume_acceleration,current_week,0.04190476190476189,0.053333333333333455,0.13142857142857145,-0.005714285714285783,0.07619047619047636,2023H1
600658,2023-04-07,4,bull,none,two_day_acceleration,current_week,0.014897579143389184,-0.029795158286778478,0.08938547486033532,-0.03351955307262566,0.05214152700186214,2023H1
600658,2023-04-11,1,bull,ma_bull,shrinking_volume_acceleration,current_week,-0.014519056261342977,-0.05807622504537191,0.038112522686025496,-0.07441016333938277,0.016333938294011086,2023H1
600658,2023-07-28,4,bull,ma_bull,shrinking_volume_acceleration,current_week,0.10998307952622688,-0.006768189509306244,-0.09475465313028753,-0.01861252115059231,0.20812182741116758,2023H2
600658,2023-07-31,0,bull,ma_bull,two_day_acceleration,current_week,0.01983471074380172,-0.03966942148760322,-0.07768595041322313,-0.07272727272727264,0.18016528925619846,2023H2
600658,2025-08-18,0,bull,ma_bull,two_day_acceleration,current_week,0.044117647058823595,-0.055882352941176494,-0.10735294117647054,-0.07205882352941162,0.3088235294117647,2025H2
600658,2025-10-15,2,bull,none,shrinking_volume_acceleration,current_week,0.05585585585585595,0.16216216216216228,0.05585585585585595,-0.032432432432432434,0.21441441441441444,2025H2
600658,2025-10-22,2,bull,none,pullback_holds,current_week,0.09507640067911716,0.06281833616298815,-0.04923599320882843,-0.035653650254668934,0.1443123938879458,2025H2
600658,2025-10-23,3,bull,none,two_day_acceleration,current_week,0.01944894651539708,-0.01944894651539708,-0.10210696920583462,-0.0794165316045381,0.0923824959481363,2025H2
600658,2025-10-31,4,bull,macd_stabilizing,shrinking_volume_acceleration,current_week,-0.05087440381558028,-0.08267090620031792,-0.1208267090620031,-0.08585055643879169,0.03974562798092207,2025H2
600658,2025-12-08,0,bull,none,pullback_holds,current_week,-0.0073260073260073,0.03296703296703285,0.06227106227106227,-0.03296703296703296,0.07692307692307687,2025H2
600658,2025-12-09,1,mid,none,pullback_holds,current_week,-0.005444646098003547,-0.016333938294010864,0.08892921960072608,-0.041742286751361046,0.06715063520871145,2025H2
600658,2025-12-29,0,bull,none,pullback_holds,current_week,0.0488245931283906,0.0904159132007234,-0.04339963833634719,-0.02893309222423146,0.13019891500904146,2025H2
600658,2025-12-31,2,bull,none,pullback_holds,current_week,0.10036496350364965,0.06021897810218979,-0.04927007299270081,-0.007299270072992692,0.1405109489051093,2025H2
600658,2026-01-05,0,bull,none,pullback_holds,current_week,0.1151079136690647,0.06115107913669071,-0.08273381294964033,-0.003597122302158362,0.12410071942446033,2026H1
600658,2026-01-06,1,bull,none,shrinking_volume_acceleration,current_week,0.047957371225577416,0.007104795737122638,-0.056838365896980325,-0.019538188277086976,0.11012433392539966,2026H1
600658,2026-01-07,2,bull,none,two_day_acceleration,current_week,0.045060658578856216,-0.0537261698440209,-0.07452339688041609,-0.060658578856152556,0.08318890814558055,2026H1
600658,2026-01-08,3,bull,none,two_day_acceleration,current_week,-0.021666666666666612,-0.07500000000000007,-0.11499999999999988,-0.09666666666666668,0.04166666666666674,2026H1
600658,2026-01-12,0,bull,none,two_day_acceleration,current_week,-0.048387096774193505,-0.11774193548387102,-0.12419354838709684,-0.12580645161290327,0.008064516129032251,2026H1
600658,2026-02-09,0,bull,none,two_day_acceleration,current_week,-0.02592592592592602,-0.09074074074074079,-0.07407407407407418,-0.09074074074074079,0.007407407407407307,2026H1
600658,2026-02-25,2,bull,none,pullback_holds,current_week,-0.07276119402985082,-0.05783582089552253,-0.1100746268656716,-0.08395522388059706,0.005597014925373012,2026H1
002291,2025-09-15,0,bull,none,pullback_holds,current_week,-0.0389408099688473,0.06386292834890961,0.08255451713395634,-0.07943925233644855,0.13862928348909676,2025H2
002291,2025-09-17,2,bull,macd_stabilizing,pullback_holds,current_week,-0.05919003115264798,0.017133956386292892,0.08255451713395634,-0.07943925233644855,0.13862928348909676,2025H2
002291,2025-09-19,4,mid,none,pullback_holds,current_week,0.07006369426751591,0.1035031847133756,0.07165605095541405,-0.05891719745222934,0.16401273885350331,2025H2
002291,2025-11-05,2,bull,ma_bull,shrinking_volume_acceleration,current_week,-0.028208744710860212,-0.004231311706628937,-0.023977433004231274,-0.04795486600846255,0.02961918194640334,2025H2
002291,2025-11-07,4,bull,ma_bull,pullback_holds,current_week,-0.007267441860465129,0.06395348837209314,-0.0029069767441859407,-0.018895348837209336,0.07994186046511631,2025H2
002291,2026-01-07,2,bull,macd_stabilizing,two_day_acceleration,current_week,0.14798206278026904,0.06576980568011948,0.22869955156950672,-0.01195814648729443,0.17488789237668168,2026H1
002291,2026-01-08,3,bull,macd_stabilizing,shrinking_volume_acceleration,current_week,0.08407079646017701,0.1017699115044246,0.3333333333333335,-0.004424778761061954,0.15929203539823011,2026H1
002291,2026-01-29,3,bull,ma_bull,shrinking_volume_acceleration,current_week,0.18635170603674545,0.05643044619422577,-0.08267716535433067,-0.044619422572178435,0.18635170603674545,2026H1
002291,2026-02-09,0,bull,ma_bull,shrinking_volume_acceleration,current_week,-0.12059158134243464,-0.21160409556314008,-0.22639362912400463,-0.2138794084186576,0.015927189988623303,2026H1
002291,2026-04-09,3,mid,none,pullback_holds,current_week,0.0,-0.04166666666666674,0.03240740740740744,-0.04475308641975306,0.01388888888888884,2026H1
002291,2026-04-10,4,mid,none,pullback_holds,current_week,0.004694835680751019,-0.026604068857590146,0.05164319248826277,-0.04694835680751186,0.025039123630672844,2026H1
002291,2026-04-14,1,mid,none,pullback_holds,current_week,-0.01846153846153853,-0.03384615384615386,0.04615384615384621,-0.06769230769230761,0.007692307692307665,2026H1
002291,2026-04-16,3,mid,none,pullback_holds,current_week,-0.037209302325581395,0.03875968992248069,0.0620155038759691,-0.0604651162790697,0.04806201550387601,2026H1
002291,2026-05-06,2,bull,none,shrinking_volume_acceleration,current_week,-0.004444444444444473,-0.013333333333333308,-0.16148148148148145,-0.03555555555555556,0.04444444444444451,2026H1
002291,2026-05-08,4,bull,none,two_day_acceleration,current_week,-0.008746355685131268,-0.07434402332361512,-0.16326530612244894,-0.08454810495626819,0.027696793002915276,2026H1
002291,2026-05-19,1,bull,none,shrinking_volume_acceleration,current_week,-0.10557184750733128,-0.13929618768328444,-0.2023460410557184,-0.1568914956011731,0.011730205278592365,2026H1
600428,2023-03-02,3,bull,none,pullback_holds,current_week,0.10212765957446823,0.005673758865248235,-0.09929078014184389,-0.007092198581560294,0.15177304964539018,2023H1
600428,2023-06-16,4,mid,none,pullback_holds,current_week,-0.03105590062111807,-0.009316770186335477,-0.006211180124223614,-0.05745341614906829,0.013975155279503104,2023H1
600428,2024-11-19,1,mid,ma_bull,shrinking_volume_acceleration,current_week,-0.04038997214484663,-0.04317548746518096,-0.03342618384401108,-0.06824512534818927,0.0069637883008357715,2024H2
600428,2024-12-16,0,bull,none,pullback_holds,current_week,-0.0028860028860028253,0.04906204906204925,-0.018759018759018753,-0.005772005772005651,0.05050505050505061,2024H2
600428,2024-12-17,1,bull,none,pullback_holds,current_week,0.014367816091954033,0.04885057471264376,-0.027298850574712596,-0.010057471264367734,0.06321839080459779,2024H2
600428,2024-12-18,2,bull,none,two_day_acceleration,current_week,0.0014164305949009304,-0.019830028328612026,-0.04957507082152979,-0.03257790368271962,0.04815864022662897,2024H2
600428,2024-12-19,3,bull,none,pullback_holds,current_week,0.004273504273504258,-0.024216524216524205,-0.03418803418803418,-0.031339031339031376,0.05413105413105401,2024H2
600428,2025-01-27,0,mid,macd_stabilizing,pullback_holds,current_week,-0.04385964912280704,-0.06871345029239762,-0.10233918128654962,-0.08333333333333326,0.0029239766081872176,2025H1
600428,2025-03-12,2,bull,none,two_day_acceleration,current_week,0.04594180704441042,0.04594180704441042,-0.0811638591117918,-0.012251148545176171,0.11179173047473201,2025H1
600428,2025-03-20,3,bull,none,shrinking_volume_acceleration,current_week,-0.014641288433382083,-0.04392386530014636,-0.14494875549048314,-0.04685212298682284,0.05270863836017581,2025H1
600428,2025-03-21,4,mid,none,two_day_acceleration,current_week,-0.05225988700564976,-0.1694915254237288,-0.17090395480225984,-0.1694915254237288,0.015536723163841915,2025H1
600428,2025-03-24,0,mid,none,two_day_acceleration,current_week,-0.037142857142857144,-0.1757142857142856,-0.15000000000000002,-0.18571428571428572,0.0028571428571428914,2025H1
600428,2025-10-09,3,bull,ma_bull,pullback_holds,current_week,0.04896142433234418,0.07121661721068251,0.06973293768545985,-0.005934718100890191,0.07566765578635004,2025H2
600428,2025-10-10,4,bull,ma_bull,two_day_acceleration,current_week,0.050670640834575176,0.04172876304023854,0.09090909090909105,0.0,0.0804769001490313,2025H2
600428,2025-10-14,1,bull,none,shrinking_volume_acceleration,current_week,0.021428571428571574,-0.0071428571428571175,0.07000000000000006,-0.01571428571428568,0.03571428571428581,2025H2
600428,2025-10-15,2,bull,ma_bull,shrinking_volume_acceleration,current_week,0.02560455192034139,0.011379800853485111,0.04409672830725464,-0.017069701280227556,0.031294452347083945,2025H2
600428,2025-10-16,3,bull,ma_bull,two_day_acceleration,current_week,0.022662889518413554,0.03966005665722361,0.049575070821529676,-0.021246458923512845,0.06798866855524066,2025H2
600428,2025-10-27,0,bull,ma_bull,pullback_holds,current_week,0.01849217638691325,0.054054054054053946,-0.038406827880512195,-0.015647226173541973,0.07681365576102417,2025H2
600428,2025-10-30,3,bull,ma_bull,two_day_acceleration,current_week,-0.03609625668449201,-0.009358288770053513,-0.08689839572192515,-0.06417112299465244,0.016042780748663166,2025H2
600428,2025-11-07,4,bull,ma_bull,two_day_acceleration,current_week,0.005457025920873049,-0.07094133697135052,-0.021828103683492528,-0.07503410641200547,0.03683492496589369,2025H2
600428,2025-11-12,2,bull,ma_bull,pullback_holds,current_week,-0.040595399188092074,-0.07442489851150214,-0.03924221921515558,-0.09066305818673892,0.016238159675236785,2025H2
600428,2025-12-22,0,bull,ma_bull,two_day_acceleration,current_week,-0.013605442176870874,-0.025850340136054473,0.03537414965986385,-0.04081632653061229,0.008163265306122325,2025H2
600428,2025-12-24,2,bull,none,pullback_holds,current_week,-0.01662049861495829,-0.012465373961218829,0.049861495844875314,-0.027700831024930705,0.01939058171745156,2025H2
600428,2025-12-29,0,bull,ma_bull,pullback_holds,current_week,-0.006934812760055475,0.0277392510402219,0.07628294036061023,-0.026352288488210696,0.06518723994452147,2025H2
600428,2026-01-07,2,bull,ma_bull,pullback_holds,current_week,0.03203342618384397,0.05988857938718661,0.06128133704735372,-0.02228412256267398,0.0807799442896937,2026H1
600428,2026-01-15,3,bull,ma_bull,shrinking_volume_acceleration,current_week,0.007957559681697646,0.04509283819628651,0.07559681697612719,-0.03183023872679047,0.0610079575596818,2026H1
600428,2026-01-16,4,bull,ma_bull,pullback_holds,current_week,0.028493894165535938,0.06105834464043425,0.05834464043419274,-0.008141112618724522,0.08683853459972868,2026H1
600428,2026-01-28,2,bull,ma_bull,shrinking_volume_acceleration,current_week,-0.01677419354838705,0.03741935483870984,0.08645161290322578,-0.05419354838709678,0.06322580645161291,2026H1
600428,2026-02-11,2,bull,ma_bull,two_day_acceleration,current_week,0.040740740740740744,0.039506172839506304,-0.00987654320987652,-0.0444444444444444,0.15061728395061746,2026H1
600428,2026-03-16,0,mid,ma_bull,two_day_acceleration,current_week,-0.0650118203309693,0.08274231678486998,0.03546099290780136,-0.07801418439716323,0.08865248226950362,2026H1
600428,2026-04-22,2,bull,ma_bull,pullback_holds,current_week,-0.05506607929515417,-0.09140969162995594,-0.1464757709251101,-0.10132158590308371,0.02753303964757703,2026H1
600428,2026-04-23,3,bull,ma_bull,pullback_holds,current_week,-0.04888888888888887,-0.09333333333333327,-0.13111111111111107,-0.0955555555555555,0.036666666666666625,2026H1
600428,2026-06-02,1,mid,none,pullback_holds,current_week,-0.03749999999999998,-0.008749999999999925,0.028750000000000053,-0.07374999999999998,0.053749999999999964,2026H1
600428,2026-06-15,0,bull,none,shrinking_volume_acceleration,current_week,0.02955665024630516,-0.03817733990147787,0.30295566502463034,-0.05295566502463056,0.0640394088669951,2026H1
600428,2026-08-06,3,mid,ma_bull,two_day_acceleration,current_week,-0.0108514190317196,-0.04173622704507507,-0.027545909849749584,-0.05175292153589328,0.045075125208680955,2026H2
600428,2026-09-01,1,bull,ma_bull,pullback_holds,current_week,-0.029940119760479056,-0.05132591958939259,,-0.0675791274593669,0.019674935842600494,2026H2
600717,2023-04-14,4,bull,ma_bull,shrinking_volume_acceleration,current_week,0.02386117136659416,0.045553145336225676,0.030368763557483636,-0.017353579175705014,0.06073752711496727,2023H1
600717,2023-04-27,3,mid,ma_bull,pullback_holds,current_week,0.057203389830508655,-0.0021186440677966045,-0.03813559322033888,-0.01483050847457612,0.15042372881355925,2023H1
600717,2023-07-03,0,mid,none,pullback_holds,current_week,0.004484304932735439,0.0067264573991032695,0.06502242152466375,-0.026905829596412634,0.017937219730941756,2023H2
600717,2023-07-11,1,mid,none,two_day_acceleration,current_week,-0.0066079295154185536,0.006607929515418665,0.022026431718061623,-0.026431718061673992,0.008810572687224738,2023H2
600717,2023-07-25,1,mid,none,two_day_acceleration,current_week,0.0327510917030569,0.013100436681222627,-0.004366812227074135,-0.01091703056768556,0.04366812227074246,2023H2
600717,2023-07-26,2,mid,none,pullback_holds,current_week,0.02844638949671774,0.004376367614879584,-0.008752735229759279,-0.004376367614879806,0.045951859956236296,2023H2
600717,2023-07-27,3,mid,none,pullback_holds,current_week,0.0327510917030569,0.01965065502183405,-0.03056768558951961,-0.0021834061135370675,0.04366812227074246,2023H2
600717,2023-09-04,0,mid,none,pullback_holds,current_week,-0.024553571428571508,-0.017857142857142905,-0.04241071428571441,-0.04241071428571441,0.006696428571428381,2023H2
600717,2023-09-11,0,mid,none,pullback_holds,current_week,0.006864988558352492,0.022883295194507935,-0.016018306636155666,-0.004576659038901476,0.03203661327231111,2023H2
600717,2023-09-12,1,mid,none,pullback_holds,current_week,0.0182648401826484,0.01598173515981749,-0.0365296803652968,-0.006849315068492956,0.029680365296803624,2023H2
600717,2023-09-14,3,mid,macd_stabilizing,pullback_holds,current_week,-0.004484304932735328,-0.011210762331838486,-0.06502242152466364,-0.020179372197309364,0.011210762331838486,2023H2
600717,2023-11-13,0,mid,none,two_day_acceleration,current_week,-0.004672897196261738,-0.004672897196261738,-0.016355140186915973,-0.014018691588785215,0.004672897196261516,2023H2
600717,2023-11-15,2,mid,none,pullback_holds,current_week,-0.004683840749414636,-0.007025761124121788,-0.0023419203747073736,-0.011709601873536424,0.004683840749414525,2023H2
600717,2023-11-23,3,mid,none,pullback_holds,current_week,-0.007025761124121788,-0.014051522248243686,-0.023419203747072737,-0.021077283372365474,0.014051522248243575,2023H2
600717,2024-05-13,0,bull,ma_bull,two_day_acceleration,current_week,-0.0042918454935623185,-0.025751072961373467,-0.07939914163090134,-0.049356223175965774,0.006437768240343367,2024H1
600717,2024-10-23,2,bull,ma_bull,two_day_acceleration,current_week,-0.006249999999999867,0.02083333333333348,0.07291666666666674,-0.01666666666666672,0.027083333333333348,2024H2
600717,2024-10-24,3,bull,ma_bull,pullback_holds,current_week,0.0062893081761004055,0.052410901467505155,0.06498951781970641,-0.010482180293501231,0.052410901467505155,2024H2
600717,2024-10-25,4,bull,ma_bull,pullback_holds,current_week,0.0,0.03765690376569042,0.023012552301255207,-0.012552301255230214,0.06694560669456062,2024H2
600717,2024-10-31,3,bull,ma_bull,pullback_holds,current_week,0.04583333333333339,0.025000000000000133,0.03333333333333344,-0.01458333333333317,0.06250000000000022,2024H2
600717,2024-11-01,4,mid,ma_bull,pullback_holds,current_week,0.0398322851153039,0.05450733752620529,0.05450733752620529,-0.008385744234800874,0.0691823899371069,2024H2
600717,2024-11-05,1,bull,ma_bull,two_day_acceleration,current_week,0.004073319755600657,0.03665987780040725,0.030549898167006262,-0.016293279022403295,0.0997963340122201,2024H2
600717,2024-11-13,2,bull,ma_bull,shrinking_volume_acceleration,current_week,0.027944111776447178,-0.009980039920159611,0.017964071856287678,-0.03792415169660668,0.07784431137724557,2024H2
600717,2024-11-18,0,mid,ma_bull,two_day_acceleration,current_week,-0.04660194174757282,-0.01747572815533982,-0.025242718446601864,-0.06407766990291264,0.005825242718446422,2024H2
600717,2024-11-20,2,bull,ma_bull,shrinking_volume_acceleration,current_week,-0.03689320388349526,-0.029126213592233108,-0.03689320388349526,-0.06407766990291264,0.0019417475728153999,2024H2
600717,2024-12-24,1,bull,ma_bull,pullback_holds,current_week,-0.012170385395537497,-0.05679513184584162,-0.07910750507099384,-0.0730223123732251,0.01014198782961473,2024H2
600717,2024-12-25,2,bull,ma_bull,pullback_holds,current_week,-0.04858299595141702,-0.08097165991902844,-0.06882591093117407,-0.08299595141700411,0.00809716599190291,2024H2
600717,2025-01-27,0,mid,none,two_day_acceleration,current_week,-0.016877637130801704,-0.029535864978902926,-0.03586497890295359,-0.03375527426160341,0.006329113924050667,2025H1
600717,2025-02-17,0,bull,none,pullback_holds,current_week,-0.008639308855291628,-0.015118790496760126,0.008639308855291628,-0.02591792656587477,0.008639308855291628,2025H1
600717,2025-02-24,0,bull,none,pullback_holds,current_week,-0.006535947712418166,-0.002178649237472685,0.034858387799564294,-0.013071895424836555,0.01089324618736387,2025H1
600717,2025-02-27,3,bull,none,pullback_holds,current_week,0.0021834061135370675,0.004366812227074357,0.04585152838427953,-0.01091703056768556,0.013100436681222627,2025H1
600717,2025-03-12,2,bull,none,pullback_holds,current_week,0.026030368763557465,0.049891540130151846,-0.0195227765726681,-0.010845986984815537,0.05206073752711493,2025H1
600717,2025-03-13,3,bull,none,pullback_holds,current_week,0.032608695652173836,0.04130434782608683,-0.026086956521739202,0.0,0.05434782608695654,2025H1
600717,2025-03-20,3,bull,none,shrinking_volume_acceleration,current_week,0.010548523206751037,0.012658227848101111,-0.06118143459915615,-0.012658227848101333,0.02320675105485237,2025H1
600717,2025-03-26,2,mid,none,two_day_acceleration,current_week,-0.022774327122153326,-0.06418219461697716,-0.06625258799171851,-0.12008281573498969,0.0041407867494824835,2025H1
600717,2025-09-16,1,bull,ma_bull,pullback_holds,current_week,-0.022916666666666585,-0.03124999999999989,0.002083333333333437,-0.04166666666666652,0.004166666666666874,2025H2
600717,2025-10-09,3,bull,none,pullback_holds,current_week,0.021367521367521514,0.042735042735042805,0.03846153846153855,-0.004273504273504147,0.044871794871794934,2025H2
600717,2025-10-10,4,bull,macd_stabilizing,pullback_holds,current_week,0.00424628450106157,0.019108280254777066,0.03397027600849256,-0.010615711252653925,0.04033970276008492,2025H2
600717,2025-10-14,1,bull,none,two_day_acceleration,current_week,0.0,0.004149377593360981,0.018672199170124415,-0.022821576763485507,0.016597510373443924,2025H2
600717,2025-10-16,3,bull,none,pullback_holds,current_week,0.023060796645702153,0.018867924528301883,0.025157232704402288,-0.012578616352201366,0.027253668763102645,2025H2
600717,2025-10-27,0,bull,none,pullback_holds,current_week,0.0020790020790020236,0.018711018711018657,-0.0498960498960499,-0.006237006237006293,0.018711018711018657,2025H2
600717,2025-10-28,1,bull,none,pullback_holds,current_week,-0.0020703933747411307,0.016563146997929712,-0.055900621118012306,-0.010351966873705987,0.01863354037267073,2025H2
600717,2025-10-29,2,bull,none,pullback_holds,current_week,0.0041407867494824835,0.012422360248447228,-0.05797101449275366,-0.010351966873705987,0.020703933747411973,2025H2
600717,2025-10-30,3,bull,none,pullback_holds,current_week,-0.002053388090349051,0.004106776180698102,-0.06981519507186851,-0.01848049281314168,0.012320328542094305,2025H2
600717,2025-10-31,4,bull,none,pullback_holds,current_week,0.014583333333333393,0.022916666666666696,-0.05208333333333337,-0.004166666666666541,0.03125,2025H2
600717,2025-11-05,2,bull,none,pullback_holds,current_week,0.006172839506172645,-0.030864197530864224,-0.057613168724279906,-0.030864197530864224,0.01851851851851838,2025H2
600717,2025-11-10,0,bull,macd_cross,two_day_acceleration,current_week,-0.008163265306122436,-0.06734693877551023,-0.07142857142857151,-0.06938775510204076,0.010204081632652962,2025H2
600717,2025-11-12,2,bull,macd_cross,pullback_holds,current_week,-0.038775510204081765,-0.07142857142857151,-0.0775510204081632,-0.07346938775510214,0.010204081632652962,2025H2
600717,2025-11-13,3,bull,macd_cross,pullback_holds,current_week,-0.03476482617586907,-0.0736196319018404,-0.08588957055214719,-0.07566462167689147,0.0122699386503069,2025H2
600717,2025-11-14,4,bull,macd_cross,pullback_holds,current_week,-0.06924643584521384,-0.07331975560081472,-0.09368635437881878,-0.08146639511201637,0.0020366598778003286,2025H2
300842,2024-03-06,2,bull,ma_bull,shrinking_volume_acceleration,current_week,0.01681195516811962,-0.03586550435865499,-0.09115815691158147,-0.05965130759651294,0.04782067247820687,2024H1
300842,2024-04-01,0,bull,ma_bull,two_day_acceleration,current_week,-0.29818281938325986,-0.26349118942731276,-0.23912444933920696,-0.3265418502202643,0.014592511013215903,2024H1
300842,2024-04-02,1,bull,ma_bull,pullback_holds,current_week,-0.30556701030927835,-0.27532646048109966,-0.2369759450171821,-0.3275601374570446,0.006185567010309256,2024H1
300842,2024-04-03,2,bull,ma_bull,pullback_holds,current_week,-0.3058598028477547,-0.35898138006571745,-0.26998904709748084,-0.360487404162103,0.0020536692223438457,2024H1
300842,2025-10-13,0,bull,ma_bull,shrinking_volume_acceleration,current_week,-0.156781987918726,-0.08141131246567834,-0.08223503569467339,-0.20785282811641959,0.014277869302580903,2025H2
300842,2025-12-08,0,bull,none,shrinking_volume_acceleration,current_week,0.08303571428571432,0.14660714285714294,0.1255357142857143,-0.005714285714285672,0.17839285714285702,2025H2
300842,2025-12-24,2,bull,none,shrinking_volume_acceleration,current_week,-0.05092073658927143,-0.020656525220176136,0.8478783026421137,-0.05524419535628511,0.061809447558046404,2025H2
300842,2026-01-06,1,bull,none,two_day_acceleration,current_week,0.10935096893263618,0.40264533989541684,0.9066441095047679,-0.08028298984927706,0.4918486619501692,2026H1
300842,2026-02-11,2,bull,ma_bull,pullback_holds,current_week,0.00922691032876477,-0.07399444593747195,-0.12460808026516168,-0.08796918391113495,0.1484368001433305,2026H1
300842,2026-04-09,3,mid,none,pullback_holds,current_week,0.030620855937311564,0.03242917420132607,0.14731766124171175,-0.011452682338758291,0.07402049427365887,2026H1
300842,2026-04-10,4,mid,none,two_day_acceleration,current_week,0.034878048780487836,0.030487804878048808,0.1604878048780487,0.0,0.08646341463414631,2026H1
300842,2026-04-14,1,mid,none,shrinking_volume_acceleration,current_week,0.004592016955139444,0.006475921346991598,0.07653361591899221,-0.03108442246555987,0.06299305310255487,2026H1
300842,2026-04-16,3,mid,none,pullback_holds,current_week,0.01529342027267333,0.07753408417308827,0.14641375222288078,-0.05121517486662719,0.1157083580320093,2026H1
300842,2026-04-17,4,mid,none,pullback_holds,current_week,0.0,0.12544378698224867,0.13112426035502955,-0.05289940828402362,0.14556213017751474,2026H1
300842,2026-04-20,0,bull,none,two_day_acceleration,current_week,0.02336448598130847,0.12231308411214958,0.05327102803738293,-0.06507009345794401,0.13551401869158863,2026H1
300842,2026-04-22,2,bull,none,pullback_holds,current_week,0.04768550825773432,0.13805536171202615,0.17073738078622935,-0.06920214003256575,0.16887648290300072,2026H1
300842,2026-04-23,3,bull,none,pullback_holds,current_week,0.060807656395891696,0.11076097105508853,0.15861344537815114,-0.06594304388422045,0.17296918767506986,2026H1
300842,2026-04-28,1,bull,none,pullback_holds,current_week,0.11235689838309915,0.07907470789566862,0.012628348872890216,-0.05547031747905118,0.1861206184350288,2026H1
300842,2026-05-20,2,bull,none,pullback_holds,current_week,-0.02287414093753204,-0.15663144937942364,-0.19930249256333987,-0.1999179403015695,0.052928505487742195,2026H1
002439,2023-03-08,2,mid,ma_bull,shrinking_volume_acceleration,current_week,0.0602904040404042,0.053661616161616355,0.1190025252525253,-0.016414141414141437,0.13162878787878785,2023H1
002439,2023-03-10,4,mid,ma_bull,two_day_acceleration,current_week,0.08152671755725205,-0.012213740458015265,-0.013129770992366452,-0.03694656488549619,0.09465648854961839,2023H1
002439,2023-03-13,0,mid,ma_bull,shrinking_volume_acceleration,current_week,-0.03093694755450782,-0.020329994107248006,-0.03977607542722439,-0.07071302298173243,0.056275780789628804,2023H1
002439,2023-03-27,0,mid,ma_bull,shrinking_volume_acceleration,current_week,-0.005531295487627319,-0.05123726346433766,-0.04541484716157207,-0.09286754002911213,0.048034934497816595,2023H1
002439,2023-03-28,1,mid,ma_bull,pullback_holds,current_week,0.06137724550898227,0.017964071856287456,-0.11047904191616764,-0.06706586826347305,0.07784431137724557,2023H1
002439,2023-07-31,0,bull,none,pullback_holds,current_week,0.026297814207650205,0.013319672131147486,-0.07377049180327866,-0.009562841530054711,0.042349726775956276,2023H2
002439,2023-08-01,1,bull,none,pullback_holds,current_week,0.01802721088435355,0.0003401360544217358,-0.032653061224489854,-0.013605442176870874,0.03809523809523796,2023H2
002439,2023-08-02,2,bull,none,pullback_holds,current_week,0.016949152542372836,-0.03220338983050841,-0.016949152542372836,-0.032542372881355974,0.03457627118644058,2023H2
002439,2023-08-03,3,bull,none,pullback_holds,current_week,0.008795669824086527,-0.030446549391069055,-0.01285520974289589,-0.04905277401894459,0.03247631935047357,2023H2
002439,2023-08-04,4,bull,none,shrinking_volume_acceleration,current_week,-0.018333333333333313,-0.08266666666666667,-0.050000000000000044,-0.08299999999999996,0.017333333333333423,2023H2
301550,2025-05-22,3,bull,ma_bull,shrinking_volume_acceleration,current_week,0.1875,0.07395833333333335,-0.1963541666666666,-0.016875000000000084,0.22916666666666674,2025H1
301550,2025-07-18,4,bull,none,shrinking_volume_acceleration,current_week,-0.032558139534883734,-0.0928210313447928,0.030839231547017176,-0.09999999999999998,0.011122345803842304,2025H2
301550,2025-08-05,1,bull,none,pullback_holds,current_week,0.08648648648648649,0.15813460519342848,0.1957604663487016,-0.0015898251192369983,0.19554848966613658,2025H2
301550,2025-10-09,3,bull,ma_bull,shrinking_volume_acceleration,current_week,-0.19776808809400637,-0.13997487251496565,0.03022688640898674,-0.2167615106052767,0.0036213140196585947,2025H2
301550,2025-12-23,1,bull,none,shrinking_volume_acceleration,current_week,0.25314698259903756,0.5965383191410589,0.8249722325064792,-0.03730099962976674,0.74435394298408,2025H2
301550,2025-12-26,4,bull,none,pullback_holds,current_week,0.4768888888888889,0.6000000000000001,0.6536888888888888,0.0,0.6752,2025H2
301550,2026-05-20,2,bull,none,pullback_holds,current_week,-0.02035292843996983,-0.40056295333982894,-0.4595106636353794,-0.42042871062033127,0.1259066796578976,2026H1
002824,2025-05-08,3,bull,none,shrinking_volume_acceleration,current_week,-0.022699386503067576,-0.04049079754601226,-0.06073619631901839,-0.04233128834355826,0.01595092024539868,2025H1
002824,2025-05-16,4,bull,none,pullback_holds,current_week,-0.04531346989447538,-0.08069522036002474,-0.05772811918063314,-0.08504034761017998,0.0,2025H1
002824,2025-06-04,2,bull,none,two_day_acceleration,current_week,0.03386454183266929,0.007304116865869847,0.10956175298804793,-0.00863213811420993,0.04847277556440899,2025H1
002824,2025-06-05,3,bull,none,pullback_holds,current_week,0.018372703412073532,-0.023622047244094446,0.09908136482939622,-0.028215223097112885,0.03608923884514437,2025H1
002824,2025-06-09,0,bull,none,pullback_holds,current_week,-0.02692307692307694,0.04358974358974366,0.06153846153846154,-0.06217948717948707,0.04358974358974366,2025H1
002824,2025-06-12,3,bull,none,pullback_holds,current_week,-0.035644847699287,0.0887880751782244,0.08554763447828906,-0.051847051198963046,0.1412832145171743,2025H1
002824,2025-06-26,3,bull,none,shrinking_volume_acceleration,current_week,-0.014125956444967724,-0.014125956444967724,-0.008240141259564515,-0.040612124779282,0.08240141259564449,2025H1
002824,2025-06-27,4,bull,none,two_day_acceleration,current_week,-0.08100558659217894,-0.06759776536312856,-0.07039106145251406,-0.08938547486033521,0.02737430167597754,2025H1
002824,2025-09-17,2,bull,ma_bull,two_day_acceleration,current_week,-0.053473263368315815,-0.05547226386806592,-0.06646676661669171,-0.08795602198900554,0.001999000499750103,2025H2
002824,2025-09-30,1,bull,ma_bull,pullback_holds,current_week,-0.026827985270910126,-0.019989479221462547,0.06733298264071519,-0.08469226722777479,0.01946344029458169,2025H2
002824,2025-10-21,1,bull,macd_stabilizing,pullback_holds,current_week,0.03442711135018839,0.09037116729424421,0.060785368477676016,-0.012910166756320507,0.11834319526627213,2025H2
002824,2025-10-22,2,bull,none,pullback_holds,current_week,0.052773290253096405,0.09262250942380179,0.035541195476575194,-0.01184706515885836,0.11954765751211616,2025H2
002824,2025-10-23,3,bull,none,pullback_holds,current_week,0.06745182012847972,0.08940042826552475,0.036937901498929504,0.0,0.11295503211991442,2025H2
002824,2025-10-24,4,bull,macd_stabilizing,two_day_acceleration,current_week,0.07165437302423605,0.06638566912539523,-0.05216016859852468,-0.004741833508956739,0.09536354056901986,2025H2
002824,2025-10-27,0,bull,none,two_day_acceleration,current_week,0.06645898234683267,0.0358255451713394,-0.03997923156801664,-0.013499480789200491,0.07943925233644844,2025H2
002824,2025-10-31,4,bull,macd_cross,shrinking_volume_acceleration,current_week,-0.00491642084562427,-0.0103244837758113,-0.09636184857423802,-0.051130776794493515,0.022123893805309658,2025H2
002824,2025-11-06,3,bull,ma_bull,two_day_acceleration,current_week,-0.0014903129657226621,-0.03775459513164425,-0.08594138102334814,-0.0516641828117238,0.037754595131644475,2025H2
002824,2025-11-17,0,mid,ma_bull,two_day_acceleration,current_week,-0.08238213399503724,-0.0719602977667495,-0.12158808933002496,-0.1161290322580647,0.007940446650123834,2025H2
002824,2025-12-01,0,mid,ma_bull,pullback_holds,current_week,0.003224073078989864,-0.04889844169801183,0.06072004298764111,-0.05427189682966138,0.030091348737238066,2025H2
002824,2025-12-22,0,bull,none,pullback_holds,current_week,0.08880308880308907,0.05184776613348041,0.2200772200772203,-0.004964147821290621,0.16050744622173196,2025H2
002824,2025-12-23,1,bull,none,pullback_holds,current_week,0.08149779735682827,0.052312775330396466,0.30176211453744495,-0.0066079295154185536,0.15859030837004395,2025H2
002824,2025-12-24,2,bull,none,two_day_acceleration,current_week,0.04582210242587603,0.05067385444743944,0.2560646900269541,-0.01132075471698113,0.134231805929919,2025H2
002824,2025-12-25,3,bull,none,two_day_acceleration,current_week,0.003138075313807498,0.024581589958158956,0.21809623430962333,-0.011506276150627603,0.10041841004184082,2025H2
002824,2026-02-02,0,mid,ma_bull,two_day_acceleration,current_week,-0.027626622017580593,-0.04520719966513198,-0.1356215989953955,-0.061950606948514064,0.06111343658434487,2026H1
002824,2026-02-06,4,mid,ma_bull,pullback_holds,current_week,-0.05857740585774063,-0.08158995815899595,-0.1535564853556486,-0.09539748953974903,0.04184100418410042,2026H1
002824,2026-02-26,3,bull,ma_bull,pullback_holds,current_week,-0.10514928602336648,-0.11856339247079184,-0.23929035049761993,-0.15794028559065332,0.002163565556036362,2026H1
002824,2026-05-12,1,bull,ma_bull,pullback_holds,current_week,-0.0168498168498169,-0.13186813186813195,-0.05091575091575096,-0.13589743589743597,0.029304029304029422,2026H1
002824,2026-05-13,2,bull,ma_bull,pullback_holds,current_week,-0.01544117647058818,-0.1511029411764706,-0.0352941176470587,-0.1849264705882352,0.002941176470588225,2026H1
002824,2026-06-25,3,bull,ma_bull,shrinking_volume_acceleration,current_week,-0.14396284829721362,-0.18730650154798756,-0.3944788441692466,-0.26909184726522184,0.010577915376677183,2026H1
002824,2026-08-31,0,bull,none,shrinking_volume_acceleration,current_week,0.013967534918837288,-0.10079275198187998,,-0.15100037750094375,0.05209513023782564,2026H2
603216,2025-05-09,4,bull,macd_cross,shrinking_volume_acceleration,current_week,0.02986279257465685,0.0314769975786926,0.09604519774011289,-0.03147699757869249,0.07506053268765123,2025H1
603216,2025-05-15,3,bull,ma_bull,shrinking_volume_acceleration,current_week,-0.008507347254447017,0.03248259860788871,0.012374323279195742,-0.023201856148491795,0.03248259860788871,2025H1
603216,2025-05-20,1,bull,ma_bull,two_day_acceleration,current_week,-0.018910741301058964,0.021180030257186067,-0.021936459909228545,-0.044629349470499236,0.030257186081694476,2025H1
603216,2025-06-03,1,bull,ma_bull,two_day_acceleration,current_week,0.005979073243647326,-0.026905829596412634,-0.05231689088191338,-0.03139013452914796,0.029147982062780242,2025H1
603216,2025-06-04,2,bull,ma_bull,shrinking_volume_acceleration,current_week,0.0,-0.03866171003717478,-0.06096654275092939,-0.04386617100371759,0.02379182156133819,2025H1
603216,2025-06-05,3,bull,ma_bull,two_day_acceleration,current_week,-0.04069767441860461,-0.08066860465116277,-0.0799418604651162,-0.08066860465116277,0.0007267441860465684,2025H1
603216,2025-06-23,0,bull,ma_bull,shrinking_volume_acceleration,current_week,0.024271844660194164,0.03802588996763756,0.03883495145631066,-0.012944983818770073,0.05177993527508096,2025H1
603216,2025-06-24,1,bull,ma_bull,pullback_holds,current_week,-0.01322957198443575,-0.01478599221789878,0.0,-0.05058365758754857,0.011673151750972721,2025H1
603216,2025-06-25,2,bull,ma_bull,pullback_holds,current_week,-0.020170674941815347,-0.010861132660977546,0.013188518231187052,-0.057408844065166775,0.0007757951900697613,2025H1
603216,2025-06-27,4,bull,ma_bull,pullback_holds,current_week,-0.027906976744185963,-0.04961240310077519,0.04496124031007742,-0.05813953488372092,0.0,2025H1
603216,2025-07-08,1,bull,none,pullback_holds,current_week,-0.022099447513812098,0.01420678768745054,0.03946329913180735,-0.041041831097079706,0.033938437253354437,2025H2
603216,2025-07-09,2,bull,none,pullback_holds,current_week,-0.024294670846394917,0.023510971786833812,0.03526645768025083,-0.042319749216300884,0.034482758620689724,2025H2
603216,2025-07-21,0,bull,macd_stabilizing,two_day_acceleration,current_week,0.030373831775700966,0.003894080996884819,0.161993769470405,-0.01791277258566981,0.08566978193146424,2025H2
603216,2025-07-23,2,bull,macd_stabilizing,two_day_acceleration,current_week,-0.011538461538461608,0.016153846153846185,0.14000000000000012,-0.030000000000000027,0.07230769230769218,2025H2
603216,2025-08-04,0,bull,none,pullback_holds,current_week,0.1473765432098766,0.15123456790123457,0.1489197530864197,-0.006172839506172867,0.2623456790123455,2025H2
603216,2025-08-05,1,bull,macd_stabilizing,two_day_acceleration,current_week,0.08054711246200608,0.13981762917933138,0.07522796352583594,-0.00455927051671734,0.24316109422492405,2025H2
603216,2025-08-07,3,bull,ma_bull,two_day_acceleration,current_week,0.06978470675575354,0.1521900519673347,0.062360801781737196,-0.0051967334818114885,0.2145508537490719,2025H2
603216,2025-08-14,3,bull,ma_bull,two_day_acceleration,current_week,0.08304256803907872,0.09699930216329378,0.1625959525471039,-0.0293091416608513,0.13607815771109566,2025H2
603216,2026-03-09,0,mid,none,pullback_holds,current_week,-0.05169712793733694,-0.18276762402088775,-0.17258485639686694,-0.19060052219321155,0.014621409921670825,2026H1
603216,2026-03-10,1,bull,none,pullback_holds,current_week,-0.07436297451898077,-0.15132605304212166,-0.1367654706188247,-0.19396775871034844,0.006240249609984483,2026H1
603216,2026-05-06,2,bull,none,pullback_holds,current_week,0.074260752688172,-0.07090053763440862,-0.19858870967741937,-0.09778225806451613,0.07459677419354827,2026H1
603216,2026-05-07,3,bull,none,pullback_holds,current_week,-0.026725304465494037,-0.0558186738836266,-0.21312584573748306,-0.09167794316644118,0.08186738836265217,2026H1
603216,2026-05-08,4,bull,none,two_day_acceleration,current_week,-0.08300524934383202,-0.14337270341207353,-0.2267060367454068,-0.17552493438320216,0.048884514435695525,2026H1
688031,2025-06-09,0,bull,none,shrinking_volume_acceleration,current_week,-0.07510773650728508,-0.11348245434024218,-0.10301662220398122,-0.15862918120254466,0.0,2025H1
688031,2025-06-16,0,bull,none,shrinking_volume_acceleration,current_week,-0.04950495049504955,0.025962596259625936,0.07590759075907583,-0.09790979097909802,0.04510451045104502,2025H1
688031,2025-06-23,0,bull,none,shrinking_volume_acceleration,current_week,0.07939814814814805,0.011805555555555403,0.13449074074074052,0.0,0.09953703703703698,2025H1
688031,2025-06-27,4,bull,none,pullback_holds,current_week,-0.04298056155507568,0.0693304535637147,0.15961123110151165,-0.06263498920086408,0.09092872570194377,2025H1
688031,2025-07-17,3,bull,none,shrinking_volume_acceleration,current_week,0.0011834319526626835,0.020315581854043474,-0.0037475345167653495,-0.06686390532544384,0.07495069033530566,2025H2
688031,2025-09-24,2,bull,ma_bull,shrinking_volume_acceleration,current_week,-0.024230517354289383,-0.14358218729535033,-0.04354944335297961,-0.16699410609037324,0.07170923379174865,2025H2
688031,2025-10-13,0,bull,ma_bull,shrinking_volume_acceleration,current_week,-0.0837837837837837,0.10612612612612615,0.2131531531531532,-0.0972972972972973,0.13963963963963955,2025H2
688031,2026-04-10,4,mid,none,pullback_holds,current_week,0.04208641146183134,0.01328259085142891,0.01932691590179836,-0.002462502798298516,0.08573987015894335,2026H1
688031,2026-04-15,2,mid,none,pullback_holds,current_week,0.028759124087591292,-0.045036496350364885,-0.09722627737226275,-0.06262773722627724,0.06204379562043805,2026H1
688031,2026-04-16,3,mid,none,shrinking_volume_acceleration,current_week,0.005144927536231858,-0.04347826086956519,-0.09166666666666656,-0.06942028985507231,0.05434782608695654,2026H1
688031,2026-04-17,4,mid,none,pullback_holds,current_week,-0.02309352517985619,0.05611510791366925,-0.11496402877697842,-0.07611510791366893,0.0970503597122303,2026H1
688031,2026-04-20,0,bull,none,shrinking_volume_acceleration,current_week,-0.03350239302807345,0.07443388813486673,-0.04857489820701488,-0.08264876062575888,0.08929209229230661,2026H1
688031,2026-06-29,0,mid,none,shrinking_volume_acceleration,current_week,-0.08168631006346316,-0.08839528558476883,-0.20398912058023577,-0.11650045330915682,0.12420670897552144,2026H1
688067,2023-11-09,3,mid,ma_bull,two_day_acceleration,current_week,-0.007780507780507873,0.025798525798525818,-0.020884520884520974,-0.020884520884520974,0.025798525798525818,2023H2
688067,2023-11-20,0,mid,ma_bull,two_day_acceleration,current_week,-0.027867528271405595,-0.023021001615508907,-0.07915993537964461,-0.03796445880452348,0.017366720516962753,2023H2
688067,2023-12-28,3,mid,none,pullback_holds,current_week,0.023326133909287172,-0.017710583153347725,-0.12008639308855296,-0.026349892008639464,0.05831533477321815,2023H2
688067,2024-01-04,3,mid,none,shrinking_volume_acceleration,current_week,-0.02700457000415446,-0.10427918570835071,-0.29746572496884083,-0.12546738678853342,0.004570004154549112,2024H1
688067,2025-06-04,2,bull,ma_bull,shrinking_volume_acceleration,current_week,0.012422360248447228,-0.0014333492594360564,0.03440038222646935,-0.020544672718585733,0.02723363592928818,2025H1
688067,2025-06-06,4,bull,ma_bull,shrinking_volume_acceleration,current_week,0.000956937799043045,-0.03540669856459344,0.024880382775119614,-0.03923444976076551,0.028708133971291794,2025H1
688067,2025-06-09,0,bull,ma_bull,two_day_acceleration,current_week,0.001419110690633829,-0.026017029328287644,0.026017029328287533,-0.05392620624408706,0.017029328287606393,2025H1
688067,2025-06-11,2,bull,ma_bull,shrinking_volume_acceleration,current_week,-0.011820330969267157,0.022222222222222143,0.03546099290780136,-0.05437352245862892,0.02505910165484626,2025H1
688067,2025-06-12,3,bull,ma_bull,two_day_acceleration,current_week,-0.0533957845433255,0.003278688524590123,0.024824355971896805,-0.06323185011709609,0.015456674473067755,2025H1
688067,2025-06-13,4,bull,ma_bull,pullback_holds,current_week,-0.041369472182596345,0.01616737993342854,0.03661436043747024,-0.048977650974798004,0.030908226343318912,2025H1
688067,2025-06-16,0,bull,ma_bull,pullback_holds,current_week,-0.0287735849056604,0.014622641509434153,0.041509433962264364,-0.05660377358490565,0.02264150943396226,2025H1
688067,2025-06-17,1,bull,ma_bull,pullback_holds,current_week,-0.0009389671361501595,0.021596244131455444,0.034272300469483596,-0.06103286384976525,0.030516431924882514,2025H1
688067,2025-06-24,1,bull,ma_bull,shrinking_volume_acceleration,current_week,0.017297802711547572,0.03038803179055627,0.12295465170640485,-0.01449275362318836,0.032258064516129004,2025H1
688067,2025-07-01,1,bull,ma_bull,shrinking_volume_acceleration,current_week,0.018013856812932882,0.01755196304849882,0.1362586605080831,-0.01616628175519641,0.025866050808313945,2025H2
688067,2025-07-04,4,bull,ma_bull,pullback_holds,current_week,0.017740429505135324,0.09663865546218497,0.18020541549953317,-0.0056022408963586345,0.09803921568627438,2025H2
688067,2025-07-08,1,bull,ma_bull,two_day_acceleration,current_week,-0.00045372050816683274,0.08983666061705997,0.18284936479128855,-0.02858439201451901,0.0980036297640654,2025H2
688067,2025-07-10,3,bull,ma_bull,pullback_holds,current_week,0.04646924829157184,0.07562642369020511,0.23097949886104785,-0.02460136674259672,0.10250569476082005,2025H2
688067,2025-07-11,4,bull,ma_bull,pullback_holds,current_week,0.07604214383875396,0.10948236371965181,0.32753092075125956,-0.01465872652313327,0.11726981218506638,2025H2
688067,2025-07-15,1,bull,ma_bull,pullback_holds,current_week,0.09033136631865624,0.11665910122560152,0.2859736722650932,-0.005447117566954152,0.14843395369950074,2025H2
688067,2025-07-16,2,bull,ma_bull,shrinking_volume_acceleration,current_week,0.045109423849932995,0.08530594015185344,0.22331397945511378,-0.004912907548012435,0.1299687360428763,2025H2
688067,2025-07-17,3,bull,ma_bull,two_day_acceleration,current_week,0.027862429255550714,0.062255115367871205,0.14976055724858517,-0.011754462342185468,0.10143665650848943,2025H2
688067,2025-07-25,4,bull,ma_bull,two_day_acceleration,current_week,0.03904644471845464,0.19112207151664595,0.09782161939991774,-0.015618577887381968,0.19112207151664595,2025H2
688067,2025-08-06,2,bull,ma_bull,shrinking_volume_acceleration,current_week,0.025074850299401152,0.007859281437125887,-0.06362275449101795,-0.019461077844311392,0.10404191616766467,2025H2
688067,2025-08-26,1,bull,ma_bull,pullback_holds,current_week,-0.06890198968312455,-0.0320560058953574,-0.08069270449521004,-0.09358879882092852,0.010316875460574915,2025H2
688067,2025-09-09,1,bull,ma_bull,pullback_holds,current_week,-0.01055408970976257,-0.05955522050508866,-0.028646814926498343,-0.09762532981530347,0.010177157934413872,2025H2
688067,2025-09-10,2,bull,ma_bull,pullback_holds,current_week,0.007621951219512146,-0.03963414634146356,-0.022484756097560954,-0.08765243902439024,0.021341463414634054,2025H2
688067,2025-09-12,4,bull,ma_bull,pullback_holds,current_week,-0.030268634127885052,-0.04653802497162318,-0.02421490730230802,-0.09421112372304197,0.01324252743094978,2025H2
688067,2025-09-29,0,bull,none,pullback_holds,current_week,-0.00852713178294573,0.03449612403100777,0.1275193798449612,-0.06589147286821706,0.041860465116279055,2025H2
688067,2025-10-13,0,bull,none,pullback_holds,current_week,-0.0034775888717155645,0.0877125193199384,0.09775888717156112,-0.029366306027820643,0.10510046367851622,2025H2
688067,2025-10-15,2,bull,none,pullback_holds,current_week,0.021350931677018625,0.08268633540372661,0.09899068322981375,-0.024844720496894457,0.11024844720496896,2025H2
688067,2025-10-16,3,bull,none,pullback_holds,current_week,0.0331125827814569,0.08141799766264124,0.11725749902610039,-0.02142578885858981,0.11647837943124273,2025H2
688067,2025-10-21,1,bull,macd_stabilizing,two_day_acceleration,current_week,0.05994754589733975,0.08992131884600973,0.03896590483327089,-0.03297115024353692,0.09704008992131885,2025H2
688067,2025-10-23,3,bull,macd_stabilizing,shrinking_volume_acceleration,current_week,0.046757164404223284,0.10671191553544501,-0.0033936651583710287,-0.0037707390648565875,0.10671191553544501,2025H2
688067,2025-11-06,3,bull,ma_bull,shrinking_volume_acceleration,current_week,-0.02282793867120958,-0.09948892674616705,-0.15229982964224875,-0.10868824531516186,0.0,2025H2
688067,2025-11-07,4,bull,ma_bull,pullback_holds,current_week,-0.008965517241379284,-0.13103448275862073,-0.13275862068965505,-0.14379310344827578,0.0055172413793103114,2025H2
688067,2025-12-08,0,bull,none,pullback_holds,current_week,-0.051764705882352935,-0.026666666666666616,-0.008627450980392082,-0.09215686274509793,0.003529411764705781,2025H2
688067,2025-12-19,4,mid,none,pullback_holds,current_week,-0.028445512820512886,0.020032051282051322,0.10697115384615374,-0.038060897435897356,0.03205128205128216,2025H2
688067,2025-12-29,0,bull,none,pullback_holds,current_week,0.030995106035889064,0.10114192495921692,0.11786296900489401,-0.019168026101141877,0.12805872756933123,2025H2
688067,2025-12-31,2,bull,none,pullback_holds,current_week,0.06979591836734689,0.13306122448979596,0.14571428571428569,-0.0008163265306122547,0.13755102040816336,2025H2
688067,2026-01-12,0,bull,none,shrinking_volume_acceleration,current_week,0.02444444444444449,0.022222222222222365,0.07592592592592595,-0.022222222222222143,0.055185185185185226,2026H1
688067,2026-01-15,3,bull,none,shrinking_volume_acceleration,current_week,0.031352533722202036,-0.002916514764855882,0.045205978855268114,-0.02296755377324089,0.03864382063434202,2026H1
688067,2026-02-27,4,bull,ma_bull,pullback_holds,current_week,-0.011103400416377474,-0.005551700208188737,-0.06037473976405272,-0.08188757807078417,0.03331020124913264,2026H1
688067,2026-03-16,0,mid,ma_bull,pullback_holds,current_week,-0.14798206278026915,-0.07692307692307698,-0.09037599172128319,-0.15902035184546404,0.0031045187995859536,2026H1
688067,2026-04-10,4,mid,none,pullback_holds,current_week,-0.005171776874769107,-0.012560029553010721,0.04580716660509787,-0.03731067602511995,0.02733653490949406,2026H1
688067,2026-04-21,1,bull,none,pullback_holds,current_week,0.014433752775721675,0.06920799407846046,0.00925240562546259,-0.033678756476683946,0.08068097705403399,2026H1
688067,2026-04-22,2,bull,none,shrinking_volume_acceleration,current_week,0.026937269372693695,0.07343173431734318,-0.027675276752767486,-0.0365313653136532,0.07749077490774892,2026H1
688067,2026-04-27,0,bull,none,two_day_acceleration,current_week,0.049090909090909074,0.027272727272727337,-0.08436363636363642,-0.017818181818181733,0.07127272727272738,2026H1
688067,2026-04-30,3,bull,none,shrinking_volume_acceleration,current_week,0.007042253521126751,0.0021126760563379143,-0.14295774647887327,-0.04507042253521132,0.03732394366197189,2026H1
688067,2026-05-07,3,bull,ma_bull,shrinking_volume_acceleration,current_week,-0.015679442508710784,-0.06933797909407657,-0.19163763066202089,-0.07665505226480829,0.026480836236933758,2026H1
688067,2026-05-11,0,bull,ma_bull,two_day_acceleration,current_week,-0.03363074811256006,-0.0957446808510638,-0.22237474262182566,-0.10329444063143456,0.010981468771448233,2026H1
300125,2025-07-04,4,bull,none,shrinking_volume_acceleration,current_week,-0.03656821378340358,-0.01406469760900153,0.0,-0.06610407876230662,0.029535864978903037,2025H2
300125,2025-07-29,1,bull,none,pullback_holds,current_week,-0.005689900426742556,0.011379800853485111,-0.008534850640113834,-0.031294452347083834,0.05120910384068278,2025H2
300125,2025-08-11,0,bull,macd_cross,two_day_acceleration,current_week,-0.05647382920110178,-0.04683195592286504,0.15564738292011038,-0.06060606060606055,0.012396694214876103,2025H2
300125,2025-08-12,1,bull,macd_cross,pullback_holds,current_week,-0.02664796633941091,-0.02244039270687237,0.232819074333801,-0.04347826086956519,0.02384291725105192,2025H2
300125,2025-08-19,1,bull,ma_bull,pullback_holds,current_week,0.004322766570605152,0.1671469740634004,0.19020172910662825,-0.012968299711815567,0.31268011527377504,2025H2
300125,2025-08-20,2,bull,ma_bull,two_day_acceleration,current_week,0.1841359773371103,0.1388101983002834,0.16147308781869674,-0.028328611898017053,0.2903682719546741,2025H2
300125,2025-08-21,3,bull,ma_bull,pullback_holds,current_week,0.12693935119887167,0.1297602256699577,0.15373765867418898,-0.03244005641748937,0.2849083215796897,2025H2
300125,2025-08-22,4,bull,ma_bull,pullback_holds,current_week,0.08726752503576551,0.20028612303290427,0.1258941344778255,-0.01859799713876964,0.3032904148783977,2025H2
300125,2025-10-31,4,bull,ma_bull,shrinking_volume_acceleration,current_week,0.030769230769230882,0.030769230769230882,-0.19807692307692315,-0.054807692307692335,0.043269230769230616,2025H2
300125,2025-12-23,1,bull,none,two_day_acceleration,current_week,-0.03295310519645134,-0.07351077313054499,0.048162230671736195,-0.10646387832699633,0.011406844106463865,2025H2
300125,2026-01-15,3,bull,none,two_day_acceleration,current_week,0.08377659574468077,-0.0026595744680851796,0.1502659574468086,-0.03856382978723405,0.12234042553191471,2026H1
300125,2026-02-09,0,bull,none,two_day_acceleration,current_week,0.10955414012738851,0.08535031847133756,0.1057324840764331,-0.010191082802547768,0.18343949044585983,2026H1
300125,2026-02-27,4,bull,none,shrinking_volume_acceleration,current_week,0.014789533560864543,0.0,0.00796359499431154,-0.055745164960182,0.03185437997724683,2026H1
300125,2026-08-05,2,mid,none,two_day_acceleration,current_week,-0.09919028340080971,-0.16093117408906876,-0.05769230769230771,-0.17914979757085037,0.06781376518218618,2026H2
600936,2023-03-01,2,bull,ma_bull,two_day_acceleration,current_week,0.0139211136890951,-0.02088167053364287,0.002320185614849146,-0.030162412993039567,0.03712296983758678,2023H1
600936,2023-03-02,3,bull,ma_bull,pullback_holds,current_week,0.004608294930875667,-0.027649769585253448,-0.02995391705069117,-0.04377880184331784,0.02995391705069128,2023H1
600936,2023-03-03,4,bull,ma_bull,pullback_holds,current_week,-0.01388888888888895,-0.01620370370370372,0.00694444444444442,-0.03935185185185186,0.0347222222222221,2023H1
600936,2023-03-06,0,bull,ma_bull,pullback_holds,current_week,-0.0045977011494253706,-0.025287356321839205,0.013793103448275668,-0.04597701149425293,0.009195402298850297,2023H1
600936,2023-03-08,2,mid,ma_bull,shrinking_volume_acceleration,current_week,-0.038724373576309756,0.011389521640091216,-0.04555808656036431,-0.05466970387243719,0.011389521640091216,2023H1
600936,2023-03-09,3,mid,ma_bull,pullback_holds,current_week,-0.025404157043879994,0.020785219399538146,-0.03002309468822173,-0.04157043879907618,0.025404157043879882,2023H1
600936,2023-03-13,0,mid,none,pullback_holds,current_week,-0.016241299303944357,0.02088167053364276,-0.016241299303944357,-0.037122969837587005,0.030162412993039345,2023H1
600936,2023-04-03,0,bull,none,pullback_holds,current_week,-0.036363636363636376,-0.0795454545454547,0.002272727272727204,-0.08863636363636374,0.020454545454545503,2023H1
600936,2023-04-12,2,bull,ma_bull,shrinking_volume_acceleration,current_week,-0.06164383561643827,-0.08904109589041087,-0.011415525114155223,-0.11643835616438347,0.009132420091324311,2023H1
600936,2023-04-13,3,bull,ma_bull,pullback_holds,current_week,-0.05936073059360725,-0.11187214611872143,0.013698630136986356,-0.11643835616438347,0.006849315068493178,2023H1
600936,2023-04-14,4,bull,ma_bull,pullback_holds,current_week,-0.0841121495327104,-0.02102803738317749,0.007009345794392496,-0.09579439252336452,0.0,2023H1
600936,2023-05-08,0,bull,none,two_day_acceleration,current_week,-0.05043859649122817,-0.10745614035087725,-0.061403508771929904,-0.11403508771929838,0.04385964912280693,2023H1
600936,2023-05-11,3,mid,none,shrinking_volume_acceleration,current_week,-0.03803131991051456,-0.12080536912751672,-0.055928411633109576,-0.13646532438478742,0.06487695749440725,2023H1
600936,2023-07-03,0,mid,none,two_day_acceleration,current_week,0.007712082262210762,0.0,0.262210796915167,-0.023136246786632397,0.02570694087403602,2023H2
600936,2023-07-05,2,mid,none,pullback_holds,current_week,-0.015306122448979553,-0.012755102040816313,0.15051020408163263,-0.030612244897959107,0.010204081632652962,2023H2
600936,2023-07-31,0,bull,none,shrinking_volume_acceleration,current_week,-0.057851239669421406,-0.08677685950413216,-0.12809917355371903,-0.11157024793388426,0.04338842975206614,2023H2
600936,2023-09-04,0,mid,ma_bull,pullback_holds,current_week,-0.033175355450236865,-0.05450236966824629,-0.06872037914691931,-0.07109004739336489,0.0,2023H2
600936,2023-09-11,0,mid,none,two_day_acceleration,current_week,-0.017241379310344862,-0.022167487684729092,-0.06650246305418728,-0.036945812807881895,0.0024630541871921707,2023H2
600936,2023-11-06,0,mid,none,two_day_acceleration,current_week,0.0,0.01781170483460559,0.05343511450381677,-0.01526717557251911,0.030534351145037997,2023H2
600936,2023-11-10,4,mid,none,pullback_holds,current_week,0.030927835051546504,0.054123711340206215,0.05154639175257736,-0.002577319587628857,0.10824742268041243,2023H2
600936,2023-11-14,1,mid,none,pullback_holds,current_week,0.038071065989847774,0.020304568527918843,0.07106598984771573,-0.017766497461928932,0.09137055837563457,2023H2
600936,2023-11-16,3,mid,none,pullback_holds,current_week,0.05089058524173029,0.0050890585241729624,0.08396946564885477,-0.0050890585241730735,0.09414758269720092,2023H2
600936,2023-11-17,4,mid,none,two_day_acceleration,current_week,0.025062656641603898,0.032581453634085156,0.06766917293233066,-0.015037593984962405,0.07769423558897226,2023H2
600936,2023-11-21,1,mid,none,two_day_acceleration,current_week,-0.01228501228501222,-0.004914004914005066,0.029484029484029506,-0.03439803439803446,0.05651105651105648,2023H2
600936,2025-05-06,1,mid,macd_stabilizing,shrinking_volume_acceleration,current_week,0.024590163934426146,0.0901639344262295,0.016393442622950838,-0.010928961748633892,0.11475409836065564,2025H1
600936,2025-05-28,2,mid,ma_bull,two_day_acceleration,current_week,-0.09661835748792258,-0.13043478260869557,-0.10144927536231874,-0.14009661835748788,0.10144927536231907,2025H1
600936,2025-06-27,4,bull,macd_stabilizing,shrinking_volume_acceleration,current_week,-0.031746031746031744,-0.023809523809523836,0.04497354497354489,-0.039682539682539764,0.010582010582010692,2025H1
600936,2025-07-09,2,bull,none,pullback_holds,current_week,-0.032432432432432434,-0.018918918918918948,0.021621621621621623,-0.04594594594594592,0.00540540540540535,2025H2
600936,2025-07-10,3,bull,none,pullback_holds,current_week,-0.02972972972972987,-0.010810810810810811,0.027027027027026973,-0.04594594594594592,0.0,2025H2
600936,2025-07-11,4,bull,none,pullback_holds,current_week,-0.013550135501354976,0.07046070460704623,0.02981029810298108,-0.043360433604335946,0.09214092140921415,2025H2
600936,2025-07-21,0,bull,ma_bull,pullback_holds,current_week,0.005434782608695565,0.0027173913043476716,0.024456521739130377,-0.021739130434782594,0.09510869565217384,2025H2
600936,2025-07-22,1,bull,none,pullback_holds,current_week,0.01089918256130784,0.038147138964577776,0.02452316076294281,-0.019073569482288777,0.09809264305177123,2025H2
600936,2025-07-24,3,bull,none,pullback_holds,current_week,-0.008174386920980825,0.03542234332425087,0.038147138964577776,-0.019073569482288777,0.09809264305177123,2025H2
600936,2025-08-18,0,bull,ma_bull,pullback_holds,current_week,0.0026385224274407815,0.06596306068601576,-0.0026385224274405594,-0.01846965699208436,0.0870712401055409,2025H2
600936,2025-08-19,1,bull,ma_bull,pullback_holds,current_week,0.02933333333333321,0.03466666666666662,0.016000000000000014,-0.007999999999999896,0.09866666666666668,2025H2
600936,2025-08-20,2,bull,ma_bull,pullback_holds,current_week,0.021220159151193574,0.034482758620689724,0.010610079575596787,-0.007957559681697535,0.0954907161803713,2025H2
600936,2025-08-21,3,bull,ma_bull,pullback_holds,current_week,0.042105263157894646,-0.0026315789473684292,-0.015789473684210575,-0.015789473684210575,0.08684210526315783,2025H2
600936,2025-08-22,4,bull,ma_bull,pullback_holds,current_week,0.054973821989528826,0.015706806282722363,-0.028795811518324665,-0.02617801047120416,0.08115183246073299,2025H2
600936,2025-10-10,4,bull,none,pullback_holds,current_week,-0.008403361344537896,0.028011204481792618,0.04201680672268915,-0.022408963585434205,0.08683473389355734,2025H2
600936,2025-10-24,4,bull,none,pullback_holds,current_week,-0.024390243902438935,0.008130081300813163,-0.05962059620596194,-0.027100271002710064,0.024390243902439046,2025H2
600936,2025-11-06,3,bull,none,pullback_holds,current_week,-0.005376344086021501,-0.043010752688172116,-0.08064516129032262,-0.051075268817204256,0.021505376344086002,2025H2
600936,2025-11-07,4,bull,none,pullback_holds,current_week,-0.0026881720430108613,-0.06720430107526887,-0.08333333333333337,-0.07526881720430112,0.021505376344086002,2025H2
600936,2025-11-17,0,mid,none,two_day_acceleration,current_week,-0.0585106382978724,-0.05585106382978722,0.2021276595744681,-0.08510638297872353,0.0026595744680850686,2025H2
600936,2025-11-18,1,mid,none,pullback_holds,current_week,-0.05093833780160861,-0.05093833780160861,0.09115281501340489,-0.07774798927613946,0.0,2025H2
600936,2026-01-05,0,bull,ma_bull,shrinking_volume_acceleration,current_week,0.04888888888888876,-0.03111111111111109,-0.06666666666666665,-0.06222222222222229,0.12444444444444458,2026H1
600936,2026-01-08,3,bull,ma_bull,shrinking_volume_acceleration,current_week,-0.0708333333333333,-0.10416666666666663,-0.10833333333333328,-0.12083333333333335,0.014583333333333393,2026H1
600936,2026-01-12,0,bull,ma_bull,shrinking_volume_acceleration,current_week,-0.08403361344537807,-0.09243697478991586,-0.06932773109243695,-0.11344537815126055,0.006302521008403339,2026H1
600936,2026-02-03,1,mid,ma_bull,two_day_acceleration,current_week,0.0511627906976746,0.006976744186046657,-0.06976744186046513,-0.020930232558139528,0.0627906976744188,2026H1
600936,2026-02-05,3,mid,ma_bull,pullback_holds,current_week,0.021077283372365363,0.0,-0.06323185011709609,-0.014051522248243686,0.07025761124121765,2026H1
600936,2026-02-06,4,mid,ma_bull,pullback_holds,current_week,-0.006864988558352492,-0.07093821510297471,-0.07322654462242573,-0.0778032036613272,0.04576659038901609,2026H1
600936,2026-02-09,0,bull,none,two_day_acceleration,current_week,-0.02483069977426622,-0.12415349887133176,-0.10158013544018052,-0.12866817155756205,0.031602708803611934,2026H1
600936,2026-03-16,0,mid,none,two_day_acceleration,current_week,-0.09158415841584155,-0.01980198019801982,0.03712871287128716,-0.09900990099009899,0.012376237623762387,2026H1
600936,2026-04-16,3,mid,none,shrinking_volume_acceleration,current_week,-0.02663438256658579,0.0,0.41404358353510906,-0.0532687651331718,0.014527845036319764,2026H1
600936,2026-05-06,2,bull,none,two_day_acceleration,current_week,0.24883720930232567,0.22325581395348837,0.5139534883720931,-0.0046511627906975495,0.37209302325581417,2026H1
600936,2026-05-15,4,bull,none,shrinking_volume_acceleration,current_week,0.07635009310986973,-0.011173184357541777,-0.09869646182495351,-0.06517690875232773,0.16387337057728124,2026H1
600936,2026-08-12,2,mid,ma_bull,shrinking_volume_acceleration,current_week,-0.23376623376623384,-0.1785714285714285,-0.19480519480519487,-0.26136363636363646,0.008116883116883189,2026H2
600936,2026-08-26,2,mid,none,pullback_holds,current_week,0.03984063745019917,-0.011952191235059861,,-0.03784860557768932,0.12350597609561742,2026H2
600936,2026-08-27,3,mid,none,pullback_holds,current_week,0.05138339920948609,-0.031620553359683834,,-0.045454545454545525,0.11462450592885354,2026H2
600936,2026-08-31,0,bull,ma_bull,shrinking_volume_acceleration,current_week,0.042718446601941684,-0.03883495145631066,,-0.06990291262135928,0.09514563106796103,2026H2
600936,2026-09-03,3,mid,ma_bull,pullback_holds,current_week,-0.07721280602636538,,,-0.10734463276836159,0.06214689265536699,2026H2
300606,2023-09-05,1,mid,ma_bull,two_day_acceleration,current_week,0.017014036580178526,0.16843896214376852,0.30455125478519784,-0.03572947681837513,0.17992343683538925,2023H2
300606,2023-11-20,0,mid,ma_bull,shrinking_volume_acceleration,current_week,-0.0697368421052631,-0.0552631578947369,-0.18394736842105264,-0.1355263157894736,0.007368421052631691,2023H2
300606,2023-12-28,3,mid,none,pullback_holds,current_week,-0.02341137123745829,-0.02888415931894195,-0.31590148981453325,-0.06202493159014899,0.08786865308604441,2023H2
300606,2024-03-11,0,bull,none,shrinking_volume_acceleration,current_week,0.0587188612099645,0.0022241992882563455,-0.06494661921708189,-0.00934163701067614,0.13967971530249113,2024H1
300606,2024-03-12,1,bull,none,two_day_acceleration,current_week,0.03994789405123744,-0.01823708206686936,-0.10464611376465482,-0.04472427268779855,0.11246200607902734,2024H1
300606,2024-03-18,0,bull,none,shrinking_volume_acceleration,current_week,-0.0874848116646415,-0.08991494532199285,-0.21223167274200083,-0.15269339813689753,0.0376670716889429,2024H1
300606,2024-03-21,3,bull,none,two_day_acceleration,current_week,-0.07115948095437419,-0.13729593972373377,-0.23608204269568855,-0.1419003767266639,0.01716199246546668,2024H1
300606,2025-12-08,0,bull,none,pullback_holds,current_week,-0.05441570026761833,-0.044603033006244464,0.15209634255129356,-0.10481712756467443,0.012934879571810942,2025H2
300606,2025-12-22,0,bull,none,pullback_holds,current_week,0.11470037453183513,0.2092696629213484,0.8319288389513111,-0.008426966292134797,0.2640449438202248,2025H2
300606,2025-12-23,1,bull,none,two_day_acceleration,current_week,0.0995412844036696,0.2229357798165137,0.6513761467889907,0.0,0.26513761467889907,2025H2
300606,2026-01-12,0,bull,macd_cross,shrinking_volume_acceleration,current_week,0.20962732919254656,0.3031832298136645,0.32453416149068315,-0.057065217391304435,0.5364906832298135,2026H1
300606,2026-02-13,4,mid,ma_bull,pullback_holds,current_week,0.040682022135806184,0.11426862099910262,-0.039784624588692696,-0.0433742147771462,0.13072090936284786,2026H1
300606,2026-02-26,3,bull,ma_bull,shrinking_volume_acceleration,current_week,-0.06032608695652186,-0.04130434782608705,-0.03858695652173916,-0.10733695652173925,0.05108695652173889,2026H1
300606,2026-04-28,1,bull,ma_bull,two_day_acceleration,current_week,0.06572129806381222,0.044995909462776096,-0.03408781019907281,-0.02699754567766577,0.12217071175347693,2026H1
300606,2026-04-30,3,bull,ma_bull,pullback_holds,current_week,-0.003870967741935405,0.027354838709677587,-0.14580645161290318,-0.04516129032258065,0.06193548387096781,2026H1
300606,2026-08-10,0,mid,none,shrinking_volume_acceleration,current_week,0.11742857142857144,0.02028571428571424,0.026571428571428468,-0.023714285714285688,0.17114285714285726,2026H2
300606,2026-08-28,4,mid,none,pullback_holds,current_week,-0.01277068295391448,-0.0905052748473072,,-0.14491948917268194,0.05996668517490278,2026H2
300606,2026-08-31,0,bull,none,shrinking_volume_acceleration,current_week,-0.044414893617021334,-0.11835106382978733,,-0.18085106382978722,0.015425531914893487,2026H2
300606,2026-09-03,3,mid,none,shrinking_volume_acceleration,current_week,-0.13368421052631574,,,-0.18947368421052635,0.00473684210526315,2026H2
002774,2023-11-15,2,mid,macd_cross,shrinking_volume_acceleration,current_week,-0.008403361344537896,0.008403361344537785,-0.01680672268907568,-0.01800720288115254,0.021608643457383003,2023H2
002774,2023-11-20,0,mid,ma_bull,two_day_acceleration,current_week,-0.005945303210463826,-0.00832342449464929,-0.04518430439952448,-0.026159334126040545,0.01189060642092743,2023H2
002774,2023-11-23,3,mid,ma_bull,shrinking_volume_acceleration,current_week,-0.00238948626045421,-0.019115890083632014,-0.021505376344086224,-0.027479091995221028,0.016726403823177804,2023H2
002774,2023-12-28,3,mid,macd_stabilizing,two_day_acceleration,current_week,0.040243902439024426,0.021951219512195363,-0.06463414634146336,-0.014634146341463317,0.08414634146341471,2023H2
002774,2024-01-02,1,mid,ma_bull,two_day_acceleration,current_week,-0.040632054176072185,-0.05417607223476284,-0.1975169300225733,-0.06659142212189617,0.003386004514672747,2024H1
002774,2025-05-06,1,mid,macd_stabilizing,two_day_acceleration,current_week,-0.010126582278481067,0.022784810126582178,0.10379746835443049,-0.03417721518987349,0.08860759493670867,2025H1
002774,2025-05-16,4,bull,macd_stabilizing,shrinking_volume_acceleration,current_week,0.0672371638141811,0.02933985330073363,0.041564792176039145,-0.02933985330073341,0.17114914425427874,2025H1
002774,2025-06-30,0,bull,ma_bull,shrinking_volume_acceleration,current_week,-0.007954545454545436,0.07499999999999996,0.14772727272727249,-0.03295454545454557,0.1261363636363635,2025H1
002774,2025-07-02,2,bull,ma_bull,shrinking_volume_acceleration,current_week,-0.025028441410694047,0.16609783845278714,0.19795221843003397,-0.03185437997724705,0.16609783845278714,2025H2
002774,2025-07-03,3,bull,ma_bull,two_day_acceleration,current_week,-0.0011286681715575453,0.10496613995485338,0.19751693002257342,-0.03950338600451464,0.15688487584650113,2025H2
002774,2025-07-04,4,bull,ma_bull,pullback_holds,current_week,0.03682393555811281,0.09896432681242828,0.23475258918296915,-0.020713463751438455,0.17951668584579994,2025H2
002774,2025-08-01,4,bull,ma_bull,shrinking_volume_acceleration,current_week,0.10251630941286116,0.07642124883504198,0.019571295433364222,-0.028890959925442772,0.12954333643988813,2025H2
002774,2025-09-23,1,mid,none,two_day_acceleration,current_week,-0.012807881773399088,-0.044334975369458074,-0.0472906403940887,-0.13300492610837433,0.04433497536945796,2025H2
002774,2025-09-25,3,bull,none,pullback_holds,current_week,-0.05939629990262896,-0.04576436222005831,-0.07010710808179155,-0.14313534566699115,0.0165530671859786,2025H2
002774,2025-10-21,1,bull,none,shrinking_volume_acceleration,current_week,-0.0050761421319796,-0.018274111675126825,0.1076142131979696,-0.04771573604060897,0.10050761421319798,2025H2
002774,2025-10-24,4,bull,none,pullback_holds,current_week,-0.043086172344689366,-0.029058116232465014,-0.002004008016032066,-0.06012024048096187,0.01603206412825653,2025H2
002774,2025-11-06,3,bull,none,two_day_acceleration,current_week,0.1141414141414141,0.06464646464646462,-0.0818181818181819,-0.028282828282828243,0.14444444444444438,2025H2
002774,2025-11-12,2,bull,none,shrinking_volume_acceleration,current_week,0.010377358490566202,-0.06132075471698095,-0.16603773584905657,-0.06509433962264144,0.06886792452830193,2025H2
002774,2025-12-25,3,bull,none,two_day_acceleration,current_week,0.0547520661157026,0.46590909090909083,0.17045454545454541,-0.06198347107438018,0.6993801652892562,2025H2
002774,2025-12-26,4,bull,none,pullback_holds,current_week,0.18835978835978828,0.35132275132275104,0.19153439153439145,-0.03915343915343927,0.7407407407407405,2025H2
002774,2026-02-26,3,bull,ma_bull,pullback_holds,current_week,-0.0536499560246263,-0.04045734388742317,-0.07211961301671066,-0.08267370272647323,0.0070360598065084545,2026H1
002774,2026-03-16,0,mid,none,two_day_acceleration,current_week,-0.13362445414847168,-0.05764192139737989,-0.05851528384279492,-0.14759825327510923,0.0,2026H1
002774,2026-04-08,2,mid,none,two_day_acceleration,current_week,-0.0018621973929235924,0.09869646182495351,0.1927374301675977,-0.012104283054003795,0.14897579143389206,2026H1
002774,2026-04-09,3,mid,none,pullback_holds,current_week,0.0120705663881151,0.06870937790157838,0.21169916434540403,-0.0129990714948931,0.14577530176415965,2026H1
002774,2026-04-10,4,mid,none,pullback_holds,current_week,0.0055504162812212154,0.052728954671600325,0.22109158186864009,-0.016651248843663202,0.14153561517113777,2026H1
002774,2026-04-30,3,bull,ma_bull,shrinking_volume_acceleration,current_week,0.08659450457951712,0.04579517069109085,-0.014154870940882636,-0.020815986677768517,0.1398834304746044,2026H1
002774,2026-05-06,2,bull,none,two_day_acceleration,current_week,0.06280193236714982,0.025764895330112836,-0.05797101449275355,-0.016908212560386437,0.10225442834138487,2026H1
002774,2026-05-11,0,bull,none,two_day_acceleration,current_week,0.014117647058823568,-0.0337254901960784,-0.06666666666666665,-0.051764705882352935,0.07372549019607844,2026H1
002774,2026-05-12,1,bull,none,two_day_acceleration,current_week,-0.054216867469879526,-0.03614457831325302,-0.12198795180722899,-0.08960843373493987,0.030873493975903443,2026H1
002774,2026-06-25,3,bull,macd_cross,two_day_acceleration,current_week,-0.02137931034482765,-0.0034482758620688614,0.16482758620689664,-0.0724137931034482,0.17241379310344818,2026H1
002774,2026-09-09,2,bull,ma_bull,two_day_acceleration,current_week,,,,-0.09937499999999999,0.008124999999999938,2026H2
000498,2025-04-02,2,mid,none,pullback_holds,current_week,-0.05067567567567566,-0.025337837837837718,-0.04391891891891886,-0.09628378378378366,0.016891891891891886,2025H1
000498,2025-04-03,3,mid,none,pullback_holds,current_week,-0.05084745762711862,-0.025423728813559365,-0.03220338983050852,-0.09322033898305082,0.0016949152542371504,2025H1
000498,2025-09-04,3,mid,ma_bull,pullback_holds,current_week,0.01788617886178856,-0.003252032520325243,0.027642276422764178,-0.008130081300812941,0.03089430894308931,2025H2
000498,2025-09-05,4,bull,ma_bull,pullback_holds,current_week,0.017857142857143016,0.0016233766233766378,0.02110389610389607,-0.009740259740259716,0.02922077922077926,2025H2
000498,2025-09-15,0,bull,ma_bull,shrinking_volume_acceleration,current_week,-0.03961965134706813,-0.03486529318542009,-0.0015847860538827918,-0.058637083993660855,0.0031695721077653616,2025H2
000498,2025-09-29,0,bull,ma_bull,pullback_holds,current_week,0.026186579378068675,0.03109656301145658,0.011456628477904962,-0.004909983633387904,0.04418985270049092,2025H2
000498,2025-09-30,1,bull,ma_bull,pullback_holds,current_week,0.024390243902439046,0.03252032520325199,0.003252032520325132,-0.004878048780487809,0.0373983739837398,2025H2
000498,2025-10-09,3,bull,ma_bull,two_day_acceleration,current_week,0.0048000000000001375,0.02079999999999993,-0.0031999999999999806,-0.012800000000000034,0.022400000000000198,2025H2
000498,2025-10-21,1,bull,ma_bull,pullback_holds,current_week,0.012718600953895098,-0.01748807631160576,-0.019077901430842648,-0.03338632750397452,0.03338632750397452,2025H2
000498,2025-10-27,0,bull,ma_bull,two_day_acceleration,current_week,-0.04945904173106641,-0.023183925811437356,-0.07109737248840808,-0.06027820710973719,0.0030911901081918103,2025H2
000498,2025-11-03,0,bull,ma_bull,shrinking_volume_acceleration,current_week,0.025974025974025983,0.012987012987013102,-0.024350649350649456,-0.008116883116883078,0.03733766233766245,2025H2
000498,2025-11-06,3,bull,ma_bull,pullback_holds,current_week,0.022508038585209,-0.014469453376205754,-0.02733118971061088,-0.020900321543408373,0.027331189710610992,2025H2
000498,2025-11-10,0,bull,ma_bull,pullback_holds,current_week,-0.012658227848101222,-0.049050632911392444,-0.04746835443037967,-0.05854430379746833,0.011075949367088667,2025H2
000498,2025-11-14,4,bull,ma_bull,pullback_holds,current_week,-0.05696202531645578,-0.05379746835443033,-0.05379746835443033,-0.06170886075949378,0.0031645569620253333,2025H2
000498,2025-12-01,0,mid,none,pullback_holds,current_week,0.0033333333333334103,0.0016666666666667052,0.01333333333333342,-0.015000000000000013,0.020000000000000018,2025H2
000498,2025-12-23,1,bull,none,pullback_holds,current_week,0.0033333333333334103,0.006666666666666599,0.046666666666666634,-0.0050000000000000044,0.026666666666666616,2025H2
000498,2025-12-24,2,bull,macd_stabilizing,pullback_holds,current_week,0.0033277870216306127,0.009983361064891838,0.03993344425956735,-0.0016638935108153063,0.024958402662229595,2025H2
000498,2025-12-26,4,bull,macd_stabilizing,pullback_holds,current_week,-0.003278688524590234,-0.0016393442622951726,0.0180327868852459,-0.014754098360655887,0.00983606557377037,2025H2
000498,2026-01-05,0,bull,none,pullback_holds,current_week,0.0066006600660066805,0.014851485148514865,0.01650165016501637,-0.004950495049504955,0.03300330033003296,2026H1
000498,2026-01-06,1,bull,none,pullback_holds,current_week,0.00164473684210531,0.03125,0.019736842105263275,-0.008223684210526327,0.03125,2026H1
000498,2026-01-07,2,bull,none,pullback_holds,current_week,0.009884678747940523,0.028006589785831926,0.03789126853377267,-0.00658978583196046,0.03294892915980241,2026H1
000498,2026-01-09,4,bull,none,pullback_holds,current_week,0.018211920529801473,0.0347682119205297,0.0298013245033113,-0.0016556291390728006,0.04470198675496695,2026H1
000498,2026-01-12,0,bull,none,pullback_holds,current_week,0.008196721311475308,0.024590163934426146,0.031147540983606392,-0.006557377049180357,0.03442622950819674,2026H1
000498,2026-01-13,1,bull,none,pullback_holds,current_week,0.029556650246305605,0.019704433497536922,0.026272577996715896,-0.003284072249589376,0.03612479474548458,2026H1
000498,2026-01-16,4,bull,none,pullback_holds,current_week,0.014610389610389518,0.02759740259740262,-0.008116883116883078,-0.006493506493506551,0.030844155844155896,2026H1
000498,2026-01-22,3,bull,none,shrinking_volume_acceleration,current_week,0.0031796502384737746,-0.0015898251192368873,0.0031796502384737746,-0.0238473767885532,0.009538950715421324,2026H1
000498,2026-02-24,1,bull,none,pullback_holds,current_week,0.001612903225806317,-0.016129032258064502,-0.09032258064516141,-0.03387096774193543,0.024193548387096753,2026H1
000498,2026-02-25,2,bull,none,pullback_holds,current_week,-0.04146730462519943,-0.01594896331738449,-0.07655502392344504,-0.044657097288676284,0.012759170653907415,2026H1
000498,2026-02-26,3,bull,none,pullback_holds,current_week,-0.0383386581469648,-0.01118210862619795,-0.0766773162939296,-0.04313099041533541,0.014376996805111952,2026H1
000498,2026-03-11,2,bull,ma_bull,pullback_holds,current_week,-0.012965964343598091,-0.06158833063209079,-0.0794165316045381,-0.11345218800648305,0.024311183144246407,2026H1
000498,2026-03-12,3,bull,ma_bull,pullback_holds,current_week,-0.032258064516129115,-0.06774193548387097,-0.08064516129032262,-0.11774193548387102,0.019354838709677358,2026H1
000498,2026-03-13,4,mid,ma_bull,two_day_acceleration,current_week,-0.060509554140127375,-0.08439490445859876,-0.08917197452229308,-0.12898089171974525,0.0031847133757960666,2026H1
000498,2026-04-10,4,mid,none,pullback_holds,current_week,0.0651408450704225,0.008802816901408494,-0.02640845070422526,-0.0035211267605632646,0.06690140845070447,2026H1
000498,2026-04-14,1,mid,none,pullback_holds,current_week,0.005154639175257714,-0.0068728522336769515,-0.0807560137457044,-0.02577319587628868,0.04123711340206193,2026H1
000498,2026-04-15,2,mid,none,two_day_acceleration,current_week,-0.028716216216216228,-0.01858108108108103,-0.10304054054054046,-0.042229729729729715,0.023648648648648685,2026H1
000498,2026-04-17,4,mid,macd_stabilizing,two_day_acceleration,current_week,-0.04658901830282847,-0.0798668885191347,-0.11314475873544094,-0.08319467554076543,0.0,2026H1
300496,2025-09-17,2,bull,ma_bull,two_day_acceleration,current_week,-0.053104058667341025,0.007965608800100998,-0.14818561132886587,-0.10620811733468205,0.017701352889113453,2025H2
300496,2025-11-17,0,mid,none,shrinking_volume_acceleration,current_week,-0.008649158672747403,0.06494731876081139,-0.009907218116055994,-0.04167321905960064,0.08287466582796021,2025H2
300496,2025-12-19,4,mid,none,two_day_acceleration,current_week,-0.010960960960960775,0.095795795795796,0.15585585585585604,-0.016516516516516422,0.11666666666666692,2025H2
300496,2026-01-15,3,bull,macd_cross,shrinking_volume_acceleration,current_week,-0.08082840236686384,-0.09349112426035489,-0.11727810650887571,-0.10355029585798814,0.029585798816567976,2026H1
300496,2026-02-09,0,bull,ma_bull,two_day_acceleration,current_week,-0.016757493188010897,-0.1049046321525886,-0.10803814713896465,-0.10640326975476844,0.027111716621253334,2026H1
300496,2026-02-10,1,bull,ma_bull,pullback_holds,current_week,-0.0005524861878454246,-0.09806629834254155,-0.08011049723756924,-0.10400552486187842,0.041298342541436384,2026H1
300496,2026-02-11,2,bull,ma_bull,pullback_holds,current_week,-0.004392587508579404,-0.09128345916266312,-0.10418668496911465,-0.10954015099519565,0.03486616334934789,2026H1
300496,2026-03-10,1,bull,none,pullback_holds,current_week,-0.06711313764605309,-0.13536620119692233,-0.12667426617269884,-0.15702479338842978,0.011256768310059728,2026H1
300496,2026-03-11,2,bull,none,pullback_holds,current_week,-0.038961038961038974,-0.11717171717171715,-0.13881673881673884,-0.14632034632034618,0.024098124098124174,2026H1
300496,2026-03-12,3,bull,none,shrinking_volume_acceleration,current_week,-0.047299270072992616,-0.1373722627737226,-0.11839416058394159,-0.13824817518248178,0.0011678832116788218,2026H1
300509,2023-07-25,1,mid,ma_bull,two_day_acceleration,current_week,-0.023513139695712337,-0.047026279391424564,-0.06500691562932237,-0.053941908713692976,0.006915629322268302,2023H2
300509,2023-07-26,2,mid,ma_bull,pullback_holds,current_week,-0.009817671809256523,-0.04488078541374463,-0.06311360448807857,-0.05049088359046272,0.01963534361851349,2023H2
300509,2023-07-27,3,mid,ma_bull,pullback_holds,current_week,-0.023977433004231274,-0.03244005641748937,-0.06205923836389271,-0.04513399153737652,0.016925246826516194,2023H2
300509,2023-07-31,0,bull,ma_bull,pullback_holds,current_week,-0.029370629370629397,-0.03776223776223786,-0.07272727272727275,-0.06433566433566429,0.0013986013986013734,2023H2
300509,2023-09-22,4,mid,none,shrinking_volume_acceleration,current_week,0.014903129657228176,-0.04172876304023854,-0.005961251862891204,-0.049180327868852514,0.03874813710879277,2023H2
300509,2023-11-15,2,mid,macd_cross,shrinking_volume_acceleration,current_week,0.021126760563380254,0.028169014084507005,0.0028169014084507005,-0.007042253521126862,0.04647887323943656,2023H2
300509,2023-11-20,0,mid,none,two_day_acceleration,current_week,-0.02043596730245223,-0.012261580381471404,-0.049046321525885506,-0.02997275204359673,0.012261580381471404,2023H2
300509,2023-12-29,4,mid,ma_bull,two_day_acceleration,current_week,-0.017955801104972413,-0.023480662983425438,-0.15607734806629836,-0.037292817679558055,0.027624309392265234,2023H2
300509,2024-01-04,3,mid,ma_bull,shrinking_volume_acceleration,current_week,-0.023160762942779245,-0.09264305177111709,-0.2874659400544959,-0.11989100817438691,0.013623978201634968,2024H1
300509,2025-02-10,0,mid,ma_bull,pullback_holds,current_week,0.17788461538461542,0.13701923076923084,0.11177884615384603,-0.019230769230769273,0.20552884615384603,2025H1
300509,2025-02-11,1,mid,ma_bull,pullback_holds,current_week,0.09155766944114152,0.1284185493460166,0.09155766944114152,-0.029726516052318686,0.1926278240190249,2025H1
300509,2025-02-19,2,bull,ma_bull,shrinking_volume_acceleration,current_week,0.007368421052631691,0.015789473684210575,-0.08315789473684199,-0.04842105263157881,0.05578947368421039,2025H1
300509,2025-02-21,4,bull,ma_bull,shrinking_volume_acceleration,current_week,-0.039999999999999925,0.08631578947368435,-0.1294736842105264,-0.04842105263157881,0.14210526315789473,2025H1
300509,2025-04-22,1,mid,none,two_day_acceleration,current_week,0.02509907529722577,0.07661822985468958,0.02774108322324964,-0.003963011889035695,0.11756935270805813,2025H1
300509,2025-04-23,2,mid,none,shrinking_volume_acceleration,current_week,0.024484536082474362,0.054123711340206215,0.009020618556700999,-0.028350515463917536,0.09020618556701043,2025H1
300509,2025-04-25,4,mid,none,shrinking_volume_acceleration,current_week,0.053040103492884905,0.04139715394566634,0.1410090556274255,-0.02457956015523932,0.09443725743855125,2025H1
300509,2025-05-08,3,bull,none,shrinking_volume_acceleration,current_week,-0.036319612590798966,-0.048426150121065326,0.06295399515738498,-0.05205811138014527,0.004842615012106588,2025H1
300509,2025-05-19,0,bull,none,pullback_holds,current_week,-0.028535980148883477,0.05583126550868478,0.01985111662531014,-0.042183622828784184,0.1662531017369726,2025H1
300509,2025-05-20,1,bull,none,pullback_holds,current_week,0.0850801479654748,0.12946979038224415,0.007398273736128225,-0.04808877928483346,0.15906288532675728,2025H1
300509,2025-05-21,2,bull,none,pullback_holds,current_week,0.10943396226415092,0.1132075471698113,-0.010062893081761004,-0.028930817610062998,0.1823899371069182,2025H1
300509,2025-05-29,3,bull,none,shrinking_volume_acceleration,current_week,-0.014590347923681302,-0.08754208754208748,-0.07744107744107742,-0.09090909090909094,0.04938271604938271,2025H1
300509,2025-06-09,0,bull,none,pullback_holds,current_week,-0.06363636363636371,-0.09886363636363638,-0.03181818181818197,-0.125,0.002272727272727204,2025H1
300509,2025-06-24,1,bull,none,two_day_acceleration,current_week,0.03280680437424044,0.046172539489671705,0.0935601458080193,-0.014580801944107047,0.049817739975698716,2025H1
300509,2025-06-26,3,bull,none,pullback_holds,current_week,0.04268292682926855,0.034146341463414887,0.09390243902439033,-0.0060975609756096505,0.056097560975609806,2025H1
300509,2025-06-27,4,bull,none,shrinking_volume_acceleration,current_week,0.020656136087484844,0.03159173754556499,0.13244228432563787,-0.0060753341433780195,0.052247873633049835,2025H1
300509,2025-07-24,3,bull,ma_bull,shrinking_volume_acceleration,current_week,-0.0078125,0.04241071428571419,0.0848214285714286,-0.011160714285714413,0.052455357142856984,2025H2
300509,2025-08-08,4,bull,ma_bull,two_day_acceleration,current_week,0.006322444678609207,0.01475237091675452,-0.035827186512118026,-0.00737618545837726,0.08429926238145424,2025H2
300509,2025-08-15,4,bull,ma_bull,pullback_holds,current_week,0.0031250000000000444,-0.054166666666666585,-0.0031249999999999334,-0.0854166666666667,0.025000000000000133,2025H2
300509,2025-08-25,0,bull,ma_bull,pullback_holds,current_week,-0.02904564315352709,-0.03734439834024905,-0.04045643153526979,-0.09336099585062241,0.01763485477178417,2025H2
300509,2025-08-26,1,bull,ma_bull,pullback_holds,current_week,-0.05344295991778003,-0.05755395683453246,-0.07091469681397733,-0.10174717368961972,0.008221993833504637,2025H2
300509,2025-09-05,4,bull,ma_bull,two_day_acceleration,current_week,0.04934210526315774,0.009868421052631637,0.11732456140350855,-0.0021929824561405242,0.0635964912280702,2025H2
300509,2025-09-25,3,bull,none,pullback_holds,current_week,0.11471861471861478,0.15909090909090917,0.17640692640692657,-0.023809523809523836,0.26190476190476186,2025H2
300509,2025-09-26,4,mid,none,pullback_holds,current_week,0.09569892473118258,0.15053763440860224,0.1763440860215053,-0.03010752688172058,0.25376344086021496,2025H2
300509,2025-11-04,1,bull,ma_bull,pullback_holds,current_week,-0.0046253469010176795,0.033302497687326404,0.1988899167437559,-0.013876040703052817,0.044403330249768835,2025H2
300509,2025-11-12,2,bull,ma_bull,pullback_holds,current_week,-0.0045913682277319845,-0.014692378328741929,0.21763085399449023,-0.053259871441689643,0.03673094582185499,2025H2
300509,2025-11-13,3,bull,ma_bull,pullback_holds,current_week,-0.001846722068328699,0.1892890120036934,0.18374884579870732,-0.048014773776546615,0.1892890120036934,2025H2
300509,2025-11-14,4,bull,ma_bull,pullback_holds,current_week,-0.05277525022747953,0.24749772520473168,0.15013648771610555,-0.061874431301182864,0.3303002729754323,2025H2
300509,2025-11-17,0,mid,ma_bull,two_day_acceleration,current_week,-0.05361930294906159,0.19213583556747094,0.14298480786416468,-0.0786416443252903,0.30652368185880263,2025H2
300509,2025-12-09,1,mid,ma_bull,two_day_acceleration,current_week,-0.07803030303030312,-0.04772727272727273,0.17045454545454541,-0.11439393939393949,0.034848484848484684,2025H2
300509,2025-12-24,2,bull,ma_bull,shrinking_volume_acceleration,current_week,0.004694835680751019,0.26917057902973385,0.18309859154929575,-0.04147104851330208,0.30125195618153344,2025H2
300509,2025-12-25,3,bull,ma_bull,pullback_holds,current_week,0.040784313725490184,0.22745098039215694,0.17176470588235282,-0.039215686274509776,0.304313725490196,2025H2
300509,2025-12-26,4,bull,ma_bull,shrinking_volume_acceleration,current_week,0.08960000000000012,0.252,0.24880000000000013,-0.020000000000000018,0.3304,2025H2
300509,2025-12-30,1,bull,ma_bull,two_day_acceleration,current_week,0.1749049429657794,0.13612167300380218,0.20988593155893542,-0.02965779467680607,0.26463878326996193,2025H2
300509,2026-02-10,1,bull,ma_bull,pullback_holds,current_week,0.0006675567423231055,-0.10947930574098796,-0.12149532710280375,-0.1281708945260347,0.04405874499332452,2026H1
300509,2026-02-11,2,bull,ma_bull,pullback_holds,current_week,-0.010000000000000009,-0.08933333333333338,-0.15600000000000003,-0.1293333333333333,0.012666666666666604,2026H1
300509,2026-04-14,1,mid,none,pullback_holds,current_week,0.03865546218487381,-0.0478991596638656,-0.026050420168067245,-0.09159663865546219,0.09663865546218497,2026H1
300509,2026-04-27,0,bull,none,shrinking_volume_acceleration,current_week,-0.00954861111111105,0.0668402777777779,-0.13107638888888884,-0.02951388888888884,0.1215277777777779,2026H1
300509,2026-04-29,2,bull,none,shrinking_volume_acceleration,current_week,0.033391915641476144,-0.0017574692442883233,-0.11950790861159943,-0.01581722319859402,0.13532513181019334,2026H1
300509,2026-05-08,4,bull,none,two_day_acceleration,current_week,-0.016963528413910134,-0.08990670059372352,-0.1721798134011875,-0.10941475826972014,0.09584393553859183,2026H1
603056,2023-03-02,3,bull,none,pullback_holds,current_week,-0.022668727460072202,-0.04945904173106652,-0.09840288511076767,-0.05151983513652758,0.030396702730551173,2023H1
603056,2023-03-03,4,bull,none,pullback_holds,current_week,-0.04698672114402458,-0.06026557711950964,-0.0924412665985701,-0.06026557711950964,0.021450459652706755,2023H1
603056,2023-03-13,0,mid,none,pullback_holds,current_week,-0.05163329820864071,-0.08271865121180189,-0.07060063224446789,-0.08429926238145424,0.01949420442571137,2023H1
603056,2023-03-14,1,mid,none,pullback_holds,current_week,-0.037368421052631606,-0.09421052631578941,-0.08842105263157896,-0.09894736842105256,0.018421052631579116,2023H1
603056,2023-03-15,2,mid,none,pullback_holds,current_week,-0.046585494970884045,-0.07781895182636311,-0.09422975119110644,-0.09370037056643721,0.010587612493382803,2023H1
603056,2023-03-31,4,bull,none,pullback_holds,current_week,0.004519774011299438,-0.01016949152542368,-0.0909604519774011,-0.03785310734463265,0.03672316384180796,2023H1
603056,2023-04-03,0,bull,none,pullback_holds,current_week,-0.011210762331838486,-0.00840807174887881,-0.12443946188340804,-0.045403587443946125,0.028587443946188396,2023H1
603056,2023-04-04,1,bull,none,pullback_holds,current_week,-0.056130790190735746,-0.06539509536784738,-0.15204359673024526,-0.07193460490463222,0.0,2023H1
603056,2023-04-07,4,bull,none,pullback_holds,current_week,-0.03314606741573034,-0.05898876404494391,-0.13258426966292136,-0.061797752808988804,0.007303370786516883,2023H1
603056,2023-04-17,0,bull,none,pullback_holds,current_week,-0.05628197839681626,-0.0852757248436612,-0.1534963047185901,-0.10176236498010227,0.010801591813530464,2023H1
603056,2023-04-18,1,bull,none,pullback_holds,current_week,-0.07984144960362405,-0.11551528878822193,-0.14949037372593432,-0.1251415628539071,0.003963759909399789,2023H1
603056,2023-04-27,3,mid,none,pullback_holds,current_week,-0.08982748364068993,-0.1029149315883402,-0.12135633551457459,-0.11183819155264718,0.009518143961927406,2023H1
603056,2023-04-28,4,bull,none,pullback_holds,current_week,-0.07765830346475522,-0.1093189964157707,-0.12365591397849474,-0.1146953405017922,0.0,2023H1
603056,2025-07-08,1,bull,ma_bull,pullback_holds,current_week,-0.022570532915360597,-0.005015673981191182,0.026959247648902673,-0.03573667711598749,0.031974921630093966,2025H2
603056,2025-07-11,4,bull,ma_bull,pullback_holds,current_week,0.0037664783427495685,0.01443816698053979,0.034526051475204156,-0.034526051475203934,0.04017576898932829,2025H2
603056,2025-08-07,3,bull,none,two_day_acceleration,current_week,-0.007715133531157381,-0.002373887240356254,-0.06943620178041554,-0.03086053412462908,0.043323442136498524,2025H2
603056,2025-08-12,1,bull,ma_bull,two_day_acceleration,current_week,0.0072289156626503814,0.0060240963855420215,-0.030722891566265176,-0.014457831325301318,0.05903614457831319,2025H2
603056,2025-08-14,3,bull,ma_bull,two_day_acceleration,current_week,0.013872135102533045,-0.01628468033775654,-0.03498190591073591,-0.04523522316043438,0.04041013268998772,2025H2
603056,2025-08-15,4,bull,ma_bull,shrinking_volume_acceleration,current_week,-0.008928571428571508,-0.04047619047619044,-0.0535714285714286,-0.057738095238095255,0.019642857142857073,2025H2
603056,2025-08-25,0,bull,ma_bull,pullback_holds,current_week,-0.022877784467188356,-0.0240818783865141,-0.027092113184828404,-0.06863335340156529,0.013245033112582849,2025H2
603056,2025-08-26,1,bull,ma_bull,pullback_holds,current_week,-0.053229665071770293,-0.037679425837320535,-0.04784688995215303,-0.07476076555023914,0.0035885167464115852,2025H2
603056,2025-09-08,0,bull,ma_bull,two_day_acceleration,current_week,-0.016119032858028404,0.0018598884066955979,-0.054556726596404204,-0.03223806571605692,0.021078735275883442,2025H2
603056,2025-09-09,1,bull,ma_bull,pullback_holds,current_week,-0.001245330012453305,-0.008717310087173025,-0.040473225404732194,-0.028019925280199143,0.025529265255292755,2025H2
603056,2025-09-10,2,bull,ma_bull,pullback_holds,current_week,-0.010618363522798324,0.018113678950655743,-0.046221111805121895,-0.024984384759525358,0.028732042473453845,2025H2
603056,2025-09-11,3,bull,ma_bull,pullback_holds,current_week,-0.01937500000000003,-0.005624999999999991,-0.06187500000000001,-0.024374999999999925,0.02937499999999993,2025H2
603056,2025-09-12,4,bull,ma_bull,pullback_holds,current_week,-0.0037759597230963005,-0.007551919446192601,-0.04405286343612347,-0.017621145374449254,0.036500943989930645,2025H2
603056,2025-09-22,0,mid,macd_stabilizing,two_day_acceleration,current_week,-0.023602484472049712,-0.052795031055900665,-0.04906832298136654,-0.05590062111801242,0.014906832298136496,2025H2
000685,2023-09-19,1,mid,none,pullback_holds,current_week,0.0013245033112583293,-0.0331125827814569,-0.04503311258278142,-0.0331125827814569,0.009271523178808083,2023H2
000685,2023-09-22,4,mid,none,pullback_holds,current_week,-0.01059602649006619,-0.03708609271523167,-0.03443708609271523,-0.039735099337748325,0.0066225165562914245,2023H2
000685,2023-11-08,2,mid,none,pullback_holds,current_week,0.0027210884353741083,-0.0054421768707483276,-0.01224489795918382,-0.006802721088435493,0.010884353741496433,2023H2
000685,2023-11-10,4,mid,none,pullback_holds,current_week,-0.0013623978201634523,0.004087193460490468,-0.009536784741144277,-0.00544959128065392,0.012261580381471404,2023H2
000685,2023-11-20,0,mid,none,pullback_holds,current_week,-0.0013623978201634523,-0.00544959128065392,-0.0027247956403269047,-0.010899182561307952,0.008174386920980936,2023H2
000685,2023-11-21,1,mid,none,pullback_holds,current_week,0.005457025920873049,-0.012278308321964526,-0.0013642564802182067,-0.012278308321964526,0.009549795361528002,2023H2
000685,2023-11-23,3,mid,none,pullback_holds,current_week,-0.008141112618724522,-0.0027137042062415073,-0.01763907734056991,-0.02170963364993217,0.004070556309362372,2023H2
000685,2024-04-03,2,bull,ma_bull,shrinking_volume_acceleration,current_week,0.015424164524421524,0.04370179948586128,-0.010282776349614386,-0.0025706940874036244,0.06041131105398456,2024H1
000685,2024-04-11,3,mid,ma_bull,shrinking_volume_acceleration,current_week,0.012499999999999956,-0.007499999999999951,-0.003750000000000031,-0.026249999999999996,0.03125,2024H1
000685,2024-05-06,0,bull,ma_bull,two_day_acceleration,current_week,0.026854219948849067,0.021739130434782705,-0.04859335038363166,-0.01662404092071612,0.07416879795396425,2024H1
000685,2024-05-10,4,bull,ma_bull,pullback_holds,current_week,-0.046987951807229034,-0.0734939759036145,-0.10361445783132528,-0.07831325301204828,0.012048192771084265,2024H1
000685,2024-08-19,0,mid,none,pullback_holds,current_week,-0.017591339648173276,-0.004059539918809252,-0.02300405953991891,-0.03382949932341006,0.008119079837618282,2024H2
000685,2024-10-28,0,bull,ma_bull,shrinking_volume_acceleration,current_week,0.011428571428571344,0.06285714285714294,-0.010285714285714231,-0.02742857142857147,0.08571428571428563,2024H2
000685,2024-11-01,4,mid,ma_bull,pullback_holds,current_week,0.05239179954441919,-0.005694760820045386,0.014806378132118603,-0.009111617312072662,0.08200455580865618,2024H2
000685,2024-11-04,0,bull,ma_bull,shrinking_volume_acceleration,current_week,0.05084745762711873,0.013559322033898313,0.02485875706214702,-0.016949152542372725,0.07344632768361592,2024H2
000685,2024-11-05,1,bull,ma_bull,two_day_acceleration,current_week,0.00990099009900991,-0.0011001100110010764,0.017601760176017667,-0.04290429042904276,0.04510451045104502,2024H2
000685,2024-11-11,0,bull,ma_bull,shrinking_volume_acceleration,current_week,-0.03444564047362764,-0.0678148546824543,-0.005382131324004336,-0.07857911733046286,0.006458557588804981,2024H2
000685,2024-11-19,1,mid,ma_bull,pullback_holds,current_week,-0.051819184123484074,0.019845644983461863,0.00330760749724357,-0.07056229327453145,0.02094818081587646,2024H2
000685,2024-11-20,2,bull,ma_bull,pullback_holds,current_week,-0.031145717463848643,0.012235817575083408,0.013348164627363657,-0.06229143492769751,0.030033370411568283,2024H2
000685,2024-11-21,3,bull,ma_bull,pullback_holds,current_week,-0.020000000000000018,0.0033333333333331883,0.011111111111111072,-0.06333333333333335,0.028888888888888964,2024H2
000685,2024-12-02,0,bull,ma_bull,shrinking_volume_acceleration,current_week,0.01650165016501659,-0.0033003300330032292,0.03960396039603964,-0.013201320132013139,0.053905390539053855,2024H2
000685,2024-12-03,1,bull,ma_bull,two_day_acceleration,current_week,0.004347826086956497,-0.010869565217391464,0.003260869565217428,-0.025000000000000022,0.04130434782608683,2024H2
000685,2024-12-05,3,bull,ma_bull,pullback_holds,current_week,0.03658536585365857,0.008869179600886845,-0.024390243902438935,-0.0011086474501108556,0.06208425720620858,2024H2
000685,2025-01-27,0,mid,none,pullback_holds,current_week,0.00340136054421758,-0.012471655328798126,0.012471655328798015,-0.024943310657596474,0.012471655328798015,2025H1
000685,2025-02-07,4,mid,none,two_day_acceleration,current_week,-0.006787330316742168,-0.018099547511312264,0.014705882352941346,-0.03054298642533937,0.007918552036199067,2025H1
000685,2025-02-11,1,mid,macd_stabilizing,shrinking_volume_acceleration,current_week,-0.011350737797956811,0.012485811577752415,0.006810442678774287,-0.02724177071509648,0.023836549375709337,2025H1
000685,2025-02-24,0,bull,macd_stabilizing,pullback_holds,current_week,0.013651877133105783,0.009101251422070522,0.03412969283276435,-0.0034129692832766123,0.028441410693970326,2025H1
000685,2025-03-05,2,bull,none,pullback_holds,current_week,0.0011248593925758943,0.02474690663667034,0.0056242969628794715,-0.014623172103487181,0.028121484814398245,2025H1
000685,2025-03-06,3,bull,none,pullback_holds,current_week,0.0011198208286673506,0.023516237402015694,0.005599104143337197,-0.01903695408734607,0.027995520716685318,2025H1
000685,2025-03-07,4,bull,none,pullback_holds,current_week,0.013363028953229383,0.00445434298440972,-0.08463251670378613,-0.024498886414254017,0.024498886414253906,2025H1
000685,2025-03-14,4,bull,none,two_day_acceleration,current_week,-0.013129102844639085,-0.013129102844639085,-0.06455142231947486,-0.01969365426695835,0.007658643326039494,2025H1
000685,2025-03-20,3,bull,none,two_day_acceleration,current_week,-0.004385964912280826,-0.01535087719298256,-0.06578947368421062,-0.028508771929824706,0.009868421052631637,2025H1
000685,2025-03-24,0,mid,none,pullback_holds,current_week,-0.025274725274725074,-0.07692307692307687,-0.04175824175824161,-0.10989010989010994,0.012087912087912267,2025H1
000685,2025-03-25,1,mid,none,pullback_holds,current_week,-0.01866081229418226,-0.07683863885839726,-0.0428100987925355,-0.11086717892425901,0.010976948408342624,2025H1
000685,2025-03-26,2,mid,none,pullback_holds,current_week,-0.022950819672131195,-0.06994535519125689,-0.03825136612021851,-0.11475409836065587,0.005464480874316946,2025H1
000685,2025-03-27,3,mid,none,pullback_holds,current_week,-0.012101210121012063,-0.05830583058305827,-0.020902090209020896,-0.1089108910891089,0.002200220022002153,2025H1
000685,2025-04-21,0,mid,none,pullback_holds,current_week,0.00815850815850827,0.005827505827505908,-0.004662004662004615,-0.009324009324009341,0.039627039627039506,2025H1
000685,2025-04-22,1,mid,none,pullback_holds,current_week,-0.020618556701030855,-0.010309278350515427,-0.030927835051546393,-0.026345933562428425,0.021764032073310347,2025H1
000685,2025-04-23,2,mid,none,pullback_holds,current_week,-0.021764032073310347,-0.01145475372279492,-0.032073310423825996,-0.026345933562428425,0.021764032073310347,2025H1
000685,2025-04-25,4,mid,macd_stabilizing,shrinking_volume_acceleration,current_week,-0.012571428571428456,0.008000000000000007,-0.030857142857142805,-0.02857142857142858,0.017142857142857126,2025H1
000685,2025-05-06,1,mid,none,pullback_holds,current_week,-0.004608294930875445,-0.004608294930875445,-0.012672811059907807,-0.011520737327188946,0.025345622119815836,2025H1
000685,2025-05-07,2,bull,none,pullback_holds,current_week,0.023201856148491684,0.002320185614849146,-0.0046403712296985145,-0.0046403712296985145,0.03248259860788849,2025H1
000685,2025-05-08,3,bull,none,pullback_holds,current_week,0.003472222222222099,-0.01157407407407407,-0.00810185185185186,-0.01157407407407407,0.03009259259259256,2025H1
000685,2025-05-09,4,bull,none,pullback_holds,current_week,-0.006928406466512715,-0.023094688221708903,-0.0034642032332562467,-0.025404157043879994,0.02771362586605086,2025H1
000685,2025-05-15,3,bull,none,pullback_holds,current_week,-0.01385681293302532,-0.01616628175519641,0.009237875288683695,-0.026558891454965372,0.004618937644341958,2025H1
000685,2025-08-13,2,bull,ma_bull,two_day_acceleration,current_week,-0.004882812500000111,-0.015625,-0.0400390625,-0.0234375,0.0322265625,2025H2
000685,2025-08-14,3,bull,ma_bull,two_day_acceleration,current_week,-0.00293255131964798,0.0019550342130987275,-0.02052785923753675,-0.022482893450635477,0.03323558162267837,2025H2
000685,2025-08-15,4,bull,ma_bull,shrinking_volume_acceleration,current_week,-0.001913875598086201,-0.005741626794258381,-0.058373205741626855,-0.04306220095693791,0.011483253588516762,2025H2
000685,2025-09-08,0,bull,ma_bull,shrinking_volume_acceleration,current_week,-0.025125628140703515,0.03618090452261291,0.34170854271356776,-0.05125628140703531,0.05326633165829131,2025H2
000685,2025-09-12,4,bull,ma_bull,pullback_holds,current_week,-0.030518819938962438,0.1851475076297051,0.34791454730417093,-0.03967446592065116,0.254323499491353,2025H2
000685,2025-11-14,4,bull,ma_bull,pullback_holds,current_week,0.006694560669456173,0.03430962343096211,0.13807531380753124,-0.029288702928870425,0.0694560669456068,2025H2
000685,2025-12-31,2,bull,none,two_day_acceleration,current_week,0.035683942225998244,0.001699235344095218,0.049277824978759543,-0.016142735768903904,0.06032285471537824,2025H2
000685,2026-01-06,1,bull,none,two_day_acceleration,current_week,-0.01722723543888427,0.00656275635767023,0.036095159967186374,-0.03937653814602127,0.03199343724364234,2026H1
000685,2026-01-09,4,bull,none,shrinking_volume_acceleration,current_week,-0.03281378178835104,0.031173092698933536,0.0,-0.03937653814602127,0.049220672682526834,2026H1
000685,2026-01-21,2,bull,none,shrinking_volume_acceleration,current_week,0.010560519902518273,0.026807473598700282,-0.03249390739236391,-0.021121039805036546,0.038992688870836734,2026H1
000685,2026-01-22,3,bull,none,two_day_acceleration,current_week,-0.02677165354330724,-0.03307086614173227,-0.047244094488189115,-0.051181102362204745,0.007086614173228423,2026H1
000685,2026-02-24,1,bull,none,shrinking_volume_acceleration,current_week,0.011824324324324342,-0.014358108108108114,-0.09628378378378366,-0.0346283783783784,0.03125,2026H1
000685,2026-02-27,4,bull,none,pullback_holds,current_week,-0.008347245409014992,-0.02003338898163609,-0.08597662771285475,-0.045909849749582676,0.019198664440734703,2026H1
000685,2026-04-14,1,mid,none,pullback_holds,current_week,0.022502250225022502,0.045904590459046046,-0.0036003600360035026,-0.006300630063006185,0.054005400540054094,2026H1
000685,2026-04-15,2,mid,none,pullback_holds,current_week,0.041478809738503264,0.06672678088367912,0.09828674481514876,-0.0027051397655545317,0.07033363390441849,2026H1
000685,2026-04-20,0,bull,none,shrinking_volume_acceleration,current_week,0.01966041108132277,0.04915102770330648,0.10277033065236818,-0.008042895442359255,0.09294012511170702,2026H1
000685,2026-04-21,1,bull,none,two_day_acceleration,current_week,0.026501766784452263,0.030035335689045928,0.07685512367491154,-0.019434628975265045,0.0803886925795052,2026H1
000685,2026-04-22,2,bull,none,two_day_acceleration,current_week,0.02690972222222232,0.0060763888888888395,0.0546875,-0.03645833333333337,0.06163194444444442,2026H1
000685,2026-04-28,1,bull,none,shrinking_volume_acceleration,current_week,0.002579535683576939,-0.048151332760103194,-0.014617368873602765,-0.05674978503869299,0.051590713671539,2026H1
002901,2025-05-08,3,bull,ma_bull,shrinking_volume_acceleration,current_week,-0.0342639593908628,-0.04111675126903547,-0.032741116751269006,-0.050761421319796995,0.0068527918781726704,2025H1
002901,2025-05-29,3,bull,ma_bull,shrinking_volume_acceleration,current_week,-0.004960835509138506,-0.017232375979112313,-0.07232375979112282,-0.042297650130548425,0.050130548302872,2025H1
002901,2025-06-03,1,bull,ma_bull,shrinking_volume_acceleration,current_week,-0.0039215686274509665,-0.05228758169934644,-0.0428758169934641,-0.06013071895424826,0.05150326797385607,2025H1
002901,2025-06-04,2,bull,ma_bull,pullback_holds,current_week,-0.024916516825070567,-0.08425378885178525,-0.07783200616491137,-0.09324428461340861,0.03313639866426921,2025H1
002901,2025-06-05,3,bull,ma_bull,pullback_holds,current_week,-0.027202072538859978,-0.08626943005181342,-0.06839378238341975,-0.09093264248704658,0.041968911917098284,2025H1
002901,2025-06-06,4,bull,ma_bull,pullback_holds,current_week,-0.016975711674066307,-0.07599895534082002,-0.054844606946983565,-0.08357273439540336,0.050404805432227695,2025H1
002901,2025-06-23,0,bull,none,two_day_acceleration,current_week,0.015979814970563444,0.011494252873563093,0.22399775721895154,-0.011494252873563315,0.03700588730025234,2025H1
002901,2025-06-25,2,bull,none,pullback_holds,current_week,0.0005574136008916764,0.010033444816053505,0.2040133779264215,-0.016164994425863943,0.030936454849498363,2025H1
002901,2025-07-01,1,bull,none,pullback_holds,current_week,-0.004120879120879106,0.14313186813186807,0.21703296703296715,-0.021428571428571463,0.14313186813186807,2025H2
002901,2025-07-02,2,bull,none,pullback_holds,current_week,0.010315026484527534,0.14608307778087548,0.24337886813493181,-0.006133258990800083,0.17061611374407604,2025H2
002901,2025-07-03,3,bull,none,pullback_holds,current_week,0.012168141592920234,0.15376106194690253,0.22400442477876092,-0.014103982300885054,0.17948008849557495,2025H2
002901,2025-07-04,4,bull,none,pullback_holds,current_week,0.022020368841178195,0.16790531241398288,0.22983759977979634,-0.018717313515001388,0.17396091384530687,2025H2
002901,2025-07-10,3,bull,none,two_day_acceleration,current_week,0.13989071038251355,0.1956284153005463,0.5683060109289617,-0.003551912568306115,0.25901639344262284,2025H2
002901,2025-07-11,4,bull,macd_stabilizing,shrinking_volume_acceleration,current_week,0.14397411701267182,0.19223510380156372,0.583984901590725,-0.002426530062011434,0.24238339174979773,2025H2
002901,2025-07-14,0,bull,none,two_day_acceleration,current_week,0.10531645569620252,0.11898734177215187,0.5458227848101267,-0.0020253164556961467,0.1665822784810127,2025H2
002901,2025-07-17,3,bull,macd_cross,shrinking_volume_acceleration,current_week,0.049148885159434164,0.061136418125149694,0.3735315272116997,-0.013905538240230109,0.11100455526252695,2025H2
002901,2025-07-18,4,bull,macd_cross,shrinking_volume_acceleration,current_week,0.028850628199162287,0.039553280595625795,0.37761749651000454,-0.025593299208934384,0.07817589576547235,2025H2
002901,2025-07-21,0,bull,ma_bull,two_day_acceleration,current_week,0.011904761904762085,0.12522893772893773,0.3669871794871795,-0.030219780219780223,0.12522893772893773,2025H2
002901,2025-07-24,3,bull,ma_bull,shrinking_volume_acceleration,current_week,0.0128146453089244,0.3135011441647597,0.33867276887871856,-0.010526315789473717,0.3135011441647597,2025H2
002901,2025-08-15,4,bull,ma_bull,shrinking_volume_acceleration,current_week,-0.00798233695652173,-0.06555706521739124,-0.05825407608695654,-0.10512907608695665,0.05485733695652173,2025H2
002901,2025-09-10,2,bull,ma_bull,shrinking_volume_acceleration,current_week,0.00830105146651916,0.015679763881202735,0.010514665190924255,-0.05441800405829189,0.048330566316177714,2025H2
002901,2025-09-11,3,bull,ma_bull,pullback_holds,current_week,-0.02812388750444994,-0.01210395158419364,-0.07707369170523315,-0.08757564969740128,0.011569953720184989,2025H2
002901,2025-10-13,0,bull,none,shrinking_volume_acceleration,current_week,-0.11218437552957117,-0.09456024402643615,-0.16539569564480594,-0.13489239112014906,0.008303677342823335,2025H2
002901,2025-10-27,0,bull,ma_bull,pullback_holds,current_week,-0.030115974560419034,-0.07875046763935656,-0.11522633744855959,-0.09034792368125699,0.04751215862326963,2025H2
002901,2025-12-08,0,bull,none,pullback_holds,current_week,0.0101135190918471,0.022910216718266208,0.02125902992776063,-0.03508771929824572,0.028276573787409554,2025H2
002901,2026-01-07,2,bull,none,pullback_holds,current_week,0.020614389652384713,0.00949878738884391,-0.0028294260307194508,-0.01192400970088936,0.06831042845594171,2026H1
002901,2026-01-08,3,bull,none,pullback_holds,current_week,0.028086482117599454,-0.0014144271570014633,0.013133966457870239,-0.0121236613457264,0.06809456455849672,2026H1
002901,2026-01-09,4,bull,none,two_day_acceleration,current_week,-0.009842519685039353,-0.01279527559055127,-0.023425196850393792,-0.037598425196850416,0.040551181102362,2026H1
002901,2026-01-13,1,bull,none,two_day_acceleration,current_week,-0.06560485400075844,-0.015927189988623525,-0.07792946530147893,-0.08494501327265835,0.0005688282138793799,2026H1
002901,2026-01-30,4,bull,none,shrinking_volume_acceleration,current_week,-0.033131943091015414,-0.07425453128045223,-0.1381796920678231,-0.07834730072110707,0.0,2026H1
688518,2025-06-10,1,bull,none,shrinking_volume_acceleration,current_week,0.04111111111111132,0.1166666666666667,0.1344444444444446,-0.030555555555555558,0.12166666666666681,2025H1
688518,2025-08-05,1,bull,ma_bull,pullback_holds,current_week,0.035126722987994574,0.03957314361938624,0.09293019119608714,-0.028901734104046284,0.07381058248110262,2025H2
688518,2025-08-06,2,bull,ma_bull,pullback_holds,current_week,0.04116331096196868,0.06487695749440703,0.08724832214765099,-0.02281879194630876,0.08053691275167796,2025H2
688518,2025-08-15,4,bull,ma_bull,shrinking_volume_acceleration,current_week,0.0017308524448291784,0.056685417568152374,0.15620943314582436,-0.055819991345737785,0.07572479446127223,2025H2
688518,2025-08-22,4,bull,ma_bull,pullback_holds,current_week,0.07246376811594213,0.1506368028107159,0.1638120333772508,-0.04172156346069389,0.1576635924462011,2025H2
688518,2025-09-11,3,bull,ma_bull,shrinking_volume_acceleration,current_week,-0.06168831168831157,-0.025613275613275532,-0.16919191919191912,-0.09523809523809512,0.02849927849927858,2025H2
688518,2025-09-24,2,bull,ma_bull,shrinking_volume_acceleration,current_week,-0.06438989683386687,-0.1707577374599787,-0.07861970828886511,-0.1807186054784774,0.007114905727499288,2025H2
688518,2025-11-14,4,bull,none,pullback_holds,current_week,-0.058276001618777884,-0.03156616754350472,-0.08255766895993522,-0.06151355726426544,0.10360178065560488,2025H2
688518,2025-11-19,2,mid,none,pullback_holds,current_week,-0.060287825748735924,-0.09334889148191372,-0.131466355503695,-0.10812913263321666,0.018280824581874633,2025H2
688518,2025-12-08,0,bull,none,two_day_acceleration,current_week,-0.06485355648535562,-0.027196652719665315,0.17615062761506262,-0.10209205020920509,0.015062761506276168,2025H2
688518,2025-12-09,1,mid,none,pullback_holds,current_week,-0.0741839762611276,0.005934718100890191,0.16362865621025846,-0.09029249682068674,0.05044510385756684,2025H2
688518,2025-12-25,3,bull,none,shrinking_volume_acceleration,current_week,0.08630705394190863,0.1618257261410787,0.34564315352697084,-0.02033195020746892,0.1904564315352697,2025H2
688518,2026-01-09,4,bull,none,shrinking_volume_acceleration,current_week,0.09600000000000009,0.2050909090909092,0.0858181818181818,-0.014545454545454528,0.20545454545454533,2026H1
688518,2026-01-12,0,bull,macd_cross,two_day_acceleration,current_week,0.10682386566630941,0.15862808145766327,0.08860307252590194,-0.026438013576277286,0.2015005359056805,2026H1
688518,2026-02-09,0,bull,ma_bull,shrinking_volume_acceleration,current_week,-0.040924092409240886,-0.09867986798679862,-0.1861386138613862,-0.10297029702970295,0.07062706270627062,2026H1
688518,2026-04-14,1,mid,none,shrinking_volume_acceleration,current_week,0.10634257500949484,0.021648309912647212,0.08811241929358138,-0.01860995062666171,0.21876186859096092,2026H1
688518,2026-04-22,2,bull,none,shrinking_volume_acceleration,current_week,-0.1047714381047713,-0.008675342008675258,0.08675342008675346,-0.1297964631297963,0.0010010010010010895,2026H1
688518,2026-05-13,2,bull,macd_cross,shrinking_volume_acceleration,current_week,0.027637344118638385,0.034715200539265245,-0.12470508931580726,-0.05224132119986524,0.1317829457364339,2026H1
688518,2026-05-18,0,bull,macd_cross,pullback_holds,current_week,0.11655810764484054,-0.1059307507713404,-0.05039424065821052,-0.10867329448063079,0.15118272197463134,2026H1
688518,2026-05-21,3,mid,macd_cross,pullback_holds,current_week,0.02370617696160271,-0.12854757929883132,-0.016694490818030094,-0.16460767946577626,0.12120200333889808,2026H1
301100,2025-08-01,4,bull,ma_bull,pullback_holds,current_week,0.05329670329670333,0.13626373626373622,0.04450549450549457,-0.012087912087912045,0.14615384615384608,2025H2
301100,2025-09-10,2,bull,ma_bull,shrinking_volume_acceleration,current_week,0.08045977011494254,0.017763845350052154,0.057993730407523536,-0.03291536050156729,0.15621734587251823,2025H2
301100,2025-09-11,3,bull,ma_bull,pullback_holds,current_week,0.009197751660705134,0.015329586101175297,0.0705160960654061,-0.05416453755748585,0.13081246806336222,2025H2
301100,2025-09-16,1,bull,ma_bull,pullback_holds,current_week,-0.0243531202435312,0.054287163876205025,0.11415525114155245,-0.060882800608828,0.12278031456113636,2025H2
301100,2025-09-19,4,mid,ma_bull,pullback_holds,current_week,0.05390143737166331,0.06827515400410666,0.11447638603696109,-0.049794661190964984,0.12577002053388076,2025H2
301100,2025-10-24,4,bull,ma_bull,shrinking_volume_acceleration,current_week,0.022918615528531472,0.03320860617399446,-0.023386342376052416,-0.016838166510757646,0.05893358278765204,2025H2
301100,2025-10-29,2,bull,ma_bull,shrinking_volume_acceleration,current_week,-0.02357207615593837,0.03762466001813247,-0.04759746146872157,-0.04714415231187663,0.07388939256573002,2025H2
301100,2025-11-13,3,bull,ma_bull,two_day_acceleration,current_week,-0.0454935622317596,-0.08068669527896988,0.0,-0.11673819742489266,0.01716738197424883,2025H2
301100,2026-01-06,1,bull,none,shrinking_volume_acceleration,current_week,-0.004209541627689384,0.0369504209541629,-0.003741814780168329,-0.011225444340505097,0.06688493919550975,2026H1
301100,2026-01-08,3,bull,none,pullback_holds,current_week,0.021931871208586307,0.04899673355109657,-0.03593093793747082,-0.006999533364442256,0.06439570695286978,2026H1
301100,2026-01-09,4,bull,none,pullback_holds,current_week,0.029343269678621553,0.03959012575687004,-0.025151374010246808,-0.008849557522123797,0.062412668840242214,2026H1
301100,2026-01-12,0,bull,none,two_day_acceleration,current_week,0.037683823529411686,0.022977941176470562,-0.022518382352941235,-0.022058823529411797,0.04825367647058809,2026H1
301100,2026-01-15,3,bull,none,pullback_holds,current_week,0.021818181818181737,-0.034545454545454435,-0.07999999999999996,-0.036363636363636376,0.04863636363636359,2026H1
301100,2026-01-16,4,bull,none,pullback_holds,current_week,0.006311992786294018,-0.021641118124436476,-0.09242560865644733,-0.04824165915238954,0.04012623985572583,2026H1
301100,2026-01-19,0,bull,macd_stabilizing,two_day_acceleration,current_week,-0.01417183348095663,-0.06908768821966349,-0.07218777679362276,-0.06908768821966349,0.021700620017714778,2026H1
301100,2026-01-21,2,bull,macd_stabilizing,shrinking_volume_acceleration,current_week,-0.025000000000000133,-0.05937500000000007,0.06428571428571428,-0.06785714285714295,0.029910714285714235,2026H1
301100,2026-04-09,3,mid,none,pullback_holds,current_week,-0.0032171581769437907,-0.0171581769436997,-0.027345844504021555,-0.034852546916890215,0.016621983914208993,2026H1
301100,2026-04-10,4,mid,none,pullback_holds,current_week,-0.004779607010090281,-0.01593202336696764,-0.0339883165161976,-0.0440785979819438,0.006903876792352603,2026H1
301100,2026-04-27,0,bull,none,pullback_holds,current_week,-0.07718951014349329,-0.1029193468579912,-0.1553686293913904,-0.1098466105888174,0.003463631865413097,2026H1
301100,2026-04-28,1,bull,none,two_day_acceleration,current_week,-0.011542497376705096,-0.03934942287513121,-0.14585519412381942,-0.05613850996852032,0.00891920251836309,2026H1
301100,2026-04-29,2,bull,none,pullback_holds,current_week,0.001058761249338236,-0.015352038115404976,-0.11222869242985711,-0.04764425622022228,0.011116993118051921,2026H1
301100,2026-04-30,3,bull,none,pullback_holds,current_week,-0.035619351408824995,-0.015948963317384268,-0.13716108452950548,-0.043593833067517074,0.018075491759702578,2026H1
301281,2025-08-20,2,bull,ma_bull,pullback_holds,current_week,-0.03547251556999731,-0.04251286217167616,-0.04792851340373672,-0.06552937990793395,0.04332520985648536,2025H2
301281,2025-08-21,3,bull,ma_bull,pullback_holds,current_week,-0.07539786068353771,-0.10670493086355326,-0.10774849986955382,-0.1226193582050612,0.005217845030002666,2025H2
301281,2025-08-22,4,bull,ma_bull,pullback_holds,current_week,-0.034782608695652195,-0.04972826086956539,-0.07798913043478273,-0.08614130434782608,0.02798913043478235,2025H2
301281,2025-09-09,1,bull,ma_bull,pullback_holds,current_week,-0.015789473684210575,-0.07202216066482003,-0.08088642659279788,-0.09778393351800552,0.0,2025H2
301281,2025-09-24,2,bull,none,shrinking_volume_acceleration,current_week,-0.011107863197895473,-0.037708272434960555,-0.08652440806781647,-0.08272434960537856,0.025723472668810254,2025H2
301281,2025-09-29,0,bull,none,pullback_holds,current_week,-0.046131386861313795,-0.03270072992700723,-0.07795620437956197,-0.08379562043795619,0.010802919708029046,2025H2
301281,2025-09-30,1,bull,none,pullback_holds,current_week,-0.03462321792260681,-0.04073319755600813,-0.0805935408786731,-0.08699447192318877,0.007273785277858602,2025H2
301281,2025-10-22,2,bull,none,pullback_holds,current_week,-0.04956180114838327,-0.045028709579933546,-0.07343608340888497,-0.059836808703535915,0.005137503777576047,2025H2
301281,2025-10-27,0,bull,none,shrinking_volume_acceleration,current_week,0.011363636363636243,0.0,-0.06565656565656564,-0.0179924242424242,0.015467171717171713,2025H2
301281,2025-10-31,4,bull,none,pullback_holds,current_week,-0.01036757775683328,0.018535972353125985,-0.0801131008482564,-0.015080113100848225,0.027646874018221856,2025H2
301281,2025-11-03,0,bull,none,pullback_holds,current_week,-0.012468827930174564,-0.0059226932668328125,-0.12842892768079794,-0.022755610972568507,0.019638403990025033,2025H2
301281,2025-11-11,1,bull,none,pullback_holds,current_week,-0.015987460815047094,-0.05893416927899697,-0.13479623824451414,-0.0949843260188088,0.025391849529780464,2025H2
301281,2025-11-12,2,bull,none,pullback_holds,current_week,-0.045454545454545414,-0.07565379825653784,-0.147571606475716,-0.10118306351183048,0.01836861768368636,2025H2
301281,2025-11-13,3,bull,none,pullback_holds,current_week,-0.04932875429285055,-0.07024664377146428,-0.16328442085544803,-0.09865750858570088,0.021230096784264685,2025H2
301281,2026-04-10,4,mid,ma_bull,shrinking_volume_acceleration,current_week,0.09007981755986338,0.0667046750285063,0.1830102622576968,-0.0136830102622576,0.16049030786773089,2026H1
301281,2026-04-15,2,mid,none,shrinking_volume_acceleration,current_week,0.010526315789473495,-0.027214377406932,-0.01848523748395381,-0.08035943517329913,0.04518613607188704,2026H1
301281,2026-05-11,0,bull,none,shrinking_volume_acceleration,current_week,-0.06778834430626657,0.017312850524262346,0.11046086320409665,-0.12948061448427206,0.05681541087539643,2026H1
301281,2026-05-12,1,bull,macd_cross,two_day_acceleration,current_week,-0.0985280151946818,-0.015432098765432056,0.10897435897435903,-0.1524216524216523,0.028964862298195726,2026H1
301281,2026-06-22,0,bull,ma_bull,two_day_acceleration,current_week,-0.10415833666533392,0.04278288684526199,-0.24830067972810876,-0.152938824470212,0.184326269492203,2026H1
000793,2025-03-11,1,bull,macd_stabilizing,pullback_holds,current_week,-0.1283783783783784,-0.2533783783783784,-0.2601351351351352,-0.32432432432432434,0.020270270270270396,2025H1
000793,2025-03-12,2,bull,macd_stabilizing,pullback_holds,current_week,-0.1522491349480969,-0.19723183391003474,-0.23875432525951557,-0.3079584775086506,0.0,2025H1
000793,2025-05-20,1,bull,none,pullback_holds,current_week,-0.03237410071942459,-0.05035971223021585,-0.017985611510791477,-0.07194244604316558,0.014388489208633004,2025H1
000793,2025-05-21,2,bull,none,pullback_holds,current_week,-0.050909090909090904,-0.036363636363636376,-0.025454545454545396,-0.06181818181818177,0.0072727272727273196,2025H1
000793,2025-06-04,2,bull,macd_stabilizing,pullback_holds,current_week,-0.026415094339622636,0.030188679245283012,0.01132075471698113,-0.05660377358490565,0.05283018867924527,2025H1
000793,2025-06-05,3,bull,macd_stabilizing,pullback_holds,current_week,-0.02281368821292773,0.019011406844106515,0.0076045627376426506,-0.049429657794676785,0.06083650190114076,2025H1
000793,2025-06-06,4,bull,macd_stabilizing,pullback_holds,current_week,-0.04150943396226414,0.007547169811320753,0.0037735849056603765,-0.05660377358490565,0.05283018867924527,2025H1
000793,2025-06-18,2,bull,macd_stabilizing,shrinking_volume_acceleration,current_week,-0.014760147601476037,-0.011070110701106972,-0.047970479704797064,-0.040590405904059046,0.011070110701107083,2025H1
000793,2025-06-30,0,bull,none,two_day_acceleration,current_week,-0.02230483271375472,-0.044609665427509326,-0.026022304832713727,-0.052044609665427344,0.003717472118959231,2025H1
000793,2025-08-11,0,bull,none,pullback_holds,current_week,-0.01886792452830177,-0.026415094339622636,-0.04528301886792441,-0.04150943396226414,0.037735849056603765,2025H2
000793,2025-08-12,1,bull,ma_bull,two_day_acceleration,current_week,-0.011538461538461608,-0.011538461538461608,-0.019230769230769162,-0.023076923076923106,0.026923076923076827,2025H2
000793,2025-10-13,0,bull,ma_bull,shrinking_volume_acceleration,current_week,-0.013114754098360715,0.01967213114754096,-0.003278688524590234,-0.06557377049180335,0.06557377049180313,2025H2
000793,2025-12-01,0,mid,none,pullback_holds,current_week,0.010169491525423568,-0.044067796610169574,-0.0474576271186441,-0.0474576271186441,0.04406779661016946,2025H2
000793,2026-01-26,0,bull,none,shrinking_volume_acceleration,current_week,-0.014598540145985384,-0.021897810218978075,-0.010948905109489093,-0.03649635036496357,0.021897810218978186,2026H1
000793,2026-02-24,1,bull,none,two_day_acceleration,current_week,-0.02166064981949456,0.018050541516245522,-0.03971119133574008,-0.04332129963898923,0.10469314079422376,2026H1
605488,2024-01-02,1,mid,ma_bull,two_day_acceleration,current_week,-0.010863350485992074,-0.03373356203544897,-0.27158376214979996,-0.09033733562035462,0.14351057747284157,2024H1
605488,2025-03-17,0,bull,ma_bull,pullback_holds,current_week,-0.13362231436110072,-0.15680361854504332,-0.26611383339615535,-0.20806633999246138,0.020542781756502038,2025H1
605488,2025-05-12,0,bull,ma_bull,two_day_acceleration,current_week,-0.06037812563529166,-0.04045537710916847,-0.2911160805041675,-0.0965643423460053,0.012400894490750325,2025H1
605488,2025-05-27,1,mid,ma_bull,pullback_holds,current_week,-0.23426124197002152,-0.25567451820128484,-0.2901498929336189,-0.33211991434689514,0.04603854389721618,2025H1
605488,2025-05-28,2,mid,ma_bull,pullback_holds,current_week,-0.2583368509919798,-0.27838750527648803,-0.309624314056564,-0.34170536091177717,0.031025749261291757,2025H1
605488,2025-05-29,3,bull,ma_bull,two_day_acceleration,current_week,0.0026478375992937675,-0.030891438658429027,-0.0379523389232127,-0.08237716975581055,0.08855545748749627,2025H1
605488,2025-06-26,3,bull,none,pullback_holds,current_week,-0.06880872991815712,-0.10851773264625653,-0.04304334646862695,-0.11185207638678396,0.010306153379811889,2025H1
605488,2025-06-27,4,bull,none,pullback_holds,current_week,-0.06666666666666676,-0.08501529051987766,-0.03333333333333344,-0.10642201834862397,0.019266055045871422,2025H1
605488,2025-07-14,0,bull,none,two_day_acceleration,current_week,0.0658194851743239,0.040078201368523914,0.06451612903225801,-0.02215705441511895,0.09481915933528828,2025H2
605488,2025-07-28,0,bull,none,pullback_holds,current_week,0.01545741324921135,0.030599369085173578,0.0936908517350159,-0.04889589905362768,0.08201892744479511,2025H2
605488,2025-08-06,2,bull,none,two_day_acceleration,current_week,-0.0483633146564435,0.057505160719551585,-0.06723680330286064,-0.07844293718667072,0.08493069890887628,2025H2
605488,2025-08-08,4,bull,none,pullback_holds,current_week,0.007386888273315018,0.06617420744844571,-0.04863034779932296,-0.03816558941212689,0.13819636811326563,2025H2
605488,2026-04-10,4,mid,none,pullback_holds,current_week,0.02671870309216451,-0.014109876913839692,0.06694686280396267,-0.019213449414590245,0.045031522065445806,2026H1
605488,2026-04-13,0,mid,none,two_day_acceleration,current_week,-0.03314121037463991,-0.05792507204610964,-0.016426512968299667,-0.06195965417867455,0.002305475504322807,2026H1
605488,2026-04-16,3,mid,none,shrinking_volume_acceleration,current_week,-0.013056379821958619,-0.01513353115727023,0.14302670623145408,-0.06439169139465883,0.023738872403560762,2026H1
605488,2026-04-29,2,bull,none,shrinking_volume_acceleration,current_week,0.11246571167327035,0.06735751295336789,0.018287107589149754,-0.003962206644315791,0.13562938128619306,2026H1
605488,2026-04-30,3,bull,none,pullback_holds,current_week,0.07940298507462695,0.1498507462686569,0.024477611940298516,-0.005970149253731405,0.1498507462686569,2026H1
605488,2026-05-06,2,bull,none,two_day_acceleration,current_week,0.022733812949640164,0.06071942446043166,-0.014964028776978333,-0.02043165467625907,0.1473381294964029,2026H1
000683,2026-01-09,4,bull,ma_bull,pullback_holds,current_week,0.022457067371202122,0.1466314398943196,0.08718626155878462,-0.03830911492734479,0.17437252311756946,2026H1
000683,2026-01-22,3,bull,ma_bull,shrinking_volume_acceleration,current_week,-0.01589103291713967,-0.08059023836549384,0.06356413166855845,-0.1271282633371169,0.009080590238365494,2026H1
000683,2026-02-09,0,bull,ma_bull,two_day_acceleration,current_week,0.005813953488372103,0.07790697674418601,0.009302325581395321,-0.033720930232558066,0.13720930232558137,2026H1
000683,2026-03-02,0,bull,ma_bull,two_day_acceleration,current_week,0.0031512605042018915,-0.057773109243697385,-0.11029411764705876,-0.06407563025210083,0.050420168067226934,2026H1
000683,2026-04-08,2,mid,macd_stabilizing,two_day_acceleration,current_week,-0.03160270880361171,-0.003386004514672636,-0.03273137697516926,-0.07223476297968379,0.036117381489842115,2026H1
000683,2026-04-24,4,bull,macd_stabilizing,shrinking_volume_acceleration,current_week,0.002239641657334923,-0.04703247480403139,-0.1758118701007838,-0.06606942889137735,0.04031354983202706,2026H1
601858,2023-03-22,2,mid,ma_bull,shrinking_volume_acceleration,current_week,0.2802929427430094,0.20306258322237025,1.0266311584553929,-0.009986684420772218,0.3888149134487351,2023H1
601858,2023-04-10,0,bull,ma_bull,two_day_acceleration,current_week,0.40923913043478244,0.9891304347826086,1.2288043478260864,-0.0027173913043478937,0.9891304347826086,2023H1
601858,2023-08-04,4,bull,none,pullback_holds,current_week,-0.06394557823129265,-0.0993197278911565,0.15952380952380962,-0.0993197278911565,0.07823129251700678,2023H2
601858,2023-08-07,0,bull,none,two_day_acceleration,current_week,-0.05492297387809786,-0.09946416610850628,0.15371734762223732,-0.1131949095780308,0.06162089752176825,2023H2
601858,2023-08-08,1,bull,none,two_day_acceleration,current_week,-0.09506578947368427,-0.026973684210526372,0.08124999999999982,-0.1289473684210527,0.0,2023H2
601858,2023-11-08,2,mid,none,two_day_acceleration,current_week,0.02023546725533487,0.11331861662987497,0.08425312729948486,-0.047093451066960945,0.20456217807211186,2023H2
601858,2026-03-16,0,mid,ma_bull,shrinking_volume_acceleration,current_week,-0.06087696892294603,0.017879948914431676,-0.07790549169859518,-0.0676883780332056,0.10429970200085137,2026H1
601858,2026-04-20,0,bull,ma_bull,shrinking_volume_acceleration,current_week,0.062329390354868064,0.13375796178343946,0.1856232939035487,-0.017288444040036377,0.20564149226569617,2026H1
601858,2026-04-22,2,bull,ma_bull,pullback_holds,current_week,0.09490022172949009,0.23325942350332607,0.15964523281596454,-0.0017738359201773246,0.23325942350332607,2026H1
601858,2026-08-31,0,bull,none,pullback_holds,current_week,-0.003616636528029016,-0.10578661844484627,,-0.12070524412296568,0.0488245931283906,2026H2
300922,2025-04-28,0,mid,ma_bull,pullback_holds,current_week,0.14926829268292674,0.09853658536585375,-0.013658536585365866,-0.01073170731707307,0.21365853658536582,2025H1
300922,2025-05-15,3,bull,ma_bull,pullback_holds,current_week,-0.03647005853219265,-0.08959927960378211,0.1706438541197659,-0.1026564610535795,0.04097253489419184,2025H1
300922,2025-06-04,2,bull,ma_bull,pullback_holds,current_week,0.12518265952264973,0.24890404286410117,0.27910375060886516,-0.017048222113979605,0.4067218704335118,2025H1
300922,2025-06-05,3,bull,ma_bull,two_day_acceleration,current_week,0.08990384615384617,0.2908653846153846,0.2629807692307691,-0.029807692307692313,0.3884615384615384,2025H1
300922,2025-06-06,4,bull,ma_bull,pullback_holds,current_week,0.26213592233009697,0.21116504854368912,0.24708737864077657,0.0,0.4019417475728153,2025H1
300922,2025-07-03,3,bull,ma_bull,shrinking_volume_acceleration,current_week,-0.027192646495595496,0.054385292991191214,0.15702795863653773,-0.0501723477594791,0.12983531214094213,2025H2
300922,2025-07-31,3,bull,ma_bull,pullback_holds,current_week,0.0587248322147651,-0.06073825503355701,-0.14093959731543626,-0.061409395973154424,0.12919463087248317,2025H2
300922,2025-08-08,4,bull,ma_bull,pullback_holds,current_week,-0.07967213114754101,-0.07311475409836066,-0.20491803278688525,-0.1081967213114754,0.06885245901639347,2025H2
300922,2025-08-18,0,bull,ma_bull,shrinking_volume_acceleration,current_week,-0.023125437981780017,-0.0581639803784163,-0.16923615977575324,-0.1485634197617378,0.004555010511562818,2025H2
300922,2025-10-13,0,bull,ma_bull,shrinking_volume_acceleration,current_week,-0.08304378040305771,-0.09416261292564287,-0.16643502432244606,-0.1205698401667824,0.0006949270326614965,2025H2
300922,2025-10-27,0,bull,none,pullback_holds,current_week,-0.05451055662188109,-0.07907869481765828,-0.07754318618042222,-0.09404990403071012,0.05067178502879077,2025H2
300922,2025-10-28,1,bull,none,two_day_acceleration,current_week,-0.05374716124148382,-0.10560181680545055,-0.09841029523088574,-0.10749432248296742,0.002271006813020282,2025H2
300922,2025-11-05,2,bull,none,two_day_acceleration,current_week,-0.06556733411857085,-0.012956419316843326,-0.13309776207302693,-0.10404397330192383,0.018845700824499323,2025H2
300922,2025-11-19,2,mid,none,shrinking_volume_acceleration,current_week,-0.08225806451612905,-0.10967741935483866,-0.11048387096774204,-0.11209677419354847,0.0,2025H2
300922,2025-12-01,0,mid,none,pullback_holds,current_week,-0.023235800344234225,-0.030120481927710996,0.008605851979345935,-0.07314974182444078,0.0064543889845094515,2025H2
300922,2025-12-09,1,mid,none,pullback_holds,current_week,-0.016888888888888842,-0.005333333333333412,0.11066666666666669,-0.04755555555555557,0.040000000000000036,2025H2
300922,2025-12-19,4,mid,none,pullback_holds,current_week,0.0004374453193352057,0.06255468066491687,0.05161854768153984,-0.026246719160104903,0.07830271216098006,2025H2
300552,2024-10-16,2,bull,none,shrinking_volume_acceleration,current_week,0.12330587297369111,0.03959606696784457,0.051023119851182575,-0.029763486579856613,0.2224289131012489,2024H2
300552,2024-11-12,1,bull,ma_bull,pullback_holds,current_week,-0.07505803456280635,-0.11142636058808353,0.011091049780758366,-0.14908434356461187,0.035594531854526545,2024H2
300552,2024-11-13,2,bull,ma_bull,shrinking_volume_acceleration,current_week,-0.07454684707684456,-0.11130967577227469,0.026040336992596336,-0.16543272912943585,0.025019147306612144,2024H2
300552,2024-12-11,2,bull,none,shrinking_volume_acceleration,current_week,-0.03401015228426385,-0.10786802030456855,-0.2304568527918781,-0.12512690355329947,0.010152284263959643,2024H2
300552,2025-02-14,4,bull,none,two_day_acceleration,current_week,-0.02374378796245169,-0.11623412479293216,-0.08448371065709537,-0.11927112092766423,0.019050248481502052,2025H1
300552,2025-02-25,1,bull,macd_cross,two_day_acceleration,current_week,-0.07883008356545962,-0.0807799442896936,-0.16211699164345394,-0.11142061281337035,0.012813370473537589,2025H1
300552,2025-02-26,2,bull,none,pullback_holds,current_week,-0.07604456824512529,-0.048189415041782646,-0.1406685236768801,-0.11142061281337035,0.019498607242339983,2025H1
600226,2023-03-20,0,mid,ma_bull,two_day_acceleration,current_week,0.0034364261168384758,-0.003436426116838587,-0.003436426116838587,-0.06872852233676985,0.03780068728522323,2023H1
600226,2023-03-24,4,mid,ma_bull,shrinking_volume_acceleration,current_week,-0.024054982817869552,0.020618556701030855,-0.037800687285223344,-0.06872852233676985,0.03780068728522323,2023H1
600226,2023-03-28,1,mid,ma_bull,two_day_acceleration,current_week,-0.010067114093959662,-0.003355704697986517,-0.057046979865771785,-0.09060402684563762,0.01342281879194629,2023H1
600226,2023-04-17,0,bull,ma_bull,pullback_holds,current_week,-0.05084745762711862,-0.07118644067796609,-0.1559322033898305,-0.09152542372881356,0.006779661016949268,2023H1
600226,2023-07-31,0,bull,none,pullback_holds,current_week,0.03435114503816794,0.057251908396946494,0.041984732824427384,-0.003816793893129833,0.11450381679389299,2023H2
600226,2023-08-01,1,bull,none,two_day_acceleration,current_week,0.030303030303030276,0.05303030303030298,0.05303030303030298,-0.0037878787878788955,0.10606060606060597,2023H2
600226,2023-08-03,3,bull,macd_cross,two_day_acceleration,current_week,0.0,0.025641025641025772,0.025641025641025772,-0.01831501831501825,0.06959706959706957,2023H2
600226,2024-01-25,3,mid,none,pullback_holds,current_week,-0.03125,-0.07812500000000011,-0.09765625,-0.13671875,0.0,2024H1
600226,2025-05-06,1,mid,ma_bull,two_day_acceleration,current_week,-0.03050847457627126,-0.03050847457627126,-0.05423728813559325,-0.03728813559322042,0.003389830508474523,2025H1
600226,2025-05-07,2,bull,ma_bull,pullback_holds,current_week,-0.0034482758620688614,-0.01379310344827589,-0.04482758620689653,-0.020689655172413834,0.017241379310344973,2025H1
600226,2025-05-08,3,bull,ma_bull,pullback_holds,current_week,-0.01724137931034475,0.010344827586207028,-0.04137931034482745,-0.020689655172413834,0.020689655172413834,2025H1
600226,2025-05-09,4,bull,ma_bull,pullback_holds,current_week,-0.020547945205479423,-0.020547945205479423,-0.04794520547945191,-0.03082191780821908,0.017123287671233056,2025H1
600226,2025-06-04,2,bull,none,two_day_acceleration,current_week,-0.017921146953404965,-0.03942652329749097,-0.007168458781361964,-0.043010752688172116,0.0035842293906811484,2025H1
600226,2025-06-25,2,bull,none,pullback_holds,current_week,0.018382352941176405,0.051470588235293935,0.02941176470588247,-0.018382352941176516,0.07352941176470584,2025H1
600226,2025-06-26,3,bull,none,pullback_holds,current_week,0.03345724907063219,0.059479553903345694,0.040892193308550207,-0.0037174721189590088,0.08550185873605942,2025H1
600226,2025-06-27,4,bull,none,pullback_holds,current_week,0.014705882352941124,0.10294117647058809,0.018382352941176405,-0.003676470588235392,0.11029411764705865,2025H1
600226,2025-06-30,0,bull,none,two_day_acceleration,current_week,-0.007194244604316502,0.07913669064748197,-0.010791366906474864,-0.014388489208633115,0.1223021582733812,2025H1
600226,2025-07-04,4,bull,none,pullback_holds,current_week,0.08695652173913038,0.03623188405797095,0.01086956521739113,-0.007246376811594235,0.13043478260869557,2025H2
600226,2025-08-01,4,bull,none,pullback_holds,current_week,0.028880866425992746,0.05054151624548742,0.332129963898917,-0.0036101083032490378,0.08664259927797846,2025H2
600226,2025-08-04,0,bull,macd_stabilizing,two_day_acceleration,current_week,0.02857142857142847,0.1428571428571428,0.36785714285714266,-0.014285714285714346,0.1428571428571428,2025H2
600226,2025-08-05,1,bull,macd_stabilizing,two_day_acceleration,current_week,-0.01038062283737029,0.09688581314878886,0.2837370242214532,-0.04498269896193763,0.17647058823529393,2025H2
600226,2025-08-06,2,bull,macd_stabilizing,pullback_holds,current_week,-0.01736111111111105,0.10763888888888884,0.25,-0.04166666666666652,0.18055555555555558,2025H2
600226,2025-08-08,4,bull,macd_stabilizing,pullback_holds,current_week,0.0174825174825175,0.13636363636363646,0.23776223776223793,-0.03496503496503489,0.18881118881118875,2025H2
600226,2025-08-20,2,bull,ma_bull,shrinking_volume_acceleration,current_week,0.034700315457413256,0.13564668769716093,0.2933753943217665,-0.003154574132492094,0.2586750788643535,2025H2
600226,2025-08-22,4,bull,ma_bull,shrinking_volume_acceleration,current_week,0.125,0.07926829268292668,0.2682926829268293,-0.018292682926829285,0.21646341463414642,2025H2
600226,2025-09-15,0,bull,ma_bull,shrinking_volume_acceleration,current_week,0.0966057441253263,0.14099216710182771,0.1488250652741514,0.0,0.20365535248041788,2025H2
600226,2025-09-18,3,mid,ma_bull,shrinking_volume_acceleration,current_week,0.09223300970873782,0.1941747572815533,0.13106796116504849,-0.029126213592232997,0.2233009708737863,2025H2
600226,2025-09-23,1,mid,ma_bull,two_day_acceleration,current_week,0.0981308411214954,0.11448598130841137,-0.014018691588785215,-0.014018691588785215,0.17757009345794383,2025H2
600226,2025-12-09,1,mid,none,pullback_holds,current_week,-0.031963470319634646,0.12100456621004563,0.28538812785388123,-0.045662100456621,0.1986301369863015,2025H2
600226,2026-02-10,1,bull,ma_bull,pullback_holds,current_week,-0.016638935108153063,-0.09317803660565716,-0.13477537437603992,-0.13311148086522462,0.04492512479201349,2026H1
600226,2026-02-11,2,bull,ma_bull,pullback_holds,current_week,-0.018211920529801362,-0.07450331125827814,-0.17549668874172175,-0.13741721854304634,0.039735099337748325,2026H1
600226,2026-02-12,3,bull,ma_bull,two_day_acceleration,current_week,-0.04523424878836835,-0.07108239095315028,-0.22940226171243938,-0.15831987075928922,0.01453957996768973,2026H1
600226,2026-02-13,4,mid,ma_bull,pullback_holds,current_week,-0.04283360790774293,-0.05930807248764425,-0.2586490939044481,-0.14168039538714994,0.01812191103789118,2026H1
600226,2026-04-08,2,mid,none,two_day_acceleration,current_week,0.08571428571428563,0.08775510204081627,0.14081632653061216,-0.008163265306122436,0.12040816326530601,2026H1
600226,2026-04-13,0,mid,none,shrinking_volume_acceleration,current_week,0.017045454545454586,0.024621212121212155,0.07386363636363624,-0.03409090909090906,0.03977272727272729,2026H1
600226,2026-04-16,3,mid,none,shrinking_volume_acceleration,current_week,-0.04972375690607722,-0.0055248618784529135,0.06998158379373853,-0.06077348066298327,0.011049723756906271,2026H1
600226,2026-04-30,3,bull,none,two_day_acceleration,current_week,0.033333333333333215,0.07592592592592595,0.12592592592592577,-0.0018518518518519933,0.09259259259259256,2026H1
600226,2026-05-06,2,bull,none,two_day_acceleration,current_week,-0.010657193605683735,0.07104795737122571,0.08348134991119016,-0.035523978685612856,0.07637655417406752,2026H1
600226,2026-05-28,3,mid,macd_cross,shrinking_volume_acceleration,current_week,-0.002971768202080338,0.11441307578008919,0.5646359583952449,-0.1367013372956909,0.2124814264487369,2026H1
002582,2023-07-31,0,bull,ma_bull,two_day_acceleration,current_week,0.0011655011655011815,0.023310023310023187,-0.07342657342657344,-0.03263403263403253,0.08391608391608396,2023H2
002582,2023-08-04,4,bull,ma_bull,two_day_acceleration,current_week,-0.019517795637198576,0.004592422502870175,-0.07807118254879464,-0.06659012629161887,0.08495981630310001,2023H2
002582,2023-11-06,0,mid,none,two_day_acceleration,current_week,0.04820766378244756,0.08281829419035835,0.12731767614338696,-0.023485784919653807,0.08776266996291726,2023H2
002582,2023-11-10,4,mid,none,shrinking_volume_acceleration,current_week,-0.0023781212841854638,0.058263971462544584,0.03210463733650415,-0.02021403091557672,0.1153388822829966,2023H2
002582,2024-01-03,2,mid,none,two_day_acceleration,current_week,-0.02695763799743256,-0.03209242618741981,-0.19640564826700901,-0.05905006418485237,0.05006418485237485,2024H1
002582,2025-05-06,1,mid,ma_bull,shrinking_volume_acceleration,current_week,-0.031088082901554404,0.040587219343696024,-0.060449050086355705,-0.05785837651122627,0.04835924006908465,2025H1
002582,2025-05-13,1,bull,ma_bull,pullback_holds,current_week,0.08265947888589387,-0.0242587601078168,-0.07008086253369283,-0.11141060197663977,0.09074573225516613,2025H1
002582,2025-05-16,4,bull,ma_bull,pullback_holds,current_week,0.02555066079295165,-0.09074889867841407,-0.10396475770925107,-0.12863436123348004,0.0696035242290749,2025H1
002582,2025-05-19,0,bull,ma_bull,shrinking_volume_acceleration,current_week,-0.07241379310344831,-0.09310344827586203,-0.13189655172413783,-0.14741379310344815,0.04655172413793118,2025H1
002582,2025-05-22,3,bull,ma_bull,pullback_holds,current_week,-0.07999999999999996,-0.09304347826086956,-0.1591304347826087,-0.1399999999999999,0.014782608695652177,2025H1
002582,2025-05-23,4,bull,ma_bull,pullback_holds,current_week,-0.019943019943019835,-0.006647673314339797,-0.07122507122507127,-0.06077872744539403,0.07122507122507127,2025H1
002582,2025-06-04,2,bull,ma_bull,two_day_acceleration,current_week,-0.045202952029520294,-0.08302583025830257,-0.08763837638376382,-0.088560885608856,0.007380073800737907,2025H1
002582,2025-06-12,3,bull,none,pullback_holds,current_week,-0.07588856868395766,-0.03938520653218058,-0.028818443804034644,-0.10086455331412114,0.0019212295869355245,2025H1
002582,2025-06-23,0,bull,none,two_day_acceleration,current_week,0.014314928425357865,0.007157464212679043,-0.0030674846625766694,-0.008179959100204304,0.03783231083844596,2025H1
002582,2025-06-25,2,bull,none,pullback_holds,current_week,0.0020263424518742745,0.007092198581560183,-0.020263424518743745,-0.01722391084093211,0.028368794326241176,2025H1
002582,2025-06-26,3,bull,none,pullback_holds,current_week,-0.015060240963855498,0.015060240963855387,-0.028112449799196915,-0.026104417670682722,0.03614457831325302,2025H1
002582,2025-06-27,4,bull,none,pullback_holds,current_week,-0.01720647773279349,0.015182186234817596,-0.027327935222672184,-0.018218623481781382,0.04453441295546545,2025H1
002582,2025-07-07,0,bull,none,pullback_holds,current_week,0.014198782961460488,-0.011156186612576002,-0.03853955375253537,-0.016227180527383256,0.04665314401622722,2025H2
002582,2025-07-08,1,bull,none,pullback_holds,current_week,-0.012096774193548265,-0.027217741935483875,-0.04233870967741937,-0.030241935483870885,0.040322580645161255,2025H2
002582,2025-07-09,2,bull,none,pullback_holds,current_week,-0.005040322580645018,-0.025201612903225756,-0.04133064516129037,-0.032258064516129115,0.040322580645161255,2025H2
002582,2025-07-10,3,bull,none,two_day_acceleration,current_week,-0.015857284440039643,-0.04063429137760155,-0.04856293359762143,-0.04856293359762143,0.0,2025H2
002582,2025-08-11,0,bull,none,pullback_holds,current_week,0.009278350515463885,0.11443298969072169,0.07319587628865976,-0.008247422680412342,0.15463917525773185,2025H2
002582,2025-08-12,1,bull,none,two_day_acceleration,current_week,0.012974051896207595,0.09281437125748515,0.020958083832335328,-0.039920159680638556,0.11776447105788446,2025H2
002582,2025-08-14,3,bull,none,pullback_holds,current_week,0.08135942327497414,0.101956745623069,0.06694129763130774,-0.009268795056642576,0.15345005149330593,2025H2
002582,2025-08-15,4,bull,none,pullback_holds,current_week,0.07357512953367862,0.07150259067357512,0.054922279792746,-0.002072538860103612,0.16062176165803121,2025H2
002582,2025-09-02,1,bull,none,pullback_holds,current_week,-0.04303086997193628,-0.04770813844714683,-0.13002806361085117,-0.06454630495790459,0.00561272217025266,2025H2
002582,2026-01-05,0,bull,ma_bull,two_day_acceleration,current_week,0.12807017543859645,0.15526315789473677,0.17894736842105252,-0.044736842105263186,0.27982456140350864,2026H1
002582,2026-04-08,2,mid,none,two_day_acceleration,current_week,0.06434782608695655,0.11739130434782608,0.06260869565217386,-0.006956521739130417,0.13826086956521744,2026H1
002582,2026-04-10,4,mid,none,two_day_acceleration,current_week,0.04806866952789712,0.11244635193133057,0.07896995708154497,-0.007725321888412018,0.12360515021459229,2026H1
002582,2026-04-16,3,mid,none,shrinking_volume_acceleration,current_week,0.04691358024691361,0.03292181069958855,-0.009053497942386746,-0.053497942386831254,0.08312757201646082,2026H1
002582,2026-04-20,0,bull,none,two_day_acceleration,current_week,0.024213075060532496,0.01614205004035507,-0.11945117029862795,-0.07183212267958039,0.062146892655367214,2026H1
002582,2026-04-24,4,bull,none,two_day_acceleration,current_week,-0.010093167701863415,-0.02406832298136652,-0.12189440993788825,-0.1071428571428572,0.021739130434782483,2026H1
002582,2026-05-06,2,bull,none,pullback_holds,current_week,-0.01950078003120126,-0.1224648985959439,-0.22464898595943839,-0.12480499219968799,0.010140405616224646,2026H1
688191,2023-11-13,0,mid,none,two_day_acceleration,current_week,0.06341958396752911,0.004566210045662045,-0.04363267376966007,-0.025367833587011668,0.12531709791983747,2023H2
688191,2024-12-02,0,bull,ma_bull,pullback_holds,current_week,-0.0375195414278271,-0.06044815007816573,-0.07868681605002614,-0.0724335591453883,0.0020844189682125425,2024H2
688191,2025-02-19,2,bull,ma_bull,two_day_acceleration,current_week,0.2761545711592839,0.09519321394910474,0.19604147031102737,0.0,0.2851083883129124,2025H1
688191,2025-02-24,0,bull,ma_bull,shrinking_volume_acceleration,current_week,0.041023378914865516,0.029113365681517456,0.1358623731804145,-0.02029113365681523,0.20291133656815163,2025H1
688191,2025-03-19,2,bull,ma_bull,shrinking_volume_acceleration,current_week,0.011359185272228789,-0.005875440658049458,0.0399529964747356,-0.05953779866823339,0.09635722679200942,2025H1
688191,2025-03-25,1,mid,ma_bull,two_day_acceleration,current_week,-0.008073817762399127,-0.1495578623606305,0.08650519031141868,-0.2729719338715879,0.0761245674740485,2025H1
688191,2025-03-27,3,mid,ma_bull,shrinking_volume_acceleration,current_week,-0.10056497175141255,-0.02410546139359704,0.1126177024482109,-0.28775894538606406,0.05423728813559325,2025H1
688191,2025-04-24,3,mid,ma_bull,shrinking_volume_acceleration,current_week,0.023402025847013785,0.050296891372686,-0.02270345791128181,-0.04470834788683187,0.09814879497031104,2025H1
688191,2025-06-03,1,bull,ma_bull,pullback_holds,current_week,-0.29451090781140044,-0.2519352568613652,-0.1467276565798734,-0.3490499648135117,0.041520056298381514,2025H1
688191,2025-06-04,2,bull,ma_bull,pullback_holds,current_week,-0.2883947185545518,-0.2592077831827658,-0.1518415566365532,-0.35719249478804727,0.007296733842946601,2025H1
688191,2025-06-05,3,bull,ma_bull,pullback_holds,current_week,0.0957446808510638,0.09361702127659566,0.35425531914893615,-0.015957446808510634,0.1808510638297871,2025H1
688191,2025-07-11,4,bull,none,shrinking_volume_acceleration,current_week,0.01679031628270211,0.07458024209293246,0.0531042561499413,-0.05505661850839516,0.0948848106208513,2025H2
688191,2025-08-04,0,bull,macd_cross,two_day_acceleration,current_week,-0.02460202604920403,-0.05028943560057886,-0.09659913169319834,-0.1063675832127352,0.01591895803183796,2025H2
688191,2025-08-05,1,bull,none,pullback_holds,current_week,-0.03679417122040063,-0.05683060109289617,-0.12276867030965377,-0.10018214936247727,0.016393442622950838,2025H2
688191,2025-08-06,2,bull,none,shrinking_volume_acceleration,current_week,-0.06919155134741439,-0.05426074289876193,-0.12527312454479245,-0.10050983248361256,0.016023306627822365,2025H2
688191,2025-08-07,3,bull,none,pullback_holds,current_week,-0.07164179104477619,-0.035447761194029814,-0.11791044776119408,-0.07835820895522394,0.04104477611940305,2025H2
688191,2025-08-08,4,bull,none,pullback_holds,current_week,-0.042609351432880804,-0.015082956259426794,-0.07767722473604821,-0.06862745098039214,0.05203619909502266,2025H2
688191,2025-08-18,0,bull,macd_stabilizing,two_day_acceleration,current_week,-0.017523809523809608,-0.048761904761904784,0.008761904761904749,-0.0552380952380952,0.040000000000000036,2025H2
688191,2025-08-20,2,bull,none,pullback_holds,current_week,-0.02183908045977012,-0.07969348659003839,0.15134099616858232,-0.09348659003831417,0.04597701149425282,2025H2
688191,2025-08-21,3,bull,none,pullback_holds,current_week,0.0003901677721420693,-0.07764338665626214,0.11900117050331649,-0.09442060085836901,0.06515801794771758,2025H2
688191,2025-09-09,1,bull,none,pullback_holds,current_week,0.11949186184994032,0.15125049622866205,0.21754664549424385,-0.03215561730845584,0.2131798332671695,2025H2
688191,2025-09-12,4,bull,none,pullback_holds,current_week,0.14874411302982726,0.17543171114599687,0.12166405023547888,-0.013343799058084804,0.2362637362637363,2025H2
688191,2025-09-19,4,mid,macd_stabilizing,shrinking_volume_acceleration,current_week,0.008417508417508435,0.05959595959595965,0.09461279461279459,-0.04814814814814816,0.07542087542087539,2025H2
688191,2025-10-09,3,bull,ma_bull,two_day_acceleration,current_week,-0.05729492798998126,-0.06887914840325604,0.05228553537883518,-0.11615529117094558,0.017219787100813955,2025H2
688191,2025-10-15,2,bull,ma_bull,shrinking_volume_acceleration,current_week,-0.0445592508879562,0.027123022279625486,0.1834032935098482,-0.08847271553115921,0.0710364869228286,2025H2
688191,2025-11-03,0,bull,ma_bull,two_day_acceleration,current_week,0.08760230372840261,0.14095180357684134,0.09336162473476795,-0.03000909366474691,0.21066989996968766,2025H2
688191,2025-11-12,2,bull,ma_bull,shrinking_volume_acceleration,current_week,-0.03430578065910328,-0.02998379254457051,-0.06401944894651557,-0.07968665586169643,0.07887628309022143,2025H2
688191,2025-12-09,1,mid,ma_bull,shrinking_volume_acceleration,current_week,-0.10715328467153284,-0.10160583941605839,-0.057226277372262824,-0.1299270072992701,0.04963503649635048,2025H2
688191,2026-01-05,0,bull,none,pullback_holds,current_week,0.05541947336191044,0.1558481322718921,0.15156154317207582,-0.03368034292712807,0.19044703000612362,2026H1
688191,2026-01-16,4,bull,macd_stabilizing,two_day_acceleration,current_week,0.07808219178082187,-0.008219178082191747,0.3868493150684933,-0.05287671232876712,0.24657534246575352,2026H1
688191,2026-01-19,0,bull,macd_cross,two_day_acceleration,current_week,0.02883597883597866,-0.005026455026455157,0.4351851851851851,-0.08544973544973555,0.2037037037037035,2026H1
688191,2026-04-10,4,mid,ma_bull,shrinking_volume_acceleration,current_week,0.008808416931734842,-0.015659407878639398,0.3149009053095182,-0.032786885245901565,0.0978712992414974,2026H1
688191,2026-04-22,2,bull,none,pullback_holds,current_week,0.06165198762199475,0.2339919066888838,0.37752915972387546,-0.04975005950964051,0.29969054986907895,2026H1
688191,2026-04-23,3,bull,none,two_day_acceleration,current_week,0.08560588095802713,0.24875503912734165,0.33981503438463356,-0.05335546597106944,0.2947593075646193,2026H1
688191,2026-04-30,3,bull,macd_stabilizing,shrinking_volume_acceleration,current_week,0.10190416405105673,0.1969031178070726,0.00272023435865254,-0.014228918183720407,0.21155053358443188,2026H1
688191,2026-05-13,2,bull,ma_bull,shrinking_volume_acceleration,current_week,0.0865438302624233,-0.01042248278429192,-0.397357156151126,-0.055462497673553046,0.11669458403126742,2026H1
688191,2026-07-01,2,bull,none,pullback_holds,current_week,-0.23040838852097134,-0.3460264900662252,-0.4983443708609272,-0.36092715231788086,0.02759381898454749,2026H2
003021,2023-05-08,0,bull,ma_bull,pullback_holds,current_week,0.15041666666666664,0.22763888888888895,0.19583333333333353,-0.02083333333333337,0.4191666666666667,2023H1
003021,2023-08-01,1,bull,none,two_day_acceleration,current_week,0.013592233009708687,-0.0836338418862691,0.020804438280166426,-0.09778085991678243,0.06324549237170585,2023H2
003021,2023-08-03,3,bull,none,two_day_acceleration,current_week,-0.0654054054054054,-0.12040540540540534,-0.0022972972972973293,-0.15662162162162152,0.03594594594594591,2023H2
003021,2023-08-04,4,bull,none,pullback_holds,current_week,-0.08081632653061221,-0.13605442176870752,-0.02462585034013609,-0.15088435374149656,0.04299319727891149,2023H2
003021,2023-08-07,0,bull,none,two_day_acceleration,current_week,-0.09801821103374408,-0.15921264059989293,-0.03320835565077673,-0.16430101767541516,0.012319228709159136,2023H2
003021,2025-04-25,4,mid,none,shrinking_volume_acceleration,current_week,0.005496662740479108,-0.0212799371809973,-0.16277974087161373,-0.0576364350215941,0.06776599921476234,2025H1
003021,2025-05-06,1,mid,none,shrinking_volume_acceleration,current_week,-0.04949296200998943,-0.12933252610867274,-0.2174965945209627,-0.14106250945966414,0.0290600877856817,2025H1
003021,2025-06-04,2,bull,none,two_day_acceleration,current_week,-0.013926499032882012,-0.030754352030947785,0.008994197292069517,-0.04970986460348159,0.05705996131528046,2025H1
003021,2025-06-05,3,bull,none,two_day_acceleration,current_week,-0.024651251672081043,-0.01509650296197207,-0.004490731893751154,-0.06115039174469705,0.04433403401490543,2025H1
003021,2025-06-09,0,bull,none,pullback_holds,current_week,-0.047559808612440135,-0.06105263157894736,-0.03540669856459333,-0.08526315789473682,0.01282296650717707,2025H1
003021,2025-06-19,3,mid,none,two_day_acceleration,current_week,0.04414344182420571,0.015299161956733531,0.1191775482362114,-0.06850516468524659,0.07727538491522123,2025H1
003021,2025-07-09,2,bull,none,pullback_holds,current_week,0.10557692307692301,0.11375000000000002,0.17221153846153836,-0.015769230769230758,0.18971153846153843,2025H2
003021,2025-08-15,4,bull,none,pullback_holds,current_week,0.04633333333333334,0.019500000000000073,0.133,-0.020749999999999935,0.08333333333333326,2025H2
003021,2025-08-18,0,bull,none,two_day_acceleration,current_week,0.047085940072439936,-0.002304906157392206,0.12932169904511026,-0.032680276588738844,0.07013500164636155,2025H2
003021,2025-09-02,1,bull,ma_bull,pullback_holds,current_week,-0.03319838056680158,0.15360323886639682,0.1105263157894738,-0.10461538461538467,0.18461538461538463,2025H2
003021,2025-09-09,1,bull,ma_bull,pullback_holds,current_week,0.19924242424242422,0.17255892255892258,0.026683501683501643,-0.010690235690235639,0.31919191919191925,2025H2
003021,2025-09-10,2,bull,ma_bull,pullback_holds,current_week,0.25630252100840334,0.18957983193277306,0.0011764705882353343,-0.003865546218487337,0.3169747899159663,2025H2
003021,2025-12-25,3,bull,none,two_day_acceleration,current_week,0.034728104353718425,0.0841944773843808,0.032441131627985786,-0.024817889208876953,0.12620701338302553,2025H2
003021,2026-01-08,3,bull,macd_cross,shrinking_volume_acceleration,current_week,-0.01702365728900257,0.0326886189258313,-0.05514705882352944,-0.04347826086956519,0.09654731457800514,2026H1
003021,2026-01-21,2,bull,none,shrinking_volume_acceleration,current_week,-0.05846342209978572,-0.0569329660238751,-0.07598714416896235,-0.13529231711049894,0.02540557086011619,2026H1
003021,2026-02-12,3,bull,ma_bull,pullback_holds,current_week,-0.04369166398455093,-0.052784036047634375,-0.1669616993884776,-0.1174766655938203,0.03636948825233355,2026H1
003021,2026-02-13,4,mid,ma_bull,two_day_acceleration,current_week,-0.09798720549227646,-0.11788110469652047,-0.23701045404899368,-0.1443282883445155,0.004836948041816225,2026H1
603585,2025-05-09,4,bull,ma_bull,pullback_holds,current_week,0.003939592908732692,0.024950755088640975,0.25147734734077476,-0.013131976362442455,0.050558108995403694,2025H1
603585,2025-05-12,0,bull,ma_bull,pullback_holds,current_week,0.02131782945736438,0.0,0.27454780361757103,-0.029069767441860406,0.03359173126614978,2025H1
603585,2025-05-13,1,bull,ma_bull,two_day_acceleration,current_week,0.009715025906735786,0.05116580310880825,0.22862694300518127,-0.026554404145077593,0.05764248704663233,2025H1
603585,2025-05-14,2,bull,ma_bull,pullback_holds,current_week,0.0019430051813471572,0.03756476683937815,0.29727979274611416,-0.026554404145077593,0.060880829015544036,2025H1
603585,2025-05-16,4,bull,ma_bull,pullback_holds,current_week,0.015614834092387841,0.0201691607026675,0.4209499024072869,-0.02081977878985042,0.06571242680546496,2025H1
603585,2025-05-19,0,bull,ma_bull,two_day_acceleration,current_week,-0.014012738853503182,0.003821656050955413,0.529936305732484,-0.04140127388535031,0.043312101910827794,2025H1
603585,2025-05-20,1,bull,ma_bull,pullback_holds,current_week,0.04038461538461546,0.009615384615384581,0.3858974358974361,-0.03525641025641024,0.050000000000000044,2025H1
603585,2025-05-21,2,bull,ma_bull,pullback_holds,current_week,0.040935672514619714,0.12605588044184546,0.26445743989603643,-0.022092267706302793,0.12605588044184546,2025H1
603585,2025-07-02,2,bull,ma_bull,pullback_holds,current_week,0.06580310880829021,0.05595854922279786,-0.007253886010362698,-0.0010362694300517505,0.13834196891191697,2025H2
603585,2025-07-14,0,bull,ma_bull,two_day_acceleration,current_week,-0.00954294324460081,-0.026117528879959773,-0.013561024610748373,-0.050728277247614195,0.06880964339527873,2025H2
603585,2025-08-11,0,bull,none,pullback_holds,current_week,-0.009164969450101812,0.012219959266802416,-0.0386965376782078,-0.030040733197555958,0.0320773930753564,2025H2
603585,2025-08-20,2,bull,none,two_day_acceleration,current_week,-0.038596491228070184,-0.09172932330827055,-0.051629072681704136,-0.09373433583959889,0.01604010025062652,2025H2
603585,2025-09-08,0,bull,none,pullback_holds,current_week,-0.01536016949152541,-0.05508474576271183,-0.0376059322033897,-0.06091101694915246,0.006355932203389925,2025H2
603585,2025-09-09,1,bull,none,pullback_holds,current_week,0.009620523784072743,-0.051309460181721,-0.017103153393907,-0.08070550507749874,0.014430785676109004,2025H2
603585,2025-09-16,1,bull,none,pullback_holds,current_week,-0.06034939121228167,-0.032292218104817305,-0.0317628374801483,-0.08946532556908426,0.004764425622022284,2025H2
603585,2025-09-17,2,bull,none,pullback_holds,current_week,-0.04870301746956074,-0.0428798305982,-0.023822128110111085,-0.08946532556908426,0.001058761249338236,2025H2
603585,2025-09-29,0,bull,none,pullback_holds,current_week,-0.0010995052226497881,0.009345794392523255,0.09510720175920828,-0.03738317757009346,0.022539857064321156,2025H2
603585,2025-09-30,1,bull,none,pullback_holds,current_week,0.004918032786885185,-0.0005464480874317612,0.06448087431693983,-0.043169398907103806,0.016393442622950838,2025H2
603585,2025-10-20,0,mid,none,pullback_holds,current_week,0.05518763796909498,0.07450331125827803,0.07726269315673284,-0.002207505518763697,0.11810154525386318,2025H2
603585,2025-10-21,1,bull,none,pullback_holds,current_week,0.09100758396533037,0.07908992416034666,0.03033586132177679,-0.018959913326110578,0.11213434452871063,2025H2
603585,2025-11-10,0,bull,none,pullback_holds,current_week,-0.0050968399592253855,-0.08409785932721725,-0.08460754332313969,-0.10295616717635059,0.00917431192660545,2025H2
603585,2026-01-05,0,bull,ma_bull,two_day_acceleration,current_week,0.00670794633642946,0.09184726522187825,0.052631578947368585,-0.013415892672858476,0.0980392156862746,2026H1
603585,2026-01-06,1,bull,ma_bull,pullback_holds,current_week,0.019587628865979312,0.11288659793814415,0.05927835051546393,-0.01443298969072171,0.11340206185567014,2026H1
603585,2026-01-07,2,bull,ma_bull,pullback_holds,current_week,0.04257528556593981,0.1272066458982346,0.058151609553478645,-0.0036344755970924014,0.1313603322949115,2026H1
603585,2026-01-08,3,bull,ma_bull,pullback_holds,current_week,0.06584362139917688,0.10082304526748964,0.03292181069958855,-0.012860082304526732,0.12088477366255135,2026H1
603585,2026-01-14,2,bull,ma_bull,shrinking_volume_acceleration,current_week,0.08767535070140275,0.09218436873747504,0.038076152304609145,-0.005010020040080221,0.10120240480961917,2026H1
603585,2026-01-15,3,bull,ma_bull,two_day_acceleration,current_week,0.034316094731754454,0.029966167230546015,-0.013049782503624874,-0.02609956500724986,0.062348960850652446,2026H1
603585,2026-01-19,0,bull,ma_bull,shrinking_volume_acceleration,current_week,0.018000947418285396,-0.03363334912363791,0.03363334912363802,-0.04263382283278061,0.04121269540502137,2026H1
603585,2026-01-20,1,bull,ma_bull,two_day_acceleration,current_week,0.012143858010275732,-0.04016814572629612,0.03222793087342368,-0.05885100420364309,0.026623073330219515,2026H1
603585,2026-01-29,3,bull,ma_bull,pullback_holds,current_week,-0.0638694638694638,-0.04801864801864786,0.020979020979021046,-0.07459207459207451,0.010722610722610826,2026H1
603585,2026-01-30,4,bull,ma_bull,pullback_holds,current_week,-0.06250000000000011,-0.05277777777777781,-0.024074074074074026,-0.08101851851851849,0.0037037037037035425,2026H1
603585,2026-02-09,0,bull,ma_bull,two_day_acceleration,current_week,0.05359729599227414,0.04297440849830991,-0.005311443746982114,-0.023660067600193235,0.15306615161757597,2026H1
603585,2026-02-11,2,bull,ma_bull,pullback_holds,current_week,0.07263922518159815,0.015980629539951385,-0.065859564164649,-0.020823244552058306,0.15641646489104089,2026H1
603585,2026-04-16,3,mid,ma_bull,shrinking_volume_acceleration,current_week,-0.13455284552845537,-0.21422764227642277,-0.27195121951219514,-0.22276422764227644,0.016260162601625883,2026H1
603585,2026-05-11,0,bull,none,shrinking_volume_acceleration,current_week,-0.05113336847654182,-0.10332103321033193,-0.21613073273589867,-0.11913547706905636,0.005271481286241553,2026H1
300317,2025-11-03,0,bull,none,pullback_holds,current_week,0.06097560975609784,0.09024390243902447,-0.012195121951219523,-0.009756097560975396,0.1048780487804879,2025H2
300317,2025-11-04,1,bull,none,pullback_holds,current_week,0.0982800982800982,0.07616707616707608,-0.009828009828009798,-0.002457002457002422,0.11302211302211296,2025H2
300317,2025-11-11,1,bull,none,two_day_acceleration,current_week,-0.017937219730941756,-0.12331838565022413,-0.0964125560538116,-0.15246636771300437,0.015695067264574147,2025H2
300317,2025-11-13,3,bull,none,shrinking_volume_acceleration,current_week,-0.03393665158371029,-0.10859728506787325,-0.11085972850678727,-0.14479638009049767,0.024886877828054432,2025H2
300317,2025-12-01,0,mid,none,pullback_holds,current_week,0.014888337468982549,-0.022332506203474045,-0.02977667493796532,-0.042183622828784184,0.022332506203473823,2025H2
300317,2025-12-09,1,mid,none,pullback_holds,current_week,-0.0671641791044777,-0.06965174129353235,-0.014925373134328512,-0.09452736318407973,0.00746268656716409,2025H2
300317,2025-12-25,3,bull,none,pullback_holds,current_week,-0.005115089514066473,0.03580562659846542,0.10997442455242967,-0.03324808184143224,0.038363171355498826,2025H2
300317,2025-12-26,4,bull,none,pullback_holds,current_week,0.012820512820512997,0.025641025641025772,0.11794871794871797,-0.03076923076923066,0.04358974358974366,2025H2
300317,2026-01-05,0,bull,none,pullback_holds,current_week,0.03846153846153855,0.06666666666666665,0.04358974358974366,-0.007692307692307665,0.08717948717948731,2026H1
300317,2026-01-06,1,bull,none,shrinking_volume_acceleration,current_week,0.005025125628140614,0.05025125628140703,0.057788944723618174,-0.027638190954773822,0.09045226130653261,2026H1
300317,2026-01-07,2,bull,none,pullback_holds,current_week,0.023076923076923217,0.05128205128205132,0.14871794871794886,-0.007692307692307665,0.11282051282051286,2026H1
300317,2026-04-14,1,mid,ma_bull,pullback_holds,current_week,0.010101010101010166,0.07676767676767682,0.10909090909090913,-0.06868686868686869,0.1070707070707071,2026H1
300317,2026-04-16,3,mid,ma_bull,pullback_holds,current_week,0.012422360248447228,0.06211180124223592,0.15113871635610776,-0.04554865424430632,0.13457556935817805,2026H1
300317,2026-04-20,0,bull,none,two_day_acceleration,current_week,-0.03984063745019928,0.07370517928286846,0.005976095617529653,-0.0816733067729084,0.12151394422310746,2026H1
300317,2026-05-15,4,bull,none,pullback_holds,current_week,-0.02402957486136781,0.05730129390018468,-0.12754158964879858,-0.1016635859519408,0.12569316081330872,2026H1
300317,2026-08-26,2,mid,none,two_day_acceleration,current_week,-0.016470588235294237,-0.018823529411764683,,-0.04470588235294104,0.009411764705882453,2026H2
002943,2025-07-07,0,bull,none,shrinking_volume_acceleration,current_week,0.04468412942989208,0.0215716486902926,0.0531587057010785,-0.005392912172573205,0.08551617873651773,2025H2
002943,2025-07-08,1,bull,none,pullback_holds,current_week,0.05153846153846153,0.013846153846153841,0.11038461538461553,0.0,0.0838461538461539,2025H2
002943,2025-07-10,3,bull,none,pullback_holds,current_week,0.028974456728936282,-0.004956157072054879,0.2039649256576439,-0.013343499809378656,0.0743423560808234,2025H2
002943,2025-07-15,1,bull,ma_bull,two_day_acceleration,current_week,-0.03584491587417704,0.019019751280175523,0.22275054864667143,-0.05340160936356986,0.06400877834674468,2025H2
002943,2025-07-18,4,bull,ma_bull,pullback_holds,current_week,0.04483141904409038,-0.008521674694331294,0.2726935902185994,-0.04112634309003349,0.07780659503519805,2025H2
002943,2025-08-11,0,bull,ma_bull,two_day_acceleration,current_week,0.05780525502318379,0.04482225656877881,0.20865533230293654,-0.013292117465224074,0.11777434312210211,2025H2
002943,2025-08-12,1,bull,ma_bull,shrinking_volume_acceleration,current_week,0.033868092691622165,0.08080808080808066,0.10190136660724902,-0.04931669637552005,0.09566250742721327,2025H2
002943,2025-08-19,1,bull,ma_bull,shrinking_volume_acceleration,current_week,0.04270564631699636,0.07881914588707373,0.05331040412725718,-0.045571797076526366,0.0997420464316423,2025H2
002943,2025-09-15,0,bull,ma_bull,pullback_holds,current_week,0.0013455328310010284,-0.0169537136706136,-0.06808396124865446,-0.03928955866523143,0.046286329386437064,2025H2
002943,2025-09-18,3,mid,ma_bull,pullback_holds,current_week,0.01662644140520264,-0.03191204076159826,-0.06945561812818435,-0.05202467149369794,0.042638777152051555,2025H2
002943,2025-09-22,0,mid,ma_bull,pullback_holds,current_week,-0.018010752688172094,-0.029838709677419306,-0.08387096774193559,-0.0819892473118281,0.04516129032258065,2025H2
002943,2025-10-09,3,bull,ma_bull,shrinking_volume_acceleration,current_week,-0.010952902519167695,-0.07338444687842272,-0.0813253012048194,-0.09309967141292452,0.03997809419496168,2025H2
002943,2025-10-13,0,bull,ma_bull,shrinking_volume_acceleration,current_week,-0.0640676117775355,-0.0736095965103597,-0.03217011995637953,-0.09705561613958569,0.0136314067611778,2025H2
002943,2025-10-15,2,bull,ma_bull,shrinking_volume_acceleration,current_week,-0.0419327964454318,-0.07608997500694237,-0.0624826437100805,-0.08081088586503737,0.027492363232435535,2025H2
002943,2025-10-16,3,bull,ma_bull,pullback_holds,current_week,-0.05685618729096986,-0.07664437012263103,-0.044035674470456976,-0.09420289855072472,0.021739130434782705,2025H2
002943,2025-11-03,0,bull,none,two_day_acceleration,current_week,0.0028248587570622874,-0.013559322033898202,-0.07033898305084729,-0.07231638418079078,0.03954802259887025,2025H2
002943,2025-11-13,3,bull,none,pullback_holds,current_week,-0.05992615734166429,-0.08406702641295094,0.06134620846350458,-0.13320079522862827,0.012212439647827367,2025H2
002943,2025-12-25,3,bull,none,pullback_holds,current_week,0.2143852801784223,0.5834959576247563,0.9514914970727628,-0.010593810984109164,0.602732088095902,2025H2
002943,2025-12-26,4,bull,none,two_day_acceleration,current_week,0.26027397260273966,0.5123287671232877,1.1095890410958904,-0.02767123287671225,0.5750684931506851,2025H2
002943,2026-04-09,3,mid,none,pullback_holds,current_week,0.22910415773681958,0.21174453493356182,0.7546078011144448,-0.0032147449635663294,0.28589798542648936,2026H1
002943,2026-04-10,4,mid,none,two_day_acceleration,current_week,0.23068871676784575,0.272555997487963,0.7278626753192381,0.0,0.30186309399204525,2026H1
002943,2026-04-28,1,bull,none,shrinking_volume_acceleration,current_week,0.17322834645669283,0.24015748031496065,0.3036220472440945,-0.04645669291338572,0.39653543307086614,2026H1
002943,2026-05-07,3,bull,macd_cross,shrinking_volume_acceleration,current_week,0.2720588235294117,0.20661764705882346,0.14588235294117657,0.0,0.33823529411764697,2026H1
002943,2026-05-13,2,bull,none,shrinking_volume_acceleration,current_week,0.04367952522255192,-0.03857566765578635,-0.3905044510385757,-0.11833827893175075,0.0801186943620178,2026H1
688071,2023-03-01,2,bull,ma_bull,pullback_holds,current_week,-0.1028764308776049,-0.15600234810683888,-0.2019371881420604,-0.1750807161725858,0.01085999412973293,2023H1
688071,2025-06-18,2,bull,none,pullback_holds,current_week,-0.031191682218075,-0.058651026392961714,-0.021860837110104003,-0.0989069581444948,0.0,2025H1
688071,2025-06-25,2,bull,none,pullback_holds,current_week,-0.027272727272727337,-0.05895316804407713,0.16308539944903555,-0.0754820936639119,0.01928374655647369,2025H1
688071,2025-06-30,0,bull,none,two_day_acceleration,current_week,-0.07378164987748437,-0.06643071059079786,0.23032943098284764,-0.11189763136400777,0.0013612850530899667,2025H1
688071,2025-07-01,1,bull,none,pullback_holds,current_week,-0.049846839320523695,-0.04260651629072687,0.24617098301308804,-0.09161793372319704,0.024227234753550375,2025H2
688071,2025-07-14,0,bull,none,two_day_acceleration,current_week,0.1717701953922426,0.31787693205016043,0.43248760571595235,-0.019830854476523774,0.34733158355205607,2025H2
688071,2025-07-15,1,bull,none,pullback_holds,current_week,0.16158978822164194,0.2982303452277344,0.3791702930084131,-0.01653611836379465,0.34174644618508854,2025H2
688071,2025-08-06,2,bull,ma_bull,two_day_acceleration,current_week,-0.04313725490196074,-0.07156862745098036,-0.20686274509803915,-0.09411764705882353,0.0880392156862746,2025H2
688071,2026-05-20,2,bull,none,shrinking_volume_acceleration,current_week,-0.13065076999503222,-0.12195727769498255,-0.20268256333830093,-0.21907600596125176,0.14530551415797333,2026H1
600694,2023-08-02,2,bull,none,pullback_holds,current_week,-0.02389425521098132,-0.026436197254702587,-0.0782918149466193,-0.05134722928317237,0.009150991357397054,2023H2
600694,2023-08-03,3,bull,macd_cross,shrinking_volume_acceleration,current_week,-0.027848101265822822,-0.030379746835442978,-0.10430379746835439,-0.055189873417721524,0.005063291139240533,2023H2
600694,2023-08-04,4,bull,none,pullback_holds,current_week,-0.024742268041237137,-0.027319587628865993,-0.07319587628865987,-0.0381443298969073,0.005154639175257714,2023H2
600694,2023-09-18,0,mid,none,shrinking_volume_acceleration,current_week,-0.01088139281828071,-0.04570184983677905,-0.0826985854189336,-0.047334058759521125,0.01414581066376508,2023H2
600694,2025-01-24,4,mid,ma_bull,shrinking_volume_acceleration,current_week,0.04342813220599551,-0.051114527286702516,-0.021906225980015348,-0.06456571867794003,0.05226748654880864,2025H1
600694,2025-02-12,2,bull,ma_bull,pullback_holds,current_week,-0.08959311424100169,-0.046557120500782534,-0.04303599374021916,-0.10563380281690149,0.026604068857589924,2025H1
600694,2025-02-13,3,bull,ma_bull,pullback_holds,current_week,-0.060855908912445855,-0.03219473890851965,-0.0039261876717706645,-0.1024734982332155,0.0066745190420103295,2025H1
600694,2025-02-14,4,bull,ma_bull,pullback_holds,current_week,-0.08369522305566524,-0.043821555467824846,0.01065929727595738,-0.09751283063561,0.006711409395973034,2025H1
600694,2025-02-25,1,bull,ma_bull,two_day_acceleration,current_week,0.08270676691729317,0.020050125313283207,0.011695906432748426,-0.001670843776106934,0.1186299081035922,2025H1
600694,2025-02-26,2,bull,ma_bull,pullback_holds,current_week,0.040690505548705236,0.005343197698314706,-0.0032881216605015195,-0.017673653925195265,0.10069872585285644,2025H1
600694,2025-02-27,3,bull,ma_bull,pullback_holds,current_week,0.03170731707317054,0.031300813008130035,-0.0060975609756098725,-0.028455284552845517,0.0886178861788618,2025H1
600694,2025-03-06,3,bull,macd_stabilizing,shrinking_volume_acceleration,current_week,0.00039432176656162277,-0.02208201892744477,-0.02208201892744477,-0.05757097791798094,0.05165615141955837,2025H1
600694,2025-03-07,4,bull,none,pullback_holds,current_week,0.03517994338859687,-0.0028305701577031606,-0.08087343307723416,-0.033562474727052094,0.07844723008491705,2025H1
600694,2025-04-02,2,mid,ma_bull,pullback_holds,current_week,0.09828711256117462,0.06158238172920072,0.049755301794453644,-0.08972267536704726,0.14518760195758573,2025H1
600694,2025-04-03,3,mid,ma_bull,pullback_holds,current_week,0.09243697478991586,0.07100840336134451,0.08361344537815119,-0.06218487394957983,0.17983193277310927,2025H1
600694,2025-04-22,1,mid,none,two_day_acceleration,current_week,-0.010154193305754067,-0.04588191049266632,-0.10116585182399385,-0.0628055660022564,0.015043249341857967,2025H1
600694,2025-04-23,2,mid,none,pullback_holds,current_week,-0.037307692307692264,-0.024615384615384595,-0.08730769230769231,-0.041538461538461524,0.03807692307692312,2025H1
600694,2025-04-24,3,mid,none,pullback_holds,current_week,-0.011900191938579607,-0.0414587332053743,-0.09788867562380044,-0.047216890595009664,0.03608445297504814,2025H1
600694,2025-05-06,1,mid,ma_bull,shrinking_volume_acceleration,current_week,-0.03590733590733608,-0.028571428571428692,-0.07490347490347493,-0.055212355212355346,0.02239382239382226,2025H1
600694,2025-05-07,2,bull,ma_bull,pullback_holds,current_week,-0.03515625000000011,-0.028515625000000044,-0.06796875000000002,-0.044140625000000044,0.017578125,2025H1
600694,2025-05-19,0,bull,ma_bull,pullback_holds,current_week,-0.04622186495176839,-0.03336012861736326,-0.22427652733118963,-0.06350482315112538,0.019694533762057986,2025H1
600694,2025-05-20,1,bull,ma_bull,pullback_holds,current_week,-0.06374501992031878,-0.045418326693227096,-0.24462151394422316,-0.07171314741035861,0.010756972111553686,2025H1
600694,2025-05-21,2,bull,ma_bull,pullback_holds,current_week,-0.04983922829581988,-0.04099678456591638,-0.26446945337620575,-0.06350482315112538,0.008038585209003246,2025H1
600694,2025-06-03,1,bull,none,pullback_holds,current_week,-0.1688149688149687,-0.19750519750519746,-0.22203742203742205,-0.20914760914760921,0.007484407484407374,2025H1
600694,2025-06-04,2,bull,none,pullback_holds,current_week,-0.1590432228283677,-0.20436424674779696,-0.21191775073436847,-0.2047838858581621,0.008392782207301774,2025H1
600694,2025-06-05,3,bull,none,pullback_holds,current_week,-0.17237061769616024,-0.23622704507512515,-0.20492487479131882,-0.2391485809682805,0.0,2025H1
600694,2025-06-06,4,bull,none,pullback_holds,current_week,-0.18362178134233864,-0.22921063739974668,-0.20346137610806247,-0.23174335162515836,0.0059096665259603665,2025H1
600694,2025-06-09,0,bull,none,pullback_holds,current_week,-0.06556580864497319,-0.1015055852355512,-0.07819329771733852,-0.11850412821758127,0.009713453132588645,2025H1
688369,2023-03-01,2,bull,ma_bull,shrinking_volume_acceleration,current_week,-0.043783038381981054,-0.04631119282923468,0.12077683291197427,-0.07412089174902303,0.028729027809698993,2023H1
688369,2023-03-16,3,mid,ma_bull,pullback_holds,current_week,0.0797903319743738,0.061852067559696966,0.004426324985439711,-0.007221898660454307,0.21700640652300507,2023H1
688369,2023-04-07,4,bull,ma_bull,pullback_holds,current_week,-0.13769999999999993,-0.21200000000000008,-0.15989999999999993,-0.2177,0.0046999999999999265,2023H1
688369,2025-06-24,1,bull,none,shrinking_volume_acceleration,current_week,0.0549856380796061,0.011899876897825123,0.1776774723020107,-0.018054985638079613,0.09725071809601982,2025H1
688369,2025-06-25,2,bull,none,two_day_acceleration,current_week,-0.028593811202506925,-0.030160595377986654,0.1359185272228749,-0.06267136701919318,0.0473952213082649,2025H1
688369,2025-06-27,4,bull,none,pullback_holds,current_week,-0.05611847233047551,-0.003117692907248615,0.2014809041309431,-0.06742010911925178,0.04208885424785658,2025H1
688369,2025-07-18,4,bull,none,two_day_acceleration,current_week,0.0529371584699454,0.06045081967213117,0.06215846994535523,-0.052254098360655754,0.0973360655737705,2025H2
688369,2025-08-06,2,bull,none,shrinking_volume_acceleration,current_week,-0.042642642642642614,-0.06756756756756743,-0.20990990990990976,-0.09609609609609593,0.05645645645645647,2025H2
688369,2025-08-07,3,bull,none,two_day_acceleration,current_week,-0.07336377473363775,-0.04474885844748866,-0.21339421613394216,-0.08371385083713856,0.05936073059360747,2025H2
688369,2025-08-19,1,bull,ma_bull,pullback_holds,current_week,-0.007547169811320753,-0.12295597484276732,-0.08553459119496853,-0.13207547169811318,0.047169811320754595,2025H2
688369,2025-08-21,3,bull,ma_bull,shrinking_volume_acceleration,current_week,-0.01621621621621616,-0.17837837837837833,-0.11955484896661361,-0.19046104928457863,0.05882352941176472,2025H2
600986,2023-03-24,4,mid,ma_bull,shrinking_volume_acceleration,current_week,-0.036231884057971064,-0.07971014492753625,-0.05797101449275366,-0.11884057971014494,0.014492753623188248,2023H1
600986,2023-07-11,1,mid,none,pullback_holds,current_week,-0.0337620578778135,-0.009646302250803762,-0.008038585209003135,-0.04501607717041789,0.014469453376205976,2023H2
600986,2023-08-01,1,bull,none,pullback_holds,current_week,0.03005008347245397,0.0,-0.0016694490818029983,-0.016694490818030094,0.03672787979966596,2023H2
600986,2023-09-11,0,mid,none,pullback_holds,current_week,-0.03924914675767921,-0.05460750853242324,-0.11774744027303763,-0.08703071672354945,0.0034129692832762792,2023H2
600986,2025-05-08,3,bull,none,two_day_acceleration,current_week,-0.04672897196261683,0.0,-0.003504672897196359,-0.06074766355140182,0.0490654205607477,2025H1
600986,2025-05-28,2,mid,none,two_day_acceleration,current_week,0.006993006993007089,-0.012820512820512775,-0.05594405594405605,-0.026806526806526842,0.0641025641025641,2025H1
600986,2025-05-29,3,bull,none,two_day_acceleration,current_week,-0.04157303370786525,-0.09438202247191008,-0.09213483146067414,-0.09662921348314601,0.0,2025H1
600986,2025-06-24,1,bull,none,two_day_acceleration,current_week,0.023809523809523725,0.05012531328320802,0.05263157894736836,-0.00877192982456143,0.05639097744360888,2025H1
600986,2025-06-30,0,bull,none,pullback_holds,current_week,0.014652014652014822,0.024420024420024555,0.05372405372405398,-0.030525030525030417,0.09645909645909656,2025H1
600986,2025-07-01,1,bull,none,pullback_holds,current_week,0.03075030750307506,0.03198031980319804,0.0787207872078719,-0.02337023370233704,0.10455104551045502,2025H2
600986,2025-07-25,4,bull,none,two_day_acceleration,current_week,-0.005681818181818232,-0.014772727272727382,0.11250000000000004,-0.04204545454545461,0.027272727272727337,2025H2
600986,2025-08-05,1,bull,ma_bull,shrinking_volume_acceleration,current_week,0.011376564277588042,0.1012514220705345,0.0034129692832762792,-0.018202502844141044,0.1342434584755403,2025H2
600986,2025-08-06,2,bull,ma_bull,two_day_acceleration,current_week,0.046119235095613,0.0866141732283463,-0.03712035995500562,-0.02924634420697414,0.12148481439820014,2025H2
600986,2025-08-11,0,bull,ma_bull,pullback_holds,current_week,0.12372304199772977,0.12485811577752548,-0.0192962542565267,-0.00794551645856989,0.1475595913734391,2025H2
600986,2025-08-18,0,bull,ma_bull,shrinking_volume_acceleration,current_week,-0.004020100502512669,-0.0653266331658292,-0.12663316582914586,-0.07035175879396993,0.06733668341708543,2025H2
600986,2025-10-16,3,bull,none,pullback_holds,current_week,0.06982543640897765,0.05112219451371569,0.15960099750623447,-0.013715710723191998,0.12593516209476308,2025H2
600986,2025-10-17,4,mid,none,pullback_holds,current_week,0.11346633416458851,0.08728179551122217,0.13216957605985047,-0.00872817955112215,0.12593516209476308,2025H2
600986,2025-10-22,2,bull,none,two_day_acceleration,current_week,0.03734939759036138,0.0771084337349397,0.11445783132530107,-0.006024096385542244,0.0879518072289156,2025H2
600986,2025-10-23,3,bull,none,two_day_acceleration,current_week,-0.015186915887850594,0.04789719626168232,0.07009345794392519,-0.02102803738317749,0.05490654205607459,2025H2
600986,2025-11-06,3,bull,none,shrinking_volume_acceleration,current_week,0.04260089686098656,0.026905829596412634,-0.01905829596412556,-0.006726457399103158,0.09304932735426008,2025H2
600986,2025-11-07,4,bull,none,two_day_acceleration,current_week,-0.007650273224043769,-0.02076502732240426,-0.0491803278688524,-0.031693989071038375,0.06557377049180313,2025H2
600986,2025-11-11,1,bull,macd_cross,shrinking_volume_acceleration,current_week,-0.03343782654127481,0.02925809822361547,-0.06374085684430508,-0.07419017763845359,0.08463949843260199,2025H2
600986,2026-04-13,0,mid,none,shrinking_volume_acceleration,current_week,0.05018587360594795,0.06226765799256495,-0.027881040892193232,-0.05390334572490707,0.2072490706319703,2026H1
600986,2026-04-22,2,bull,none,shrinking_volume_acceleration,current_week,-0.052956751985878125,-0.034421888790820865,-0.18181818181818188,-0.1253309796999117,0.14651368049426305,2026H1
600986,2026-05-08,4,bull,macd_stabilizing,pullback_holds,current_week,-0.06411398040961713,-0.16028495102404283,-0.2689225289403383,-0.1798753339269813,0.022261798753339335,2026H1
600986,2026-06-22,0,bull,none,two_day_acceleration,current_week,-0.14480198019801982,-0.1757425742574258,-0.1732673267326733,-0.17698019801980192,0.0024752475247524774,2026H1
002727,2023-03-06,0,bull,ma_bull,shrinking_volume_acceleration,current_week,0.016885007278020225,-0.009606986899563297,-0.0384279475982533,-0.033478893740902405,0.05938864628820961,2023H1
002727,2023-03-07,1,bull,ma_bull,pullback_holds,current_week,0.004918981481481621,0.011863425925925819,-0.03761574074074081,-0.03935185185185186,0.05295138888888884,2023H1
002727,2023-03-09,3,mid,ma_bull,pullback_holds,current_week,0.0540223135642981,0.01996476805637104,-0.02613035819142695,-0.02524955960070463,0.068408690546095,2023H1
002727,2023-03-15,2,mid,ma_bull,shrinking_volume_acceleration,current_week,-0.027011657662780908,-0.002558999147000418,-0.02587432470855855,-0.05601364799545061,0.034688655103781496,2023H1
002727,2023-04-12,2,bull,ma_bull,pullback_holds,current_week,-0.05775432424508942,-0.14775725593667544,-0.1826443858106127,-0.2216358839050132,0.013192612137203241,2023H1
002727,2023-04-13,3,bull,ma_bull,pullback_holds,current_week,-0.06888499708114404,-0.12405137186222992,-0.19789842381786338,-0.22504378283712778,0.005253940455341555,2023H1
002727,2023-04-14,4,bull,ma_bull,pullback_holds,current_week,-0.14933333333333332,-0.14400000000000002,-0.19585185185185183,-0.21333333333333326,0.0,2023H1
002727,2023-05-22,0,mid,none,pullback_holds,current_week,0.004347826086956497,0.004710144927536186,-0.017391304347826098,-0.0391304347826088,0.018840579710144967,2023H1
603983,2023-05-04,3,bull,none,two_day_acceleration,current_week,0.10801299404439635,0.006226312939902723,-0.07688142934488351,-0.017325392528424244,0.11802923659989184,2023H1
603983,2023-05-10,2,mid,none,shrinking_volume_acceleration,current_week,-0.054047322540473064,-0.09788293897882938,-0.17036114570361138,-0.10311332503113324,0.028642590286426017,2023H1
603983,2023-05-11,3,mid,none,two_day_acceleration,current_week,-0.08628318584070793,-0.11799410029498514,-0.18633235004916415,-0.12979351032448383,0.010078662733530086,2023H1
603983,2023-06-15,3,mid,none,pullback_holds,current_week,-0.09707064905226881,-0.04910970706490525,-0.16973004020677773,-0.10338885697874778,0.008041355542791617,2023H1
603983,2023-06-16,4,mid,none,pullback_holds,current_week,-0.04625292740046849,-0.031030444964871284,-0.14929742388758782,-0.08606557377049184,0.0008782201405150847,2023H1
603983,2023-07-03,0,mid,none,two_day_acceleration,current_week,-0.12035077109162384,-0.12579377078923493,-0.08436649531297247,-0.1409132143937103,0.01270033262775927,2023H2
603983,2023-07-04,1,mid,none,pullback_holds,current_week,-0.120752427184466,-0.11832524271844658,-0.09890776699029136,-0.13804611650485443,0.0042475728155340065,2023H2
603983,2025-02-24,0,bull,none,pullback_holds,current_week,0.09111994698475812,0.10304837640821729,0.18257123923127883,-0.004307488402915838,0.13982770046388326,2025H1
603983,2025-02-26,2,bull,none,pullback_holds,current_week,0.031818181818181746,0.14188311688311694,0.14415584415584415,-0.0016233766233766378,0.17142857142857126,2025H1
603983,2025-03-12,2,bull,macd_cross,two_day_acceleration,current_week,0.07840321654221727,0.012062033314187204,0.09994256174612293,-0.0005743825387707346,0.10568638713383116,2025H1
603983,2025-04-01,1,mid,ma_bull,two_day_acceleration,current_week,0.0013605442176871652,0.12870748299319734,0.28979591836734686,-0.09360544217687072,0.18340136054421774,2025H1
603983,2025-05-07,2,bull,ma_bull,shrinking_volume_acceleration,current_week,0.008447729672650395,0.12882787750791969,-0.020485744456177346,-0.03801478352692711,0.20337909186906034,2025H1
603983,2025-05-13,1,bull,ma_bull,shrinking_volume_acceleration,current_week,0.1339583333333334,-0.02083333333333337,-0.04791666666666661,-0.04583333333333328,0.1870833333333335,2025H1
603983,2025-05-19,0,bull,ma_bull,shrinking_volume_acceleration,current_week,-0.07844645260526817,-0.08113824264564506,-0.18381080561430485,-0.1259373197462026,0.09555854643337836,2025H1
603983,2025-05-20,1,bull,ma_bull,two_day_acceleration,current_week,-0.11654135338345872,-0.08214285714285718,-0.21917293233082713,-0.14548872180451133,0.03176691729323311,2025H1
603983,2025-07-02,2,bull,none,pullback_holds,current_week,-0.008428939358464005,-0.05806602669164118,-0.0625146335752752,-0.075392179817373,0.041676422383516876,2025H2
603983,2025-07-04,4,bull,none,pullback_holds,current_week,-0.027380952380952395,-0.055952380952380976,-0.07880952380952388,-0.05976190476190468,0.023571428571428577,2025H2
603983,2025-07-21,0,bull,none,shrinking_volume_acceleration,current_week,0.010000000000000009,-0.0010000000000000009,0.08000000000000007,-0.04299999999999993,0.05249999999999999,2025H2
603983,2025-07-23,2,bull,none,pullback_holds,current_week,-0.009646302250803873,0.001978728666831575,0.09695770467474651,-0.05317833292109819,0.041305960920108964,2025H2
603983,2025-07-24,3,bull,none,two_day_acceleration,current_week,-0.042870905587668595,0.010356454720616526,0.08742774566473988,-0.0780346820809249,0.03925818882466281,2025H2
603983,2025-07-25,4,bull,none,pullback_holds,current_week,-0.06545893719806761,-0.016183574879226947,0.09396135265700489,-0.07536231884057965,0.04227053140096615,2025H2
603983,2025-08-05,1,bull,none,pullback_holds,current_week,0.03658838071693449,0.0823238566131026,-0.02274412855377017,-0.021013597033374576,0.09913473423980212,2025H2
603983,2025-08-06,2,bull,none,pullback_holds,current_week,0.03703703703703698,0.09506172839506166,-0.012839506172839354,-0.010123456790123386,0.09777777777777774,2025H2
603983,2025-08-11,0,bull,none,shrinking_volume_acceleration,current_week,0.033740129217516346,0.01052883464943788,-0.020579085905719108,-0.0366116295764537,0.09499880354151702,2025H2
603983,2025-08-21,3,bull,none,two_day_acceleration,current_week,-0.10807811806480261,-0.08255659121171766,-0.11451398135818913,-0.12871726586773202,0.01087438970261867,2025H2
603983,2025-09-23,1,mid,none,pullback_holds,current_week,-0.0010040160642570406,-0.027108433734939874,-0.07981927710843373,-0.05873493975903621,0.02560240963855409,2025H2
603983,2025-09-24,2,bull,none,pullback_holds,current_week,-0.04854608181370135,-0.06702809265648102,-0.11212419911286342,-0.07589945786101526,0.0,2025H2
603983,2025-09-25,3,bull,none,pullback_holds,current_week,-0.02121212121212135,-0.04520202020202013,-0.12803030303030305,-0.053030303030303094,0.016161616161616266,2025H2
603983,2025-09-29,0,bull,none,pullback_holds,current_week,-0.0505050505050505,-0.06792929292929284,-0.15883838383838378,-0.087878787878788,0.016161616161616266,2025H2
603983,2025-09-30,1,bull,none,pullback_holds,current_week,-0.020964890123768787,-0.08057590300580963,-0.15913109371053302,-0.08764839605961117,0.0045466026774438895,2025H2
002472,2023-08-01,1,bull,ma_bull,pullback_holds,current_week,0.07677100494233935,0.022734761120263514,0.06260296540362442,-0.00658978583196046,0.12191103789126845,2023H2
002472,2025-02-17,0,bull,ma_bull,two_day_acceleration,current_week,0.1277412280701753,0.004111842105263053,0.0345394736842104,-0.0101425438596493,0.17872807017543857,2025H1
002472,2025-02-18,1,bull,ma_bull,pullback_holds,current_week,0.1084931506849316,0.007945205479451989,0.037260273972602675,-0.010410958904109702,0.17808219178082196,2025H1
002472,2025-05-08,3,bull,none,shrinking_volume_acceleration,current_week,0.008748906386701893,-0.022163896179644205,-0.06357538641003202,-0.04024496937882749,0.034412365121026633,2025H1
002472,2025-05-14,2,bull,none,shrinking_volume_acceleration,current_week,-0.03820929569432552,-0.07898488736812104,-0.10151126318790982,-0.09039064727687474,0.0059880239520957446,2025H1
002472,2025-05-15,3,bull,none,pullback_holds,current_week,-0.022733896823083688,-0.049839696881375684,-0.10142815505683478,-0.07024191197901486,0.028271640921014196,2025H1
002472,2025-06-04,2,bull,none,two_day_acceleration,current_week,-0.019080387863622206,-0.03722239599624655,0.009383797309978181,-0.055677197372536735,0.015326868939630867,2025H1
002472,2025-06-05,3,bull,none,pullback_holds,current_week,-0.027469135802469014,-0.05061728395061715,-0.005246913580246759,-0.06820987654320976,0.0,2025H1
002472,2025-06-06,4,bull,none,pullback_holds,current_week,-0.03656249999999994,-0.05406250000000001,-0.006249999999999978,-0.05656249999999996,0.009374999999999911,2025H1
002472,2025-07-04,4,bull,none,pullback_holds,current_week,-0.002201257861635275,0.070754716981132,0.05974842767295607,-0.03364779874213841,0.08270440251572331,2025H2
002472,2025-07-14,0,bull,none,two_day_acceleration,current_week,0.05577812018489969,0.05947611710323564,0.09707241910631725,-0.0003081664098615322,0.08258859784283512,2025H2
002472,2025-07-16,2,bull,none,shrinking_volume_acceleration,current_week,-0.01488616462346759,-0.02977232924693507,0.054582603619381276,-0.03648569760653819,0.02539404553415081,2025H2
002472,2025-07-18,4,bull,none,shrinking_volume_acceleration,current_week,-0.004311583788444873,-0.031330842196033215,0.059787295199769996,-0.05490083357286568,0.00977292325380863,2025H2
002472,2025-08-13,2,bull,ma_bull,two_day_acceleration,current_week,0.05034578146611346,0.009958506224066355,0.06390041493775933,-0.023513139695712115,0.08105117565698472,2025H2
002472,2025-09-03,2,bull,ma_bull,pullback_holds,current_week,0.028067361668003166,0.2951082598235766,0.3151563753007216,-0.062550120288693,0.3162256081261694,2025H2
002472,2025-09-25,3,bull,ma_bull,shrinking_volume_acceleration,current_week,-0.07115956392467793,-0.18334985133795834,-0.13518334985133795,-0.18533201189296333,0.011694747274529238,2025H2
002472,2025-12-01,0,mid,none,two_day_acceleration,current_week,0.0377733598409542,0.003230616302186684,0.10164015904572565,-0.04125248508946333,0.043240556660039786,2025H2
002472,2025-12-08,0,bull,none,two_day_acceleration,current_week,-0.0201456310679613,0.02014563106796108,0.11140776699029109,-0.04296116504854375,0.028398058252427028,2025H2
002472,2026-01-21,2,bull,none,shrinking_volume_acceleration,current_week,-0.09843260188087777,-0.13249738766980157,-0.12748171368861028,-0.15987460815047017,0.03385579937304062,2026H1
002472,2026-02-09,0,bull,none,pullback_holds,current_week,0.012033978291646985,-0.0957999056158566,-0.07857479943369505,-0.09815950920245409,0.04978763567720623,2026H1
002472,2026-02-10,1,bull,none,two_day_acceleration,current_week,0.0002355712603061555,-0.09752650176678446,-0.0848056537102474,-0.12061248527679636,0.048056537102473484,2026H1
002472,2026-02-12,3,bull,none,shrinking_volume_acceleration,current_week,-0.02518239585784887,-0.07813603200753116,-0.09461049658743237,-0.12144033890327144,0.04706989879971757,2026H1
002472,2026-03-10,1,bull,none,shrinking_volume_acceleration,current_week,-0.00938609842719429,-0.07534246575342463,-0.05809233891425669,-0.11440892947742254,0.010400811770674645,2026H1
002472,2026-03-11,2,bull,none,pullback_holds,current_week,-0.016455696202531622,-0.07164556962025315,-0.062278481012658204,-0.11620253164556948,0.0022784810126583732,2026H1
002472,2026-03-16,0,mid,none,pullback_holds,current_week,-0.04461538461538461,-0.07871794871794868,-0.016666666666666607,-0.10487179487179477,0.010000000000000009,2026H1
002472,2026-04-10,4,mid,none,two_day_acceleration,current_week,0.03267457180500655,-0.034782608695652195,0.11277997364953896,-0.04347826086956519,0.04295125164690372,2026H1
002472,2026-04-14,1,mid,none,two_day_acceleration,current_week,-0.002564102564102555,-0.01871794871794863,0.08974358974358965,-0.0692307692307691,0.014871794871794908,2026H1
002472,2026-04-16,3,mid,none,shrinking_volume_acceleration,current_week,-0.020602626834921423,0.011331444759206999,0.1334020087561163,-0.06515580736543891,0.021632758176667544,2026H1
002472,2026-04-17,4,mid,none,shrinking_volume_acceleration,current_week,-0.06912325285895804,0.011689961880559041,0.09479034307496814,-0.07750952986022863,0.01855146124523488,2026H1
002472,2026-04-28,1,bull,none,pullback_holds,current_week,0.11681136543015014,0.11812680873454351,0.03209681662720354,-0.00210470928702966,0.14759273875295964,2026H1
002472,2026-04-29,2,bull,none,pullback_holds,current_week,0.10581183216054213,0.14959603857180093,0.010685431326557193,-0.0007818608287722961,0.15793588741204068,2026H1
002472,2026-04-30,3,bull,none,two_day_acceleration,current_week,0.06624685138539022,0.10856423173803509,0.007052896725440849,-0.005037783375314908,0.13299748110831233,2026H1
301315,2025-05-06,1,mid,none,two_day_acceleration,current_week,-0.056503825779870454,-0.04787129684127911,-0.05964292721208553,-0.08397096331175202,0.00372768295075554,2025H1
301315,2025-05-08,3,bull,none,shrinking_volume_acceleration,current_week,-0.014684591520165435,-0.025646328852120037,-0.005377456049638019,-0.034332988624612315,0.058117890382626713,2025H1
301315,2025-05-26,0,bull,none,shrinking_volume_acceleration,current_week,0.005784061696658238,0.025492716366752433,0.06383890317052288,-0.03577549271636682,0.0625535561268209,2025H1
301315,2025-05-30,4,mid,none,pullback_holds,current_week,0.06466361854996738,0.12279555845852386,0.22795558458523835,0.0,0.1336816895275419,2025H1
301315,2025-10-23,3,bull,none,two_day_acceleration,current_week,0.20225872689938407,0.20533880903490753,0.17043121149897322,-0.0018480492813142124,0.2632443531827515,2025H2
301315,2025-10-24,4,bull,none,pullback_holds,current_week,0.11631067961165042,0.10077669902912612,0.06699029126213607,-0.027378640776698937,0.19456310679611666,2025H2
301315,2025-11-06,3,bull,macd_cross,two_day_acceleration,current_week,0.07997143877186708,0.01749375223134586,0.12495537308104243,-0.0139235987147448,0.16654766154944656,2025H2
301315,2026-01-05,0,bull,none,pullback_holds,current_week,0.12137931034482774,0.0818965517241379,0.016896551724137954,-0.0037931034482758808,0.3456896551724138,2026H1
301315,2026-01-08,3,bull,none,two_day_acceleration,current_week,0.0662620961128424,0.01590946367065782,0.02017385599475152,-0.006888633754305262,0.280137772675086,2026H1
301315,2026-02-09,0,bull,ma_bull,two_day_acceleration,current_week,-0.04927122940430939,-0.15430925221799752,-0.1763307984790875,-0.15636882129277574,0.01948669201520903,2026H1
301315,2026-02-12,3,bull,ma_bull,shrinking_volume_acceleration,current_week,-0.03592233009708745,-0.11893203883495151,-0.19433656957928813,-0.15728155339805838,0.02168284789644015,2026H1
002746,2023-03-07,1,bull,macd_stabilizing,pullback_holds,current_week,-0.034782608695652195,-0.06413043478260883,-0.03043478260869581,-0.07500000000000018,0.007608695652173703,2023H1
002746,2023-03-08,2,mid,macd_stabilizing,pullback_holds,current_week,-0.03917301414581065,-0.06311207834602828,-0.03699673558215455,-0.07399347116430899,0.008705114254624613,2023H1
002746,2023-03-24,4,mid,none,two_day_acceleration,current_week,0.009090909090909038,0.022727272727272707,-0.04659090909090913,-0.017045454545454586,0.030681818181818032,2023H1
002746,2023-03-28,1,mid,none,pullback_holds,current_week,0.0011223344556676729,-0.010101010101010055,-0.001122334455667784,-0.029180695847362492,0.021324354657688005,2023H1
002746,2023-03-31,4,bull,none,pullback_holds,current_week,0.018099547511312153,-0.020361990950226172,0.02941176470588225,-0.03506787330316752,0.02941176470588225,2023H1
002746,2025-11-10,0,bull,ma_bull,two_day_acceleration,current_week,0.012345679012345734,-0.04783950617283961,-0.06327160493827166,-0.04783950617283961,0.044753086419753174,2025H2
002746,2025-11-11,1,bull,ma_bull,two_day_acceleration,current_week,-0.015151515151515249,-0.06818181818181823,-0.08484848484848495,-0.0696969696969697,0.025757575757575646,2025H2
002746,2025-12-19,4,mid,macd_stabilizing,two_day_acceleration,current_week,0.0016366612111291534,0.004909983633387904,0.026186579378068675,-0.009819967266775809,0.014729950900163713,2025H2
002746,2025-12-25,3,bull,none,pullback_holds,current_week,-0.006535947712418277,0.008169934640522847,0.03921568627450989,-0.011437908496732097,0.009803921568627416,2025H2
002746,2025-12-26,4,bull,none,pullback_holds,current_week,0.006557377049180246,0.006557377049180246,0.026229508196721207,-0.00819672131147553,0.01967213114754096,2025H2
002746,2025-12-29,0,bull,none,pullback_holds,current_week,-0.006525285481239762,0.0032626427406199365,0.03262642740619914,-0.013050570962479635,0.014681892332789603,2025H2
002746,2026-01-05,0,bull,none,pullback_holds,current_week,0.013136288998357948,0.034482758620689724,0.0410509031198687,-0.0016420361247947435,0.034482758620689724,2026H1
002746,2026-01-06,1,bull,none,pullback_holds,current_week,-0.001626016260162566,0.019512195121951237,0.027642276422764178,-0.011382113821138296,0.029268292682926855,2026H1
002746,2026-01-07,2,bull,none,pullback_holds,current_week,0.008196721311475308,0.031147540983606392,0.040983606557376984,-0.003278688524590234,0.040983606557376984,2026H1
002746,2026-01-08,3,bull,none,pullback_holds,current_week,0.006525285481239873,0.03262642740619914,0.03752039151712894,-0.004893964110929794,0.03588907014681908,2026H1
002746,2026-01-09,4,bull,none,pullback_holds,current_week,0.006514657980455807,0.027687296416938123,0.043973941368078195,-0.006514657980456029,0.03583061889250816,2026H1
002746,2026-01-12,0,bull,none,pullback_holds,current_week,0.021069692058346856,0.030794165316045508,0.04213938411669371,-0.011345218800648205,0.03241491085899506,2026H1
002746,2026-01-13,1,bull,none,pullback_holds,current_week,0.019512195121951237,0.01788617886178856,0.047154471544715415,-0.008130081300812941,0.0373983739837398,2026H1
002746,2026-01-14,2,bull,none,pullback_holds,current_week,0.02276422764227637,0.029268292682926855,0.047154471544715415,-0.003252032520325243,0.039024390243902474,2026H1
002746,2026-01-15,3,bull,none,pullback_holds,current_week,0.022617124394184174,0.03554119547657497,0.02100161550888524,-0.008077544426494332,0.037156704361873905,2026H1
002746,2026-01-16,4,bull,none,pullback_holds,current_week,0.021035598705501757,0.04854368932038855,0.0016181229773464256,-0.003236245954692518,0.058252427184465994,2026H1
002746,2026-01-21,2,bull,none,shrinking_volume_acceleration,current_week,0.0015822784810126667,0.004746835443038,0.011075949367088667,-0.020569620253164556,0.034810126582278444,2026H1
002746,2026-01-22,3,bull,none,shrinking_volume_acceleration,current_week,0.007861635220125729,0.0,0.015723270440251458,-0.02672955974842761,0.028301886792452713,2026H1
002746,2026-01-28,2,bull,macd_cross,pullback_holds,current_week,0.004746835443038,0.018987341772152,-0.009493670886076,-0.007911392405063222,0.034810126582278444,2026H1
002746,2026-01-29,3,bull,macd_cross,shrinking_volume_acceleration,current_week,-0.009345794392523255,-0.015576323987538832,0.007788161993769416,-0.02336448598130836,0.01869158878504673,2026H1
002746,2026-02-24,1,bull,ma_bull,pullback_holds,current_week,0.009493670886075778,0.02215189873417711,-0.08069620253164556,-0.015822784810126667,0.03322784810126578,2026H1
002746,2026-02-25,2,bull,ma_bull,pullback_holds,current_week,-0.004702194357366629,0.018808777429467183,-0.07836990595611282,-0.025078369905956133,0.023510971786833812,2026H1
002746,2026-02-26,3,bull,ma_bull,pullback_holds,current_week,-0.017268445839874413,0.03296703296703285,-0.0627943485086343,-0.023547880690737877,0.036106750392464804,2026H1
002746,2026-02-27,4,bull,ma_bull,two_day_acceleration,current_week,0.015698587127158437,0.017268445839874413,-0.042386185243328045,-0.023547880690737877,0.03767660910518056,2026H1
002746,2026-03-11,2,bull,ma_bull,shrinking_volume_acceleration,current_week,-0.026153846153846194,-0.0953846153846154,-0.07384615384615378,-0.12923076923076926,0.01692307692307704,2026H1
002746,2026-03-12,3,bull,ma_bull,two_day_acceleration,current_week,-0.04863221884498481,-0.09270516717325228,-0.08662613981762923,-0.13981762917933127,0.004559270516717451,2026H1
002746,2026-03-13,4,mid,ma_bull,pullback_holds,current_week,-0.05263157894736836,-0.05572755417956643,-0.05882352941176472,-0.12383900928792568,0.01393188854489158,2026H1
002746,2026-04-14,1,mid,macd_stabilizing,two_day_acceleration,current_week,0.003236245954692629,0.021035598705501757,0.016181229773462924,-0.02265372168284785,0.024271844660194164,2026H1
002746,2026-04-16,3,mid,macd_stabilizing,shrinking_volume_acceleration,current_week,0.008103727714748654,0.037277147487844386,0.03565640194489483,-0.021069692058346856,0.04862236628849259,2026H1
002746,2026-04-17,4,mid,macd_stabilizing,pullback_holds,current_week,0.006535947712418277,0.05718954248366015,0.03104575163398704,-0.013071895424836666,0.05718954248366015,2026H1
002746,2026-04-23,3,bull,none,shrinking_volume_acceleration,current_week,0.037277147487844386,0.014586709886547755,-0.00648298217179899,-0.012965964343598091,0.05672609400324147,2026H1
002746,2026-04-24,4,bull,none,pullback_holds,current_week,0.05374592833876202,0.013029315960911836,-0.014657980456026176,-0.0032573289902281255,0.061889250814332275,2026H1
002746,2026-04-27,0,bull,none,pullback_holds,current_week,0.03370786516853941,0.025682182985553803,-0.0690208667736758,-0.009630818619582704,0.0465489566613162,2026H1
002746,2026-04-28,1,bull,none,two_day_acceleration,current_week,0.019077901430842648,-0.0015898251192368873,-0.07949125596184414,-0.015898251192368762,0.0365659777424483,2026H1
002746,2026-04-30,3,bull,none,two_day_acceleration,current_week,-0.02187500000000009,-0.0015624999999999112,-0.07187500000000002,-0.03281250000000002,0.018750000000000044,2026H1
603316,2023-03-22,2,mid,ma_bull,two_day_acceleration,current_week,-0.04709576138147564,-0.09733124018838302,-0.13029827315541598,-0.09890109890109888,0.0219780219780219,2023H1
603316,2023-03-23,3,bull,ma_bull,pullback_holds,current_week,-0.07418856259659967,-0.10510046367851622,-0.1700154559505409,-0.1174652241112828,0.0015455950540959051,2023H1
603316,2023-03-24,4,mid,ma_bull,pullback_holds,current_week,-0.053291536050156685,-0.12382445141065834,-0.14576802507836983,-0.12539184952978055,0.0015673981191224318,2023H1
603316,2023-11-06,0,mid,none,shrinking_volume_acceleration,current_week,0.018099547511312153,0.040723981900452566,0.045248868778280604,-0.010558069381598756,0.06636500754147812,2023H2
603316,2023-11-13,0,mid,none,two_day_acceleration,current_week,0.019202363367799125,0.028064992614475592,0.008862629246676468,-0.001477104874446189,0.04431314623338256,2023H2
603316,2023-11-14,1,mid,none,two_day_acceleration,current_week,-0.0028985507246377384,0.004347826086956497,0.004347826086956497,-0.018840579710144856,0.018840579710144967,2023H2
603316,2023-12-29,4,mid,ma_bull,pullback_holds,current_week,0.03115727002967361,0.028189910979228516,-0.0741839762611276,0.0,0.08605341246290799,2023H2
603316,2025-05-09,4,bull,macd_cross,shrinking_volume_acceleration,current_week,0.010687022900763399,0.012213740458015376,0.06870229007633588,-0.02442748091603042,0.07175572519083984,2025H1
603316,2025-05-23,4,bull,ma_bull,pullback_holds,current_week,0.02583586626139822,0.06382978723404253,0.001519756838905817,-0.013677811550151908,0.08662613981762912,2025H1
603316,2025-05-27,1,mid,ma_bull,pullback_holds,current_week,0.03157894736842115,0.03157894736842115,0.015037593984962294,-0.024060150375939893,0.07518796992481214,2025H1
603316,2025-05-28,2,mid,ma_bull,pullback_holds,current_week,0.027108433734939652,0.03915662650602414,0.11897590361445776,-0.009036144578313365,0.07680722891566272,2025H1
603316,2025-05-29,3,bull,ma_bull,pullback_holds,current_week,0.05059523809523814,-0.004464285714285587,0.21577380952380953,-0.011904761904761751,0.06398809523809534,2025H1
603316,2025-05-30,4,mid,ma_bull,pullback_holds,current_week,0.04477611940298498,0.00746268656716409,0.34179104477611943,-0.008955223880596996,0.0671641791044777,2025H1
603316,2025-06-03,1,bull,ma_bull,pullback_holds,current_week,0.002949852507374562,-0.007374631268436516,0.45870206489675525,-0.020648967551622377,0.054572271386430726,2025H1
603316,2025-06-04,2,bull,ma_bull,two_day_acceleration,current_week,0.0,-0.016034985422740622,0.5860058309037901,-0.03790087463556846,0.042274052478134205,2025H1
603316,2025-06-16,0,bull,ma_bull,pullback_holds,current_week,-0.02370370370370367,0.33185185185185184,0.3407407407407408,-0.0637037037037037,0.33185185185185184,2025H1
603316,2025-06-17,1,bull,ma_bull,pullback_holds,current_week,0.019461077844311392,0.48053892215568883,0.3338323353293413,-0.053892215568862145,0.48053892215568883,2025H1
603316,2025-06-18,2,bull,ma_bull,pullback_holds,current_week,0.0,0.6118518518518519,0.31703703703703723,-0.0637037037037037,0.6118518518518519,2025H1
603316,2025-06-23,0,bull,ma_bull,two_day_acceleration,current_week,0.3662613981762919,0.5896656534954408,0.3465045592705167,0.0,1.0015197568389058,2025H1
603316,2025-06-24,1,bull,ma_bull,shrinking_volume_acceleration,current_week,0.37552155771905427,0.39638386648122403,0.20862308762169657,-0.07093184979137701,0.8317107093184979,2025H1
603316,2025-06-25,2,bull,ma_bull,pullback_holds,current_week,0.6166419019316494,0.39227340267459154,0.276374442793462,-0.007429420505200679,0.9569093610698365,2025H1
603316,2025-08-04,0,bull,ma_bull,pullback_holds,current_week,0.03259604190919685,-0.008149010477299212,0.15017462165308504,-0.025611175785797302,0.03958090803259595,2025H2
603316,2025-08-05,1,bull,ma_bull,pullback_holds,current_week,-0.0011520737327188613,-0.0023041474654377225,0.1071428571428572,-0.03571428571428559,0.02880184331797242,2025H2
603316,2025-08-06,2,bull,ma_bull,pullback_holds,current_week,0.0,0.006920415224913601,0.1418685121107266,-0.03460207612456734,0.02998846597462501,2025H2
603316,2025-08-07,3,bull,ma_bull,pullback_holds,current_week,-0.03657142857142859,0.04228571428571448,0.07085714285714295,-0.04342857142857126,0.07428571428571429,2025H2
603316,2025-08-08,4,bull,ma_bull,pullback_holds,current_week,-0.039999999999999925,0.06628571428571428,0.08571428571428563,-0.04342857142857126,0.09485714285714297,2025H2
603316,2025-08-18,0,bull,none,pullback_holds,current_week,0.09651162790697665,0.1488372093023258,0.21046511627906983,-0.03953488372093017,0.1976744186046513,2025H2
603316,2025-08-19,1,bull,none,pullback_holds,current_week,0.03550973654066447,0.10080183276059551,0.3115693012600229,-0.05383734249713634,0.1798396334478809,2025H2
603316,2025-08-20,2,bull,none,pullback_holds,current_week,-0.025000000000000022,0.125,0.3113636363636363,-0.06136363636363651,0.17045454545454541,2025H2
603316,2025-09-26,4,mid,ma_bull,shrinking_volume_acceleration,current_week,-0.0271107668474051,0.006196746707978207,0.07591014717273437,-0.09682416731216115,0.07668474051123164,2025H2
603316,2025-10-23,3,bull,ma_bull,shrinking_volume_acceleration,current_week,-0.05575411007862752,0.02501786990707644,0.06790564689063605,-0.0822015725518227,0.0693352394567548,2025H2
603316,2025-10-24,4,bull,ma_bull,two_day_acceleration,current_week,-0.06478873239436622,0.06408450704225332,0.019718309859154903,-0.09577464788732404,0.08732394366197171,2025H2
603316,2025-11-04,1,bull,ma_bull,pullback_holds,current_week,0.12976539589442804,0.1598240469208212,0.08797653958944274,-0.006598240469208205,0.3115835777126099,2025H2
603316,2025-11-05,2,bull,ma_bull,shrinking_volume_acceleration,current_week,0.10076976906927926,0.058082575227431876,0.037088873337998596,-0.011896431070678837,0.25192442267319803,2025H2
603316,2025-11-06,3,bull,ma_bull,two_day_acceleration,current_week,0.193103448275862,0.030344827586206824,0.026896551724137963,0.0,0.23379310344827586,2025H2
603316,2025-11-12,2,bull,ma_bull,shrinking_volume_acceleration,current_week,-0.027027027027026973,-0.057271557271557305,0.002574002574002421,-0.09395109395109402,0.1512226512226511,2025H2
603316,2026-01-15,3,bull,none,shrinking_volume_acceleration,current_week,-0.0833867864015394,-0.10070558050032075,-0.13085311096856955,-0.16292495189223855,0.007055805003207238,2026H1
603316,2026-04-14,1,mid,none,two_day_acceleration,current_week,0.06671204901293404,0.07079646017699126,0.26684819605173593,-0.04697072838665761,0.08168822328114378,2026H1
603316,2026-04-15,2,mid,none,pullback_holds,current_week,0.06734693877551012,0.11564625850340127,0.39251700680272084,-0.04761904761904767,0.1278911564625851,2026H1
603316,2026-04-16,3,mid,none,two_day_acceleration,current_week,0.021868787276341894,0.03313452617627566,0.49237905897945655,-0.012591119946984697,0.19549370444002645,2026H1
603316,2026-08-31,0,bull,none,pullback_holds,current_week,-0.04096045197740117,0.053672316384180796,,-0.0692090395480226,0.11016949152542366,2026H2
688132,2025-06-20,4,mid,none,pullback_holds,current_week,0.10875787063537512,0.07384087006296514,0.1282198053806527,0.0,0.19461934745277643,2025H1
688132,2025-06-27,4,bull,none,shrinking_volume_acceleration,current_week,-0.033985581874356297,-0.04325437693099898,0.027291452111225523,-0.05818743563336781,0.07466529351184348,2025H1
688132,2025-07-16,2,bull,none,two_day_acceleration,current_week,0.002077922077922123,0.029090909090909056,0.10129870129870122,-0.017142857142857015,0.05038961038961043,2025H2
688132,2025-07-17,3,bull,none,pullback_holds,current_week,0.017754569190600478,0.023498694516971286,0.077284595300261,0.0,0.05587467362924259,2025H2
688132,2025-07-29,1,bull,macd_cross,shrinking_volume_acceleration,current_week,0.08172362555720647,0.06488360574541852,0.03714710252600306,-0.03566121842496295,0.12927191679049033,2025H2
688132,2025-08-18,0,bull,ma_bull,pullback_holds,current_week,-0.02816251154201288,-0.10341643582640803,-0.14035087719298245,-0.10803324099722988,0.0,2025H2
688132,2025-09-24,2,bull,none,shrinking_volume_acceleration,current_week,0.03821656050955413,-0.03397027600849256,0.002653927813163426,-0.04458598726114649,0.056263269639065916,2025H2
688132,2025-09-25,3,bull,none,pullback_holds,current_week,0.007903055848261342,-0.06427818756585879,-0.0010537407797681642,-0.06585879873551104,0.04847207586933622,2025H2
688132,2025-09-26,4,mid,none,pullback_holds,current_week,0.014278159703860371,-0.04865150713907973,0.035959809624537264,-0.06240084611316765,0.0523532522474881,2025H2
688132,2025-09-29,0,bull,none,pullback_holds,current_week,-0.010520778537611908,-0.0494476591267754,0.04681746449237245,-0.06733298264071552,0.04681746449237245,2025H2
688132,2025-09-30,1,bull,macd_stabilizing,two_day_acceleration,current_week,-0.03091190108191666,-0.06646058732612048,0.029366306027820643,-0.08655332302936625,0.025244719216898526,2025H2
688132,2025-10-13,0,bull,none,pullback_holds,current_week,-0.07790876473603281,-0.05740645822655055,-0.008713480266530071,-0.10353664787288563,0.0,2025H2
688132,2025-10-28,1,bull,none,pullback_holds,current_week,0.07046799354491684,0.04895104895104896,0.04195804195804209,-0.012910166756320507,0.08391608391608396,2025H2
688132,2025-10-29,2,bull,none,two_day_acceleration,current_week,0.052687038988408874,0.02212855637513189,-0.005795574288724903,-0.013698630136986356,0.06164383561643838,2025H2
688132,2025-10-31,4,bull,none,shrinking_volume_acceleration,current_week,0.029319371727748678,0.03821989528795822,0.02617801047120416,-0.009947643979057674,0.060732984293193626,2025H2
688257,2025-11-05,2,bull,ma_bull,shrinking_volume_acceleration,current_week,0.0996031746031747,0.042063492063492136,0.11349206349206353,-0.009920634920634885,0.1440476190476192,2025H2
688257,2025-11-12,2,bull,ma_bull,shrinking_volume_acceleration,current_week,-0.05607476635514019,-0.08159597411933861,0.1488138030194106,-0.10747663551401865,0.024442846872753332,2025H2
688257,2025-11-13,3,bull,ma_bull,shrinking_volume_acceleration,current_week,-0.06392857142857145,-0.09785714285714275,0.14142857142857146,-0.135,0.00642857142857145,2025H2
688257,2025-12-24,2,bull,ma_bull,pullback_holds,current_week,0.05867819641754157,0.27115503397158736,0.6426806670784433,-0.014515132798023522,0.2773316862260653,2025H2
688257,2026-01-09,4,bull,ma_bull,two_day_acceleration,current_week,0.0726190476190478,0.26642857142857146,0.14928571428571447,-0.033333333333333326,0.32119047619047625,2026H1
688257,2026-01-23,4,bull,ma_bull,shrinking_volume_acceleration,current_week,0.01441947565543078,-0.09606741573033695,0.3876404494382024,-0.09794007490636703,0.06516853932584277,2026H1
688257,2026-01-28,2,bull,ma_bull,shrinking_volume_acceleration,current_week,-0.07981818181818179,-0.044545454545454444,0.34890909090909084,-0.12418181818181817,0.008909090909090978,2026H1
688257,2026-02-10,1,bull,ma_bull,pullback_holds,current_week,0.10732177263969178,0.37649325626204244,0.3872832369942196,-0.0009633911368014392,0.4516377649325627,2026H1
688257,2026-03-04,2,mid,ma_bull,shrinking_volume_acceleration,current_week,0.1092506176228385,-0.011803458687894564,-0.02552841065056266,-0.038704364534724034,0.16373867691463095,2026H1
688257,2026-04-13,0,mid,ma_bull,shrinking_volume_acceleration,current_week,0.04931880108991815,0.0013623978201633413,0.12901907356948228,-0.0156675749318802,0.12861035422343314,2026H1
688257,2026-04-28,1,bull,ma_bull,two_day_acceleration,current_week,-0.009815785935188948,0.07973645287078113,0.2955492806239075,-0.044910582224015116,0.15140513647976328,2026H1
688257,2026-05-06,2,bull,ma_bull,shrinking_volume_acceleration,current_week,0.09179687500000022,0.13645833333333335,0.3054687500000002,-0.07513020833333328,0.18489583333333348,2026H1
688257,2026-05-27,2,mid,ma_bull,shrinking_volume_acceleration,current_week,0.005415162454873723,0.08303249097472931,0.05605695948656231,-0.10750100280786201,0.14921780986762956,2026H1
688592,2025-08-18,0,bull,ma_bull,pullback_holds,current_week,0.05168895941963281,0.15166628882339617,0.06529131716164138,-0.029471775107685283,0.19383359782362275,2025H2
688592,2025-11-17,0,mid,none,pullback_holds,current_week,-0.06495430970610028,-0.002716720177821652,0.06939985181526298,-0.098295875524821,0.024944430723635502,2025H2
688592,2025-12-22,0,bull,none,pullback_holds,current_week,0.008236434108527035,0.0847868217054264,0.11797480620155043,-0.037548449612403,0.09617248062015493,2025H2
688592,2026-05-06,2,bull,none,pullback_holds,current_week,0.007221006564551491,-0.050765864332603994,-0.1783369803063457,-0.06345733041575485,0.0452954048140044,2026H1
688592,2026-05-07,3,bull,none,pullback_holds,current_week,-0.013347921225382864,-0.07658643326039383,-0.16717724288840263,-0.0897155361050328,0.0452954048140044,2026H1
301158,2025-05-06,1,mid,macd_cross,two_day_acceleration,current_week,-0.019024970273483932,-0.007134363852556502,-0.03567181926278251,-0.04102259215219983,0.03745541022592147,2025H1
301158,2025-05-20,1,bull,none,pullback_holds,current_week,-0.04542737597130897,-0.030484160191273202,0.20502092050209209,-0.06096832038254629,0.0,2025H1
301158,2025-06-04,2,bull,ma_bull,pullback_holds,current_week,0.03223806571605703,0.2498450092994422,0.0892746435213887,-0.00743955362678228,0.34531928084314956,2025H1
301158,2025-06-05,3,bull,ma_bull,pullback_holds,current_week,0.049535603715170407,0.24829721362229118,0.07925696594427256,-0.00866873065015461,0.3436532507739938,2025H1
301158,2025-06-06,4,bull,ma_bull,pullback_holds,current_week,0.25015365703749226,0.1499692685925016,0.06207744314689623,0.0,0.33374308543331277,2025H1
301158,2025-06-11,2,bull,ma_bull,shrinking_volume_acceleration,current_week,0.201430274135876,0.013110846245530272,0.03396901072705605,-0.0029797377830751426,0.29320619785458857,2025H1
301158,2025-06-12,3,bull,ma_bull,two_day_acceleration,current_week,0.12062256809338501,-0.036131183991106264,-0.03724291272929414,-0.061700944969427574,0.20622568093385207,2025H1
301158,2025-06-17,1,bull,ma_bull,shrinking_volume_acceleration,current_week,-0.16617790811339206,-0.15200391006842617,-0.1564027370478983,-0.17497556207233633,0.03861192570869987,2025H1
301158,2025-07-14,0,bull,ma_bull,pullback_holds,current_week,0.021826536473291247,0.02814474439977044,0.13038483630097653,-0.01780585870189544,0.053417576105686315,2025H2
301158,2025-07-22,1,bull,ma_bull,two_day_acceleration,current_week,-0.0066079295154185536,0.06167400881057272,0.0534140969162995,-0.026431718061673992,0.06277533039647576,2025H2
301158,2025-07-24,3,bull,macd_cross,shrinking_volume_acceleration,current_week,0.04299274148520382,0.06141820212171978,0.11055276381909551,-0.010608598548297099,0.07761027359017314,2025H2
301158,2025-07-30,2,bull,macd_cross,two_day_acceleration,current_week,0.04625550660792954,0.05616740088105732,0.02422907488986792,-0.020925110132158586,0.10958149779735704,2025H2
301158,2025-07-31,3,bull,ma_bull,two_day_acceleration,current_week,0.013866666666666694,-0.0021333333333333204,-0.0010666666666666602,-0.0517333333333333,0.07466666666666688,2025H2
301158,2025-08-04,0,bull,none,shrinking_volume_acceleration,current_week,0.05353319057815842,0.02730192719486091,0.03479657387580315,-0.009100642398286785,0.07869379014989297,2025H2
301158,2025-08-05,1,bull,ma_bull,two_day_acceleration,current_week,0.017717561229807277,-0.0031266284523190357,0.01615424700364776,-0.026576341844710916,0.050026055237102796,2025H2
301158,2025-08-21,3,bull,ma_bull,two_day_acceleration,current_week,-0.05832076420311716,-0.07993966817496223,-0.07993966817496223,-0.09451985922574158,0.0005027652086475598,2025H2
301158,2025-08-22,4,bull,ma_bull,pullback_holds,current_week,-0.030800821355236208,-0.03901437371663252,-0.07546201232032845,-0.07546201232032845,0.017453798767967044,2025H2
301158,2025-09-01,0,bull,ma_bull,two_day_acceleration,current_week,-0.014987080103359363,-0.037209302325581506,-0.07751937984496127,-0.069250645994832,0.009819121447028234,2025H2
301158,2025-10-09,3,bull,none,pullback_holds,current_week,0.01285634432643934,0.5176076020122975,0.30855226383454437,-0.04248183342649536,0.7210732252655114,2025H2
301158,2025-10-14,1,bull,none,pullback_holds,current_week,0.40218579234972673,0.4125683060109291,0.2612021857923499,-0.02677595628415308,0.6825136612021856,2025H2
301158,2025-10-15,2,bull,none,pullback_holds,current_week,0.630576713819369,0.3917301414581069,0.26822633297062026,-0.03101196953210017,0.6751904243743199,2025H2
301158,2025-10-16,3,bull,none,pullback_holds,current_week,0.5041551246537397,0.32963988919667586,0.3013850415512467,-0.013296398891966876,0.7058171745152353,2025H2
301158,2025-11-12,2,bull,ma_bull,two_day_acceleration,current_week,-0.004008908685968815,-0.05701559020044533,-0.024498886414253795,-0.0730512249443207,0.04899777282850781,2025H2
301158,2025-11-13,3,bull,ma_bull,pullback_holds,current_week,-0.04928664072632927,-0.07436230004323385,-0.06441850410721994,-0.10030263726761779,0.014699524427150834,2025H2
301158,2025-12-01,0,mid,ma_bull,pullback_holds,current_week,0.022130013831258566,0.007376671277086189,0.036883356385431165,-0.022591055786076675,0.03457814661134173,2025H2
301158,2025-12-22,0,bull,none,two_day_acceleration,current_week,0.032124827902707764,0.05048187241854074,0.10279944928866458,-0.015603487838457997,0.0688389169343735,2025H2
301158,2025-12-23,1,bull,none,pullback_holds,current_week,0.020775623268697974,0.06648199445983383,0.13434903047091407,-0.007386888273314907,0.07525392428439526,2025H2
301158,2025-12-31,2,bull,macd_stabilizing,shrinking_volume_acceleration,current_week,0.026431718061673992,0.04933920704845818,0.06035242290748899,-0.0066079295154184425,0.10308370044052872,2025H2
301158,2026-01-05,0,bull,none,two_day_acceleration,current_week,0.02104340201665944,0.04208680403331866,0.007014467338886554,-0.011398509425690428,0.09776413853572996,2026H1
301158,2026-01-08,3,bull,none,shrinking_volume_acceleration,current_week,0.05593509820666087,0.04910333048676341,0.012809564474807633,-0.025192143467122063,0.06917164816396237,2026H1
301158,2026-01-13,1,bull,ma_bull,two_day_acceleration,current_week,0.011904761904761862,0.03486394557823136,0.046343537414965885,-0.00170068027210879,0.07057823129251695,2026H1
301158,2026-01-26,0,bull,ma_bull,two_day_acceleration,current_week,-0.05356407086938608,-0.020189534404614684,0.5426452410383189,-0.08487845076225786,0.11207251751133107,2026H1
301158,2026-02-27,4,bull,ma_bull,shrinking_volume_acceleration,current_week,0.10200296735905034,-0.005192878338278972,-0.06602373887240365,-0.010385756676557945,0.38872403560830837,2026H1
301158,2026-04-09,3,mid,none,pullback_holds,current_week,-0.0028571428571428914,-0.011020408163265327,0.08693877551020401,-0.10081632653061223,0.026938775510204183,2026H1
301158,2026-04-10,4,mid,none,shrinking_volume_acceleration,current_week,-0.0859872611464968,-0.04458598726114649,0.0732484076433122,-0.12300955414012738,0.0015923566878981443,2026H1
301158,2026-04-24,4,bull,none,pullback_holds,current_week,0.1132154882154881,0.13468013468013473,-0.07659932659932656,0.0,0.17003367003366998,2026H1
301158,2026-05-11,0,bull,ma_bull,two_day_acceleration,current_week,-0.026681286549707584,-0.14108187134502925,-0.44627192982456143,-0.1527777777777778,0.010599415204678442,2026H1
301158,2026-05-13,2,bull,ma_bull,shrinking_volume_acceleration,current_week,-0.019889502762431066,-0.19189686924493554,-0.4685082872928177,-0.1985267034990792,0.018416206261510082,2026H1
301158,2026-05-15,4,bull,ma_bull,pullback_holds,current_week,-0.09490398818316104,-0.3943870014771049,-0.4505169867060561,-0.40066469719350073,0.0033234859675037587,2026H1
603755,2025-03-10,0,bull,macd_stabilizing,pullback_holds,current_week,0.037260067745577885,0.022205494919081747,-0.0523146405720738,-0.02145276627775683,0.07263831388784348,2025H1
603755,2025-03-11,1,bull,macd_stabilizing,pullback_holds,current_week,0.02242990654205612,0.03065420560747656,-0.03551401869158877,-0.004112149532710219,0.06542056074766345,2025H1
603755,2025-03-12,2,bull,macd_stabilizing,shrinking_volume_acceleration,current_week,0.008449669360764078,0.019838354151359372,-0.024981631153563555,-0.01542983100661277,0.047024246877296116,2025H1
603755,2025-03-13,3,bull,macd_stabilizing,two_day_acceleration,current_week,-0.013629842180774676,-0.017216642754662725,-0.0491391678622668,-0.038737446197991354,0.02223816355810615,2025H1
603755,2025-03-25,1,mid,none,pullback_holds,current_week,-0.006163886874546831,-0.06453952139231334,-0.014140681653372011,-0.14793328498912262,0.01124002900652643,2025H1
603755,2025-03-26,2,mid,none,pullback_holds,current_week,-0.011956521739130532,-0.03840579710144931,-0.01413043478260867,-0.14855072463768115,0.010507246376811663,2025H1
603755,2025-04-02,2,mid,macd_stabilizing,pullback_holds,current_week,-0.0177646188008882,0.012213175425610734,-0.005181347150259086,-0.13027387120651368,0.0399703923019985,2025H1
603755,2025-05-06,1,mid,macd_stabilizing,pullback_holds,current_week,-0.01855287569573283,0.00037105751391464104,-0.014842300556586197,-0.04415584415584406,0.012987012987013102,2025H1
603755,2025-05-07,2,bull,macd_stabilizing,pullback_holds,current_week,-0.03475046210720889,-0.016266173752310542,-0.032532347504621084,-0.04768946395563767,0.014417744916820796,2025H1
603755,2025-05-08,3,bull,macd_stabilizing,pullback_holds,current_week,-0.03956043956043964,-0.042124542124542086,-0.04395604395604391,-0.05641025641025643,0.00512820512820511,2025H1
603755,2025-05-09,4,bull,macd_stabilizing,pullback_holds,current_week,-0.03889908256880725,-0.0447706422018348,-0.04036697247706411,-0.05467889908256873,0.006972477064220328,2025H1
603755,2025-05-19,0,bull,none,pullback_holds,current_week,-0.01166729394053434,-0.013925479864508872,-0.044034625517500925,-0.03086187429431686,0.032743695897629044,2025H1
603755,2025-05-20,1,bull,macd_stabilizing,pullback_holds,current_week,-0.01855287569573283,-0.014842300556586197,-0.06307977736549164,-0.04452690166975881,0.0181818181818183,2025H1
603755,2025-05-21,2,bull,macd_stabilizing,pullback_holds,current_week,-0.0053050397877983935,-0.008336491095111698,-0.06593406593406592,-0.02425161045850699,0.012504736642667602,2025H1
603755,2025-06-04,2,bull,macd_stabilizing,pullback_holds,current_week,-0.024756189047261845,-0.05288822205551391,-0.02175543885971487,-0.061515378844711144,0.0,2025H1
603755,2025-09-24,2,bull,ma_bull,shrinking_volume_acceleration,current_week,-0.01536050156739821,-0.022257053291536044,0.09435736677115991,-0.08934169278996873,0.024451410658307138,2025H2
603755,2025-10-16,3,bull,ma_bull,pullback_holds,current_week,0.01287001287001277,0.12323037323037322,0.23712998712998723,-0.012870012870012992,0.14124839124839106,2025H2
603755,2025-10-17,4,mid,ma_bull,pullback_holds,current_week,0.03821656050955413,0.22292993630573243,0.22961783439490446,-0.02292993630573259,0.22292993630573243,2025H2
603755,2025-10-29,2,bull,ma_bull,shrinking_volume_acceleration,current_week,0.11784995688416222,0.06927277953434907,0.06697326818051152,-0.0206956021845357,0.18482322506467375,2025H2
603755,2026-01-08,3,bull,none,pullback_holds,current_week,0.043407926664869256,0.03531949312483129,-0.030196818549474425,-0.029118360744135985,0.09193852790509571,2026H1
603755,2026-01-09,4,bull,none,pullback_holds,current_week,0.02370804475226418,0.03862546616941942,0.03383058071390521,-0.040756526371869994,0.07884922749067669,2026H1
603755,2026-01-12,0,bull,ma_bull,two_day_acceleration,current_week,-0.03149606299212604,-0.019160104986876703,-0.060892388451443624,-0.05485564304461954,0.06299212598425186,2026H1
603755,2026-01-13,1,bull,ma_bull,two_day_acceleration,current_week,-0.0881481481481482,-0.08000000000000007,-0.14024691358024688,-0.1108641975308643,0.0,2026H1
603755,2026-01-14,2,bull,ma_bull,pullback_holds,current_week,0.0026385224274407815,-0.052506596306068465,-0.10369393139841687,-0.06068601583113453,0.0474934036939314,2026H1
603755,2026-01-15,3,bull,ma_bull,shrinking_volume_acceleration,current_week,-0.020408163265306256,-0.11045918367346952,-0.1479591836734695,-0.12755102040816324,0.012755102040816313,2026H1
300024,2023-03-02,3,bull,ma_bull,two_day_acceleration,current_week,-0.035217794253938894,-0.05560704355885093,0.0936051899907322,-0.0676552363299352,0.004633920296570837,2023H1
300024,2023-03-03,4,bull,ma_bull,pullback_holds,current_week,-0.03655107778819122,-0.020618556701030855,0.11808809746954085,-0.057169634489222076,0.015932521087160145,2023H1
300024,2023-03-13,0,mid,ma_bull,pullback_holds,current_week,0.025096525096525157,0.198841698841699,0.15444015444015458,-0.0289575289575289,0.23745173745173753,2023H1
300024,2023-03-15,2,mid,ma_bull,pullback_holds,current_week,0.06608357628765793,0.1846452866861028,0.14965986394557818,-0.011661807580174988,0.27793974732750226,2023H1
300024,2023-03-20,0,mid,ma_bull,pullback_holds,current_week,0.16839134524929444,0.13734713076199423,0.08936970837253044,-0.006585136406397019,0.23706491063029156,2023H1
300024,2023-03-22,2,mid,ma_bull,two_day_acceleration,current_week,0.11527904849039339,0.11344922232387922,0.06587374199451057,-0.010978956999085021,0.20311070448307422,2023H1
300024,2023-03-31,4,bull,ma_bull,shrinking_volume_acceleration,current_week,0.01845637583892623,-0.021812080536912748,0.12248322147651014,-0.031040268456375752,0.05788590604026833,2023H1
300024,2023-04-10,0,bull,ma_bull,pullback_holds,current_week,-0.03316749585406309,-0.07213930348258712,0.11940298507462677,-0.08043117744610284,0.03067993366500832,2023H1
300024,2023-04-11,1,bull,ma_bull,pullback_holds,current_week,-0.034195162635529575,-0.09507923269391161,0.09257714762301905,-0.11509591326105095,0.03669724770642202,2023H1
300024,2023-06-19,0,mid,ma_bull,shrinking_volume_acceleration,current_week,0.014465408805031332,-0.044654088050314567,-0.13899371069182398,-0.10754716981132084,0.07861635220125796,2023H1
300024,2023-08-01,1,bull,none,pullback_holds,current_week,-0.014210919970082392,-0.03141361256544506,-0.03216155572176527,-0.06507105459985052,0.041884816753926524,2023H2
300024,2023-08-02,2,bull,none,two_day_acceleration,current_week,-0.03755522827687774,-0.07437407952871866,-0.04786450662739328,-0.07952871870397649,0.025773195876288568,2023H2
300024,2023-08-03,3,bull,none,pullback_holds,current_week,-0.03566121842496284,-0.01634472511144136,-0.04531946508172369,-0.07503714710252596,0.03491827637444267,2023H2
300024,2023-09-11,0,mid,none,pullback_holds,current_week,-0.03560126582278489,-0.022943037974683667,-0.07041139240506333,-0.069620253164557,0.01661392405063289,2023H2
300024,2023-09-12,1,mid,none,pullback_holds,current_week,-0.056692913385826826,-0.013385826771653564,-0.09763779527559058,-0.07401574803149613,0.0007874015748030594,2023H2
300024,2024-12-10,1,bull,ma_bull,two_day_acceleration,current_week,-0.10739750445632801,-0.12700534759358295,-0.20365418894830656,-0.1470588235294118,0.018270944741533013,2024H2
300024,2025-02-10,0,mid,ma_bull,shrinking_volume_acceleration,current_week,0.009429280397022177,0.03970223325062028,0.0416873449131514,-0.04516129032258065,0.07990074441687334,2025H1
300024,2025-02-26,2,bull,ma_bull,two_day_acceleration,current_week,-0.0947270181987866,-0.03966402239850664,-0.11525898273448432,-0.12879141390573956,0.049463369108726285,2025H1
300024,2025-03-14,4,bull,ma_bull,pullback_holds,current_week,-0.04638403990024931,-0.09177057356608476,-0.17705735660847888,-0.09177057356608476,0.01995012468827917,2025H1
300024,2025-04-21,0,mid,none,two_day_acceleration,current_week,-0.021328458257160343,0.050578915295551585,0.008531383302864182,-0.02437538086532598,0.07068860450944547,2025H1
300024,2025-04-30,2,mid,none,two_day_acceleration,current_week,0.0420118343195266,0.0017751479289942473,-0.032544378698224685,-0.017751479289940697,0.0609467455621302,2025H1
300024,2025-05-06,1,mid,none,two_day_acceleration,current_week,-0.0005760368663593196,-0.02419354838709664,-0.055299539170507006,-0.04377880184331784,0.032834101382488434,2025H1
300024,2025-05-08,3,bull,none,shrinking_volume_acceleration,current_week,-0.014560279557367495,-0.03610949330227142,-0.03960396039603953,-0.03902154921374501,0.04426324985439711,2025H1
300024,2025-05-14,2,bull,none,shrinking_volume_acceleration,current_week,-0.03342939481268026,-0.0708933717579251,-0.036311239193083766,-0.07319884726224779,0.0,2025H1
300024,2025-05-26,0,bull,none,shrinking_volume_acceleration,current_week,-0.007285974499089076,0.0006071645415908211,0.01700060716454166,-0.033394049787492386,0.031572556162720256,2025H1
300024,2025-06-03,1,bull,none,pullback_holds,current_week,0.007334963325183352,0.013447432762836442,0.03606356968215163,-0.00672371638141811,0.03850855745721282,2025H1
300024,2025-06-04,2,bull,none,pullback_holds,current_week,0.004863221884498614,0.008510638297872353,0.01823708206686936,-0.012158054711246202,0.03282674772036498,2025H1
300024,2025-06-05,3,bull,none,pullback_holds,current_week,0.0023980815347721673,-0.031175059952038398,0.00599520383693064,-0.03477218225419654,0.01858513189448452,2025H1
300024,2025-06-06,4,bull,none,pullback_holds,current_week,-0.007237635705669487,-0.04764776839565743,0.0030156815440287588,-0.049457177322074886,0.024728588661037332,2025H1
300024,2025-06-09,0,bull,none,pullback_holds,current_week,-0.018452380952380887,-0.042857142857142816,-0.023214285714285743,-0.07797619047619053,0.005952380952380931,2025H1
300024,2025-06-12,3,bull,none,pullback_holds,current_week,-0.026506024096385583,0.012048192771084265,0.007831325301204783,-0.0668674698795182,0.031927710843373314,2025H1
300024,2025-06-27,4,bull,none,shrinking_volume_acceleration,current_week,-0.014226437462952157,0.008298755186721962,0.0438648488441018,-0.02904564315352709,0.027267338470658098,2025H1
300024,2025-06-30,0,bull,none,two_day_acceleration,current_week,-0.04314868804664729,-0.002915451895043719,0.017492711370262315,-0.044897959183673675,0.002915451895043608,2025H1
300024,2025-09-02,1,bull,ma_bull,pullback_holds,current_week,-0.029064039408867037,0.01871921182266001,-0.039408866995073955,-0.11280788177339895,0.024630541871921263,2025H2
300024,2025-09-12,4,bull,ma_bull,pullback_holds,current_week,-0.008499999999999952,-0.03400000000000003,-0.09650000000000003,-0.051999999999999935,0.07250000000000001,2025H2
300024,2025-11-03,0,bull,none,pullback_holds,current_week,-0.01505376344086029,-0.045698924731182866,-0.06989247311827962,-0.06720430107526876,0.0,2025H2
300024,2025-11-10,0,bull,none,pullback_holds,current_week,-0.03689636462289747,-0.07379272924579483,-0.021161150298426468,-0.10906131307650557,0.005968529571350967,2025H2
300024,2025-11-17,0,mid,none,shrinking_volume_acceleration,current_week,-0.0345022624434389,-0.02149321266968318,-0.039592760180995445,-0.07126696832579171,0.002262443438914019,2025H2
300024,2025-12-01,0,mid,none,pullback_holds,current_week,0.04337767495662237,-0.017929438982070445,0.027761711972238423,-0.03528050896471946,0.06188548293811458,2025H2
300024,2025-12-08,0,bull,none,two_day_acceleration,current_week,-0.05666666666666664,-0.03388888888888886,0.012777777777777777,-0.07777777777777772,0.0,2025H2
300024,2025-12-22,0,bull,none,pullback_holds,current_week,0.023617511520737322,0.05011520737327202,0.055299539170506895,-0.01440092165898621,0.08582949308755783,2025H2
300024,2025-12-24,2,bull,none,pullback_holds,current_week,0.04841498559077806,0.07204610951008639,0.07146974063400569,-0.0034582132564843215,0.08645533141210371,2025H2
300024,2025-12-25,3,bull,none,two_day_acceleration,current_week,0.04257703081232478,0.08067226890756296,0.07338935574229688,-0.019607843137254943,0.08403361344537807,2025H2
300024,2025-12-29,0,bull,none,shrinking_volume_acceleration,current_week,0.035207268597387875,0.05678591709256109,0.026689381033503823,-0.0022714366837024436,0.0988074957410563,2025H2
300024,2025-12-30,1,bull,none,two_day_acceleration,current_week,-0.008108108108108025,-0.019459459459459483,-0.043243243243243246,-0.02972972972972976,0.04594594594594592,2025H2
300024,2026-01-08,3,bull,none,shrinking_volume_acceleration,current_week,-0.0060273972602739034,-0.0032876712328766544,-0.062465753424657544,-0.016438356164383605,0.0602739726027397,2026H1
300024,2026-01-09,4,bull,none,two_day_acceleration,current_week,-0.01227321237993595,-0.008004268943436643,-0.08164354322305234,-0.042155816435432425,0.03255069370330843,2026H1
300024,2026-01-26,0,bull,none,two_day_acceleration,current_week,-0.10853530031612213,-0.0732349841938883,-0.15015806111696528,-0.11169652265542684,0.0005268703898841931,2026H1
600793,2025-02-10,0,mid,none,pullback_holds,current_week,-0.041913214990138115,-0.08629191321499008,-0.13905325443786987,-0.10256410256410264,0.035502958579881616,2025H1
600793,2025-02-21,4,bull,none,pullback_holds,current_week,-0.07676348547717848,-0.09854771784232375,-0.1343360995850622,-0.10632780082987559,0.003112033195020736,2025H1
600793,2025-03-11,1,bull,none,pullback_holds,current_week,-0.017603634298693827,-0.07155025553662686,-0.021010789324247492,-0.08461101646791591,0.0034071550255538874,2025H1
600793,2025-04-02,2,mid,none,pullback_holds,current_week,0.08234560199625696,0.11353711790393017,0.535870243293824,-0.08546475358702443,0.1734248284466624,2025H1
600793,2025-04-03,3,mid,none,pullback_holds,current_week,0.13035264483627196,0.20465994962216616,0.6360201511335013,-0.07682619647355171,0.2355163727959697,2025H1
600793,2025-08-05,1,bull,none,pullback_holds,current_week,0.011750881316098694,-0.010967489228358884,-0.033294163728946446,-0.03916960438699568,0.06854680767724242,2025H2
600793,2025-08-06,2,bull,none,pullback_holds,current_week,-0.009342156481121133,-0.003892565200467213,-0.0759050214091086,-0.045153756325418404,0.0618917866874269,2025H2
600793,2025-08-18,0,bull,none,two_day_acceleration,current_week,0.012648221343873445,-0.005138339920948587,-0.04743083003952564,-0.0513833992094862,0.05177865612648214,2025H2
600793,2025-08-20,2,bull,none,pullback_holds,current_week,-0.04561267877850794,-0.08233475067645912,-0.07769617317356015,-0.0842674913026672,0.028604561267877804,2025H2
600793,2025-08-22,4,bull,none,pullback_holds,current_week,-0.009897070467141722,-0.04315122723673792,-0.08234362628661918,-0.06927949326999205,0.027711797307996777,2025H2
600793,2025-08-25,0,bull,none,pullback_holds,current_week,-0.01756440281030447,-0.04644808743169404,-0.11085089773614365,-0.08235753317720529,0.005854800936768045,2025H2
600793,2025-10-09,3,bull,none,pullback_holds,current_week,0.050022133687472214,0.1283753873395308,0.026117751217352714,-0.0057547587428065095,0.13191677733510399,2025H2
600793,2025-10-15,2,bull,none,shrinking_volume_acceleration,current_week,0.011618257261410747,-0.016597510373444035,-0.03817427385892125,-0.03112033195020747,0.060995850622406644,2025H2
600793,2025-10-17,4,mid,none,shrinking_volume_acceleration,current_week,0.034782608695652195,-0.032298136645962816,-0.04099378881987581,-0.05590062111801253,0.05879917184264993,2025H2
600793,2025-11-03,0,bull,none,two_day_acceleration,current_week,-0.03134141245298783,-0.04346009193480982,-0.01671541997492676,-0.04931048892603429,0.006268282490597743,2025H2
600793,2025-11-11,1,bull,none,pullback_holds,current_week,-0.05042372881355939,-0.06101694915254241,-0.07923728813559328,-0.09406779661016962,0.003813559322033866,2025H2
601000,2023-03-08,2,mid,ma_bull,shrinking_volume_acceleration,current_week,0.032362459546925626,0.04530744336569592,0.035598705501618255,-0.02265372168284785,0.07119741100323629,2023H1
601000,2023-03-09,3,mid,ma_bull,shrinking_volume_acceleration,current_week,0.019230769230769162,0.012820512820512775,0.01602564102564097,-0.03205128205128205,0.0608974358974359,2023H1
601000,2023-03-17,4,mid,ma_bull,shrinking_volume_acceleration,current_week,-0.028037383177570097,-0.034267912772585674,0.049844236760124616,-0.06542056074766356,0.031152647975077885,2023H1
601000,2023-03-22,2,mid,ma_bull,shrinking_volume_acceleration,current_week,-0.04672897196261683,-0.0031152647975076775,0.11526479750778829,-0.06542056074766356,0.01869158878504673,2023H1
601000,2023-04-03,0,bull,ma_bull,pullback_holds,current_week,0.015923566878980777,0.12420382165605104,0.3471337579617835,-0.006369426751592355,0.1305732484076434,2023H1
601000,2023-04-17,0,bull,ma_bull,two_day_acceleration,current_week,0.09171597633136086,0.22781065088757413,0.1449704142011834,-0.00591715976331364,0.2869822485207103,2023H1
601000,2023-07-03,0,mid,none,pullback_holds,current_week,0.04201680672268915,0.0364145658263304,0.04201680672268915,-0.04201680672268915,0.04761904761904767,2023H2
601000,2023-07-05,2,mid,none,pullback_holds,current_week,0.011267605633802802,0.03943661971830981,0.028169014084507005,-0.008450704225352212,0.05352112676056331,2023H2
601000,2023-07-13,3,mid,none,pullback_holds,current_week,0.008356545961002881,0.013927576601671321,-0.00835654596100277,-0.011142061281336879,0.04178272980501396,2023H2
601000,2023-07-14,4,mid,none,pullback_holds,current_week,0.016666666666666607,0.03333333333333344,-0.02499999999999991,-0.002777777777777879,0.04166666666666674,2023H2
601000,2023-07-28,4,bull,ma_bull,shrinking_volume_acceleration,current_week,-0.05913978494623662,-0.056451612903225756,0.029569892473118253,-0.08064516129032262,0.008064516129032251,2023H2
601000,2023-08-07,0,bull,none,shrinking_volume_acceleration,current_week,0.017094017094017033,0.09686609686609682,-0.03988603988603989,-0.017094017094017144,0.11111111111111094,2023H2
601000,2023-08-10,3,bull,none,two_day_acceleration,current_week,0.04494382022471921,0.06460674157303381,-0.047752808988763995,-0.022471910112359605,0.09550561797752799,2023H2
601000,2023-11-22,2,mid,none,pullback_holds,current_week,0.049132947976878505,0.052023121387283267,0.06069364161849711,-0.0028901734104045396,0.07514450867052025,2023H2
601000,2023-11-23,3,mid,none,pullback_holds,current_week,0.042979942693409656,0.03151862464183375,0.06017191977077352,-0.011461318051575908,0.0659025787965617,2023H2
601000,2024-01-25,3,mid,ma_bull,pullback_holds,current_week,0.031088082901554515,0.10362694300518127,0.10880829015544058,-0.002590673575129432,0.20466321243523322,2024H1
601000,2024-01-26,4,mid,ma_bull,shrinking_volume_acceleration,current_week,0.02015113350125941,0.09068010075566746,0.10327455919395456,-0.007556675062972307,0.17128463476070532,2024H1
601000,2024-02-19,0,mid,ma_bull,shrinking_volume_acceleration,current_week,-0.04629629629629628,0.01388888888888884,0.0,-0.04861111111111105,0.0347222222222221,2024H1
601000,2024-02-22,3,bull,ma_bull,shrinking_volume_acceleration,current_week,0.0022988505747125743,0.011494252873563093,-0.020689655172413945,-0.05517241379310345,0.03908045977011487,2024H1
601000,2024-02-23,4,bull,ma_bull,pullback_holds,current_week,0.0023419203747072626,0.0796252927400467,-0.0023419203747073736,-0.0374707259953162,0.08196721311475397,2024H1
601000,2024-02-29,3,bull,ma_bull,shrinking_volume_acceleration,current_week,0.011494252873563093,-0.006896551724137945,0.0022988505747125743,-0.04137931034482767,0.06896551724137923,2024H1
601000,2024-03-26,1,mid,ma_bull,pullback_holds,current_week,-0.03211009174311941,0.025229357798165042,0.03899082568807333,-0.0665137614678899,0.032110091743119185,2024H1
601000,2024-03-27,2,mid,ma_bull,pullback_holds,current_week,-0.011389521640091105,0.018223234624145768,0.011389521640091216,-0.07289293849658296,0.029612756264236983,2024H1
601000,2024-03-28,3,mid,ma_bull,pullback_holds,current_week,0.004629629629629539,0.05555555555555558,0.0,-0.05787037037037035,0.06481481481481488,2024H1
601000,2024-04-01,0,bull,ma_bull,shrinking_volume_acceleration,current_week,0.03571428571428581,0.10000000000000009,0.06666666666666665,-0.011904761904761862,0.10238095238095224,2024H1
601000,2024-04-03,2,bull,ma_bull,shrinking_volume_acceleration,current_week,0.027586206896551557,0.08045977011494254,0.020689655172413834,-0.02758620689655178,0.09425287356321821,2024H1
601000,2024-04-11,3,mid,none,two_day_acceleration,current_week,0.03333333333333344,0.006666666666666821,-0.00666666666666671,-0.022222222222222143,0.057777777777777706,2024H1
601000,2024-04-17,2,bull,ma_bull,shrinking_volume_acceleration,current_week,-0.015118790496760126,-0.03239740820734327,-0.05399568034557234,-0.07343412526997839,0.02807775377969768,2024H1
601000,2024-04-19,4,bull,ma_bull,shrinking_volume_acceleration,current_week,-0.05932203389830493,-0.05932203389830493,-0.08898305084745761,-0.09110169491525422,0.004237288135593209,2024H1
601000,2024-05-06,0,bull,ma_bull,pullback_holds,current_week,-0.004474272930648726,-0.020134228187919434,-0.08501118568232657,-0.046979865771812124,0.017897091722595126,2024H1
601000,2024-05-08,2,bull,ma_bull,pullback_holds,current_week,-0.008968609865470878,-0.0358744394618834,-0.07399103139013452,-0.04484304932735428,0.020179372197309364,2024H1
601000,2024-05-13,0,bull,ma_bull,pullback_holds,current_week,-0.013513513513513598,-0.05180180180180194,-0.07207207207207211,-0.0923423423423424,0.024774774774774633,2024H1
601000,2024-05-14,1,bull,ma_bull,pullback_holds,current_week,-0.02460850111856816,-0.06487695749440714,-0.058165548098433995,-0.09843400447427286,0.017897091722595126,2024H1
601000,2024-05-15,2,bull,ma_bull,pullback_holds,current_week,-0.031531531531531654,-0.060810810810810856,-0.06306306306306309,-0.0923423423423424,0.024774774774774633,2024H1
601000,2024-05-20,0,bull,ma_bull,pullback_holds,current_week,-0.04100227790432798,-0.06833712984054663,-0.029612756264236872,-0.08200455580865595,0.0,2024H1
601000,2024-05-21,1,bull,ma_bull,pullback_holds,current_week,-0.0434782608695653,-0.04576659038901609,-0.006864988558352492,-0.0778032036613272,0.0,2024H1
601000,2024-05-27,0,mid,none,two_day_acceleration,current_week,-0.028503562945368155,-0.02137767220902609,0.07838479809976251,-0.03325415676959609,0.016627078384798155,2024H1
601000,2024-06-04,1,mid,none,pullback_holds,current_week,0.0071770334928229484,0.038277511961722466,0.1555023923444978,-0.02631578947368407,0.04306220095693791,2024H1
601000,2024-08-19,0,mid,ma_bull,pullback_holds,current_week,-0.04230769230769227,-0.02115384615384619,-0.05192307692307696,-0.0807692307692307,0.013461538461538414,2024H2
601000,2024-09-26,3,bull,none,pullback_holds,current_week,-0.028455284552845517,-0.04065040650406504,-0.11178861788617878,-0.05284552845528456,0.15040650406504064,2024H2
601000,2024-09-27,4,bull,none,pullback_holds,current_week,-0.02626262626262621,-0.0444444444444444,-0.11515151515151523,-0.05858585858585863,0.14343434343434347,2024H2
601000,2024-10-23,2,bull,none,pullback_holds,current_week,-0.06276150627615062,-0.09205020920502105,-0.06903765690376573,-0.10460251046025104,0.004184100418409997,2024H2
601000,2024-11-14,3,bull,none,pullback_holds,current_week,-0.011312217194570096,-0.038461538461538436,0.011312217194570096,-0.06108597285067863,0.05429864253393668,2024H2
601000,2024-11-15,4,mid,none,two_day_acceleration,current_week,-0.052863436123348095,-0.05947136563876643,-0.0022026431718060735,-0.08590308370044042,0.026431718061673992,2024H2
601000,2024-12-02,0,bull,none,two_day_acceleration,current_week,0.041284403669724634,0.06422018348623837,0.08486238532110102,-0.004587155963302836,0.07110091743119251,2024H2
601000,2024-12-03,1,bull,none,two_day_acceleration,current_week,0.004444444444444473,0.02444444444444449,0.046666666666666634,-0.015555555555555656,0.05111111111111111,2024H2
601000,2024-12-16,0,bull,none,shrinking_volume_acceleration,current_week,-0.008620689655172264,0.019396551724138122,-0.07327586206896552,-0.030172413793103425,0.030172413793103647,2024H2
601000,2024-12-19,3,bull,none,pullback_holds,current_week,0.01982378854625555,-0.0066079295154185536,-0.03524229074889873,-0.02422907488986792,0.052863436123347984,2024H2
601000,2024-12-20,4,bull,none,shrinking_volume_acceleration,current_week,0.013015184381778733,-0.045553145336225564,-0.04989154013015196,-0.05422993492407813,0.03687635574837311,2024H2
601000,2024-12-24,1,bull,none,shrinking_volume_acceleration,current_week,0.012903225806451424,-0.03655913978494618,-0.07096774193548383,-0.062365591397849474,0.027956989247311714,2024H2
601000,2024-12-27,4,bull,none,pullback_holds,current_week,-0.05579399141630892,-0.0901287553648068,-0.030042918454935563,-0.09442060085836923,0.025751072961373467,2024H2
601000,2024-12-30,0,bull,none,shrinking_volume_acceleration,current_week,-0.07368421052631569,-0.09473684210526323,-0.07999999999999996,-0.11157894736842111,0.006315789473684275,2024H2
601000,2026-07-01,2,bull,none,pullback_holds,current_week,0.004784688995215447,0.04306220095693791,0.1411483253588519,-0.023923444976076458,0.04784688995215314,2026H2
601000,2026-08-19,2,mid,none,pullback_holds,current_week,0.004376367614879584,0.013129102844638973,,-0.024070021881838155,0.02844638949671774,2026H2
601000,2026-08-20,3,mid,none,pullback_holds,current_week,-0.021645021645021578,0.0043290043290042934,,-0.03463203463203468,0.017316017316017396,2026H2
601000,2026-08-26,2,mid,none,two_day_acceleration,current_week,0.008714596949891185,-0.004357298474945481,,-0.023965141612200314,0.026143790849673332,2026H2
601000,2026-08-27,3,mid,none,pullback_holds,current_week,0.0265486725663715,0.01327433628318575,,-0.008849557522123908,0.04203539823008828,2026H2
601000,2026-08-28,4,mid,none,pullback_holds,current_week,0.02178649237472774,-0.013071895424836555,,-0.023965141612200314,0.026143790849673332,2026H2
601000,2026-09-03,3,mid,ma_bull,shrinking_volume_acceleration,current_week,-0.012931034482758563,,,-0.0344827586206895,0.015086206896551824,2026H2
002035,2023-04-11,1,bull,ma_bull,shrinking_volume_acceleration,current_week,0.0277777777777779,0.01754385964912286,0.04824561403508776,-0.010233918128654929,0.07456140350877205,2023H1
002035,2023-04-12,2,bull,ma_bull,pullback_holds,current_week,0.021739130434782483,-0.004347826086956608,0.0304347826086957,-0.021739130434782705,0.0652173913043479,2023H1
002035,2023-04-13,3,bull,ma_bull,pullback_holds,current_week,0.03623188405797095,0.0,0.0028985507246375164,-0.021739130434782705,0.0652173913043479,2023H1
002035,2023-04-14,4,bull,ma_bull,pullback_holds,current_week,0.0028776978417266452,0.021582733812949728,0.06762589928057561,-0.02877697841726623,0.05755395683453246,2023H1
002035,2023-04-18,1,bull,ma_bull,pullback_holds,current_week,-0.005714285714285672,0.0128571428571429,0.030000000000000027,-0.0357142857142857,0.04857142857142849,2023H1
002035,2023-04-19,2,bull,ma_bull,pullback_holds,current_week,-0.0199714693295292,0.011412268188302432,0.04850213980028539,-0.03708987161198285,0.04707560627674745,2023H1
002035,2023-04-20,3,bull,ma_bull,two_day_acceleration,current_week,-0.030898876404494402,-0.037921348314606695,0.021067415730337213,-0.051966292134831504,0.030898876404494402,2023H1
002035,2023-04-21,4,mid,ma_bull,pullback_holds,current_week,0.017191977077363862,-0.008595988538682042,0.025787965616045794,-0.03295128939828085,0.05157593123209159,2023H1
002035,2023-06-13,1,mid,none,pullback_holds,current_week,0.0014388489208632116,0.008633093525179714,-0.05755395683453246,-0.037410071942446055,0.05755395683453246,2023H1
002035,2023-09-04,0,mid,none,shrinking_volume_acceleration,current_week,-0.01935483870967747,-0.022580645161290325,-0.07580645161290323,-0.040322580645161255,0.003225806451612856,2023H2
002035,2024-06-04,1,mid,ma_bull,two_day_acceleration,current_week,-0.06820950060901343,-0.13885505481120586,-0.23629719853836784,-0.14250913520097452,0.0024360535931788885,2024H1
002035,2024-10-25,4,bull,ma_bull,two_day_acceleration,current_week,-0.006369426751592466,0.07261146496815285,-0.03566878980891719,-0.02165605095541412,0.09554140127388533,2024H2
002035,2024-11-06,2,bull,ma_bull,pullback_holds,current_week,0.05612244897959173,0.007653061224489832,0.0,-0.008928571428571397,0.0994897959183676,2024H2
002035,2024-12-12,3,bull,ma_bull,two_day_acceleration,current_week,-0.08809523809523812,-0.11071428571428577,-0.16785714285714282,-0.12261904761904763,0.0,2024H2
002035,2024-12-24,1,bull,none,shrinking_volume_acceleration,current_week,-0.0316622691292876,-0.02506596306068598,-0.0804749340369394,-0.07519788918205805,0.003957783641161061,2024H2
002035,2025-02-07,4,mid,none,pullback_holds,current_week,0.0028328611898016387,0.014164305949008416,-0.0014164305949009304,-0.028328611898017053,0.03399433427762033,2025H1
002035,2025-02-10,0,mid,none,pullback_holds,current_week,-0.01406469760900153,0.012658227848101333,-0.0042194092827004814,-0.035161744022503494,0.026722925457102642,2025H1
002035,2025-02-11,1,mid,none,pullback_holds,current_week,-0.032258064516129004,0.0028050490883591017,-0.0042075736325384305,-0.037868162692847096,0.02384291725105192,2025H1
002035,2025-02-12,2,bull,none,pullback_holds,current_week,-0.027932960893854775,0.025139664804469275,0.012569832402234526,-0.04189944134078205,0.033519553072625774,2025H1
002035,2025-02-13,3,bull,none,pullback_holds,current_week,0.007002801120448154,0.037815126050420034,0.011204481792717047,-0.03921568627450989,0.04621848739495782,2025H1
002035,2025-02-20,3,bull,none,two_day_acceleration,current_week,0.034916201117318524,-0.0041899441340782495,0.05027932960893855,-0.025139664804469275,0.0432960893854748,2025H1
002035,2025-02-24,0,bull,none,shrinking_volume_acceleration,current_week,-0.012569832402234637,-0.011173184357541888,0.0377094972067038,-0.025139664804469275,0.0432960893854748,2025H1
002035,2025-03-11,1,bull,none,pullback_holds,current_week,0.08450704225352101,0.038028169014084456,-0.06901408450704227,-0.008450704225352212,0.09436619718309847,2025H1
002035,2025-03-12,2,bull,none,two_day_acceleration,current_week,0.0567081604426003,0.03181189488243419,-0.08575380359612728,-0.013831258644536715,0.07468879668049788,2025H1
300096,2025-07-02,2,bull,none,pullback_holds,current_week,0.0023866348448686736,-0.011933174224343812,-0.05250596658711226,-0.04534606205250602,0.03579952267303099,2025H2
300096,2025-07-18,4,bull,none,two_day_acceleration,current_week,-0.04275534441805218,-0.052256532066508266,-0.08551068883610446,-0.06413301662707838,0.0071258907363420665,2025H2
300096,2025-08-18,0,bull,none,pullback_holds,current_week,0.25848563968668414,0.6318537859007833,0.7885117493472587,0.0,0.6553524804177544,2025H2
300096,2025-08-20,2,bull,none,pullback_holds,current_week,0.4239401496259352,0.4239401496259352,0.6608478802992519,-0.009975062344139585,0.5810473815461348,2025H2
300096,2025-08-21,3,bull,none,two_day_acceleration,current_week,0.4356435643564356,0.4356435643564356,0.5717821782178218,-0.017326732673267342,0.5693069306930694,2025H2
300096,2025-08-28,3,bull,ma_bull,shrinking_volume_acceleration,current_week,0.0,0.1775862068965517,0.07758620689655182,-0.037931034482758585,0.25172413793103443,2025H2
300096,2025-09-22,0,mid,ma_bull,pullback_holds,current_week,0.18066561014263072,0.23454833597464342,0.22820919175911247,-0.08874801901743268,0.4199683042789224,2025H2
300096,2025-10-17,4,mid,ma_bull,two_day_acceleration,current_week,-0.1002304147465437,-0.14400921658986177,-0.1232718894009216,-0.16359447004608296,0.0,2025H2
300096,2025-11-05,2,bull,ma_bull,shrinking_volume_acceleration,current_week,0.11140939597315436,0.01342281879194629,-0.059060402684563806,-0.024161073825503365,0.1624161073825503,2025H2
300096,2025-12-08,0,bull,none,pullback_holds,current_week,0.024759284731774356,0.08253094910591474,0.028885832187070193,-0.01925722145804687,0.12792297111416762,2025H2
300096,2026-01-05,0,bull,ma_bull,pullback_holds,current_week,-0.010709504685408211,-0.016064257028112316,0.05756358768406966,-0.02677376171352064,0.03748326639892907,2026H1
300096,2026-01-06,1,bull,ma_bull,pullback_holds,current_week,-0.004010695187165791,-0.03342245989304815,0.07486631016042788,-0.03475935828877019,0.03609625668449201,2026H1
300096,2026-01-07,2,bull,ma_bull,pullback_holds,current_week,0.019920318725099584,-0.007968127490039945,0.10092961487383811,-0.043824701195219085,0.02921646746347939,2026H1
300096,2026-01-12,0,bull,ma_bull,pullback_holds,current_week,-0.005412719891745632,0.03247631935047357,0.09066305818673892,-0.02571041948579167,0.08254397834912042,2026H1
300096,2026-01-13,1,bull,ma_bull,pullback_holds,current_week,-0.02297297297297296,0.06621621621621632,0.08918918918918917,-0.027027027027027084,0.08108108108108092,2026H1
300096,2026-01-14,2,bull,ma_bull,two_day_acceleration,current_week,-0.02734375,0.02864583333333348,0.04166666666666674,-0.06249999999999989,0.04166666666666674,2026H1
300096,2026-01-15,3,bull,ma_bull,pullback_holds,current_week,0.006666666666666599,0.11733333333333351,0.045333333333333226,-0.039999999999999925,0.22399999999999998,2026H1
300096,2026-01-16,4,bull,ma_bull,pullback_holds,current_week,0.02156334231805923,0.09433962264150964,0.04582210242587603,-0.029649595687331498,0.2371967654986522,2026H1
300096,2026-01-27,1,bull,ma_bull,two_day_acceleration,current_week,0.019011406844106515,0.02154626108998725,-0.02408111533586821,-0.026615969581749166,0.16349809885931554,2026H1
300096,2026-02-26,3,bull,ma_bull,pullback_holds,current_week,-0.057953144266337686,0.01356350184956856,-0.025893958076448675,-0.06535141800246602,0.04192355117139335,2026H1
300096,2026-02-27,4,bull,ma_bull,shrinking_volume_acceleration,current_week,-0.0444444444444444,0.04444444444444451,-0.02839506172839501,-0.06419753086419744,0.06543209876543221,2026H1
300096,2026-03-09,0,mid,ma_bull,two_day_acceleration,current_week,0.06857855361596021,-0.03990024937655856,0.01995012468827939,-0.03990024937655856,0.1396508728179553,2026H1
300096,2026-04-08,2,mid,ma_bull,two_day_acceleration,current_week,0.09263657957244664,0.18764845605700708,0.17458432304038007,-0.0071258907363420665,0.20546318289786236,2026H1
300096,2026-04-16,3,mid,ma_bull,shrinking_volume_acceleration,current_week,0.0,-0.012903225806451757,0.03548387096774186,-0.053763440860215006,0.09139784946236551,2026H1
300096,2026-08-14,4,mid,none,shrinking_volume_acceleration,current_week,-0.024365482233502544,-0.08934010152284255,-0.10456852791878168,-0.10050761421319798,0.004060913705583813,2026H2
601158,2023-11-13,0,mid,none,pullback_holds,current_week,0.04220183486238516,0.06605504587155964,0.06605504587155964,0.0,0.06788990825688068,2023H2
601158,2023-11-14,1,mid,none,pullback_holds,current_week,0.034671532846715314,0.06386861313868608,0.062043795620437825,-0.0036496350364964014,0.06386861313868608,2023H2
601158,2023-11-15,2,mid,macd_stabilizing,pullback_holds,current_week,0.02166064981949467,0.045126353790613694,0.05956678700361007,-0.0072202166064981865,0.05595667870036114,2023H2
601158,2023-11-16,3,mid,macd_stabilizing,pullback_holds,current_week,0.04347826086956519,0.05253623188405787,0.06521739130434767,-0.0018115942028986698,0.059782608695652106,2023H2
601158,2023-11-17,4,mid,macd_stabilizing,pullback_holds,current_week,0.032315978456014305,0.037701974865349985,0.044883303411131115,-0.0053859964093357915,0.050269299820466795,2023H2
601158,2023-11-20,0,mid,macd_cross,two_day_acceleration,current_week,0.02288732394366222,0.021126760563380254,0.02288732394366222,-0.005281690140845008,0.02992957746478897,2023H2
601158,2024-01-02,1,mid,ma_bull,two_day_acceleration,current_week,0.010309278350515427,0.015463917525773141,0.005154639175257714,-0.012027491408934776,0.04467353951890041,2024H1
601158,2024-01-03,2,mid,ma_bull,pullback_holds,current_week,0.0017094017094017033,-0.008547008547008628,-0.006837606837606813,-0.017094017094017144,0.03931623931623918,2024H1
601158,2024-01-04,3,mid,ma_bull,two_day_acceleration,current_week,-0.01858108108108103,-0.04054054054054057,-0.03716216216216217,-0.0625,0.027027027027026973,2024H1
601158,2024-02-08,3,mid,ma_bull,pullback_holds,current_week,-0.001712328767123239,-0.049657534246575374,-0.03082191780821908,-0.07876712328767121,0.022260273972602773,2024H1
601158,2024-02-20,1,bull,none,shrinking_volume_acceleration,current_week,-0.07432432432432423,-0.0760135135135136,-0.054054054054053946,-0.09121621621621623,0.008445945945945832,2024H1
601158,2024-03-25,0,mid,none,pullback_holds,current_week,0.037837837837837895,-0.06846846846846844,-0.09369369369369362,-0.0738738738738739,0.05405405405405417,2024H1
601158,2024-03-26,1,mid,none,pullback_holds,current_week,0.035778175313059046,-0.07334525939177106,-0.10017889087656517,-0.08407871198568873,0.04651162790697683,2024H1
601158,2024-03-27,2,mid,none,pullback_holds,current_week,-0.045126353790613694,-0.09025270758122739,-0.08483754512635377,-0.09025270758122739,0.05595667870036114,2024H1
601158,2024-03-28,3,mid,none,pullback_holds,current_week,-0.06082289803220031,-0.09123434704830047,-0.09123434704830047,-0.12522361359570666,0.04651162790697683,2024H1
601158,2024-03-29,4,mid,macd_stabilizing,two_day_acceleration,current_week,-0.09122807017543866,-0.12631578947368416,-0.10701754385964912,-0.14210526315789485,0.026315789473684292,2024H1
601228,2024-04-30,1,bull,ma_bull,shrinking_volume_acceleration,current_week,0.008849557522123908,0.0,-0.02359882005899705,-0.017699115044247815,0.026548672566371723,2024H1
601228,2024-05-06,0,bull,ma_bull,pullback_holds,current_week,-0.00291545189504383,-0.011661807580174988,-0.04956268221574345,-0.029154518950437303,0.014577259475218707,2024H1
601228,2024-05-10,4,bull,ma_bull,pullback_holds,current_week,-0.011661807580174988,-0.0437317784256559,-0.04956268221574345,-0.055393586005830886,0.0,2024H1
601228,2024-05-27,0,mid,none,pullback_holds,current_week,-0.012121212121212088,-0.03939393939393954,-0.07272727272727275,-0.045454545454545525,0.015151515151515138,2024H1
601228,2024-05-30,3,mid,none,pullback_holds,current_week,-0.04216867469879526,-0.06325301204819289,-0.08132530120481929,-0.07228915662650603,0.003012048192771122,2024H1
601228,2024-11-01,4,mid,ma_bull,pullback_holds,current_week,0.034782608695652195,-0.008695652173913104,0.005797101449275477,-0.011594202898550732,0.05507246376811592,2024H2
601228,2024-11-05,1,bull,ma_bull,two_day_acceleration,current_week,-0.008498583569405138,-0.014164305949008527,0.008498583569405138,-0.03682719546742219,0.031161473087818692,2024H2
601228,2024-11-19,1,mid,ma_bull,pullback_holds,current_week,-0.00867052023121384,0.028901734104046284,0.011560693641618602,-0.037572254335260125,0.054913294797687806,2024H2
601228,2024-11-20,2,bull,ma_bull,pullback_holds,current_week,-0.028490028490028463,0.0,0.005698005698005604,-0.05128205128205132,0.03988603988603989,2024H2
601228,2024-11-21,3,bull,ma_bull,pullback_holds,current_week,0.0,0.00867052023121384,0.011560693641618602,-0.037572254335260125,0.054913294797687806,2024H2
601228,2024-11-26,1,mid,ma_bull,pullback_holds,current_week,0.04398826979472137,0.035190615835777095,0.011730205278592365,-0.02346041055718473,0.06451612903225801,2024H2
601228,2024-11-27,2,mid,ma_bull,pullback_holds,current_week,0.032352941176470695,0.05294117647058827,0.00588235294117645,-0.002941176470588225,0.0676470588235294,2024H2
601228,2024-11-28,3,mid,ma_bull,pullback_holds,current_week,0.00867052023121384,0.040462427745664886,-0.017341040462427793,-0.0028901734104045396,0.049132947976878505,2024H2
601228,2024-11-29,4,mid,ma_bull,pullback_holds,current_week,0.02005730659025784,0.008595988538681931,-0.011461318051575908,-0.005730659025787954,0.04011461318051568,2024H2
601228,2024-12-02,0,bull,ma_bull,two_day_acceleration,current_week,-0.008403361344537896,-0.008403361344537896,-0.03921568627450989,-0.025210084033613578,0.01680672268907557,2024H2
601228,2024-12-11,2,bull,ma_bull,shrinking_volume_acceleration,current_week,-0.013966480446927276,-0.04469273743016766,-0.10614525139664799,-0.05307262569832405,0.011173184357541999,2024H2
601228,2024-12-16,0,bull,ma_bull,pullback_holds,current_week,-0.03661971830985922,-0.03380281690140852,-0.09295774647887323,-0.04788732394366202,0.011267605633802802,2024H2
601228,2024-12-18,2,bull,ma_bull,pullback_holds,current_week,-0.02285714285714291,-0.06571428571428573,-0.08285714285714285,-0.0714285714285714,0.005714285714285783,2024H2
601228,2025-01-27,0,mid,none,pullback_holds,current_week,0.012461059190031154,-0.0031152647975076775,-0.015576323987538832,-0.012461059190031154,0.02180685358255463,2025H1
601228,2025-02-06,3,mid,none,pullback_holds,current_week,0.009316770186335255,-0.015527950310559091,-0.021739130434782705,-0.015527950310559091,0.01863354037267073,2025H1
601228,2025-02-24,0,bull,none,pullback_holds,current_week,-0.01572327044025168,-0.012578616352201255,0.012578616352201255,-0.018867924528301883,0.0031446540880502027,2025H1
601228,2025-02-26,2,bull,none,pullback_holds,current_week,-0.012578616352201255,-0.0062893081761006275,0.03144654088050314,-0.018867924528301883,0.0031446540880502027,2025H1
601228,2025-02-27,3,bull,none,pullback_holds,current_week,-0.006309148264984188,-0.003154574132492094,0.028391167192429068,-0.01577287066246047,0.003154574132492094,2025H1
601228,2025-03-20,3,bull,none,pullback_holds,current_week,0.018750000000000044,0.034375000000000044,-0.009375000000000022,-0.006249999999999978,0.04062499999999991,2025H1
601228,2026-01-06,1,bull,macd_stabilizing,pullback_holds,current_week,0.09756097560975596,0.10365853658536572,0.04878048780487787,-0.009146341463414753,0.125,2026H1
601228,2026-01-08,3,bull,macd_stabilizing,pullback_holds,current_week,0.054711246200607855,0.09726443768996962,0.054711246200607855,-0.006079027355623157,0.12158054711246202,2026H1
601228,2026-01-09,4,bull,macd_stabilizing,pullback_holds,current_week,0.10942249240121571,0.13981762917933138,0.054711246200607855,0.0,0.14893617021276606,2026H1
601228,2026-02-24,1,bull,ma_bull,pullback_holds,current_week,0.031791907514451045,0.020231213872832443,-0.028901734104046284,-0.011560693641618491,0.06069364161849711,2026H1
601228,2026-02-25,2,bull,ma_bull,two_day_acceleration,current_week,-0.025423728813559254,0.008474576271186418,-0.02259887005649719,-0.03389830508474578,0.03672316384180796,2026H1
601228,2026-02-26,3,bull,ma_bull,pullback_holds,current_week,0.0,0.0372492836676217,-0.008595988538682042,-0.02005730659025795,0.05157593123209159,2026H1
601228,2026-04-08,2,mid,macd_stabilizing,two_day_acceleration,current_week,-0.049707602339181256,-0.05555555555555558,-0.04385964912280704,-0.05555555555555558,0.011695906432748648,2026H1
601228,2026-04-09,3,mid,none,pullback_holds,current_week,-0.03834808259587019,-0.03834808259587019,-0.04424778761061943,-0.0471976401179941,0.017699115044247815,2026H1
601228,2026-04-10,4,mid,none,pullback_holds,current_week,-0.038461538461538436,-0.041420118343195145,-0.041420118343195145,-0.047337278106508784,0.002958579881656931,2026H1
601228,2026-04-29,2,bull,none,pullback_holds,current_week,0.006153846153846176,-0.03692307692307695,-0.03076923076923077,-0.043076923076923124,0.024615384615384706,2026H1
601228,2026-05-06,2,bull,none,pullback_holds,current_week,-0.006134969325153339,-0.039877300613497035,-0.039877300613497035,-0.046012269938650374,0.021472392638036686,2026H1
601228,2026-05-07,3,bull,none,pullback_holds,current_week,-0.021472392638036908,-0.049079754601227044,-0.06134969325153383,-0.049079754601227044,0.021472392638036686,2026H1
601228,2026-05-08,4,bull,none,pullback_holds,current_week,-0.045454545454545525,-0.06363636363636371,-0.07272727272727275,-0.0696969696969697,0.003030303030302939,2026H1
000768,2024-11-04,0,bull,ma_bull,shrinking_volume_acceleration,current_week,0.04392587508579271,-0.07035003431708997,-0.07137954701441307,-0.08030199039121477,0.12010981468771442,2024H2
000768,2024-11-28,3,mid,ma_bull,pullback_holds,current_week,-0.017784364579473855,0.01519081141163392,-0.033716191181919264,-0.03038162282326784,0.024082993701370903,2024H2
000768,2024-12-02,0,bull,none,pullback_holds,current_week,-0.0266469282013323,-0.029977794226498822,0.011843079200592133,-0.032198371576609874,0.022945965951147285,2024H2
000768,2024-12-12,3,bull,none,two_day_acceleration,current_week,-0.044819985304922816,-0.04188096987509171,-0.02424687729610564,-0.06649522409992648,0.0,2024H2
000768,2024-12-27,4,bull,none,two_day_acceleration,current_week,-0.07960381511371983,-0.04255319148936165,-0.06676449009537788,-0.0957446808510638,0.06199559794570786,2024H2
000768,2024-12-31,1,mid,macd_stabilizing,two_day_acceleration,current_week,-0.06801470588235281,-0.022058823529411686,-0.051470588235294046,-0.09374999999999989,0.008823529411764675,2024H2
000768,2025-02-07,4,mid,none,pullback_holds,current_week,-0.019744483159117365,-0.030584591560201435,-0.024777390631049223,-0.05884630274874181,0.008904374758033295,2025H1
000768,2025-08-04,0,bull,ma_bull,shrinking_volume_acceleration,current_week,0.004181184668989646,-0.024390243902439046,0.008710801393728262,-0.04181184668989546,0.04529616724738683,2025H2
000768,2025-08-05,1,bull,ma_bull,pullback_holds,current_week,-0.026197862805929062,-0.03412616339193386,-0.011375387797311287,-0.05205101689072744,0.03412616339193386,2025H2
000768,2025-08-06,2,bull,ma_bull,two_day_acceleration,current_week,-0.04203389830508464,-0.04406779661016946,-0.12338983050847463,-0.06779661016949157,0.0003389830508475633,2025H2
000768,2025-08-07,3,bull,ma_bull,pullback_holds,current_week,-0.036805555555555536,-0.00694444444444442,-0.1274305555555556,-0.04513888888888895,0.012152777777777901,2025H2
000768,2025-08-08,4,bull,ma_bull,pullback_holds,current_week,-0.03370396108408613,0.008686587908269594,-0.12265462126476723,-0.04447533009034055,0.012856150104239017,2025H2
000768,2025-08-18,0,bull,ma_bull,two_day_acceleration,current_week,0.04428571428571426,0.03392857142857131,-0.11035714285714282,-0.022499999999999964,0.05214285714285727,2025H2
000768,2025-08-20,2,bull,ma_bull,pullback_holds,current_week,-0.004959263195182473,-0.08395324123273118,-0.1250442791356713,-0.08572440665958192,0.043570669500531345,2025H2
000768,2025-08-21,3,bull,ma_bull,pullback_holds,current_week,-0.006988120195667302,-0.12194269741439556,-0.1418588399720475,-0.13696715583508046,0.029350104821803003,2025H2
000768,2025-08-22,4,bull,ma_bull,shrinking_volume_acceleration,current_week,-0.012649572649572671,-0.1367521367521367,-0.14393162393162395,-0.15555555555555556,0.007179487179487243,2025H2
000768,2025-10-13,0,bull,none,shrinking_volume_acceleration,current_week,-0.05551415797317427,-0.034649776453055114,-0.052533532041728725,-0.06296572280178825,0.013412816691505292,2025H2
000768,2025-10-29,2,bull,none,pullback_holds,current_week,-0.032295271049596286,-0.03498654363706266,-0.06420607458669747,-0.042675893886966576,0.0,2025H2
000768,2025-11-10,0,bull,none,pullback_holds,current_week,-0.014504116032928338,-0.01724813798510394,-0.05527244217953742,-0.057624460995688076,0.0015680125441002168,2025H2
000768,2026-01-22,3,bull,ma_bull,two_day_acceleration,current_week,-0.06780205655526994,-0.033419023136246784,-0.009318766066838013,-0.10057840616966573,0.001928020565552746,2026H1
000768,2026-05-12,1,bull,none,two_day_acceleration,current_week,-0.0754046585076984,-0.11883142518752476,-0.20450059218318195,-0.1567311488353732,0.006711409395973034,2026H1
000676,2023-07-31,0,bull,none,pullback_holds,current_week,0.023255813953488413,0.02635658914728678,-0.10077519379844968,-0.02635658914728678,0.04961240310077519,2023H2
000676,2023-08-01,1,bull,none,pullback_holds,current_week,0.03410852713178292,-0.010852713178294615,-0.05581395348837215,-0.02635658914728678,0.04961240310077519,2023H2
000676,2023-08-02,2,bull,none,pullback_holds,current_week,0.007704160246533087,-0.05855161787365171,-0.046224961479198745,-0.07087827426810478,0.04314329738058564,2023H2
000676,2023-08-08,1,bull,none,two_day_acceleration,current_week,-0.037707390648567096,-0.07843137254901955,-0.07843137254901955,-0.10105580693815985,0.021116138763197734,2023H2
000676,2023-09-11,0,mid,none,two_day_acceleration,current_week,-0.05016181229773453,0.025889967637540368,0.12135922330097082,-0.08576051779935268,0.07281553398058249,2023H2
000676,2023-09-12,1,mid,none,pullback_holds,current_week,-0.06504065040650409,0.021138211382113692,0.1495934959349594,-0.08130081300813008,0.07804878048780473,2023H2
000676,2023-11-08,2,mid,ma_bull,shrinking_volume_acceleration,current_week,-0.006896551724137945,0.12988505747126422,-0.039080459770115095,-0.09080459770114957,0.21149425287356327,2023H2
000676,2024-02-23,4,bull,none,two_day_acceleration,current_week,0.026279391424619547,0.008298755186721962,0.09266943291839547,-0.04149377593361003,0.09128630705394203,2024H1
000676,2024-03-14,3,bull,none,pullback_holds,current_week,0.06657789613848197,-0.04127829560585883,-0.12916111850865508,-0.08122503328894803,0.07456724367509993,2024H1
000676,2024-03-18,0,bull,none,two_day_acceleration,current_week,-0.0064683053040104355,-0.040103492884864256,-0.18887451487710216,-0.10737386804657179,0.043984476067270295,2024H1
000676,2024-11-13,2,bull,ma_bull,shrinking_volume_acceleration,current_week,-0.08759124087591252,-0.1140510948905109,-0.039233576642335954,-0.166058394160584,0.019160583941605802,2024H2
000676,2024-12-09,0,bull,ma_bull,shrinking_volume_acceleration,current_week,-0.07749077490774903,-0.151291512915129,-0.26199261992619927,-0.15405904059040587,0.014760147601476037,2024H2
000676,2024-12-11,2,bull,ma_bull,shrinking_volume_acceleration,current_week,-0.0953729933899905,-0.16619452313503302,-0.24457034938621336,-0.18035882908404155,0.03871576959395662,2024H2
000676,2025-02-10,0,mid,none,shrinking_volume_acceleration,current_week,0.011714589989350266,-0.024494142705005384,-0.06602768903088407,-0.053248136315228956,0.03727369542066028,2025H1
000676,2025-02-12,2,bull,none,shrinking_volume_acceleration,current_week,-0.03488372093023251,-0.01374207188160681,-0.05602536997885843,-0.060253699788583526,0.029598308668076,2025H1
000676,2025-02-13,3,bull,none,two_day_acceleration,current_week,-0.03177966101694907,-0.03601694915254239,-0.07521186440677952,-0.05826271186440668,0.03177966101694918,2025H1
000676,2025-02-26,2,bull,none,pullback_holds,current_week,-0.053879310344827624,-0.037715517241379226,-0.10344827586206884,-0.08620689655172398,0.015086206896551824,2025H1
000676,2025-03-14,4,bull,none,shrinking_volume_acceleration,current_week,-0.028953229398663627,-0.08574610244988856,-0.16369710467706022,-0.0902004454342985,0.04231625835189301,2025H1
000676,2025-03-20,3,bull,none,pullback_holds,current_week,-0.07046979865771796,-0.09507829977628635,-0.14429530201342278,-0.10514541387024601,0.0,2025H1
000676,2025-04-21,0,mid,none,pullback_holds,current_week,-0.03713188220230479,0.09987195902688861,0.05633802816901401,-0.04609475032010246,0.14852752880921893,2025H1
000676,2025-04-22,1,mid,none,pullback_holds,current_week,-0.02292993630573259,0.06369426751592355,0.014012738853503182,-0.05095541401273884,0.14267515923566876,2025H1
000676,2025-04-23,2,mid,none,shrinking_volume_acceleration,current_week,0.001280409731113874,0.07170294494238161,0.04225352112676051,-0.04609475032010246,0.14852752880921893,2025H1
000676,2025-04-24,3,mid,none,pullback_holds,current_week,0.07180156657963455,0.08485639686684077,0.050913838120104415,-0.02741514360313313,0.17101827676240222,2025H1
000676,2025-04-25,4,mid,none,pullback_holds,current_week,0.05981794538361518,0.08582574772431717,0.05981794538361518,-0.031209362808842678,0.1664499349804942,2025H1
000676,2025-08-21,3,bull,ma_bull,two_day_acceleration,current_week,0.14498510427010913,0.03972194637537241,-0.00893743793445878,0.0,0.2810327706057596,2025H2
000676,2025-08-28,3,bull,ma_bull,shrinking_volume_acceleration,current_week,-0.0895652173913043,-0.12782608695652176,-0.12347826086956526,-0.17391304347826086,0.12173913043478257,2025H2
000676,2025-10-09,3,bull,none,pullback_holds,current_week,-0.06395939086294411,-0.07512690355329954,-0.07512690355329954,-0.09543147208121827,0.006091370558375608,2025H2
000676,2025-10-27,0,bull,none,pullback_holds,current_week,0.017391304347825987,-0.021739130434782705,0.043478260869564966,-0.03152173913043488,0.017391304347825987,2025H2
000676,2025-11-03,0,bull,none,two_day_acceleration,current_week,-0.03536977491961413,-0.048231511254019255,-0.003215434083601254,-0.06752411575562689,0.0,2025H2
000676,2025-11-04,1,bull,none,pullback_holds,current_week,-0.012048192771084487,0.005476451259583737,-0.005476451259583848,-0.0470974808324206,0.017524644030668224,2025H2
000676,2025-11-11,1,bull,none,pullback_holds,current_week,0.020000000000000018,0.05666666666666664,-0.06666666666666665,-0.033333333333333215,0.0755555555555556,2025H2
000676,2025-11-18,1,mid,none,two_day_acceleration,current_week,0.03482045701849845,-0.01196953210010876,-0.09684439608269846,-0.04570184983677905,0.071817192600653,2025H2
000676,2025-11-19,2,mid,none,pullback_holds,current_week,0.05082872928176796,-0.030939226519337115,-0.08066298342541445,-0.03314917127071826,0.08839779005524839,2025H2
000676,2025-11-20,3,mid,none,pullback_holds,current_week,0.04891922639362911,-0.03412969283276457,-0.060295790671217375,-0.04436860068259396,0.12059158134243453,2025H2
000676,2025-12-30,1,bull,none,two_day_acceleration,current_week,0.048235294117647154,0.21176470588235308,0.13411764705882367,-0.005882352941176561,0.2941176470588236,2025H2
000676,2026-01-05,0,bull,none,two_day_acceleration,current_week,0.16400911161731213,0.07289293849658329,0.08314350797266523,-0.01252847380410016,0.25284738041002286,2026H1
605208,2025-05-07,2,bull,none,two_day_acceleration,current_week,0.11841100076394206,0.035141329258976395,-0.02062643239113826,-0.027501909854851014,0.18563789152024435,2025H1
605208,2025-06-19,3,mid,ma_bull,pullback_holds,current_week,0.010284810126582222,0.027689873417721556,0.07120253164556956,-0.06170886075949378,0.07674050632911378,2025H1
605208,2025-06-30,0,bull,none,two_day_acceleration,current_week,-0.0317700453857791,0.016641452344931862,-0.012102874432677768,-0.04841149773071107,0.03706505295007556,2025H1
605208,2025-07-18,4,bull,none,pullback_holds,current_week,-0.01573033707865157,-0.04868913857677892,0.15355805243445708,-0.07940074906367034,0.044194756554307046,2025H2
605208,2025-08-04,0,bull,ma_bull,two_day_acceleration,current_week,0.014525993883792054,0.22553516819571873,0.1620795107033639,-0.01834862385321101,0.24311926605504608,2025H2
605208,2025-08-05,1,bull,ma_bull,pullback_holds,current_week,0.11042471042471047,0.22239382239382222,0.15598455598455585,-0.006949806949807069,0.2934362934362933,2025H2
605208,2025-08-06,2,bull,ma_bull,pullback_holds,current_week,0.1033962264150945,0.13962264150943393,0.08226415094339612,-0.02943396226415096,0.26415094339622636,2025H2
605208,2025-08-07,3,bull,ma_bull,pullback_holds,current_week,0.1200000000000001,0.1330769230769231,0.08538461538461539,-0.010769230769230864,0.28846153846153855,2025H2
605208,2025-08-08,4,bull,ma_bull,pullback_holds,current_week,0.1800766283524904,0.11877394636015315,0.11570881226053631,-0.006896551724137945,0.28352490421455934,2025H2
605208,2025-08-26,1,bull,ma_bull,shrinking_volume_acceleration,current_week,-0.0013342228152101177,-0.036691127418278846,-0.0013342228152101177,-0.07471647765176781,0.03202134756504349,2025H2
605208,2025-08-29,4,bull,ma_bull,shrinking_volume_acceleration,current_week,-0.021505376344086002,0.03427419354838701,-0.02016129032258074,-0.0678763440860215,0.07056451612903225,2025H2
605208,2025-09-01,0,bull,ma_bull,two_day_acceleration,current_week,-0.04705882352941182,0.012418300653594727,-0.04771241830065365,-0.0934640522875817,0.04117647058823515,2025H2
605208,2025-09-22,0,mid,ma_bull,pullback_holds,current_week,-0.05204944697462599,-0.09043591411841256,0.020819778789850307,-0.09564085881587514,0.008458035133376729,2025H2
605208,2025-10-27,0,bull,none,two_day_acceleration,current_week,0.002631578947368318,-0.03092105263157896,-0.14802631578947367,-0.03881578947368436,0.06184210526315792,2025H2
605208,2025-10-31,4,bull,macd_stabilizing,shrinking_volume_acceleration,current_week,-0.037686809616634176,-0.0578297595841456,-0.1293047433398311,-0.07732293697205972,0.005198180636777128,2025H2
605208,2025-12-25,3,bull,none,two_day_acceleration,current_week,0.02544910179640736,0.026197604790419327,0.05988023952095811,-0.018712574850299424,0.03667664670658688,2025H2
605208,2026-01-21,2,bull,none,shrinking_volume_acceleration,current_week,0.008498583569405138,-0.04886685552407943,-0.03186968838526916,-0.07011331444759206,0.0382436260623229,2026H1
605208,2026-02-25,2,bull,macd_stabilizing,pullback_holds,current_week,-0.09798270893371763,-0.03818443804034588,-0.026657060518732068,-0.11599423631123928,0.0028818443804032867,2026H1
605208,2026-02-26,3,bull,macd_stabilizing,pullback_holds,current_week,-0.06439674315321975,-0.012583271650629113,-0.011102886750555152,-0.09178386380458925,0.024426350851221246,2026H1
605208,2026-02-27,4,bull,macd_stabilizing,shrinking_volume_acceleration,current_week,-0.05563689604685207,-0.03879941434846257,-0.034407027818448066,-0.10175695461200585,0.01171303074670571,2026H1
605208,2026-08-06,3,mid,none,shrinking_volume_acceleration,current_week,0.022505626406601698,0.05326331582895727,0.11327831957989498,-0.01650412603150797,0.15003750937734428,2026H2
605208,2026-08-20,3,mid,none,pullback_holds,current_week,0.012756909992913013,0.05173635719347991,,-0.05598866052445073,0.0644932671863927,2026H2
605208,2026-08-26,2,mid,none,pullback_holds,current_week,0.056468906361687,0.06504646175839879,,-0.0007147962830592602,0.09292351679771271,2026H2
605208,2026-08-27,3,mid,none,pullback_holds,current_week,0.03848845346396068,0.043386983904828424,,-0.019594121763471084,0.06997900629811049,2026H2
000798,2023-03-03,4,bull,ma_bull,two_day_acceleration,current_week,-0.043369474562135024,-0.08507089241034194,-0.061718098415346145,-0.08673894912427016,0.030859049207673017,2023H1
000798,2023-04-11,1,bull,none,pullback_holds,current_week,0.0439663236669785,0.027128157156220745,0.14593077642656693,-0.022450888681010195,0.11506080449017775,2023H1
000798,2023-05-05,4,bull,none,shrinking_volume_acceleration,current_week,0.05150214592274671,0.04978540772532192,-0.1330472103004292,-0.006866952789699621,0.09699570815450653,2023H1
000798,2023-06-16,4,mid,none,pullback_holds,current_week,-0.020038167938931428,-0.022900763358778664,-0.029580152671755733,-0.04484732824427484,0.021946564885496178,2023H1
000798,2025-08-01,4,bull,ma_bull,pullback_holds,current_week,0.017073170731707332,0.010975609756097793,-0.01707317073170722,-0.019512195121951015,0.07317073170731736,2025H2
000798,2025-08-20,2,bull,ma_bull,shrinking_volume_acceleration,current_week,-0.029832935560859197,-0.06324582338902152,-0.011933174224343812,-0.07398568019093088,0.014319809069212264,2025H2
000798,2025-09-01,0,bull,ma_bull,pullback_holds,current_week,0.0,0.02319902319902334,-0.04029304029304015,-0.04639804639804623,0.03174603174603163,2025H2
000798,2025-09-09,1,bull,ma_bull,pullback_holds,current_week,0.02825552825552835,-0.051597051597051746,-0.011056511056511065,-0.07862407862407872,0.038083538083537816,2025H2
000798,2025-09-15,0,bull,ma_bull,shrinking_volume_acceleration,current_week,-0.061077844311377194,-0.05868263473053881,-0.01676646706586815,-0.10179640718562866,0.007185628742514938,2025H2
000798,2025-09-29,0,bull,none,shrinking_volume_acceleration,current_week,0.02411167512690371,0.04187817258883264,0.043147208121827596,-0.026649746192893398,0.04187817258883264,2025H2
000798,2025-10-10,4,bull,none,pullback_holds,current_week,0.023255813953488413,0.04909560723514228,0.06976744186046502,-0.009043927648578864,0.07751937984496116,2025H2
000798,2025-10-14,1,bull,macd_stabilizing,pullback_holds,current_week,0.0173482032218093,0.011152416356877248,0.049566294919454856,-0.019826517967781898,0.03345724907063197,2025H2
000798,2025-10-15,2,bull,macd_stabilizing,pullback_holds,current_week,0.024844720496894235,0.004968944099378758,0.05217391304347818,-0.01739130434782621,0.03602484472049672,2025H2
000798,2025-10-16,3,bull,macd_stabilizing,pullback_holds,current_week,0.04648241206030157,0.007537688442210921,0.07035175879396971,-0.006281407035175879,0.047738693467336724,2025H2
000798,2025-10-17,4,mid,none,pullback_holds,current_week,0.016270337922403177,0.005006257822277815,0.17271589486858585,-0.007509386733416723,0.04380475594493105,2025H2
000798,2025-10-20,0,mid,macd_stabilizing,pullback_holds,current_week,-0.0012437810945276073,0.00995024875621886,0.28233830845771135,-0.009950248756218971,0.03731343283582067,2025H2
000798,2025-10-21,1,bull,macd_stabilizing,two_day_acceleration,current_week,-0.001223990208078285,0.006119951040391758,0.3880048959608322,-0.025703794369644983,0.02080783353733162,2025H2
000798,2025-10-23,3,bull,macd_stabilizing,two_day_acceleration,current_week,-0.020757020757020794,0.006105006105006083,0.6752136752136755,-0.028083028083027983,0.014652014652014822,2025H2
000798,2025-10-24,4,bull,macd_stabilizing,pullback_holds,current_week,-0.011083743842364768,0.0197044334975367,0.8583743842364528,-0.019704433497537033,0.02463054187192104,2025H2
000798,2025-10-28,1,bull,none,pullback_holds,current_week,0.007352941176470562,0.03799019607843146,0.8308823529411764,-0.02450980392156865,0.03921568627450989,2025H2
000798,2025-11-03,0,bull,ma_bull,pullback_holds,current_week,0.035758323057953234,0.27127003699136876,0.5351418002466093,-0.006165228113440113,0.27127003699136876,2025H2
000798,2025-11-04,1,bull,ma_bull,two_day_acceleration,current_week,0.03799019607843146,0.3897058823529411,0.5772058823529413,0.0,0.3897058823529411,2025H2
000798,2025-11-07,4,bull,ma_bull,shrinking_volume_acceleration,current_week,0.1289156626506025,0.8180722891566263,0.3674698795180722,-0.0072289156626507145,0.8180722891566263,2025H2
000798,2025-11-10,0,bull,macd_cross,two_day_acceleration,current_week,0.22446555819477432,0.971496437054632,0.38361045130641336,-0.0071258907363420665,0.971496437054632,2025H2
000798,2025-11-13,3,bull,ma_bull,two_day_acceleration,current_week,0.6065573770491803,0.4180327868852456,0.30327868852459017,0.0,0.9437939110070257,2025H2
000798,2025-12-01,0,mid,ma_bull,two_day_acceleration,current_week,-0.04115226337448563,-0.04444444444444451,-0.10699588477366262,-0.11111111111111105,0.1020576131687243,2025H2
000798,2026-01-05,0,bull,none,shrinking_volume_acceleration,current_week,0.1335841956726247,0.04045155221072427,0.05738476011288807,-0.0037629350893697566,0.17403574788334897,2026H1
000798,2026-04-08,2,mid,none,two_day_acceleration,current_week,0.0019417475728153999,-0.024271844660194164,-0.08058252427184465,-0.029126213592233108,0.05728155339805818,2026H1
000798,2026-04-09,3,mid,none,pullback_holds,current_week,0.0107108081791627,-0.03992210321324252,-0.10223953261927932,-0.04771178188899705,0.060370009737098496,2026H1
000798,2026-04-10,4,mid,none,pullback_holds,current_week,-0.005825242718446644,-0.10388349514563111,-0.1029126213592233,-0.12427184466019425,0.05728155339805818,2026H1
000798,2026-04-16,3,mid,none,pullback_holds,current_week,-0.049180327868852625,-0.10221793635486986,-0.12536162005785922,-0.13982642237222764,0.050144648023143557,2026H1
603223,2025-04-22,1,mid,none,two_day_acceleration,current_week,-0.028121484814398245,-0.010123734533183382,0.05399325084364448,-0.059617547806524285,0.03712035995500562,2025H1
603223,2025-07-10,3,bull,ma_bull,two_day_acceleration,current_week,-0.007292616226071136,0.020054694621695512,-0.08477666362807657,-0.07383773928896997,0.03008204193254338,2025H2
603223,2025-07-11,4,bull,ma_bull,shrinking_volume_acceleration,current_week,-0.03842716711349414,-0.024128686327077764,-0.08310991957104552,-0.09204647006255584,0.011617515638963516,2025H2
603223,2025-07-22,1,bull,ma_bull,two_day_acceleration,current_week,-0.09363636363636363,-0.08909090909090911,-0.10090909090909084,-0.11818181818181805,0.029090909090909056,2025H2
603223,2025-07-23,2,bull,ma_bull,pullback_holds,current_week,-0.09283088235294112,-0.07996323529411775,-0.09742647058823528,-0.10845588235294112,0.04044117647058809,2025H2
603223,2025-07-25,4,bull,ma_bull,pullback_holds,current_week,-0.044660194174757306,-0.003883495145631133,-0.04660194174757282,-0.058252427184465994,0.01941747572815533,2025H2
603223,2025-08-04,0,bull,ma_bull,two_day_acceleration,current_week,0.0239520958083832,0.001996007984031989,-0.05688622754491002,-0.012974051896207484,0.03692614770459102,2025H2
603223,2025-08-18,0,bull,none,pullback_holds,current_week,0.009960159362549792,-0.05876494023904377,-0.05278884462151401,-0.0627490039840638,0.0229083665338643,2025H2
603223,2025-09-09,1,bull,none,two_day_acceleration,current_week,0.030239833159541263,0.004171011470281538,0.01564129301355588,-0.03858185610010423,0.04796663190823791,2025H2
603223,2025-09-10,2,bull,none,pullback_holds,current_week,0.04477611940298498,0.04264392324093791,0.04477611940298498,-0.017057569296375252,0.0714285714285714,2025H2
603223,2025-09-12,4,bull,none,pullback_holds,current_week,0.036131774707757636,0.0340063761955367,0.019128586609989284,-0.020191285866099862,0.0680127523910734,2025H2
603223,2025-09-24,2,bull,none,two_day_acceleration,current_week,-0.03476482617586907,0.002044989775051187,-0.023517382413087762,-0.036809815950920144,0.04192229038854811,2025H2
603223,2025-10-23,3,bull,none,pullback_holds,current_week,-0.02051282051282044,0.036923076923076836,0.09743589743589753,-0.022564102564102684,0.037948717948718125,2025H2
603223,2025-10-24,4,bull,none,pullback_holds,current_week,0.018499486125385323,0.043165467625899234,0.060637204522096644,-0.020554984583761704,0.05344295991777992,2025H2
603223,2025-11-06,3,bull,none,two_day_acceleration,current_week,0.03373015873015861,0.06150793650793651,0.1359126984126986,-0.004960317460317554,0.08630952380952395,2025H2
603223,2025-11-13,3,bull,macd_cross,shrinking_volume_acceleration,current_week,0.032818532818533086,-0.008687258687258725,-0.06467181467181471,-0.019305019305019266,0.056949806949807114,2025H2
603223,2025-11-17,0,mid,none,two_day_acceleration,current_week,-0.050000000000000044,-0.00462962962962965,-0.13240740740740742,-0.062037037037037,0.01388888888888884,2025H2
603223,2025-12-08,0,bull,ma_bull,shrinking_volume_acceleration,current_week,-0.1737213403880069,-0.14991181657848318,-0.17989417989417977,-0.1992945326278659,0.03527336860670194,2025H2
603223,2025-12-22,0,bull,none,pullback_holds,current_week,-0.028124999999999956,-0.03124999999999989,0.07604166666666679,-0.03645833333333326,0.018750000000000044,2025H2
603223,2025-12-24,2,bull,none,shrinking_volume_acceleration,current_week,-0.02617801047120416,-0.013612565445026203,0.09947643979057585,-0.03664921465968585,0.021989528795811397,2025H2
603223,2026-01-19,0,bull,macd_cross,shrinking_volume_acceleration,current_week,-0.017077798861480198,-0.0759013282732448,-0.07685009487666039,-0.07685009487666039,0.02561669829222013,2026H1
603223,2026-01-22,3,bull,macd_cross,shrinking_volume_acceleration,current_week,-0.041984732824427384,-0.07442748091603046,-0.08683206106870234,-0.08110687022900764,0.020038167938931206,2026H1
603223,2026-08-06,3,mid,ma_bull,pullback_holds,current_week,-0.03432700993676607,-0.05149051490514911,-0.05962059620596205,-0.06233062330623307,0.008130081300812941,2026H2
603223,2026-08-17,0,mid,none,shrinking_volume_acceleration,current_week,-0.06853020739404869,-0.06402164111812436,-0.11812443642921555,-0.09558160504959423,0.006311992786294018,2026H2
603223,2026-09-08,1,mid,none,pullback_holds,current_week,-0.046692607003890885,,,-0.052529182879377356,0.015564202334630295,2026H2
600753,2025-11-10,0,bull,ma_bull,two_day_acceleration,current_week,0.08808290155440424,0.06476683937823835,0.050518134715025864,-0.0012953367875647714,0.13471502590673579,2025H2
600753,2025-11-12,2,bull,ma_bull,two_day_acceleration,current_week,0.048040455120101244,0.05689001264222493,0.008849557522123908,-0.020227560050568916,0.10745891276864716,2025H2
600753,2025-11-20,3,mid,ma_bull,pullback_holds,current_week,0.0556242274412857,0.014833127317676276,-0.02966625463535222,-0.03955500618046959,0.09270704573547595,2025H2
600753,2025-12-30,1,bull,ma_bull,two_day_acceleration,current_week,0.0023980815347721673,-0.025179856115107757,0.04916067146282965,-0.03956834532374098,0.03477218225419665,2025H2
600753,2026-01-19,0,bull,ma_bull,pullback_holds,current_week,0.028048780487804903,0.040243902439024426,0.10243902439024422,0.0,0.11707317073170742,2026H1
600753,2026-01-20,1,bull,ma_bull,two_day_acceleration,current_week,0.03305785123966931,0.022432113341204207,0.12042502951593859,-0.031877213695395645,0.0814639905548995,2026H1
600753,2026-01-21,2,bull,ma_bull,pullback_holds,current_week,0.047158403869407506,0.037484885126964906,0.20435308343409941,-0.006045949214026458,0.10761789600967364,2026H1
600753,2026-01-22,3,bull,ma_bull,shrinking_volume_acceleration,current_week,0.04916067146282965,0.027577937649880147,0.2541966426858515,-0.014388489208633004,0.09832134292565953,2026H1
600753,2026-01-26,0,bull,ma_bull,two_day_acceleration,current_week,0.011862396204033177,0.029655990510083052,0.2241992882562278,-0.005931198102016477,0.08659549228944252,2026H1
600753,2026-01-29,3,bull,ma_bull,shrinking_volume_acceleration,current_week,-0.03707865168539326,-0.03370786516853941,0.1573033707865168,-0.05056179775280911,0.02921348314606731,2026H1
600753,2026-01-30,4,bull,ma_bull,two_day_acceleration,current_week,-0.028216704288939076,-0.028216704288939076,0.2212189616252822,-0.04627539503386002,0.015801354401805856,2026H1
600753,2026-02-09,0,bull,ma_bull,pullback_holds,current_week,0.04147465437788034,0.1889400921658988,0.39861751152073754,-0.020737327188940058,0.2764976958525347,2026H1
600753,2026-04-28,1,bull,ma_bull,shrinking_volume_acceleration,current_week,0.03007518796992481,0.03684210526315801,-0.011278195488721776,-0.05563909774436093,0.080451127819549,2026H1
600753,2026-04-30,3,bull,ma_bull,shrinking_volume_acceleration,current_week,0.055386949924127515,0.054628224582701,-0.026555386949924098,-0.009863429438543125,0.09028831562974204,2026H1
600753,2026-05-12,1,bull,ma_bull,two_day_acceleration,current_week,-0.008559201141226769,-0.0542082738944365,-0.14764621968616254,-0.059201141226818854,0.04422253922967201,2026H1
600753,2026-05-19,1,bull,ma_bull,pullback_holds,current_week,-0.04604316546762599,-0.07697841726618704,-0.13093525179856114,-0.09280575539568348,0.05323741007194238,2026H1
600753,2026-05-22,4,mid,ma_bull,shrinking_volume_acceleration,current_week,-0.07977606717984609,-0.16235129461161657,-0.178446466060182,-0.17214835549335206,0.0006997900629810427,2026H1
600753,2026-09-02,2,mid,none,two_day_acceleration,current_week,0.061597690086621526,,,0.0,0.21366698748796908,2026H2
600753,2026-09-03,3,mid,none,two_day_acceleration,current_week,-0.0018501387604069608,,,-0.02590194264569856,0.1665124884366327,2026H2
002590,2023-03-15,2,mid,ma_bull,shrinking_volume_acceleration,current_week,0.009911894273127775,0.029735682819383102,-0.08039647577092512,-0.022026431718061623,0.03524229074889873,2023H1
002590,2023-03-20,0,mid,ma_bull,pullback_holds,current_week,0.03197353914002199,0.03858875413450935,-0.05953693495038603,-0.006615214994487362,0.05292171995589867,2023H1
002590,2023-03-21,1,mid,ma_bull,pullback_holds,current_week,0.018558951965065518,0.0032751091703056012,-0.08187772925764192,-0.007641921397379958,0.042576419213973926,2023H1
002590,2023-03-23,3,bull,ma_bull,two_day_acceleration,current_week,-0.006458557588805203,-0.0322927879440259,-0.12378902045209905,-0.04413347685683533,0.027987082884822323,2023H1
002590,2023-03-27,0,mid,none,pullback_holds,current_week,0.010729613733905463,-0.07618025751072965,-0.14914163090128751,-0.08690987124463523,0.02467811158798283,2023H1
002590,2023-03-28,1,mid,none,pullback_holds,current_week,-0.015005359056806111,-0.06645230439442651,-0.11254019292604511,-0.08788853161843524,0.023579849946409492,2023H1
002590,2023-07-03,0,mid,ma_bull,two_day_acceleration,current_week,0.1474296799224053,0.2715809893307468,0.1435499515033949,-0.02036857419980609,0.5266731328806984,2023H2
002590,2023-07-31,0,bull,ma_bull,shrinking_volume_acceleration,current_week,0.002546689303905003,-0.08234295415959247,-0.09847198641765686,-0.10016977928692694,0.07809847198641773,2023H2
002590,2023-08-04,4,bull,ma_bull,shrinking_volume_acceleration,current_week,-0.08135593220338988,-0.10169491525423735,-0.025423728813559365,-0.12796610169491518,0.0322033898305083,2023H2
002590,2023-11-10,4,mid,ma_bull,shrinking_volume_acceleration,current_week,0.017049666419570064,0.002223869532987255,-0.12305411415863599,-0.014825796886582587,0.0578206078576724,2023H2
002590,2023-11-20,0,mid,ma_bull,two_day_acceleration,current_week,-0.09116607773851593,-0.04452296819787993,-0.19929328621908127,-0.10600706713780916,0.0664310954063605,2023H2
002590,2024-01-26,4,mid,none,pullback_holds,current_week,-0.05555555555555558,-0.04957264957264962,-0.006837606837606813,-0.23418803418803413,0.017094017094017033,2024H1
002590,2024-02-20,1,bull,none,pullback_holds,current_week,0.13107241063244723,0.1182401466544456,0.2117323556370303,-0.008249312557286892,0.17140238313473888,2024H1
002590,2024-02-21,2,bull,none,pullback_holds,current_week,0.03835616438356171,0.1698630136986301,0.22191780821917795,-0.0036529680365298134,0.1771689497716895,2024H1
002590,2024-02-22,3,bull,none,shrinking_volume_acceleration,current_week,0.03583916083916083,0.06905594405594417,0.20804195804195813,-0.018356643356643332,0.12674825174825188,2024H1
002590,2024-02-23,4,bull,none,two_day_acceleration,current_week,0.01285347043701801,0.08654670094258776,0.1516709511568124,-0.037703513281919454,0.10454155955441302,2024H1
002590,2024-03-15,4,bull,macd_cross,shrinking_volume_acceleration,current_week,0.04591439688715959,0.0622568093385214,-0.1408560311284046,-0.04280155642023342,0.08793774319066161,2024H1
002590,2024-03-20,2,bull,none,shrinking_volume_acceleration,current_week,-0.06586826347305386,-0.04116766467065858,0.09955089820359286,-0.07934131736526939,0.046407185628742686,2024H1
002590,2024-03-21,3,bull,none,two_day_acceleration,current_week,-0.008862629246676579,-0.041358936484490405,0.033973412112259904,-0.09158050221565728,0.028803545051698576,2024H1
002590,2024-04-09,1,mid,ma_bull,pullback_holds,current_week,-0.13951675759937643,0.2003117692907248,0.25487139516757606,-0.14263445050662515,0.2003117692907248,2024H1
002590,2024-04-26,4,bull,ma_bull,shrinking_volume_acceleration,current_week,0.02350813743218816,-0.007233273056057921,-0.12236286919831219,-0.05786618444846292,0.16033755274261607,2024H1
002590,2024-06-04,1,mid,ma_bull,pullback_holds,current_week,-0.05806887238352465,-0.028359216745442284,-0.14652261985145176,-0.12086428089128975,0.07359891964888599,2024H1
002590,2024-09-25,2,bull,none,two_day_acceleration,current_week,0.16783216783216792,0.06371406371406363,0.12043512043512039,-0.004662004662004726,0.34421134421134414,2024H2
002590,2024-10-28,0,bull,ma_bull,two_day_acceleration,current_week,-0.015509103169251581,0.04045853000674304,-0.03641267700606876,-0.06743088334457181,0.05866486850977748,2024H2
002590,2024-11-11,0,bull,ma_bull,shrinking_volume_acceleration,current_week,-0.11955815464587394,-0.0714749837556855,-0.02404158544509427,-0.13190383365821967,0.018843404808317032,2024H2
002590,2025-07-08,1,bull,ma_bull,two_day_acceleration,current_week,-0.03419399860432659,-0.027215631542219176,-0.0293091416608513,-0.04466154919748788,0.002791346824843055,2025H2
002590,2025-07-09,2,bull,ma_bull,pullback_holds,current_week,-0.010600706713780994,-0.023321554770318054,-0.004240282685512353,-0.03250883392226156,0.004240282685512353,2025H2
002590,2025-07-29,1,bull,ma_bull,pullback_holds,current_week,-0.019040902679830718,-0.005641748942172065,0.08744710860366722,-0.041607898448518976,0.0028208744710860323,2025H2
002590,2025-12-01,0,mid,none,pullback_holds,current_week,-0.001494768310911887,-0.008968609865470878,0.10762331838565009,-0.02840059790732441,0.008968609865470878,2025H2
002590,2025-12-08,0,bull,none,pullback_holds,current_week,-0.001506024096385672,0.12274096385542155,0.20180722891566272,-0.008283132530120585,0.18599397590361444,2025H2
002590,2025-12-25,3,bull,none,two_day_acceleration,current_week,0.013386880856760541,0.04752342704149948,0.010709504685408211,-0.020749665327978506,0.0943775100401607,2025H2
601002,2025-05-12,0,bull,none,shrinking_volume_acceleration,current_week,-0.015594541910331383,-0.042884990253411304,-0.03898635477582846,-0.05653021442495132,0.011695906432748648,2025H1
601002,2025-05-19,0,bull,ma_bull,two_day_acceleration,current_week,-0.027722772277227636,-0.02970297029702962,-0.047524752475247345,-0.04158415841584162,0.007920792079207928,2025H1
601002,2025-05-30,4,mid,none,pullback_holds,current_week,0.020576131687242816,0.0,0.014403292181069727,-0.02880658436214001,0.028806584362139898,2025H1
601002,2025-06-03,1,bull,none,pullback_holds,current_week,0.008179959100204526,-0.01635991820040883,0.010224948875255713,-0.03476482617586907,0.02249488752556239,2025H1
601002,2025-06-09,0,bull,none,pullback_holds,current_week,-0.02409638554216864,-0.0682730923694781,0.03614457831325302,-0.08032128514056236,0.002008032128514081,2025H1
601002,2025-06-23,0,bull,ma_bull,shrinking_volume_acceleration,current_week,0.06021505376344072,0.10967741935483866,0.1333333333333333,0.0,0.1118279569892473,2025H1
601002,2025-06-24,1,bull,ma_bull,two_day_acceleration,current_week,0.029166666666666785,0.06666666666666665,0.10416666666666674,-0.012499999999999956,0.09583333333333344,2025H1
601002,2025-06-25,2,bull,ma_bull,pullback_holds,current_week,0.026970954356846377,0.06846473029045641,0.09336099585062252,-0.016597510373444035,0.0912863070539418,2025H1
601002,2025-06-26,3,bull,ma_bull,pullback_holds,current_week,0.04612159329140453,0.08176100628930816,0.1090146750524108,-0.0062893081761006275,0.10272536687631018,2025H1
601002,2025-07-03,3,bull,none,two_day_acceleration,current_week,0.03822937625754541,0.04024144869215296,0.03621730382293764,-0.008048289738430636,0.08853118712273655,2025H2
601002,2025-07-09,2,bull,none,shrinking_volume_acceleration,current_week,0.013645224171540127,0.02729044834308003,0.040935672514619936,-0.009746588693957059,0.05458089668615984,2025H2
601002,2025-07-11,4,bull,none,two_day_acceleration,current_week,-0.00387596899224818,0.01744186046511631,0.06395348837209314,-0.007751937984496138,0.04844961240310086,2025H2
601002,2025-07-14,0,bull,ma_bull,two_day_acceleration,current_week,-0.003780718336483857,-0.007561436672967825,0.08506616257088839,-0.032136105860113395,0.022684310018903586,2025H2
601002,2025-07-25,4,bull,ma_bull,pullback_holds,current_week,-0.01520912547528519,0.04372623574144496,0.07794676806083656,-0.024714828897338337,0.051330798479087614,2025H2
601002,2025-08-04,0,bull,ma_bull,pullback_holds,current_week,0.09333333333333327,0.08571428571428585,0.040000000000000036,-0.007619047619047636,0.17714285714285705,2025H2
601002,2025-08-05,1,bull,ma_bull,two_day_acceleration,current_week,0.04143126177024481,0.07909604519774005,0.026365348399246535,-0.007532956685499026,0.16384180790960445,2025H2
601002,2025-08-25,0,bull,ma_bull,pullback_holds,current_week,-0.0537261698440209,-0.05025996533795496,-0.06585788561525141,-0.0866551126516465,0.0,2025H2
601002,2025-09-17,2,bull,ma_bull,pullback_holds,current_week,-0.029520295202952074,-0.029520295202952074,-0.0018450184501844769,-0.053505535055350606,0.005535055350553542,2025H2
601002,2025-09-24,2,bull,none,shrinking_volume_acceleration,current_week,0.0019047619047618536,0.00952380952380949,-0.0323809523809524,-0.026666666666666616,0.028571428571428692,2025H2
601002,2025-10-09,3,bull,none,pullback_holds,current_week,0.001890359168241984,0.022684310018903586,-0.026465028355387443,-0.03402646502835538,0.02835538752362954,2025H2
601002,2025-10-10,4,bull,macd_stabilizing,pullback_holds,current_week,-0.02091254752851701,0.03041825095057038,-0.017110266159695797,-0.02851711026615955,0.034220532319391817,2025H2
601002,2025-10-15,2,bull,none,pullback_holds,current_week,0.0037037037037035425,0.007407407407407307,-0.042592592592592626,-0.04629629629629628,0.011111111111111072,2025H2
601002,2025-10-20,0,mid,none,pullback_holds,current_week,0.04022988505747116,-0.02490421455938696,0.02298850574712641,-0.044061302681992265,0.04597701149425282,2025H2
601002,2025-10-21,1,bull,macd_stabilizing,two_day_acceleration,current_week,0.01115241635687747,-0.05947955390334558,-0.03159851301115235,-0.07249070631970256,0.014869888475836479,2025H2
601002,2025-10-24,4,bull,macd_stabilizing,shrinking_volume_acceleration,current_week,-0.0678899082568808,-0.05137614678899083,-0.08073394495412856,-0.08440366972477065,0.0018348623853210455,2025H2
601002,2025-11-11,1,bull,none,pullback_holds,current_week,-0.003824091778202754,-0.03632887189292555,-0.0019120458891014325,-0.04780114722753348,0.06309751434034427,2025H2
601002,2025-12-01,0,mid,none,pullback_holds,current_week,0.013725490196078383,0.0039215686274509665,0.0117647058823529,-0.021568627450980427,0.03725490196078418,2025H2
601002,2025-12-08,0,bull,none,pullback_holds,current_week,-0.0038910505836574627,0.011673151750972943,0.017509727626459304,-0.06420233463035008,0.07198443579766534,2025H2
601002,2025-12-19,4,mid,none,two_day_acceleration,current_week,-0.050909090909090904,-0.05636363636363628,-0.032727272727272716,-0.07999999999999996,0.0018181818181817189,2025H2
601002,2026-01-06,1,bull,none,pullback_holds,current_week,0.015444015444015413,0.027027027027027195,0.11196911196911197,-0.009652509652509633,0.04054054054054057,2026H1
601002,2026-01-07,2,bull,none,pullback_holds,current_week,-0.0019230769230769162,0.023076923076922995,0.09038461538461529,-0.013461538461538525,0.03653846153846141,2026H1
601002,2026-01-08,3,bull,none,pullback_holds,current_week,-0.00948766603415574,0.018975332068311035,0.06641366223908918,-0.026565464895635826,0.022770398481973375,2026H1
601002,2026-01-09,4,bull,none,pullback_holds,current_week,-0.013384321223709472,0.040152963671128195,0.06883365200764802,-0.019120458891013437,0.040152963671128195,2026H1
601002,2026-01-12,0,bull,none,shrinking_volume_acceleration,current_week,0.011406844106463865,0.06083650190114076,0.08365019011406849,-0.024714828897338337,0.09885931558935379,2026H1
601002,2026-01-13,1,bull,none,pullback_holds,current_week,0.011406844106463865,0.04562737642585546,0.07604562737642584,-0.024714828897338337,0.09885931558935379,2026H1
601002,2026-01-22,3,bull,none,two_day_acceleration,current_week,0.01862197392923637,0.04655493482309114,0.04469273743016755,-0.0018621973929235924,0.07635009310986973,2026H1
601002,2026-01-23,4,bull,none,two_day_acceleration,current_week,0.00366300366300365,0.023809523809523725,-0.001831501831501825,-0.01831501831501825,0.05860805860805862,2026H1
601002,2026-01-26,0,bull,macd_cross,two_day_acceleration,current_week,-0.007207207207207245,0.027027027027027195,-0.05405405405405406,-0.03423423423423411,0.043243243243243246,2026H1
601002,2026-01-30,4,bull,macd_cross,pullback_holds,current_week,0.02007299270072993,0.009124087591240837,-0.005474452554744547,-0.0018248175182482562,0.05656934306569328,2026H1
601002,2026-02-02,0,mid,ma_bull,pullback_holds,current_week,0.027027027027027195,0.01441441441441449,0.010810810810810922,-0.009009009009009028,0.043243243243243246,2026H1
601002,2026-02-06,4,mid,ma_bull,pullback_holds,current_week,-0.016014234875444844,-0.030249110320284656,-0.01245551601423489,-0.04270462633451966,0.030249110320284656,2026H1
601002,2026-02-10,1,bull,ma_bull,pullback_holds,current_week,-0.010619469026548756,-0.07610619469026558,-0.023008849557522137,-0.08495575221238949,0.008849557522123908,2026H1
601002,2026-02-24,1,bull,ma_bull,pullback_holds,current_week,-0.06583629893238441,-0.001779359430604921,-0.10320284697508897,-0.08007117437722422,0.008896797153024938,2026H1
601002,2026-03-11,2,bull,ma_bull,pullback_holds,current_week,-0.01075268817204289,-0.007168458781361964,0.04838709677419373,-0.13799283154121855,0.007168458781362075,2026H1
601002,2026-03-12,3,bull,ma_bull,pullback_holds,current_week,-0.025316455696202667,0.0,0.07594936708860756,-0.13019891500904157,0.02169981916817365,2026H1
601002,2026-04-10,4,mid,macd_cross,shrinking_volume_acceleration,current_week,0.03166666666666673,0.03333333333333344,-0.021666666666666612,-0.026666666666666727,0.135,2026H1
601002,2026-04-16,3,mid,ma_bull,shrinking_volume_acceleration,current_week,0.06810631229235864,0.03322259136212602,-0.07641196013289031,-0.009966777408637939,0.1312292358803986,2026H1
601002,2026-04-17,4,mid,ma_bull,two_day_acceleration,current_week,0.001615508885298933,0.00646203554119551,-0.11954765751211638,-0.016155088852988775,0.10016155088852985,2026H1
601002,2026-04-22,2,bull,ma_bull,shrinking_volume_acceleration,current_week,-0.05572289156626509,-0.09337349397590367,-0.21084337349397597,-0.09789156626506024,0.004518072289156461,2026H1
301073,2023-04-03,0,bull,none,pullback_holds,current_week,0.03063036401302166,-0.05134655223438889,-0.21722403077833674,-0.06510802012429706,0.08286475288546913,2023H1
301073,2023-04-04,1,bull,none,pullback_holds,current_week,-0.006504310996823359,0.001058841325064508,-0.23112993495689005,-0.04522765088488878,0.1069429738314931,2023H1
301073,2023-04-06,3,bull,none,shrinking_volume_acceleration,current_week,0.04769023770369252,-0.04888623112572876,-0.2519061145163701,-0.056361190013454854,0.09403498280759459,2023H1
301073,2025-07-07,0,bull,none,pullback_holds,current_week,-0.017308524448290674,-0.013414106447425356,-0.03980960623106877,-0.04543487667676338,0.017308524448290896,2025H2
301073,2025-07-09,2,bull,none,pullback_holds,current_week,-0.03330449826989612,-0.029844290657439543,-0.03287197231833916,-0.045847750865051995,0.016435986159169413,2025H2
301073,2025-07-21,0,bull,none,pullback_holds,current_week,-0.0013157894736842701,-0.02675438596491231,0.03508771929824572,-0.041228070175438614,0.026315789473684292,2025H2
301073,2025-07-22,1,bull,none,pullback_holds,current_week,-0.010507880910682998,-0.020577933450087516,0.03721541155866914,-0.04290718038528896,0.024518388791593848,2025H2
301073,2025-07-25,4,bull,none,pullback_holds,current_week,-0.021997360316762027,-0.005279366476022895,0.08578970523537177,-0.038275406951165936,0.01363836339639235,2025H2
301073,2025-08-11,0,bull,macd_stabilizing,shrinking_volume_acceleration,current_week,0.026086956521739202,0.1013043478260871,0.15217391304347827,-0.01043478260869557,0.11521739130434794,2025H2
301073,2025-08-13,2,bull,macd_stabilizing,two_day_acceleration,current_week,0.06146469049694847,0.06582388840453346,0.20313862249346126,-0.005231037489102031,0.12336530078465557,2025H2
301073,2025-08-15,4,bull,macd_cross,shrinking_volume_acceleration,current_week,0.04931972789115657,0.07057823129251695,0.13095238095238093,-0.006802721088435382,0.09566326530612246,2025H2
301073,2025-08-25,0,bull,ma_bull,two_day_acceleration,current_week,0.03381066030230717,0.05409705648369134,-0.014319809069212375,-0.03898170246618937,0.07279236276849632,2025H2
301073,2025-09-01,0,bull,ma_bull,two_day_acceleration,current_week,0.02435253189022024,0.02473908001546188,-0.11171240819482031,-0.06609972941631237,0.06687282566679542,2025H2
301073,2025-09-04,3,mid,ma_bull,pullback_holds,current_week,0.09751203852327439,0.029695024077046384,-0.1460674157303371,-0.03049759229534521,0.1075441412520064,2025H2
301073,2025-09-05,4,bull,ma_bull,shrinking_volume_acceleration,current_week,0.03542234332425065,0.03036200856364335,-0.17827948618139355,-0.04826780848579226,0.07434799532892167,2025H2
301073,2025-10-15,2,bull,none,two_day_acceleration,current_week,-0.0022841480127913094,-0.03243490178163544,0.07492005481955233,-0.04020100502512558,0.016902695294655157,2025H2
301073,2025-11-03,0,bull,none,pullback_holds,current_week,0.08461180846118088,0.15434681543468165,0.24779172477917233,-0.006508600650860119,0.16132031613203157,2025H2
301073,2025-11-04,1,bull,none,pullback_holds,current_week,0.08178100863243976,0.1094956837801,0.181735574738755,-0.02907769195820087,0.13993639254884127,2025H2
301073,2025-11-05,2,bull,none,two_day_acceleration,current_week,0.08134191176470584,0.10248161764705888,0.1980698529411764,-0.01792279411764708,0.15303308823529393,2025H2
301073,2025-11-06,3,bull,none,pullback_holds,current_week,0.1058495821727019,0.09842154131847725,0.17595171773444762,-0.00603528319405755,0.16480965645311052,2025H2
301073,2025-11-07,4,bull,none,pullback_holds,current_week,0.1157407407407407,0.06064814814814801,0.15509259259259256,-0.008796296296296302,0.1615740740740741,2025H2
301073,2025-11-13,3,bull,none,shrinking_volume_acceleration,current_week,-0.005046257359125339,0.1013456686291001,0.11312026913372564,-0.043313708999158984,0.26156433978132876,2025H2
301073,2025-11-17,0,mid,none,shrinking_volume_acceleration,current_week,0.052311435523114236,0.08840227088402264,0.12327656123276554,-0.07745336577453366,0.2165450121654502,2025H2
301073,2025-12-08,0,bull,none,shrinking_volume_acceleration,current_week,-0.0952914798206278,0.035127055306427346,0.06464872944693578,-0.10426008968609879,0.04745889387144997,2025H2
301073,2025-12-19,4,mid,none,shrinking_volume_acceleration,current_week,0.01168048229088181,-0.030896759608138646,0.1605124340617936,-0.04446119065561416,0.05614167294649586,2025H2
301073,2026-01-15,3,bull,ma_bull,two_day_acceleration,current_week,0.03362183754993353,0.02929427430093212,0.0236351531291612,-0.01930758988015968,0.08521970705725712,2026H1
301073,2026-02-03,1,mid,ma_bull,pullback_holds,current_week,0.07194719471947209,-0.03927392739273927,-0.04620462046204621,-0.0663366336633664,0.1551155115511551,2026H1
301073,2026-03-10,1,bull,ma_bull,shrinking_volume_acceleration,current_week,-0.03341288782816232,-0.11796795090351175,-0.0395499488578247,-0.15444936924650532,0.01568360040913741,2026H1
301073,2026-03-13,4,mid,ma_bull,two_day_acceleration,current_week,-0.06364874063989101,-0.07351940095302922,-0.07998638529611979,-0.15588835942818235,0.00918992511912875,2026H1
301073,2026-04-10,4,mid,none,pullback_holds,current_week,-0.019506808980493284,-0.07471475892528523,-0.09311740890688258,-0.08354803091645191,0.05888847994111135,2026H1
301073,2026-04-15,2,mid,none,two_day_acceleration,current_week,-0.06222865412445722,-0.08104196816208387,-0.15303907380607817,-0.13531114327062221,0.04088277858176559,2026H1
301073,2026-05-11,0,bull,none,pullback_holds,current_week,-0.06658692185007986,-0.06738437001594899,-0.17543859649122817,-0.08293460925039875,0.019537480063795742,2026H1
301073,2026-05-26,1,mid,none,pullback_holds,current_week,-0.0654284508231322,-0.1312790206838328,-0.19248628113127908,-0.14267623469818502,0.006753904601097593,2026H1
301073,2026-05-27,2,mid,none,pullback_holds,current_week,-0.06692573402417967,-0.10664939550949903,-0.1770293609671849,-0.12305699481865295,0.01683937823834203,2026H1
301498,2025-03-04,1,mid,ma_bull,pullback_holds,current_week,0.01779475982532741,-0.026746724890829743,-0.0010917030567686448,-0.04039301310043675,0.11353711790392995,2025H1
301498,2025-04-01,1,mid,none,two_day_acceleration,current_week,-0.029826286463454643,0.05615645143668746,0.18540369277832403,-0.11493499399104112,0.1023708073855567,2025H1
301498,2025-04-02,2,mid,none,pullback_holds,current_week,0.0017582417582417964,0.11120879120879135,0.15714285714285703,-0.10978021978021968,0.12637362637362637,2025H1
301498,2025-04-03,3,mid,none,pullback_holds,current_week,0.11064079952968853,0.15931804820693718,0.229159318048207,-0.04750146972369185,0.2051734273956496,2025H1
301498,2025-05-12,0,bull,ma_bull,two_day_acceleration,current_week,0.03203304268012852,-0.0040385497934832815,0.02129417163836611,-0.02340523175768694,0.15539238182652593,2025H1
301498,2025-05-13,1,bull,ma_bull,two_day_acceleration,current_week,0.022272727272727222,-0.030909090909090886,0.033545454545454545,-0.03572727272727261,0.14436363636363647,2025H1
301498,2025-05-15,3,bull,ma_bull,two_day_acceleration,current_week,-0.022196050009059554,-0.027269432868273102,0.0610617865555354,-0.044120311650661215,0.14042398985323445,2025H1
301498,2025-05-19,0,bull,ma_bull,shrinking_volume_acceleration,current_week,-0.03555239534263621,0.00968802773086841,-0.004444049417829499,-0.06408319260510187,0.11883388143276163,2025H1
301498,2025-06-30,0,bull,ma_bull,pullback_holds,current_week,0.00018348623853214896,-0.1550458715596329,-0.146697247706422,-0.1761467889908257,0.06412844036697263,2025H1
301498,2025-07-03,3,bull,ma_bull,pullback_holds,current_week,-0.12727272727272732,-0.16854545454545444,-0.1783636363636364,-0.1836363636363637,0.010727272727272696,2025H2
301498,2025-07-04,4,bull,ma_bull,pullback_holds,current_week,-0.16144029170464913,-0.16882406563354602,-0.17411121239744753,-0.18140382862351878,0.010483135824977285,2025H2
301498,2025-08-04,0,bull,none,two_day_acceleration,current_week,0.020075963103635353,0.03320672816060766,0.07042864894194234,-0.02864894194248513,0.07107976125881721,2025H2
301498,2025-08-05,1,bull,none,pullback_holds,current_week,0.05491643151725634,0.03755155198610827,0.06425005426524866,-0.028543520729324867,0.07119600607770793,2025H2
301498,2025-08-06,2,bull,none,pullback_holds,current_week,0.0418378378378379,0.04735135135135127,0.017297297297297343,-0.004216216216216262,0.06702702702702701,2025H2
301498,2025-08-14,3,bull,none,pullback_holds,current_week,0.01987104957192698,-0.0013740619384842168,0.028749603635979337,-0.028749603635979226,0.06045872529330931,2025H2
301498,2025-08-18,0,bull,none,pullback_holds,current_week,0.014341044698000571,0.032555218256045126,-0.022820056526745458,-0.038103213650162227,0.06050455354338946,2025H2
301498,2025-08-19,1,bull,none,pullback_holds,current_week,0.010663006756756799,0.03526182432432434,-0.011613175675675658,-0.029877533783783772,0.07157939189189189,2025H2
301498,2025-08-20,2,bull,none,shrinking_volume_acceleration,current_week,-0.027525773195876346,-0.02989690721649474,-0.009793814432989767,-0.05268041237113397,0.046391752577319645,2025H2
301498,2025-08-22,4,bull,none,pullback_holds,current_week,0.02198952879581162,0.05026178010471205,-0.013821989528795764,-0.037801047120418874,0.06282722513089012,2025H2
301498,2025-08-25,0,bull,none,shrinking_volume_acceleration,current_week,0.027072053311120392,0.027384423157017945,-0.04664723032069973,-0.043211162015826754,0.05685131195335269,2025H2
301498,2025-08-26,1,bull,none,pullback_holds,current_week,0.021458333333333357,0.03229166666666683,-0.03645833333333337,-0.04281250000000003,0.057812500000000044,2025H2
301498,2025-08-29,4,bull,none,two_day_acceleration,current_week,0.026086956521739202,-0.019437340153452554,-0.04051150895140654,-0.04409207161125317,0.03887468030690533,2025H2
301498,2025-09-17,2,bull,none,two_day_acceleration,current_week,-0.0317244267615957,-0.027536383624751415,-0.23306460056538592,-0.06240184273898031,0.004397445293686575,2025H2
301498,2025-09-30,1,bull,none,pullback_holds,current_week,0.013622224605813527,-0.08194787085702027,-0.2089456183631878,-0.08548750402231042,0.02434838571275333,2025H2
601869,2025-03-12,2,bull,ma_bull,pullback_holds,current_week,-0.026896180742334574,-0.08418504572350738,-0.1603012372243141,-0.09252286175363089,0.06159225389994627,2025H1
601869,2025-03-17,0,bull,none,two_day_acceleration,current_week,-0.08571428571428563,-0.11271297509829614,-0.18636959370904327,-0.12083879423328958,0.005242463958060384,2025H1
601869,2025-03-18,1,bull,none,pullback_holds,current_week,-0.08927613941018775,-0.0879356568364611,-0.18498659517426275,-0.10080428954423604,0.002144772117962379,2025H1
601869,2025-04-01,1,mid,none,shrinking_volume_acceleration,current_week,-0.11068702290076349,-0.10745742806811509,-0.03523194362889026,-0.1758661186142103,0.03053435114503822,2025H1
601869,2025-04-02,2,mid,none,pullback_holds,current_week,-0.06833780960907176,-0.10623694419576246,0.031035511787526282,-0.16233960011936732,0.02327663384064471,2025H1
601869,2025-04-03,3,mid,none,pullback_holds,current_week,-0.014687499999999964,-0.04718749999999994,0.07937499999999997,-0.12281249999999999,0.027812500000000018,2025H1
601869,2025-04-24,3,mid,none,pullback_holds,current_week,0.08853182104599888,0.11468178954001251,0.01921865154379332,-0.010396975425330912,0.17233774417139247,2025H1
601869,2025-04-25,4,mid,none,pullback_holds,current_week,0.09477020602218689,0.12139461172741695,0.030427892234548226,-0.0044374009508716394,0.17939778129952466,2025H1
601869,2025-04-28,0,mid,none,two_day_acceleration,current_week,0.08852459016393466,0.014605067064083599,-0.0143070044709388,-0.04947839046199687,0.10909090909090913,2025H1
601869,2025-05-29,3,bull,none,pullback_holds,current_week,0.058484848484848584,0.01575757575757586,0.20545454545454556,-0.039393939393939426,0.09090909090909083,2025H1
601869,2025-06-17,1,bull,none,pullback_holds,current_week,0.10988692374601339,0.1612061467091912,0.14265004349086685,-0.009857929834734769,0.19164975355175407,2025H1
601869,2025-06-18,2,bull,none,shrinking_volume_acceleration,current_week,0.10623026126902113,0.12259546368073515,0.13120872810795303,0.0,0.18001722652885443,2025H1
601869,2025-06-26,3,bull,macd_cross,two_day_acceleration,current_week,0.012596401028277748,0.0035989717223650075,0.04370179948586128,-0.04087403598971717,0.05655526992287929,2025H1
601869,2025-06-27,4,bull,macd_cross,two_day_acceleration,current_week,-0.05004980079681287,-0.03859561752988061,0.0037350597609562275,-0.07096613545816732,0.0234063745019919,2025H1
601869,2025-06-30,0,bull,ma_bull,shrinking_volume_acceleration,current_week,-0.08272327964860904,-0.039775500244021544,-0.014153245485602817,-0.08955588091752076,0.0,2025H1
601869,2025-07-10,3,bull,ma_bull,pullback_holds,current_week,0.11128205128205138,0.0410256410256411,0.3794871794871797,-0.016153846153846185,0.147948717948718,2025H2
601869,2025-11-17,0,mid,none,shrinking_volume_acceleration,current_week,-0.08305316897024029,0.06549620221641139,0.18478396214668158,-0.09998754825052925,0.16398954053044457,2025H2
601869,2025-11-19,2,mid,none,two_day_acceleration,current_week,-0.0041860465116279055,-0.03465116279069769,0.1422093023255815,-0.15953488372093017,0.0869767441860465,2025H2
601869,2026-04-08,2,mid,ma_bull,two_day_acceleration,current_week,0.010567547765315988,0.16102124781604,0.12807867891562874,-0.024967592853519682,0.1778166037310489,2026H1
601869,2026-05-12,1,bull,ma_bull,shrinking_volume_acceleration,current_week,0.012468193384224113,-0.07396946564885498,0.23239185750636127,-0.08783715012722637,0.06788804071246823,2026H1
601869,2026-05-19,1,bull,ma_bull,pullback_holds,current_week,-0.08306878306878318,0.0298311917359535,0.1693121693121693,-0.1147140337616529,0.0298311917359535,2026H1
601869,2026-05-20,2,bull,ma_bull,pullback_holds,current_week,-0.08003518029903245,0.11820580474934039,0.15718055032039202,-0.11704988063827115,0.1298153034300793,2026H1
601869,2026-05-22,4,mid,ma_bull,shrinking_volume_acceleration,current_week,0.03640714248957955,0.1363917048319867,0.33461122832295587,-0.0959450419389698,0.2532805022384603,2026H1
601869,2026-06-15,0,bull,ma_bull,shrinking_volume_acceleration,current_week,0.2670826763784948,0.21227598765295008,-0.11132331060824763,-0.010948013590637573,0.33241544713641713,2026H1
601869,2026-06-18,3,bull,ma_bull,two_day_acceleration,current_week,0.0974574558389587,-0.039815675653826044,-0.2692307692307693,-0.08039936941671055,0.21266017219774436,2026H1
600983,2023-08-07,0,bull,none,pullback_holds,current_week,-0.03321033210332114,-0.0012300123001229846,-0.03321033210332114,-0.03690036900369009,0.028290282902828867,2023H2
600983,2023-09-04,0,mid,none,pullback_holds,current_week,0.030573248407643305,0.03694267515923566,0.01146496815286624,-0.005095541401273884,0.04968152866242037,2023H2
600983,2023-09-05,1,mid,macd_cross,shrinking_volume_acceleration,current_week,0.003722084367245637,-0.006203473945409543,-0.018610421836228297,-0.01985111662531014,0.022332506203473823,2023H2
600983,2023-09-06,2,mid,macd_cross,pullback_holds,current_week,-0.0037174721189590088,-0.009913258983890949,-0.00867410161090465,-0.02106567534076831,0.02106567534076831,2023H2
600983,2023-09-22,4,mid,none,two_day_acceleration,current_week,-0.024330900243309084,-0.035279805352798066,-0.018248175182481785,-0.048661800486618056,0.010948905109489093,2023H2
600983,2023-11-10,4,mid,ma_bull,shrinking_volume_acceleration,current_week,-0.009101251422070522,0.017064846416382062,-0.08873720136518781,-0.023890784982935287,0.030716723549488067,2023H2
600983,2023-12-29,4,mid,none,shrinking_volume_acceleration,current_week,0.05849268841394828,0.08886389201349831,-0.049493813273341014,-0.003374578177727905,0.11136107986501687,2023H2
600983,2024-01-02,1,mid,ma_bull,two_day_acceleration,current_week,0.08167770419426046,0.05408388520971297,-0.07726269315673295,-0.0033112582781458233,0.09050772626931569,2024H1
600983,2024-01-03,2,mid,ma_bull,two_day_acceleration,current_week,0.011714589989350266,0.02342917997870053,-0.13844515441959537,-0.02875399361022357,0.052183173588924436,2024H1
600983,2024-02-26,0,bull,none,two_day_acceleration,current_week,-0.0024752475247524774,-0.006188118811881305,0.011138613861386037,-0.0643564356435643,0.027227722772277252,2024H1
600983,2024-03-13,2,bull,none,two_day_acceleration,current_week,0.006082725060827077,-0.020681265206812682,0.06812652068126512,-0.021897810218978075,0.02676399026763976,2024H1
600983,2024-03-14,3,bull,none,two_day_acceleration,current_week,0.0060240963855420215,-0.013253012048192958,-0.012048192771084487,-0.03493975903614466,0.016867469879517927,2024H1
600983,2024-03-29,4,mid,none,shrinking_volume_acceleration,current_week,0.03818615751789989,-0.09785202863961817,0.054892601431980825,-0.10739856801909309,0.06205250596658707,2024H1
600983,2024-04-01,0,bull,none,two_day_acceleration,current_week,-0.005820721769499326,-0.04190919674039573,0.05937136204889404,-0.12922002328288706,0.03608847497089651,2024H1
600983,2024-04-03,2,bull,none,two_day_acceleration,current_week,0.0034285714285713365,-0.03314285714285703,0.02857142857142847,-0.14514285714285713,0.017142857142857126,2024H1
600983,2024-04-12,4,mid,macd_cross,two_day_acceleration,current_week,-0.036446469248291424,-0.03189066059225509,0.08542141230068334,-0.14806378132118436,0.006833712984054774,2024H1
600983,2024-05-06,0,bull,ma_bull,two_day_acceleration,current_week,0.009944751381215422,-0.024309392265193464,-0.027624309392265234,-0.03535911602209951,0.1569060773480664,2024H1
600983,2024-05-09,3,bull,ma_bull,shrinking_volume_acceleration,current_week,0.04295154185022043,-0.0066079295154185536,-0.13436123348017615,-0.03854625550660784,0.15308370044052877,2024H1
600983,2025-02-07,4,mid,none,two_day_acceleration,current_week,0.02043010752688157,0.021505376344086002,0.029032258064516148,-0.009677419354838679,0.043010752688172005,2025H1
600983,2025-02-10,0,mid,none,pullback_holds,current_week,0.022198731501057,0.0010570824524311906,0.008456659619450413,-0.026427061310782207,0.025369978858351017,2025H1
600983,2025-02-11,1,mid,macd_stabilizing,pullback_holds,current_week,-0.03039832285115318,-0.014675052410901501,0.013626834381551323,-0.03459119496855345,0.016771488469601747,2025H1
600983,2025-02-12,2,bull,macd_stabilizing,two_day_acceleration,current_week,-0.02579979360165119,-0.014447884416924572,-0.003095975232198067,-0.049535603715170184,0.0010319917440662074,2025H1
600983,2025-03-04,1,mid,macd_stabilizing,two_day_acceleration,current_week,0.012565445026177846,0.06387434554973814,0.023036649214659644,-0.013612565445026203,0.07643979057591599,2025H1
600983,2025-03-05,2,bull,macd_stabilizing,pullback_holds,current_week,0.011518324607329822,0.05759162303664911,0.02827225130890043,-0.013612565445026203,0.07643979057591599,2025H1
600983,2025-03-06,3,bull,macd_stabilizing,pullback_holds,current_week,0.005186721991701226,0.040456431535269566,0.004149377593360981,-0.022821576763485507,0.0663900414937757,2025H1
600983,2025-03-07,4,bull,macd_stabilizing,pullback_holds,current_week,0.06105263157894747,0.03473684210526318,-0.08315789473684199,-0.008421052631578996,0.08210526315789468,2025H1
600983,2025-03-18,1,bull,macd_cross,shrinking_volume_acceleration,current_week,-0.04549950544015813,-0.03363006923837786,-0.11671612265084075,-0.05934718100890202,0.011869436201780603,2025H1
600983,2025-04-02,2,mid,none,pullback_holds,current_week,-0.11008230452674894,-0.07921810699588472,0.05246913580246915,-0.20781893004115226,0.007201646090535085,2025H1
600983,2025-04-22,1,mid,none,pullback_holds,current_week,0.089227421109902,0.10663764961915123,0.10010881392818272,-0.01196953210010876,0.17736670293797618,2025H1
600983,2025-04-23,2,mid,none,pullback_holds,current_week,0.06155507559395246,0.09719222462203025,0.09611231101511875,-0.01943844492440605,0.16846652267818585,2025H1
600983,2025-04-24,3,mid,none,pullback_holds,current_week,0.011869436201780603,0.007912957467853587,0.0009891196834819205,-0.047477744807121525,0.07022749752720081,2025H1
600983,2025-05-19,0,bull,ma_bull,two_day_acceleration,current_week,-0.019323671497584516,-0.019323671497584516,-0.008695652173912993,-0.033816425120772875,0.006763285024154575,2025H1
600983,2025-06-04,2,bull,ma_bull,pullback_holds,current_week,0.028403525954945996,-0.0029382957884428462,0.03623898139079329,-0.021547502448579836,0.03428011753183147,2025H1
600983,2025-06-05,3,bull,ma_bull,two_day_acceleration,current_week,0.0019267822736031004,-0.032755298651252374,0.038535645472061564,-0.037572254335260125,0.01734104046242768,2025H1
600983,2025-06-24,1,bull,ma_bull,two_day_acceleration,current_week,-0.0009460737937558861,0.08987701040681162,0.0416272469252601,-0.03595080416272478,0.12488174077578051,2025H1
600983,2025-06-27,4,bull,ma_bull,pullback_holds,current_week,0.043436293436293516,0.07528957528957547,0.050193050193050315,-0.007722007722007707,0.18725868725868744,2025H1
600983,2025-06-30,0,bull,ma_bull,pullback_holds,current_week,0.1410748560460653,0.07293666026871404,0.051823416506717956,-0.009596928982725461,0.18042226487524005,2025H1
600983,2025-07-01,1,bull,ma_bull,two_day_acceleration,current_week,0.10344827586206895,0.031609195402298784,0.04118773946360177,-0.0019157088122604415,0.17816091954023006,2025H2
600983,2025-07-03,3,bull,ma_bull,two_day_acceleration,current_week,0.07877664504170534,0.007414272474513428,0.013901760889712511,-0.007414272474513428,0.139944392956441,2025H2
600983,2025-08-04,0,bull,ma_bull,two_day_acceleration,current_week,0.021390374331550888,0.02049910873440286,-0.031194295900178193,-0.014260249554367221,0.04099821746880572,2025H2
600983,2025-08-08,4,bull,ma_bull,shrinking_volume_acceleration,current_week,0.0035149384885764245,-0.02108963093145877,-0.054481546572935025,-0.02811950790861162,0.02987697715289972,2025H2
600983,2025-08-15,4,bull,ma_bull,pullback_holds,current_week,-0.028770706190061057,-0.04097646033129909,-0.06713164777680902,-0.07585004359197911,0.021795989537924942,2025H2
600983,2025-09-16,1,bull,none,pullback_holds,current_week,-0.024299065420560928,-0.04485981308411213,-0.008411214953271129,-0.055140186915887957,0.01869158878504673,2025H2
600983,2025-09-17,2,bull,none,pullback_holds,current_week,-0.03679852805887762,-0.05979760809567625,-0.022999080036798514,-0.0708371665133396,0.002759889604415866,2025H2
600983,2025-10-15,2,bull,none,pullback_holds,current_week,-0.00933706816059765,-0.031746031746031744,-0.03267973856209161,-0.04201680672268915,0.010270774976657293,2025H2
600983,2025-10-16,3,bull,none,pullback_holds,current_week,0.02017291066282434,-0.01729106628242072,-0.01344860710854956,-0.020172910662824117,0.039385206532180694,2025H2
600983,2025-11-11,1,bull,none,pullback_holds,current_week,-0.022094140249759864,-0.029779058597502406,-0.018251681075888482,-0.057636887608069176,0.0057636887608070175,2025H2
600983,2025-11-12,2,bull,none,pullback_holds,current_week,-0.0279114533205006,-0.0327237728585178,-0.012512030798845108,-0.05582290664100098,0.007699711260827691,2025H2
600983,2025-11-14,4,bull,none,pullback_holds,current_week,-0.0520732883317262,-0.02121504339440705,-0.04628736740597883,-0.054001928640308616,0.0,2025H2
600983,2025-12-01,0,mid,none,pullback_holds,current_week,-0.004897159647404559,-0.05876591576885415,-0.0636630754162586,-0.06072477962781597,0.015670910871694366,2025H2
600983,2026-02-26,3,bull,ma_bull,pullback_holds,current_week,-0.014037985136250986,-0.030553261767134576,-0.1461601981833195,-0.034682080924855474,0.04872006606110668,2026H1
600983,2026-02-27,4,bull,ma_bull,pullback_holds,current_week,0.003303055326176807,-0.03963666391412046,-0.1478117258464079,-0.041288191577208866,0.04872006606110668,2026H1
600983,2026-04-09,3,mid,none,pullback_holds,current_week,0.010299625468164875,0.011235955056179803,-0.14513108614232195,-0.03838951310861427,0.07397003745318353,2026H1
600983,2026-05-18,0,bull,none,shrinking_volume_acceleration,current_week,-0.007829977628635132,-0.005592841163310824,-0.01230425055928408,-0.044742729306487594,0.021252796420581754,2026H1
600983,2026-05-19,1,bull,none,shrinking_volume_acceleration,current_week,-0.012235817575083408,-0.021134593993325845,-0.022246941045606095,-0.05005561735261399,0.006674082313681939,2026H1
603688,2023-03-09,3,mid,none,pullback_holds,current_week,-0.11832116788321168,-0.09532846715328469,-0.04664233576642329,-0.14540145985401465,0.0010218978102189968,2023H1
603688,2023-04-07,4,bull,none,shrinking_volume_acceleration,current_week,0.018320610687022842,-0.0205343511450381,-0.14374045801526714,-0.022900763358778664,0.06564885496183193,2023H1
603688,2023-04-13,3,bull,none,pullback_holds,current_week,-0.003129293237673636,-0.10486948557472153,-0.19996947030987633,-0.15280109906884454,0.054190199969470276,2023H1
603688,2023-04-14,4,bull,none,pullback_holds,current_week,-0.03822801888913874,-0.11026159958024129,-0.21265272468330698,-0.1679784124128626,0.03530469979761652,2023H1
603688,2023-04-17,0,bull,none,shrinking_volume_acceleration,current_week,-0.10370370370370374,-0.14074074074074072,-0.24244444444444446,-0.1777777777777778,0.01488888888888873,2023H1
603688,2025-11-10,0,bull,none,pullback_holds,current_week,-0.04636251541307035,-0.11072749691738593,-0.09667077681874237,-0.13267570900123304,0.014549938347718783,2025H2
603688,2025-12-01,0,mid,none,pullback_holds,current_week,-0.006778741865509752,-0.015997830802603086,0.008676789587852562,-0.04229934924078094,0.014370932754880661,2025H2
603688,2025-12-08,0,bull,none,pullback_holds,current_week,-0.009552401746724892,0.001910480349345045,0.0824235807860263,-0.05185589519650646,0.02101528384279483,2025H2
603688,2025-12-09,1,mid,none,pullback_holds,current_week,-0.051012145748987825,0.010526315789473495,0.059919028340081004,-0.06234817813765192,0.034817813765182226,2025H2
603688,2026-01-09,4,bull,none,shrinking_volume_acceleration,current_week,0.030102040816326614,0.07346938775510181,0.02857142857142847,-0.03749999999999998,0.09005102040816326,2026H1
603688,2026-01-15,3,bull,none,two_day_acceleration,current_week,0.0012531328320803947,0.024561403508772006,0.1897243107769424,-0.0401002506265663,0.0709273182957395,2026H1
603688,2026-02-06,4,mid,none,pullback_holds,current_week,0.08087167070217904,0.26101694915254225,0.14261501210653726,-0.004600484261501281,0.27869249394673123,2026H1
603688,2026-05-22,4,mid,ma_bull,shrinking_volume_acceleration,current_week,-0.09844420600858372,-0.06799892703862676,0.15477467811158796,-0.18521995708154504,0.0434549356223175,2026H1
603688,2026-06-18,3,bull,ma_bull,shrinking_volume_acceleration,current_week,0.056097560975609806,-0.1554878048780488,-0.39158536585365855,-0.15670731707317065,0.09146341463414642,2026H1
603688,2026-08-17,0,mid,none,two_day_acceleration,current_week,-0.07761310452418091,-0.0035101404056162577,-0.06981279251170047,-0.12558502340093602,0.05791731669266764,2026H2
603688,2026-09-09,2,bull,none,two_day_acceleration,current_week,,,,-0.041168941979522145,0.044155290102389166,2026H2
603037,2024-02-21,2,bull,none,two_day_acceleration,current_week,0.04932432432432443,0.18918918918918926,0.46418918918918917,-0.005405405405405461,0.18986486486486487,2024H1
603037,2024-03-15,4,bull,none,shrinking_volume_acceleration,current_week,0.10062290368950633,0.3373263057019644,-0.1978917105893626,-0.038811691423095485,0.3373263057019644,2024H1
603037,2024-03-18,0,bull,macd_cross,two_day_acceleration,current_week,0.2522299306243805,0.45193260654113,-0.08771060455896929,-0.00594648166501488,0.5213082259663033,2024H1
603037,2024-05-06,0,bull,none,shrinking_volume_acceleration,current_week,-0.12190476190476185,-0.09619047619047616,-0.13190476190476186,-0.12523809523809515,0.0071428571428573395,2024H1
000670,2025-02-12,2,bull,none,shrinking_volume_acceleration,current_week,-0.039787798408488007,0.018567639257294433,-0.037135278514588865,-0.06498673740053051,0.04376657824933683,2025H1
000670,2025-02-25,1,bull,none,pullback_holds,current_week,-0.010752688172043001,-0.014784946236559127,-0.08870967741935487,-0.06048387096774199,0.06854838709677424,2025H1
000670,2025-03-17,0,bull,none,pullback_holds,current_week,-0.06584362139917688,-0.11659807956104251,-0.04115226337448552,-0.1344307270233196,0.028806584362139898,2025H1
000670,2025-03-18,1,bull,none,two_day_acceleration,current_week,-0.0899328859060402,-0.13020134228187918,-0.1181208053691275,-0.15302013422818783,0.006711409395973034,2025H1
000670,2025-03-19,2,bull,none,pullback_holds,current_week,-0.07015130674002756,-0.1306740027510317,-0.09353507565337005,-0.13204951856946356,0.015130674002751032,2025H1
000670,2025-05-08,3,bull,none,two_day_acceleration,current_week,-0.05142857142857138,0.06142857142857139,-0.005714285714285672,-0.05714285714285705,0.08000000000000007,2025H1
000670,2025-05-12,0,bull,none,shrinking_volume_acceleration,current_week,-0.031029619181946355,0.031029619181946577,-0.0437235543018335,-0.06911142454160779,0.06629055007052198,2025H1
000670,2025-05-19,0,bull,none,two_day_acceleration,current_week,0.0625,-0.029069767441860517,-0.02470930232558144,-0.043604651162790664,0.09883720930232576,2025H1
000670,2025-05-22,3,bull,none,shrinking_volume_acceleration,current_week,-0.04065040650406504,-0.05691056910569103,-0.1192411924119241,-0.10840108401084003,0.016260162601626105,2025H1
000670,2025-08-27,2,bull,ma_bull,two_day_acceleration,current_week,0.011235955056179803,-0.0393258426966292,-0.014606741573033766,-0.09325842696629216,0.16292134831460658,2025H2
000670,2025-09-25,3,bull,ma_bull,pullback_holds,current_week,-0.0113378684807256,-0.11451247165532874,-0.07369614512471656,-0.11564625850340138,0.05782312925170063,2025H2
000670,2025-09-26,4,mid,ma_bull,pullback_holds,current_week,-0.010309278350515427,-0.08705612829324172,-0.04467353951890041,-0.10652920962199319,0.06872852233676974,2025H2
000670,2025-10-09,3,bull,ma_bull,two_day_acceleration,current_week,-0.08901098901098892,-0.11428571428571421,-0.10549450549450534,-0.1428571428571428,0.001098901098901095,2025H2
000670,2025-10-27,0,bull,none,pullback_holds,current_week,0.00603136308805774,-0.006031363088057962,-0.10253317249698435,-0.045838359469240086,0.043425814234016924,2025H2
000670,2025-11-04,1,bull,none,pullback_holds,current_week,0.02264150943396226,0.015094339622641506,-0.03270440251572326,-0.005031446540880502,0.0641509433962264,2025H2
000670,2025-11-11,1,bull,none,pullback_holds,current_week,-0.006157635467980427,-0.07512315270935976,-0.06034482758620707,-0.10344827586206906,0.041871921182266014,2025H2
000670,2025-12-01,0,mid,none,two_day_acceleration,current_week,-0.0077319587628865705,-0.05798969072164939,-0.04381443298969068,-0.05798969072164939,0.0077319587628865705,2025H2
000670,2025-12-08,0,bull,none,two_day_acceleration,current_week,-0.05798969072164939,-0.046391752577319534,0.20489690721649478,-0.08762886597938135,0.0,2025H2
000670,2025-12-09,1,mid,none,pullback_holds,current_week,-0.05145118733509235,-0.04221635883905017,0.357519788918206,-0.06596306068601587,0.006596306068601621,2025H2
000670,2025-12-22,0,bull,none,pullback_holds,current_week,0.006784260515603879,0.26865671641791034,0.15061058344640443,-0.01899592944369055,0.26865671641791034,2025H2
000670,2025-12-26,4,bull,none,pullback_holds,current_week,0.13484646194926575,0.21762349799732994,0.11748998664886523,-0.024032042723631464,0.4993324432576769,2025H2
000670,2026-01-26,0,bull,none,shrinking_volume_acceleration,current_week,-0.1005347593582887,-0.08449197860962554,-0.17860962566844918,-0.12192513368983948,0.0064171122994653995,2026H1
000670,2026-02-09,0,bull,none,two_day_acceleration,current_week,0.015294117647058902,-0.0964705882352942,-0.06117647058823528,-0.09764705882352942,0.025882352941176467,2026H1
000670,2026-02-12,3,bull,none,pullback_holds,current_week,0.020118343195266508,-0.04023668639053257,0.04497041420118353,-0.1112426035502958,0.031952662721893565,2026H1
000670,2026-02-13,4,mid,none,shrinking_volume_acceleration,current_week,-0.04534883720930216,-0.06162790697674414,-0.018604651162790753,-0.1267441860465116,0.013953488372093092,2026H1
000670,2026-02-24,1,bull,ma_bull,two_day_acceleration,current_week,-0.10697674418604652,-0.04418604651162783,0.020930232558139528,-0.1267441860465116,0.013953488372093092,2026H1
000670,2026-02-27,4,bull,ma_bull,pullback_holds,current_week,-0.045882352941176485,-0.07529411764705873,0.05647058823529427,-0.1164705882352941,0.0,2026H1
000670,2026-04-13,0,mid,none,pullback_holds,current_week,-0.021871202916160404,-0.07168894289185901,0.004860267314702238,-0.10085054678007288,0.024301336573511412,2026H1
000670,2026-04-14,1,mid,none,pullback_holds,current_week,-0.06354916067146277,-0.11990407673860914,-0.016786570743405393,-0.1223021582733812,0.0023980815347721673,2026H1
600273,2025-05-15,3,bull,ma_bull,pullback_holds,current_week,-0.0023529411764705577,-0.040000000000000036,-0.010588235294117676,-0.04235294117647048,0.008235294117647118,2025H1
600273,2025-06-05,3,bull,ma_bull,pullback_holds,current_week,0.004773269689737347,0.008353221957040358,0.04534606205250591,-0.00835322195704058,0.019093078758949833,2025H1
600273,2025-06-06,4,bull,ma_bull,pullback_holds,current_week,0.005980861244019309,-0.0023923444976076125,0.04186602870813405,-0.005980861244018976,0.021531100478469067,2025H1
600273,2025-06-13,4,bull,ma_bull,pullback_holds,current_week,-0.011848341232227444,0.017772511848341166,0.04620853080568721,-0.02132701421800942,0.021327014218009754,2025H1
600273,2025-06-19,3,mid,none,pullback_holds,current_week,0.008303677342823335,0.039145907473309594,0.04033214709371302,-0.02016607354685651,0.04507710557532629,2025H1
600273,2025-06-24,1,bull,none,shrinking_volume_acceleration,current_week,0.004716981132075304,0.05188679245283012,0.07311320754716966,-0.007075471698113289,0.05542452830188682,2025H1
600273,2025-06-25,2,bull,none,pullback_holds,current_week,0.008244994110718551,0.04240282685512353,0.06360424028268552,-0.008244994110718551,0.05418138987043597,2025H1
600273,2025-06-27,4,bull,none,two_day_acceleration,current_week,0.01279069767441876,0.02674418604651163,0.04767441860465116,-0.020930232558139528,0.04302325581395361,2025H1
600273,2025-07-03,3,bull,ma_bull,two_day_acceleration,current_week,0.017142857142857126,0.0022857142857142243,0.014857142857142902,-0.013714285714285679,0.03314285714285714,2025H2
600273,2025-07-14,0,bull,ma_bull,shrinking_volume_acceleration,current_week,0.012401352874858995,0.02029312288613294,0.0056369785794812,-0.015783540022548004,0.03269447576099194,2025H2
600273,2025-07-15,1,bull,ma_bull,two_day_acceleration,current_week,0.020179372197309364,0.0011210762331839152,0.0022421524663676085,-0.02130044843049317,0.026905829596412634,2025H2
600273,2025-07-25,4,bull,ma_bull,pullback_holds,current_week,0.0011111111111110628,0.0033333333333331883,-0.01666666666666672,-0.03111111111111109,0.02111111111111108,2025H2
600273,2025-08-04,0,bull,ma_bull,pullback_holds,current_week,-0.02300109529025196,-0.03504928806133634,-0.06462212486308871,-0.04490690032858713,0.006571741511500306,2025H2
600273,2025-08-07,3,bull,ma_bull,shrinking_volume_acceleration,current_week,-0.03925845147219187,-0.03271537622682652,-0.07851690294438396,-0.04471101417666301,0.0021810250817884125,2025H2
600273,2025-08-08,4,bull,ma_bull,pullback_holds,current_week,-0.017699115044247815,-0.021017699115044364,-0.06194690265486735,-0.030973451327433787,0.005530973451327359,2025H2
600273,2025-08-26,1,bull,ma_bull,pullback_holds,current_week,-0.04260089686098645,-0.024663677130044692,-0.08856502242152453,-0.06278026905829603,0.0011210762331839152,2025H2
600273,2025-09-08,0,bull,none,two_day_acceleration,current_week,-0.047018348623853234,-0.0688073394495412,-0.0240825688073395,-0.07568807339449546,0.004587155963302614,2025H2
600273,2025-09-09,1,bull,none,pullback_holds,current_week,-0.0505747126436783,-0.06551724137931036,-0.020689655172413945,-0.07931034482758637,0.005747126436781436,2025H2
600273,2025-09-10,2,bull,none,pullback_holds,current_week,-0.048220436280137724,-0.06084959816303115,-0.029850746268656914,-0.08036739380022973,0.0011481056257174327,2025H2
600273,2025-09-11,3,bull,none,pullback_holds,current_week,-0.05895953757225436,-0.060115606936416155,-0.03583815028901738,-0.07398843930635846,0.008092485549132888,2025H2
600273,2025-09-12,4,bull,none,pullback_holds,current_week,-0.0308056872037914,-0.02251184834123221,-0.015402843601895588,-0.05094786729857814,0.004739336492891155,2025H2
600273,2025-09-26,4,mid,none,pullback_holds,current_week,0.03041362530413627,0.010948905109489093,0.04257907542579065,-0.006082725060827299,0.04014598540145986,2025H2
600273,2025-09-29,0,bull,none,pullback_holds,current_week,0.02406738868832714,0.008423586040914532,0.025270758122743597,-0.006016847172081952,0.028880866425992746,2025H2
600273,2025-09-30,1,bull,none,pullback_holds,current_week,0.01187648456057011,-0.001187648456057011,0.019002375296912177,-0.019002375296912177,0.015439429928741255,2025H2
600273,2025-10-14,1,bull,none,shrinking_volume_acceleration,current_week,-0.014117647058823457,-0.0023529411764705577,0.06823529411764717,-0.028235294117647136,0.012941176470588234,2025H2
600273,2025-10-23,3,bull,macd_stabilizing,two_day_acceleration,current_week,0.0,0.023391812865497075,0.0035087719298245723,-0.0140350877192984,0.026900584795321425,2025H2
600273,2025-10-24,4,bull,macd_stabilizing,pullback_holds,current_week,0.0011737089201877549,0.07159624413145549,-0.017605633802816767,-0.010563380281690127,0.08920187793427226,2025H2
600273,2025-10-29,2,bull,none,pullback_holds,current_week,0.0058616647127784915,0.06565064478311844,-0.023446658851113633,-0.009378663540445475,0.08792497069167649,2025H2
600273,2025-10-31,4,bull,none,pullback_holds,current_week,0.06783625730994158,0.054970760233918003,-0.026900584795321647,-0.011695906432748648,0.08538011695906422,2025H2
600273,2025-11-03,0,bull,none,pullback_holds,current_week,0.05717619603267221,0.03383897316219353,-0.03267211201866971,-0.014002333722287208,0.08284714119019831,2025H2
600273,2025-11-05,2,bull,none,pullback_holds,current_week,0.05944055944055937,0.00815850815850827,-0.030303030303030276,-0.005827505827505908,0.0815850815850816,2025H2
600273,2025-11-06,3,bull,none,two_day_acceleration,current_week,0.03876852907639683,-0.021664766248574607,-0.06043329532497144,-0.027366020524515422,0.05815279361459513,2025H2
600273,2025-12-26,4,bull,none,two_day_acceleration,current_week,0.13625592417061627,0.09834123222748814,0.2867298578199051,-0.010663507109004766,0.17061611374407604,2025H2
600273,2026-04-08,2,mid,none,pullback_holds,current_week,-0.04051172707889139,-0.04264392324093824,-0.14072494669509594,-0.06289978678038377,0.013859275053304865,2026H1
600273,2026-04-09,3,mid,none,pullback_holds,current_week,-0.012931034482758563,-0.032327586206896464,-0.13362068965517226,-0.05280172413793083,0.0053879310344828735,2026H1
600273,2026-04-16,3,mid,none,pullback_holds,current_week,-0.01965065502183405,-0.1080786026200874,-0.13755458515283836,-0.111353711790393,0.0032751091703056012,2026H1
600273,2026-05-13,2,bull,none,pullback_holds,current_week,-0.01842751842751844,-0.101965601965602,-0.14373464373464384,-0.10810810810810823,0.00982800982800991,2026H1
002036,2025-05-08,3,bull,none,shrinking_volume_acceleration,current_week,-0.04524469067405357,-0.03878116343490301,-0.051708217913204124,-0.049861495844875314,0.015697137580794163,2025H1
002036,2025-05-19,0,bull,none,pullback_holds,current_week,-0.022514071294559068,-0.046904315196998114,-0.06285178236397748,-0.05253283302063794,0.010318949343339545,2025H1
002036,2025-05-26,0,bull,none,shrinking_volume_acceleration,current_week,-0.019305019305019266,-0.018339768339768248,0.014478764478764505,-0.029922779922779807,0.03957528957528966,2025H1
002036,2025-06-09,0,bull,none,pullback_holds,current_week,-0.03842459173871282,-0.043227665706051854,-0.01056676272814594,-0.06724303554274724,0.050912584053794285,2025H1
002036,2025-06-23,0,bull,none,pullback_holds,current_week,0.046466602129719314,-0.0029041626331074433,0.06001936108422079,-0.007744433688286589,0.055179090029041644,2025H1
002036,2025-07-21,0,bull,none,pullback_holds,current_week,0.008256880733944927,-0.013761467889908285,0.050458715596330306,-0.03302752293577982,0.02477064220183478,2025H2
002036,2025-07-25,4,bull,none,pullback_holds,current_week,-0.038738738738738676,-0.03603603603603589,0.06486486486486487,-0.05045045045045038,0.006306306306306242,2025H2
002036,2025-08-07,3,bull,ma_bull,pullback_holds,current_week,0.004604051565377576,0.0847145488029466,-0.0027624309392264568,-0.014732965009207954,0.10773480662983448,2025H2
002036,2025-08-14,3,bull,ma_bull,pullback_holds,current_week,0.08371665133394646,0.08831646734130616,0.047838086476540864,-0.0009199632014720294,0.1306347746090155,2025H2
002036,2025-08-15,4,bull,ma_bull,pullback_holds,current_week,0.061041292639138156,0.04129263913824044,0.0008976660682225024,-0.0008976660682226134,0.10323159784560154,2025H2
002036,2025-08-22,4,bull,ma_bull,shrinking_volume_acceleration,current_week,-0.021097046413502074,-0.056540084388185696,-0.030379746835442978,-0.10295358649789021,0.03713080168776384,2025H2
002036,2025-09-19,4,mid,ma_bull,pullback_holds,current_week,-0.010443864229764954,-0.0696257615317668,-0.0966057441253263,-0.11923411662315053,0.06179286335944312,2025H2
002036,2025-10-09,3,bull,ma_bull,pullback_holds,current_week,-0.09082969432314414,-0.12227074235807867,-0.11965065502183414,-0.14235807860262017,0.0061135371179037445,2025H2
002036,2025-12-01,0,mid,none,two_day_acceleration,current_week,0.03033175355450246,0.07014218009478679,0.1715639810426539,-0.03033175355450235,0.08246445497630317,2025H2
002036,2025-12-09,1,mid,none,two_day_acceleration,current_week,0.019873532068654054,-0.042457091237579125,0.08310749774164417,-0.046973803071364006,0.074977416440831,2025H2
002036,2026-01-05,0,bull,none,pullback_holds,current_week,0.1542600896860986,0.053811659192825045,-0.05470852017937211,-0.0035874439461883734,0.16412556053811667,2026H1
002036,2026-01-09,4,bull,none,shrinking_volume_acceleration,current_week,-0.055423594615993776,-0.02454473475851149,-0.16152019002375306,-0.10768012668250204,0.027711797307996777,2026H1
688778,2025-02-13,3,bull,none,two_day_acceleration,current_week,-0.04705882352941171,0.06274509803921569,0.012352941176470678,-0.0643137254901961,0.09764705882352942,2025H1
688778,2025-03-06,3,bull,ma_bull,two_day_acceleration,current_week,-0.03854748603351954,-0.08342644320297954,-0.09608938547486034,-0.08659217877094971,0.005586592178770999,2025H1
688778,2025-04-01,1,mid,none,pullback_holds,current_week,-0.1149811162400336,-0.028955098615190966,-0.004406210658833398,-0.18673940411246337,0.049097775912714914,2025H1
688778,2025-04-02,2,mid,ma_bull,two_day_acceleration,current_week,-0.12268041237113392,-0.06206185567010303,0.015463917525773141,-0.20082474226804126,0.022268041237113456,2025H1
688778,2025-04-21,0,mid,none,two_day_acceleration,current_week,0.01962038814246103,0.03710812539987218,0.001279590531030106,-0.037747920665387125,0.06568564725954351,2025H1
688778,2025-04-22,1,mid,none,pullback_holds,current_week,0.036964557512502605,0.04566210045662111,-0.00500108719286807,-0.018917155903457328,0.08654055229397684,2025H1
688778,2025-05-09,4,bull,none,pullback_holds,current_week,-0.012909836065573832,-0.06229508196721323,0.06823770491803272,-0.06250000000000011,0.059221311475409655,2025H1
688778,2025-05-19,0,bull,none,two_day_acceleration,current_week,-0.06649097912021074,-0.10602067707277518,0.08757348469491189,-0.11189945266572054,0.04561118994526647,2025H1
688778,2025-05-20,1,bull,none,pullback_holds,current_week,-0.055894308943089444,-0.08943089430894302,0.0997967479674795,-0.10955284552845534,0.04837398373983737,2025H1
688778,2025-06-04,2,bull,none,two_day_acceleration,current_week,0.14056939501779353,0.20351423487544484,0.2546708185053381,-0.018683274021352392,0.21530249110320288,2025H1
688778,2025-06-11,2,bull,none,shrinking_volume_acceleration,current_week,0.060980392156862795,0.19196078431372543,-0.09156862745098038,-0.007058823529411784,0.19235294117647062,2025H1
688778,2025-06-12,3,bull,none,two_day_acceleration,current_week,0.02763385146804853,0.12588754557666482,-0.1249280368451352,-0.0001919017463059003,0.18940702360391493,2025H1
688778,2025-08-01,4,bull,macd_stabilizing,pullback_holds,current_week,-0.013231756214915902,0.031074578989574997,0.17060946271050526,-0.020649558941459478,0.05813953488372081,2025H2
688778,2025-08-15,4,bull,none,pullback_holds,current_week,0.07848837209302317,0.13158914728682158,0.6769379844961241,-0.0017441860465117198,0.17015503875968996,2025H2
688778,2025-08-20,2,bull,ma_bull,shrinking_volume_acceleration,current_week,-0.05122807017543862,0.056140350877192935,0.39315789473684215,-0.08771929824561409,0.11964912280701756,2025H2
688778,2025-08-22,4,bull,ma_bull,shrinking_volume_acceleration,current_week,0.049236298292902214,0.22929020664869726,0.5579514824797844,-0.06558849955076362,0.22929020664869726,2025H2
688778,2025-09-02,1,bull,ma_bull,two_day_acceleration,current_week,0.39068627450980387,0.3225490196078431,0.3709150326797386,-0.08643790849673205,0.4787581699346404,2025H2
688778,2025-09-29,0,bull,ma_bull,shrinking_volume_acceleration,current_week,-0.09404761904761894,-0.07654761904761898,-0.07797619047619042,-0.13333333333333341,0.07928571428571418,2025H2
688778,2025-10-13,0,bull,ma_bull,shrinking_volume_acceleration,current_week,-0.07283950617283941,-0.04999999999999993,-0.03691358024691349,-0.09999999999999998,0.026172839506172885,2025H2
688778,2025-10-21,1,bull,ma_bull,shrinking_volume_acceleration,current_week,0.0331168831168831,0.005844155844155985,0.040909090909091006,-0.05025974025974034,0.1655844155844155,2025H2
688778,2025-12-08,0,bull,none,two_day_acceleration,current_week,-0.019367157665030055,-0.020594653573377086,0.11361156573922537,-0.07951445717403183,0.020867430441898538,2025H2
688778,2025-12-09,1,mid,none,pullback_holds,current_week,-0.059891598915989164,0.028184281842818404,0.09227642276422765,-0.08550135501355016,0.06327913279132802,2025H2
688778,2025-12-22,0,bull,none,pullback_holds,current_week,0.04622667780562506,0.13686995265942636,0.3142578668894458,-0.000556947925369089,0.1736285157337789,2025H2
688778,2026-01-05,0,bull,none,two_day_acceleration,current_week,0.044750216933184594,0.1543324656005951,0.014503532911863237,-0.022189165736953065,0.21197471178876892,2026H1
688778,2026-01-12,0,bull,none,two_day_acceleration,current_week,0.104888467014713,0.14143331751305177,-0.002966302800189835,-0.019221642145230255,0.21713336497389646,2026H1
688778,2026-01-13,1,bull,none,two_day_acceleration,current_week,0.054200230149597184,0.07019562715765248,-0.04119677790563869,-0.007134637514384368,0.18043728423475258,2026H1
688778,2026-02-26,3,bull,ma_bull,pullback_holds,current_week,-0.09832050384884528,-0.07942617214835535,-0.13890832750174942,-0.1667832983438302,0.0025658968975974528,2026H1
688778,2026-03-11,2,bull,none,two_day_acceleration,current_week,-0.04519774011299427,-0.07152028762198248,-0.07395993836671788,-0.14586543400102725,0.026707755521315102,2026H1
688778,2026-04-09,3,mid,none,pullback_holds,current_week,0.05737931034482746,0.10220689655172399,0.06193103448275861,-0.0022068965517241246,0.20827586206896553,2026H1
688778,2026-04-16,3,mid,none,shrinking_volume_acceleration,current_week,0.04868766404199465,0.08333333333333326,-0.07572178477690283,-0.002624671916010568,0.1496062992125986,2026H1
688246,2025-05-12,0,bull,none,shrinking_volume_acceleration,current_week,0.03801369863013715,0.013698630136986356,-0.024657534246575352,-0.003424657534246478,0.1414383561643835,2025H1
688246,2025-05-16,4,bull,none,shrinking_volume_acceleration,current_week,-0.03771760154738868,-0.06608639587362997,-0.11283043197936815,-0.10896196002578973,0.009348807221147837,2025H1
688246,2025-06-04,2,bull,none,pullback_holds,current_week,-0.0312925170068028,-0.09523809523809523,0.004081632653061051,-0.10816326530612252,0.029251700680272164,2025H1
688246,2025-06-05,3,bull,none,pullback_holds,current_week,-0.07622565480188048,-0.11383478844862327,0.00167897918065818,-0.1225654801880457,0.016118200134318306,2025H1
688246,2025-06-06,4,bull,none,pullback_holds,current_week,-0.09090909090909094,-0.11635006784260515,-0.004070556309362261,-0.12143826322930795,0.026458616010854863,2025H1
688246,2025-07-01,1,bull,none,two_day_acceleration,current_week,-0.03104575163398693,0.05947712418300655,0.20915032679738554,-0.06732026143790859,0.07156862745098036,2025H2
688246,2025-07-03,3,bull,none,shrinking_volume_acceleration,current_week,-0.037881327522628294,0.09218907140462607,0.22393563526651006,-0.043245055313442915,0.17331545424069716,2025H2
688246,2025-07-07,0,bull,none,shrinking_volume_acceleration,current_week,0.05290102389078499,0.15631399317406158,0.20238907849829357,-0.025938566552901055,0.21126279863481234,2025H2
688246,2025-07-17,3,bull,none,shrinking_volume_acceleration,current_week,0.0259270425082907,0.1006933976484774,0.02472113355441663,-0.028941814892975648,0.15435634609586968,2025H2
688246,2025-07-18,4,bull,macd_cross,shrinking_volume_acceleration,current_week,0.10220743876625349,0.08859993952222567,0.07650438463864528,-0.026005442999697648,0.15784699123072277,2025H2
688246,2025-09-17,2,bull,none,pullback_holds,current_week,-0.06194978806651452,0.002608412129116333,-0.17215520052168243,-0.09814150635800456,0.04173459406586222,2025H2
688246,2025-09-18,3,mid,none,pullback_holds,current_week,-0.03258390355164553,-0.05017921146953397,-0.1899641577060932,-0.09872922776148585,0.02639296187683282,2025H2
688181,2025-02-07,4,mid,none,two_day_acceleration,current_week,-0.0352269120913995,0.01777213582989523,-0.0361789907965725,-0.06537607108854337,0.021897810218978186,2025H1
688181,2025-02-26,2,bull,ma_bull,shrinking_volume_acceleration,current_week,-0.07857563272513246,-0.08181283107710435,-0.17951736315479705,-0.11977633902295481,0.0002942907592700106,2025H1
688181,2025-03-12,2,bull,ma_bull,pullback_holds,current_week,-0.04357650096836674,-0.10006455777921242,-0.19690122659780507,-0.11878631375080695,0.016785022595222632,2025H1
688181,2025-03-17,0,bull,none,two_day_acceleration,current_week,-0.09354838709677415,-0.09612903225806457,-0.18709677419354842,-0.1225806451612903,0.016129032258064502,2025H1
688181,2025-03-18,1,bull,none,pullback_holds,current_week,-0.08679867986798673,-0.06732673267326728,-0.19207920792079214,-0.10231023102310233,0.009570957095709653,2025H1
688181,2025-04-03,3,mid,none,pullback_holds,current_week,-0.07134935304990753,-0.078373382624769,0.1016635859519408,-0.2380776340110906,0.0,2025H1
688181,2025-04-23,2,mid,none,shrinking_volume_acceleration,current_week,0.039017341040462394,0.0621387283236996,0.060332369942196484,-0.029263005780346796,0.10079479768786115,2025H1
688181,2025-04-25,4,mid,none,shrinking_volume_acceleration,current_week,0.08324245728825885,0.0577971646673936,0.06179571065067235,-0.01853871319520184,0.10759723736822968,2025H1
688181,2025-04-28,0,mid,none,two_day_acceleration,current_week,0.08228076506676296,0.0371706964994587,0.11295561169252966,0.0,0.09960303139660764,2025H1
688181,2025-04-29,1,mid,none,shrinking_volume_acceleration,current_week,0.056457304163726185,0.02117148906139743,0.058927311220889234,-0.00317572335920957,0.07515878616796035,2025H1
688181,2025-05-06,1,mid,none,two_day_acceleration,current_week,-0.009072580645161255,0.03998655913978477,-0.0033602150537634934,-0.040658602150537626,0.05443548387096775,2025H1
688181,2025-05-22,3,bull,none,pullback_holds,current_week,0.03281982585398535,-0.011051574012056253,-0.03215003348961809,-0.03181513730743468,0.05458807769591445,2025H1
688181,2025-05-30,4,mid,none,pullback_holds,current_week,-0.009698996655518433,-0.05618729096989972,0.040802675585284165,-0.08795986622073582,0.01672240802675584,2025H1
688181,2025-06-19,3,mid,macd_stabilizing,pullback_holds,current_week,0.005804028678729978,0.04267668146124959,0.09798566063502911,-0.021850460908159675,0.09320587231136912,2025H1
688181,2025-06-20,4,mid,macd_stabilizing,pullback_holds,current_week,0.04293193717277477,0.04502617801047126,0.11588132635253046,0.0,0.11762652705061094,2025H1
688181,2025-06-23,0,bull,ma_bull,pullback_holds,current_week,0.05028687141410737,0.003712453594330256,0.12284846439419517,-0.00877489031387102,0.08066149173135351,2025H1
688181,2025-06-26,3,bull,ma_bull,pullback_holds,current_week,0.032454361054766734,0.024340770791074995,0.06152805949966189,-0.007099391480730244,0.08248816768086553,2025H1
688181,2025-08-22,4,bull,ma_bull,shrinking_volume_acceleration,current_week,0.018495376155960974,-0.06648337915521108,0.003999000249937712,-0.11197200699825038,0.16970757310672346,2025H2
688181,2025-08-28,3,bull,ma_bull,shrinking_volume_acceleration,current_week,-0.14883720930232558,-0.12906976744186038,-0.09674418604651158,-0.17372093023255808,0.005348837209302459,2025H2
688181,2025-09-15,0,bull,ma_bull,pullback_holds,current_week,0.04270557029177713,0.007957559681697646,-0.06896551724137934,-0.03183023872679047,0.09204244031830244,2025H2
688181,2025-09-16,1,bull,ma_bull,shrinking_volume_acceleration,current_week,-0.019124967251768488,0.006025674613570731,-0.09929263819753731,-0.043751637411579836,0.07859575582918521,2025H2
688181,2025-09-17,2,bull,ma_bull,two_day_acceleration,current_week,0.0017994858611825038,-0.008997429305912408,-0.1239074550128535,-0.06169665809768632,0.058354755784061796,2025H2
688181,2025-09-18,3,mid,ma_bull,pullback_holds,current_week,-0.023384460648730232,-0.08096555192356047,-0.11943676137792303,-0.08398290168468703,0.0176012069399043,2025H2
688181,2025-09-19,4,mid,ma_bull,shrinking_volume_acceleration,current_week,-0.06823294176455874,0.0004998750312421585,-0.09422644338915265,-0.13021744563859017,0.02449387653086732,2025H2
688181,2025-10-09,3,bull,ma_bull,pullback_holds,current_week,-0.06821140328039588,-0.11273105961989083,-0.12444675865659982,-0.13121582921114305,0.067170007810466,2025H2
688181,2025-11-11,1,bull,none,shrinking_volume_acceleration,current_week,0.005389221556886259,0.011077844311377483,-0.004790419161676551,-0.029940119760479056,0.050898203592814495,2025H2
688181,2025-11-18,1,mid,none,pullback_holds,current_week,0.023333333333333428,0.038787878787878816,0.021212121212121238,-0.014242424242424168,0.0657575757575759,2025H2
688181,2025-11-20,3,mid,none,pullback_holds,current_week,-0.007207207207207023,-0.024024024024023927,-0.001201201201201152,-0.024624624624624447,0.05615615615615632,2025H2
688181,2025-12-08,0,bull,none,pullback_holds,current_week,0.02036599763872493,-0.008264462809917439,0.08766233766233755,-0.0475206611570248,0.04338842975206614,2025H2
688181,2026-01-05,0,bull,none,two_day_acceleration,current_week,0.1018072289156624,0.14759036144578297,-0.015963855421686768,-0.006024096385542244,0.16746987951807224,2026H1
688181,2026-01-06,1,bull,none,two_day_acceleration,current_week,0.006521122767224163,0.057555996597675074,-0.041678480294868314,-0.00765523107456767,0.09895094981570729,2026H1
688181,2026-02-27,4,bull,ma_bull,shrinking_volume_acceleration,current_week,-0.02886771300448432,-0.048486547085201726,-0.11771300448430488,-0.08632286995515692,0.03251121076233199,2026H1
688181,2026-08-07,4,mid,none,two_day_acceleration,current_week,0.03909774436090241,-0.029573934837092697,-0.081453634085213,-0.059899749373433564,0.05463659147869682,2026H2
003005,2023-03-01,2,bull,none,two_day_acceleration,current_week,0.020532877047176656,-0.06844292349058922,-0.059398680029332684,-0.07113175262771942,0.08286482522610616,2023H1
003005,2023-03-03,4,bull,none,pullback_holds,current_week,-0.07171502712903988,-0.11111111111111116,-0.10639301722104266,-0.13352205708893594,0.0372729417315405,2023H1
003005,2023-03-24,4,mid,none,pullback_holds,current_week,-0.052999999999999936,-0.10399999999999987,-0.18349999999999989,-0.10950000000000004,0.007249999999999979,2023H1
003005,2023-04-03,0,bull,none,two_day_acceleration,current_week,-0.081883316274309,-0.1276867963152506,-0.07855680655066533,-0.13638689866939613,0.00025588536335741097,2023H1
003005,2025-05-06,1,mid,none,two_day_acceleration,current_week,-0.028301886792452824,-0.0591194968553459,-0.31855345911949684,-0.08333333333333326,0.005660377358490454,2025H1
003005,2025-05-08,3,bull,none,shrinking_volume_acceleration,current_week,-0.05822462615335666,-0.06936048361438119,-0.33184855233853006,-0.07254215717467383,0.013363028953229383,2025H1
003005,2025-05-09,4,bull,none,pullback_holds,current_week,-0.05747126436781613,-0.08365261813537683,-0.32120051085568324,-0.084610472541507,0.005747126436781658,2025H1
003005,2025-05-26,0,bull,none,shrinking_volume_acceleration,current_week,0.019636015325670497,-0.008620689655172376,-0.061302681992337016,-0.03256704980842906,0.07710727969348663,2025H1
600392,2025-03-05,2,bull,macd_stabilizing,pullback_holds,current_week,0.07269503546099298,0.037234042553191626,-0.03191489361702127,-0.004432624113475114,0.09042553191489366,2025H1
600392,2025-03-06,3,bull,macd_stabilizing,shrinking_volume_acceleration,current_week,0.06666666666666665,0.03111111111111109,-0.023111111111111082,-0.001777777777777767,0.09333333333333349,2025H1
600392,2025-03-07,4,bull,macd_stabilizing,two_day_acceleration,current_week,0.03809523809523796,-0.019913419913419994,-0.11601731601731602,-0.027705627705627678,0.06493506493506485,2025H1
600392,2025-04-21,0,mid,none,shrinking_volume_acceleration,current_week,0.006815968841285436,0.1781888997078871,0.14216163583252195,-0.0058422590068158975,0.1791626095423564,2025H1
600392,2025-04-23,2,mid,none,pullback_holds,current_week,0.007619047619047636,0.14952380952380961,0.12857142857142856,-0.027619047619047543,0.16952380952380963,2025H1
600392,2025-04-25,4,mid,none,pullback_holds,current_week,0.1474296799224053,0.19301648884578082,0.11639185257032003,-0.004849660523763455,0.22017458777885546,2025H1
600392,2025-04-28,0,mid,none,pullback_holds,current_week,0.17361784675072744,0.2725509214354995,0.1357904946653734,-0.004849660523763455,0.312318137730359,2025H1
600392,2025-04-29,1,mid,none,shrinking_volume_acceleration,current_week,0.12086874409820592,0.18508026440037773,0.09442870632672329,-0.0018885741265344258,0.2776203966005666,2025H1
600392,2025-04-30,2,mid,none,pullback_holds,current_week,0.10632447296058656,0.12007332722273145,0.09990834097158574,0.0,0.2401466544454629,2025H1
600392,2025-05-08,3,bull,none,shrinking_volume_acceleration,current_week,0.09333333333333349,-0.022499999999999964,0.07833333333333337,-0.02499999999999991,0.12750000000000017,2025H1
600392,2025-06-30,0,bull,ma_bull,two_day_acceleration,current_week,-0.028115501519756725,0.13221884498480252,0.8685410334346504,-0.046352583586626084,0.21048632218844987,2025H1
600392,2025-07-01,1,bull,ma_bull,pullback_holds,current_week,0.01304681504221028,0.1573292402148887,0.8465080583269378,-0.03683806600153494,0.2225633154259401,2025H2
600392,2025-07-08,1,bull,ma_bull,two_day_acceleration,current_week,0.14155942467827387,0.4579863739591219,0.5813777441332324,-0.022710068130204486,0.5518546555639665,2025H2
600392,2025-07-09,2,bull,ma_bull,pullback_holds,current_week,0.1827715355805244,0.49812734082397014,0.5580524344569289,-0.02397003745318338,0.5355805243445693,2025H2
600392,2025-08-28,3,bull,ma_bull,shrinking_volume_acceleration,current_week,-0.13688818145642645,-0.09988062077198556,-0.11420612813370468,-0.14166335057699952,0.10067648229208115,2025H2
600392,2025-10-27,0,bull,none,pullback_holds,current_week,-0.02955032119914347,-0.04967880085653109,-0.13147751605995717,-0.06295503211991449,0.05310492505353315,2025H2
600392,2025-12-01,0,mid,none,two_day_acceleration,current_week,-0.007473143390938852,-0.03222793087342368,0.005137786081270468,-0.04483886034563289,0.0,2025H2
600392,2025-12-26,4,bull,none,two_day_acceleration,current_week,0.03655714946783917,0.09440074039796409,0.18926422952336885,-0.02498843128181394,0.13142063859324393,2025H2
600392,2025-12-30,1,bull,none,shrinking_volume_acceleration,current_week,0.04474169741697431,0.09686346863468631,0.3851476014760149,-0.013837638376383743,0.12776752767527677,2025H2
600392,2026-01-06,1,bull,none,two_day_acceleration,current_week,0.03956043956043964,0.048791208791208796,0.14989010989010998,-0.01538461538461533,0.08923076923076922,2026H1
600392,2026-01-07,2,bull,none,two_day_acceleration,current_week,0.0285588752196837,0.061072056239015904,0.13927943760984163,-0.01581722319859402,0.08875219683655544,2026H1
600392,2026-01-15,3,bull,none,shrinking_volume_acceleration,current_week,0.021793797150041927,0.25859178541492045,0.2954735959765298,-0.034786253143336054,0.25859178541492045,2026H1
600392,2026-01-21,2,bull,none,shrinking_volume_acceleration,current_week,0.13749999999999996,0.08041666666666658,0.31041666666666656,-0.006249999999999978,0.25125,2026H1
600392,2026-01-23,4,bull,none,two_day_acceleration,current_week,0.07049504950495056,-0.02297029702970288,0.2740594059405941,-0.06811881188118807,0.18930693069306925,2026H1
600392,2026-04-30,3,bull,none,pullback_holds,current_week,-0.0038343558282208923,-0.10582822085889576,-0.14033742331288346,-0.12538343558282217,0.06671779141104284,2026H1
600392,2026-05-06,2,bull,none,shrinking_volume_acceleration,current_week,-0.007121439280359687,-0.10907046476761617,-0.1431784107946027,-0.15104947526236878,0.04272863568215901,2026H1
600392,2026-06-03,2,mid,none,pullback_holds,current_week,0.059111111111111114,0.2791111111111111,0.32844444444444454,-0.022222222222222254,0.32977777777777795,2026H1
600392,2026-06-15,0,bull,none,shrinking_volume_acceleration,current_week,0.1753787878787878,0.12765151515151496,-0.08181818181818179,-0.0060606060606061,0.31060606060606055,2026H1
603181,2025-03-05,2,bull,none,shrinking_volume_acceleration,current_week,-0.008319467554076532,0.02329450915141451,0.06239600665557399,-0.038269550748752046,0.032445923460898474,2025H1
603181,2025-03-17,0,bull,none,pullback_holds,current_week,0.016652789342214813,0.07743547044129895,-0.016652789342214813,-0.014154870940882636,0.20899250624479593,2025H1
603181,2025-03-18,1,bull,none,pullback_holds,current_week,0.05523012552301232,0.056903765690376584,-0.020083682008368187,-0.0058577405857740406,0.2150627615062759,2025H1
603181,2025-05-06,1,mid,macd_stabilizing,two_day_acceleration,current_week,0.027441485068603777,0.03712671509281673,0.039548022598870025,-0.02824858757062143,0.07748184019370452,2025H1
603181,2025-05-07,2,bull,macd_stabilizing,pullback_holds,current_week,0.03527481542247757,0.03855619360131257,0.05004101722723564,-0.011484823625922735,0.09515996718621822,2025H1
603181,2025-05-08,3,bull,macd_stabilizing,shrinking_volume_acceleration,current_week,0.012976480129764711,0.017842660178426728,0.033252230332522226,-0.0227088402270883,0.08272506082725051,2025H1
603181,2025-05-09,4,bull,none,pullback_holds,current_week,0.00978792822185981,0.015497553017944643,0.04159869494290369,-0.01712887438825439,0.08890701468189222,2025H1
603181,2025-05-16,4,bull,macd_stabilizing,pullback_holds,current_week,0.006467259498787348,0.011317704122877803,-0.0404203718674212,-0.009700889248181133,0.07922392886014529,2025H1
603181,2025-05-19,0,bull,ma_bull,two_day_acceleration,current_week,-0.041053446940356286,-0.006196746707978318,-0.07978311386522074,-0.04957397366382654,0.03408210689388058,2025H1
603181,2025-05-21,2,bull,ma_bull,pullback_holds,current_week,0.003177124702144596,0.016679904686258906,-0.06354249404289114,-0.025416997617156545,0.04050833995234315,2025H1
603181,2025-05-22,3,bull,ma_bull,pullback_holds,current_week,0.024839743589743613,0.02083333333333326,-0.06650641025641024,-0.016826923076923128,0.049679487179487225,2025H1
603181,2025-05-23,4,bull,none,pullback_holds,current_week,0.004819277108433662,0.02570281124497975,-0.04417670682730934,-0.014457831325301318,0.052208835341365445,2025H1
603181,2025-05-28,2,mid,ma_bull,pullback_holds,current_week,0.01829753381066035,-0.02545743834526648,-0.01352426412092278,-0.03341288782816232,0.04216388225934753,2025H1
603181,2025-05-30,4,mid,ma_bull,pullback_holds,current_week,0.027353177795655714,-0.04505229283990331,0.03459372485921164,-0.04746580852775539,0.04585679806918752,2025H1
603181,2025-06-03,1,bull,ma_bull,shrinking_volume_acceleration,current_week,-0.017094017094017144,-0.07692307692307698,0.008547008547008517,-0.08547008547008561,0.010101010101009944,2025H1
603181,2025-06-09,0,bull,ma_bull,pullback_holds,current_week,-0.07047768206734528,-0.06812842599843372,0.03132341425215346,-0.09631949882537183,0.003132341425215346,2025H1
603181,2025-06-25,2,bull,ma_bull,two_day_acceleration,current_week,0.05958132045088571,0.04347826086956519,0.07407407407407396,-0.005636070853462183,0.08695652173913038,2025H1
603181,2025-06-26,3,bull,ma_bull,pullback_holds,current_week,0.07332796132151498,0.04673650282030617,0.0829975825946816,-0.0016116035455278066,0.08783239323126502,2025H1
603181,2025-07-02,2,bull,ma_bull,two_day_acceleration,current_week,-0.010687022900763288,0.016793893129771087,0.0,-0.027480916030534264,0.06870229007633588,2025H2
603181,2025-07-14,0,bull,ma_bull,pullback_holds,current_week,0.08275328692962103,0.011600928074245953,0.2049497293116782,-0.002320185614849146,0.09280742459396762,2025H2
603181,2025-07-15,1,bull,ma_bull,two_day_acceleration,current_week,0.012686567164179152,-0.027611940298507442,0.14029850746268657,-0.03731343283582089,0.05447761194029854,2025H2
603181,2025-07-18,4,bull,ma_bull,pullback_holds,current_week,0.002271006813020282,0.00832702498107496,0.18773656320968946,-0.03179409538228617,0.0696442089326268,2025H2
603181,2025-07-23,2,bull,ma_bull,pullback_holds,current_week,-0.01577761081893314,0.13072877535687444,0.14876033057851235,-0.039068369646881984,0.14650638617580758,2025H2
603181,2025-07-24,3,bull,ma_bull,pullback_holds,current_week,-0.046840148698884865,0.12862453531598494,0.12862453531598494,-0.04907063197026018,0.1635687732342006,2025H2
603181,2025-07-25,4,bull,ma_bull,pullback_holds,current_week,0.00832702498107496,0.1748675246025737,0.14307342922028754,-0.03179409538228617,0.19909159727479175,2025H2
603181,2025-08-07,3,bull,ma_bull,shrinking_volume_acceleration,current_week,0.02715231788079464,0.005298013245033095,0.057615894039735105,-0.01655629139072845,0.08609271523178808,2025H2
603181,2025-08-15,4,bull,ma_bull,shrinking_volume_acceleration,current_week,-0.041269841269841345,0.08571428571428585,0.08317460317460301,-0.04698412698412702,0.25142857142857156,2025H2
603181,2025-09-12,4,bull,ma_bull,shrinking_volume_acceleration,current_week,-0.009373169302870576,0.01991798476859996,-0.0011716461628588082,-0.07147041593438785,0.06854130052724083,2025H2
603181,2025-10-13,0,bull,ma_bull,shrinking_volume_acceleration,current_week,-0.1646251837334639,-0.15923566878980888,-0.17687408133268,-0.20431161195492398,0.014208721215090536,2025H2
603181,2025-12-08,0,bull,none,pullback_holds,current_week,-0.015905947441217205,-0.0055325034578146415,0.013831258644536604,-0.042876901798063694,0.007607192254495132,2025H2
603181,2025-12-19,4,mid,none,pullback_holds,current_week,0.009722222222222188,0.029166666666666563,0.14444444444444438,-0.01388888888888884,0.03749999999999987,2025H2
603181,2025-12-24,2,bull,none,pullback_holds,current_week,-0.004874651810584885,0.0870473537604457,0.17130919220055718,-0.00974930362116988,0.12047353760445678,2025H2
603181,2026-01-05,0,bull,none,pullback_holds,current_week,0.07697594501718208,0.10927835051546397,0.1024054982817868,-0.0013745704467353903,0.11408934707903784,2026H1
603181,2026-01-06,1,bull,none,two_day_acceleration,current_week,0.02006688963210701,0.1023411371237457,0.08160535117056855,-0.022073578595317778,0.1023411371237457,2026H1
603181,2026-01-09,4,bull,none,two_day_acceleration,current_week,0.021221864951768588,0.08167202572347265,0.03665594855305465,-0.023151125401929318,0.0848874598070739,2026H1
603181,2026-02-12,3,bull,macd_cross,two_day_acceleration,current_week,0.05077658303464738,0.031063321385901954,-0.1224611708482678,-0.027479091995221028,0.06929510155316598,2026H1
603181,2026-03-10,1,bull,ma_bull,pullback_holds,current_week,-0.05366416618580516,-0.16849394114252747,-0.1367570686670514,-0.2123485285631853,0.011540680900173017,2026H1
603181,2026-03-16,0,mid,ma_bull,shrinking_volume_acceleration,current_week,-0.13927077106993424,-0.13927077106993424,-0.10041841004184093,-0.18410041841004188,0.023909145248057317,2026H1
603567,2023-05-04,3,bull,ma_bull,two_day_acceleration,current_week,-0.06745562130177507,0.02366863905325456,-0.011242603550295716,-0.07810650887573956,0.03846153846153855,2023H1
603567,2023-07-05,2,mid,none,two_day_acceleration,current_week,-0.010691823899371067,-0.15911949685534588,-0.12893081761006298,-0.1773584905660377,0.018867924528301883,2023H2
603567,2025-08-12,1,bull,ma_bull,pullback_holds,current_week,-0.027365129007036804,-0.009382329945269774,-0.08835027365129011,-0.06098514464425342,0.014855355746677068,2025H2
603567,2025-08-21,3,bull,ma_bull,pullback_holds,current_week,-0.046751188589540416,-0.07369255150554688,-0.07210776545166409,-0.09270998415213949,0.035657686212361206,2025H2
603567,2025-08-22,4,bull,ma_bull,pullback_holds,current_week,-0.040380047505938266,-0.06254948535233573,-0.08076009501187653,-0.09342834520981791,0.034837688044338844,2025H2
603567,2025-09-12,4,bull,ma_bull,pullback_holds,current_week,-0.04991816693944362,-0.08674304418985279,-0.041734860883797076,-0.11047463175122751,0.016366612111292866,2025H2
603567,2025-09-29,0,bull,none,two_day_acceleration,current_week,0.06822262118491929,0.05206463195691202,0.032315978456014305,-0.004488330341113178,0.10412926391382404,2025H2
300561,2023-07-03,0,mid,none,two_day_acceleration,current_week,-0.0446351931330472,0.006008583690987113,0.043776824034334805,-0.057510729613733935,0.04463519313304709,2023H2
300561,2023-08-02,2,bull,none,two_day_acceleration,current_week,0.0383693045563549,0.03677058353317353,0.19104716227018392,-0.062350119904076684,0.123101518784972,2023H2
300561,2023-08-04,4,bull,none,two_day_acceleration,current_week,-0.04813664596273304,-0.04270186335403736,0.09627329192546585,-0.0892857142857143,0.09083850931677007,2023H2
300561,2023-11-06,0,mid,none,two_day_acceleration,current_week,0.026045777426992878,0.03946329913180735,0.005524861878453136,-0.0047355958958169575,0.05840568271507496,2023H2
300561,2023-11-09,3,mid,none,shrinking_volume_acceleration,current_week,0.027216174183514852,-0.009331259720062102,-0.03421461897356137,-0.02488335925349916,0.04276827371695191,2023H2
300561,2023-11-14,1,mid,none,two_day_acceleration,current_week,-0.024700598802395057,-0.07110778443113763,-0.062125748502993905,-0.08008982035928136,0.0037425149700598404,2023H2
300561,2023-12-29,4,mid,none,pullback_holds,current_week,-0.04244482173174868,-0.05772495755517826,-0.14940577249575548,-0.0721561969439728,0.007640067911715009,2023H2
300561,2024-12-23,0,mid,ma_bull,shrinking_volume_acceleration,current_week,0.1345300135109051,0.14456668596795996,0.07180081065431376,-0.13684616869330246,0.19069677668403795,2024H2
300561,2025-02-07,4,mid,ma_bull,two_day_acceleration,current_week,-0.04953271028037376,-0.0749532710280374,-0.21214953271028036,-0.1181308411214953,0.052336448598131025,2025H1
300561,2025-02-11,1,mid,none,pullback_holds,current_week,-0.07790476190476181,-0.10838095238095236,-0.19771428571428573,-0.11295238095238092,0.05047619047619034,2025H1
300561,2025-02-12,2,bull,none,pullback_holds,current_week,-0.07992530345471527,-0.10812324929971995,-0.18020541549953328,-0.15032679738562094,0.003548085901027065,2025H1
300561,2025-05-22,3,bull,none,pullback_holds,current_week,0.09921259842519681,0.03700787401574801,-0.11889763779527573,0.0,0.1614173228346456,2025H1
002995,2023-05-18,3,mid,none,shrinking_volume_acceleration,current_week,-0.07447154471544715,0.255609756097561,0.31154471544715445,-0.10243902439024388,0.255609756097561,2023H1
002995,2023-08-07,0,bull,none,two_day_acceleration,current_week,0.10669216061185471,-0.049330783938814626,-0.020650095602294583,-0.05621414913957945,0.16596558317399612,2023H2
002995,2023-09-12,1,mid,none,pullback_holds,current_week,0.08407798537774158,0.07351746547522331,-0.03371242891957771,-0.04549147034930956,0.1571892770105605,2023H2
002995,2023-09-19,1,mid,none,shrinking_volume_acceleration,current_week,0.02085747392815751,-0.009269988412514474,-0.1664735419080725,-0.03901120123599855,0.10042487446890691,2023H2
002995,2026-03-09,0,mid,ma_bull,two_day_acceleration,current_week,0.03770423125261835,-0.015919564306661083,-0.05697528278173436,-0.059488898198575724,0.13908671973188103,2026H1
002995,2026-04-20,0,bull,none,pullback_holds,current_week,-0.0974188176519567,-0.021232306411323787,-0.15070774354704397,-0.133638634471274,0.0033305578684430515,2026H1
002995,2026-05-06,2,bull,none,pullback_holds,current_week,0.007929515418502175,-0.04405286343612336,0.10264317180616755,-0.0488986784140969,0.05903083700440526,2026H1
002995,2026-05-19,1,bull,none,pullback_holds,current_week,-0.14701927386822045,0.16539668310174815,-0.03630658897355443,-0.16181084715374272,0.23800986104885724,2026H1
301180,2026-01-08,3,bull,ma_bull,shrinking_volume_acceleration,current_week,0.014722536806342168,0.058890147225368006,0.03171007927519809,-0.022650056625141524,0.07587768969422415,2026H1
301180,2026-01-09,4,bull,ma_bull,two_day_acceleration,current_week,0.026519337016574607,0.022099447513812098,0.0127071823204421,-0.04640883977900556,0.04972375690607733,2026H1
301180,2026-02-05,3,mid,ma_bull,pullback_holds,current_week,0.01660210293303832,0.02047592695074707,0.17321527393469838,-0.014388489208633226,0.047592695074709424,2026H1
301180,2026-02-06,4,mid,ma_bull,pullback_holds,current_week,-0.023745277927684882,-0.0464112250404749,0.10145709660010782,-0.05558553696708046,0.021586616297895267,2026H1
301180,2026-02-24,1,bull,ma_bull,pullback_holds,current_week,-0.021184139054861495,0.07767517653449207,0.16241173275393828,-0.049429657794676785,0.1167843563280826,2026H1
301180,2026-02-25,2,bull,ma_bull,pullback_holds,current_week,0.0448406266882766,0.056726094003241245,0.2101566720691519,-0.05456509994597525,0.11075094543489983,2026H1
301180,2026-02-26,3,bull,ma_bull,two_day_acceleration,current_week,0.03475935828877019,0.08983957219251337,0.09572192513369004,-0.06417112299465233,0.14973262032085577,2026H1
301180,2026-02-27,4,bull,ma_bull,pullback_holds,current_week,0.10558319513543402,0.17191818684355997,0.12216694306246545,-0.032614704256495264,0.2028745163073522,2026H1
301180,2026-04-14,1,mid,ma_bull,two_day_acceleration,current_week,-0.025742574257425765,-0.11633663366336622,-0.11782178217821782,-0.1613861386138613,0.05693069306930698,2026H1
301180,2026-04-15,2,mid,ma_bull,two_day_acceleration,current_week,-0.0661870503597124,-0.11654676258992802,-0.15971223021582737,-0.18752997601918464,0.023980815347721895,2026H1
301180,2026-06-16,1,bull,none,two_day_acceleration,current_week,-0.0742817098808689,-0.11002102312543793,-0.19901892081289418,-0.15767344078486334,0.008409250175192673,2026H1
688056,2025-05-07,2,bull,ma_bull,pullback_holds,current_week,-0.04344048653344912,-0.04257167680278018,-0.05936866492904713,-0.05821025195482188,0.034752389226759384,2025H1
688056,2025-05-08,3,bull,ma_bull,pullback_holds,current_week,-0.0819949281487744,-0.09326570865032413,-0.073541842772612,-0.09805579036348278,0.0,2025H1
688056,2025-06-06,4,bull,none,pullback_holds,current_week,0.017335766423357768,-0.05231143552311446,-0.015510948905109623,-0.053223844282238586,0.03406326034063256,2025H1
688056,2025-06-24,1,bull,none,shrinking_volume_acceleration,current_week,0.029629629629629672,0.02314814814814814,0.09907407407407409,-0.010802469135802517,0.03919753086419764,2025H1
688056,2025-06-25,2,bull,none,pullback_holds,current_week,0.01596071209330896,0.02915899324739102,0.07519950890116656,-0.014732965009207954,0.03959484346224684,2025H1
688056,2025-06-26,3,bull,none,pullback_holds,current_week,0.021651716671821974,0.02690999072069289,0.08444169502010523,-0.007114135477884198,0.047633776678007944,2025H1
688056,2025-06-27,4,bull,none,pullback_holds,current_week,0.0012372409526755224,0.03804515929477281,0.09619548407052281,-0.0052582740488708035,0.05660377358490587,2025H1
688056,2025-07-04,4,bull,none,pullback_holds,current_week,0.036762434352795914,0.05591597157862216,0.11059623107815897,-0.004324992276799278,0.06178560395427857,2025H2
688056,2025-07-17,3,bull,none,shrinking_volume_acceleration,current_week,0.03178340200117713,0.04885226603884618,0.11918775750441424,-0.007062978222483918,0.08475573866980568,2025H2
688056,2025-07-18,4,bull,none,two_day_acceleration,current_week,0.03656039777712783,0.051477040070196045,0.15150628838841773,-0.0011699327288681172,0.07809300965194499,2025H2
688056,2025-07-22,1,bull,none,two_day_acceleration,current_week,0.03372060073675276,0.04817228676678953,0.11391328988381977,-0.015868517993765763,0.06460753754604709,2025H2
688056,2025-07-24,3,bull,none,shrinking_volume_acceleration,current_week,0.0165430690245294,0.13861950941243584,0.15915573302909292,-0.00941243582430118,0.17712492869366803,2025H2
688056,2025-07-25,4,bull,none,shrinking_volume_acceleration,current_week,0.00983146067415741,0.10983146067415728,0.16601123595505607,-0.010955056179775324,0.15926966292134837,2025H2
688056,2025-07-28,0,bull,macd_cross,two_day_acceleration,current_week,0.011263736263736446,0.098901098901099,0.10521978021978029,-0.032692307692307576,0.13379120879120898,2025H2
688056,2025-07-31,3,bull,macd_cross,pullback_holds,current_week,0.12008978675645343,0.06705948372615045,0.11952861952861937,-0.00729517396184054,0.15796857463524128,2025H2
688056,2025-08-04,0,bull,none,two_day_acceleration,current_week,0.08225108225108224,0.07765151515151514,-0.010010822510822415,-0.011904761904761862,0.11661255411255422,2025H2
688056,2025-08-22,4,bull,ma_bull,two_day_acceleration,current_week,-0.09891172914147528,-0.1359129383313179,-0.143409915356711,-0.1724304715840388,0.011608222490931075,2025H2
688056,2025-09-18,3,mid,ma_bull,pullback_holds,current_week,0.014500836586726296,-0.003346346904629094,-0.01784718349135528,-0.05409927495817057,0.06804238706079202,2025H2
688056,2025-09-24,2,bull,none,shrinking_volume_acceleration,current_week,0.0035931453841901995,-0.019347705914870006,-0.006080707573244859,-0.07379767827529027,0.058595909342178176,2025H2
688056,2025-10-13,0,bull,none,pullback_holds,current_week,-0.029436267703415564,0.0011108025548460798,0.04137739516800898,-0.048597611774507055,0.02471535684532067,2025H2
688056,2025-10-27,0,bull,none,shrinking_volume_acceleration,current_week,0.021636615811372995,0.04022191400832176,-0.03190013869625541,-0.019417475728155442,0.0771151178918168,2025H2
688056,2025-10-29,2,bull,none,pullback_holds,current_week,0.07132867132867138,0.028811188811188826,-0.034965034965035,-0.011188811188811099,0.08615384615384603,2025H2
688056,2025-10-30,3,bull,none,pullback_holds,current_week,0.05200222469410454,0.01918798665183541,-0.02280311457174644,-0.004449388209121108,0.07981090100111232,2025H2
688056,2025-10-31,4,bull,none,shrinking_volume_acceleration,current_week,-0.028235294117647025,-0.04705882352941171,-0.06666666666666654,-0.0562091503267973,0.01516339869281036,2025H2
688056,2025-11-05,2,bull,none,two_day_acceleration,current_week,-0.044675324675324646,-0.07610389610389612,-0.0867532467532467,-0.08025974025974014,0.0,2025H2
688056,2025-11-18,1,mid,none,pullback_holds,current_week,-0.0512056353291791,-0.04958005960444334,-0.11731238146843692,-0.0899485234353834,0.0,2025H2
688056,2025-12-08,0,bull,none,pullback_holds,current_week,-0.06976744186046502,-0.06892687027178468,-0.02353600448304838,-0.10871392546931902,0.007284953768562863,2025H2
688056,2025-12-24,2,bull,none,shrinking_volume_acceleration,current_week,-0.007969303423848939,0.04279811097992914,0.10861865407319948,-0.032467532467532534,0.04899645808736697,2025H2
688056,2025-12-25,3,bull,none,pullback_holds,current_week,0.007058823529411784,0.08470588235294119,0.08470588235294119,-0.035882352941176476,0.08705882352941186,2025H2
688056,2025-12-26,4,bull,none,pullback_holds,current_week,0.006788665879574829,0.06198347107438029,0.09622195985832338,-0.032467532467532534,0.09917355371900816,2025H2
688056,2025-12-29,0,bull,none,pullback_holds,current_week,0.031065088757396664,0.06065088757396464,0.08017751479289936,-0.030177514792899318,0.10177514792899434,2025H2
688056,2026-01-05,0,bull,none,two_day_acceleration,current_week,0.08343125734430101,0.08960047003525284,0.061398354876615935,-0.005875440658049236,0.10047003525264397,2026H1
688056,2026-01-07,2,bull,none,two_day_acceleration,current_week,0.02898966704936856,0.06716417910447747,0.06458094144661297,-0.009471871412170096,0.0826636050516647,2026H1
688056,2026-01-15,3,bull,none,shrinking_volume_acceleration,current_week,0.04606365159128978,0.0013958682300390102,0.06672250139586833,-0.0005583472920155375,0.060022333891680546,2026H1
688056,2026-01-16,4,bull,none,two_day_acceleration,current_week,0.01816210355109793,-0.004879371103279961,0.03361344537815136,-0.0379506641366224,0.02927622661967999,2026H1
688056,2026-01-21,2,bull,macd_cross,shrinking_volume_acceleration,current_week,-0.014574898785425283,0.0010796221322537658,0.062078272604588314,-0.04210526315789476,0.02564102564102555,2026H1
688056,2026-02-04,2,mid,none,pullback_holds,current_week,0.030961434003259125,0.06871265616512767,0.04997284084736564,-0.017925040738728804,0.08636610537751221,2026H1
688056,2026-02-05,3,mid,none,pullback_holds,current_week,0.03944504896626766,0.07943416757344934,0.03073993471164327,-0.016322089227420955,0.08813928182807396,2026H1
688056,2026-02-06,4,mid,none,pullback_holds,current_week,0.020337168852020415,0.03505485683703502,0.0037463205780037256,-0.009900990099009799,0.07037730800107056,2026H1
688056,2026-02-09,0,bull,none,two_day_acceleration,current_week,0.04023292747485452,-0.01985177342509259,-0.049497088406564305,-0.01985177342509259,0.05876124933827409,2026H1
688056,2026-02-11,2,bull,none,shrinking_volume_acceleration,current_week,0.03880675818373813,-0.0124076029567054,-0.0667898627243928,-0.030623020063358042,0.05596620908130934,2026H1
688056,2026-02-24,1,bull,ma_bull,two_day_acceleration,current_week,-0.05776081424936397,0.0223918575063613,-0.14681933842239192,-0.06564885496183215,0.028244274809160252,2026H1
688056,2026-03-09,0,mid,ma_bull,pullback_holds,current_week,-0.043112244897959284,-0.19515306122448983,-0.1278061224489797,-0.20892857142857146,0.03316326530612246,2026H1
688056,2026-03-10,1,bull,ma_bull,shrinking_volume_acceleration,current_week,-0.10560398505603974,-0.16488169364881688,-0.10460772104607707,-0.2276463262764632,0.008717310087173136,2026H1
688056,2026-05-19,1,bull,macd_stabilizing,pullback_holds,current_week,-0.0472353431508753,-0.053626007224228944,0.9483189774937484,-0.12948041122534037,0.03973325923867743,2026H1
688056,2026-05-20,2,bull,macd_stabilizing,pullback_holds,current_week,-0.08921623123957756,-0.028349082823791116,0.850194552529183,-0.1292384658143414,0.040022234574763615,2026H1
688056,2026-08-31,0,bull,none,shrinking_volume_acceleration,current_week,-0.048572744014732994,-0.06675874769797419,,-0.12523020257826878,0.003913443830571017,2026H2
300615,2023-03-01,2,bull,ma_bull,two_day_acceleration,current_week,-0.021137026239067103,-0.025510204081632626,0.019679300291545188,-0.05247813411078717,0.04154518950437325,2023H1
300615,2023-03-20,0,mid,ma_bull,two_day_acceleration,current_week,0.05043859649122817,0.04459064327485396,0.02046783625731008,-0.01900584795321636,0.059941520467836185,2023H1
300615,2023-03-21,1,mid,ma_bull,pullback_holds,current_week,0.020423048869438354,0.03355215171407733,0.07877461706783362,-0.010211524434719177,0.06418672501823486,2023H1
300615,2023-03-22,2,mid,ma_bull,two_day_acceleration,current_week,-0.006392045454545414,0.01775568181818188,0.07102272727272729,-0.03622159090909094,0.03622159090909083,2023H1
300615,2023-04-04,1,bull,ma_bull,pullback_holds,current_week,0.031205673758865293,0.04893617021276597,0.2163120567375889,-0.038297872340425476,0.07163120567375891,2023H1
300615,2023-04-06,3,bull,ma_bull,shrinking_volume_acceleration,current_week,-0.017385257301808066,0.048678720445062496,0.09040333796940181,-0.057023643949930425,0.09040333796940181,2023H1
300615,2023-04-28,4,bull,ma_bull,shrinking_volume_acceleration,current_week,-0.08055235903337166,-0.06098964326812417,-0.058112773302646636,-0.1242807825086305,0.06501726121979301,2023H1
300615,2023-08-01,1,bull,none,two_day_acceleration,current_week,-0.02248594628357281,-0.040599625234228776,0.061211742660836954,-0.06433479075577775,0.009993753903810187,2023H2
300615,2023-08-02,2,bull,none,pullback_holds,current_week,-0.03638644918444167,-0.05269761606022583,0.05646173149309908,-0.060225846925972326,0.014429109159347586,2023H2
300615,2023-08-04,4,bull,none,pullback_holds,current_week,-0.04554079696394686,-0.035420619860847546,0.025932953826691918,-0.057558507273877346,0.020872865275142427,2023H2
300615,2023-11-07,1,mid,macd_stabilizing,pullback_holds,current_week,0.022673031026252843,0.014319809069212264,-0.05011933174224348,-0.01252983293556087,0.05847255369928406,2023H2
300615,2023-11-13,0,mid,none,two_day_acceleration,current_week,0.025882352941176467,-0.030588235294117583,-0.057647058823529385,-0.05294117647058816,0.04352941176470604,2023H2
300615,2023-11-17,4,mid,none,shrinking_volume_acceleration,current_week,-0.07101947308132883,-0.058991981672394056,-0.09736540664375726,-0.0819014891179839,0.00572737686139746,2023H2
300615,2023-12-28,3,mid,none,pullback_holds,current_week,-0.012353706111833618,-0.031859557867360166,-0.09622886866059821,-0.05916775032509758,0.04551365409622887,2023H2
300615,2023-12-29,4,mid,none,two_day_acceleration,current_week,-0.06561514195583595,-0.06309148264984232,-0.16025236593059933,-0.08706624605678226,0.014511041009463765,2023H2
300615,2025-06-05,3,bull,none,pullback_holds,current_week,0.016813450760608584,0.004003202562049779,0.06244995996797442,-0.014411529223378627,0.03122497998398721,2025H1
300615,2025-06-09,0,bull,none,shrinking_volume_acceleration,current_week,-0.016393442622950838,-0.01795472287275568,0.02810304449648715,-0.049960967993754934,0.005464480874316946,2025H1
300615,2025-06-11,2,bull,none,shrinking_volume_acceleration,current_week,-0.0023622047244095112,0.019685039370078705,0.055905511811023434,-0.04173228346456703,0.030708661417322647,2025H1
300615,2025-06-16,0,bull,none,pullback_holds,current_week,-0.004746835443038,0.057753164556962,0.07278481012658222,-0.037183544303797555,0.06803797468354422,2025H1
300615,2025-06-17,1,bull,none,pullback_holds,current_week,0.0417670682730924,0.07228915662650581,0.08192771084337336,-0.02248995983935753,0.0843373493975903,2025H1
300615,2025-06-18,2,bull,none,pullback_holds,current_week,0.02209944751381232,0.03867403314917128,0.08997632202052097,-0.03946329913180746,0.06550907655880023,2025H1
300615,2025-06-19,3,mid,none,pullback_holds,current_week,0.04146730462519943,0.05821371610845283,0.16267942583732053,-0.029505582137161146,0.07655502392344493,2025H1
300615,2025-06-23,0,bull,none,shrinking_volume_acceleration,current_week,0.057753164556962,0.04193037974683533,0.12658227848101267,-0.004746835443038,0.06803797468354422,2025H1
300615,2025-06-24,1,bull,macd_cross,two_day_acceleration,current_week,0.028505392912172578,0.03852080123266566,0.08012326656394442,-0.013867488443759624,0.04006163328197232,2025H1
300615,2025-06-27,4,bull,macd_cross,shrinking_volume_acceleration,current_week,-0.009826152683295564,0.006802721088435382,0.06500377928949352,-0.02267573696145131,0.023431594860166216,2025H1
300615,2025-06-30,0,bull,none,two_day_acceleration,current_week,-0.014958863126402488,0.01421091997008217,0.08077786088257288,-0.032909498878085364,0.017950635751682764,2025H1
300615,2025-07-03,3,bull,none,shrinking_volume_acceleration,current_week,0.012830188679245236,0.10037735849056606,0.08301886792452828,-0.024150943396226476,0.15169811320754722,2025H2
300615,2025-07-08,1,bull,ma_bull,two_day_acceleration,current_week,0.0037257824143070994,0.04470938897168408,0.17362146050670635,-0.01713859910581228,0.1371087928464978,2025H2
300615,2025-07-10,3,bull,ma_bull,pullback_holds,current_week,0.09050112191473447,0.04861630516080773,0.1391174270755422,-0.013462976813762295,0.1413612565445026,2025H2
300615,2025-07-11,4,bull,ma_bull,pullback_holds,current_week,0.05290611028315961,0.049925484351713845,0.13636363636363646,-0.011922503725782407,0.1371087928464978,2025H2
300615,2025-07-28,0,bull,ma_bull,two_day_acceleration,current_week,0.026370575988896583,0.06731436502428867,0.07564191533657172,-0.009021512838306656,0.1450381679389312,2025H2
300615,2025-07-31,3,bull,ma_bull,pullback_holds,current_week,0.05544005544005559,0.028413028413028396,0.05959805959805964,-0.007623007623007605,0.1434511434511434,2025H2
300615,2025-08-01,4,bull,ma_bull,shrinking_volume_acceleration,current_week,0.05463347164591981,0.03803596127247566,0.030428769017980528,-0.008298755186722073,0.1410788381742738,2025H2
300615,2025-08-04,0,bull,ma_bull,two_day_acceleration,current_week,0.02465023317788151,0.011325782811459018,0.005996002664889977,-0.01332445036642238,0.09926715522984675,2025H2
300615,2025-08-08,4,bull,ma_bull,shrinking_volume_acceleration,current_week,-0.015737704918032835,0.011803278688524488,-0.060983606557377,-0.02885245901639344,0.0360655737704918,2025H2
300615,2025-08-18,0,bull,ma_bull,pullback_holds,current_week,0.02175346077785112,-0.004614370468029039,-0.06526038233355302,-0.03427818061964405,0.041529334212261126,2025H2
300615,2025-08-19,1,bull,ma_bull,pullback_holds,current_week,0.026195153896529266,-0.04256712508185978,-0.0523903077930582,-0.06810740013097571,0.034708578912901134,2025H2
300615,2025-08-20,2,bull,ma_bull,pullback_holds,current_week,-0.03534704370179953,-0.08933161953727509,-0.06491002570694082,-0.09061696658097684,0.015424164524421524,2025H2
300615,2025-08-21,3,bull,ma_bull,pullback_holds,current_week,-0.018613607188703418,-0.10205391527599483,-0.08536585365853655,-0.11424903722721436,0.012195121951219523,2025H2
300615,2025-08-22,4,bull,ma_bull,shrinking_volume_acceleration,current_week,-0.03434867141931297,-0.07193778353856117,-0.08943616331821125,-0.10563836681788719,0.022034996759559222,2025H2
300615,2025-08-26,1,bull,ma_bull,shrinking_volume_acceleration,current_week,-0.06342088404868673,-0.11146700832799483,-0.11659192825112108,-0.1185137732222935,0.008968609865470878,2025H2
300615,2025-09-22,0,mid,none,pullback_holds,current_week,-0.011412268188302432,-0.042796005706134066,0.02781740370898711,-0.11340941512125535,0.023537803138373725,2025H2
300615,2025-09-24,2,bull,none,shrinking_volume_acceleration,current_week,-0.032462949894142445,-0.0543401552575864,-0.028934368383909725,-0.12279463655610445,0.0028228652081863093,2025H2
300615,2025-10-15,2,bull,none,shrinking_volume_acceleration,current_week,0.028803545051698576,0.03249630723781394,0.01846381093057614,-0.03323485967503703,0.0819793205317576,2025H2
300615,2025-10-20,0,mid,none,shrinking_volume_acceleration,current_week,0.04163568773234183,0.031970260223048275,0.044609665427509215,-0.009665427509293778,0.08921933085501843,2025H2
300615,2025-10-24,4,bull,macd_stabilizing,two_day_acceleration,current_week,-0.02401129943502822,-0.021186440677966156,-0.07980225988700562,-0.03742937853107342,0.02259887005649719,2025H2
300615,2025-11-17,0,mid,none,pullback_holds,current_week,-0.05878186968838528,0.007790368271954673,-0.07082152974504252,-0.08781869688385269,0.012039660056657242,2025H2
300615,2025-11-18,1,mid,none,pullback_holds,current_week,-0.019985724482512457,0.008565310492505418,-0.09207708779443247,-0.08065667380442532,0.019985724482512568,2025H2
300615,2025-12-01,0,mid,none,two_day_acceleration,current_week,0.015547703180212036,-0.07279151943462892,-0.05017667844522977,-0.09116607773851593,0.02544169611307412,2025H2
300615,2025-12-08,0,bull,none,two_day_acceleration,current_week,-0.08698677800974253,-0.06680584551148228,-0.05915100904662496,-0.13569937369519836,0.00974251913709101,2025H2
300615,2025-12-22,0,bull,none,pullback_holds,current_week,0.004484304932735439,0.010463378176382543,0.08221225710014934,-0.026905829596412634,0.0186846038863977,2025H2
300615,2025-12-23,1,bull,none,pullback_holds,current_week,0.0022658610271901747,0.048338368580060465,0.107250755287009,-0.0166163141993958,0.05211480362537757,2025H2
300615,2025-12-29,0,bull,none,pullback_holds,current_week,0.004457652303120341,0.06612184249628528,0.0520059435364042,-0.03268945022288272,0.0742942050520059,2025H2
300615,2026-01-05,0,bull,none,pullback_holds,current_week,0.047970479704797064,0.05682656826568255,0.022878228782287735,-0.020664206642066474,0.06715867158671585,2026H1
300615,2026-01-06,1,bull,none,pullback_holds,current_week,0.039405204460966514,0.057249070631970156,0.052044609665427455,-0.013382899628252898,0.07657992565055749,2026H1
300615,2026-01-07,2,bull,none,pullback_holds,current_week,0.06139053254437865,0.07100591715976345,0.041420118343195256,-0.007396449704141994,0.0724852071005917,2026H1
300615,2026-01-08,3,bull,none,two_day_acceleration,current_week,0.02164502164502169,0.05772005772005784,0.008658008658008809,-0.012265512265512313,0.06998556998557004,2026H1
300615,2026-01-12,0,bull,none,two_day_acceleration,current_week,0.00561797752808979,0.014747191011236005,0.020365168539326017,-0.023876404494381998,0.04143258426966301,2026H1
300615,2026-01-21,2,bull,macd_cross,shrinking_volume_acceleration,current_week,-0.02344827586206899,-0.0289655172413793,0.017931034482758568,-0.04551724137931035,0.022758620689655285,2026H1
300615,2026-02-09,0,bull,ma_bull,shrinking_volume_acceleration,current_week,0.014432989690721598,-0.03298969072164948,-0.021993127147766356,-0.046048109965635686,0.030927835051546282,2026H1
300615,2026-02-26,3,bull,ma_bull,shrinking_volume_acceleration,current_week,-0.041327913279132766,0.044037940379403784,-0.023035230352303482,-0.09078590785907859,0.1815718157181574,2026H1
300615,2026-02-27,4,bull,ma_bull,pullback_holds,current_week,-0.010351966873705987,0.03588681849551412,-0.009661835748792313,-0.07384403036576948,0.2035886818495516,2026H1
300298,2023-04-17,0,bull,none,pullback_holds,current_week,-0.022375781507074644,-0.05528134254689043,-0.1085883514313919,-0.07864429088515956,0.04179006252056605,2023H1
300298,2023-05-18,3,mid,none,pullback_holds,current_week,0.1104135893648448,0.0960118168389954,0.029911373707533162,-0.00036927621861160276,0.22415066469719336,2023H1
300483,2025-07-14,0,bull,ma_bull,two_day_acceleration,current_week,0.006283662477558405,0.008976660682226134,0.050269299820466795,-0.01795332136445249,0.0260323159784559,2025H2
300483,2025-07-21,0,bull,ma_bull,pullback_holds,current_week,0.0008904719501334757,-0.0044523597506679335,0.04452359750667845,-0.03561887800534291,0.07925200356188777,2025H2
300483,2025-07-22,1,bull,ma_bull,pullback_holds,current_week,0.002664298401421128,0.017761989342806483,0.05417406749555953,-0.03818827708703376,0.07637655417406752,2025H2
300483,2025-07-24,3,bull,ma_bull,pullback_holds,current_week,-0.003549245785270605,0.03992901508429458,0.10736468500443674,-0.03904170363797688,0.07542147293700108,2025H2
300483,2025-07-25,4,bull,ma_bull,pullback_holds,current_week,-0.006266786034019756,0.053715308863026,0.10295434198746656,-0.0304386750223814,0.08504923903312456,2025H2
300483,2025-07-28,0,bull,none,pullback_holds,current_week,-0.0035650623885918886,0.04278074866310155,0.10962566844919786,-0.03475935828877008,0.0802139037433156,2025H2
300483,2025-08-19,1,bull,none,two_day_acceleration,current_week,0.1005067567567568,-0.010979729729729604,0.04645270270270285,-0.03969594594594583,0.12246621621621623,2025H2
300483,2025-08-25,0,bull,ma_bull,shrinking_volume_acceleration,current_week,-0.0690763052208836,-0.04337349397590373,-0.012048192771084376,-0.10522088353413661,0.06746987951807237,2025H2
300483,2025-09-08,0,bull,ma_bull,two_day_acceleration,current_week,0.03959561920808752,0.036225779275484316,0.21903959561920794,-0.007582139848357317,0.09267059814658807,2025H2
300483,2025-09-23,1,mid,ma_bull,pullback_holds,current_week,0.019169329073482455,0.14137380191693305,0.12380191693290743,-0.03753993610223638,0.1773162939297126,2025H2
300483,2025-09-29,0,bull,ma_bull,shrinking_volume_acceleration,current_week,0.15298804780876485,0.21354581673306772,0.12988047808764924,-0.01195219123505975,0.3035856573705178,2025H2
300483,2025-11-03,0,bull,ma_bull,pullback_holds,current_week,-0.02002762430939231,0.19475138121546953,0.09944751381215466,-0.035911602209944715,0.30939226519337026,2025H2
300483,2025-11-07,4,bull,ma_bull,pullback_holds,current_week,0.31666666666666665,0.06458333333333321,0.07430555555555562,-0.021527777777777812,0.31666666666666665,2025H2
300483,2025-12-09,1,mid,ma_bull,pullback_holds,current_week,-0.10120177103099304,-0.08412397216951295,-0.010120177103099315,-0.1201771030993043,0.008222643896268034,2025H2
300483,2025-12-25,3,bull,none,pullback_holds,current_week,-0.022280471821756187,0.01834862385321112,0.1133682830930538,-0.07339449541284404,0.041939711664482404,2025H2
300483,2026-01-08,3,bull,none,two_day_acceleration,current_week,0.010075566750629594,0.07430730478589398,-0.03085642317380355,-0.03589420654911846,0.09949622166246841,2026H1
300483,2026-01-14,2,bull,none,two_day_acceleration,current_week,0.05419354838709678,0.12258064516129052,0.14000000000000012,-0.005161290322580614,0.17096774193548403,2026H1
300483,2026-01-16,4,bull,none,shrinking_volume_acceleration,current_week,0.06257744733581183,0.026022304832713727,0.04399008674101612,-0.01115241635687736,0.16852540272614625,2026H1
300483,2026-01-19,0,bull,ma_bull,two_day_acceleration,current_week,0.01858513189448452,-0.06354916067146277,0.0851318944844126,-0.08573141486810554,0.130695443645084,2026H1
300483,2026-01-21,2,bull,ma_bull,shrinking_volume_acceleration,current_week,0.04819277108433728,-0.04036144578313261,0.07048192771084327,-0.0813253012048194,0.13614457831325288,2026H1
300483,2026-02-11,2,bull,ma_bull,shrinking_volume_acceleration,current_week,0.0067988668555238885,0.21529745042492898,0.35750708215297444,-0.04645892351274794,0.4181303116147308,2026H1
300483,2026-02-27,4,bull,ma_bull,pullback_holds,current_week,0.1507230255839822,0.19799777530589546,0.32647385984427135,0.0,0.39210233592880983,2026H1
300483,2026-04-09,3,mid,ma_bull,shrinking_volume_acceleration,current_week,-0.006069802731411111,0.07486090035407189,0.06423874557410225,-0.05311077389984831,0.08750632271117853,2026H1
300483,2026-04-24,4,bull,ma_bull,pullback_holds,current_week,0.09882005899705026,-0.024582104228121904,-0.09685349065880033,-0.034414945919370665,0.1553588987217307,2026H1
300483,2026-05-11,0,bull,none,pullback_holds,current_week,0.06572104018912506,-0.04680851063829794,-0.11158392434988196,-0.07281323877068568,0.11725768321512997,2026H1
300483,2026-05-12,1,bull,none,pullback_holds,current_week,0.05803996194100858,-0.05423406279733589,-0.11607992388201704,-0.08658420551855373,0.12416745956232167,2026H1
300483,2026-05-22,4,mid,ma_bull,shrinking_volume_acceleration,current_week,-0.13352007469654537,-0.11437908496732041,-0.08029878618113928,-0.16806722689075637,0.01073762838468717,2026H1
300483,2026-06-22,0,bull,none,two_day_acceleration,current_week,-0.10304568527918767,-0.024873096446700438,-0.045685279187817174,-0.12842639593908622,0.03502538071065997,2026H1
300483,2026-08-10,0,mid,none,shrinking_volume_acceleration,current_week,-0.029154518950437414,-0.03373594335693475,0.05289462723865057,-0.07371928363182001,0.04123281965847547,2026H2
301130,2025-04-03,3,mid,macd_stabilizing,two_day_acceleration,current_week,-0.07890909090909082,-0.05163636363636359,-0.02836363636363637,-0.16981818181818176,0.009818181818181726,2025H1
301130,2025-04-23,2,mid,none,pullback_holds,current_week,-0.013182674199623379,0.027871939736346496,0.03578154425612046,-0.032015065913371,0.03578154425612046,2025H1
301130,2025-04-24,3,mid,none,pullback_holds,current_week,-0.007487832272557116,0.029202545862972773,0.05204043429427174,-0.03781355297641342,0.03594159490827398,2025H1
301130,2025-04-25,4,mid,none,pullback_holds,current_week,0.014426727410782103,0.03264996203492787,0.08200455580865595,-0.024297646165527764,0.051632498101746416,2025H1
301130,2025-05-06,1,mid,macd_stabilizing,pullback_holds,current_week,0.03423626787057943,0.055304740406320496,0.10985703536493596,-0.0011286681715576563,0.06395786305492845,2025H1
301130,2025-05-07,2,bull,macd_stabilizing,pullback_holds,current_week,0.022556390977443552,0.0530075187969925,0.08721804511278197,0.0,0.0669172932330826,2025H1
301130,2025-05-13,1,bull,none,two_day_acceleration,current_week,0.012635379061371799,0.014440433212996373,0.05920577617328515,-0.023465703971119134,0.035379061371841214,2025H1
301130,2025-05-30,4,mid,none,two_day_acceleration,current_week,0.03141361256544495,0.00488656195462478,-0.022687609075043746,-0.0017452006980802626,0.06178010471204187,2025H1
301130,2025-06-03,1,bull,none,shrinking_volume_acceleration,current_week,0.003372681281618828,-0.037774030354131516,-0.006070826306914134,-0.04620573355817881,0.025969645868465507,2025H1
301130,2025-06-06,4,bull,none,shrinking_volume_acceleration,current_week,-0.012606473594548584,-0.06712095400340723,0.051788756388415624,-0.07086882453151622,0.03645655877342424,2025H1
301130,2025-06-09,0,bull,none,two_day_acceleration,current_week,-0.025719120135363815,-0.060575296108291043,0.03282571912013532,-0.08189509306260578,0.029441624365482255,2025H1
301130,2025-06-12,3,bull,none,shrinking_volume_acceleration,current_week,-0.08221476510067116,-0.05671140939597319,0.026174496644295386,-0.08959731543624172,0.006040268456375841,2025H1
301130,2025-06-26,3,bull,ma_bull,pullback_holds,current_week,0.049895324494068305,0.06699232379623177,0.09002093510118647,-0.03244940683879971,0.10537334263782272,2025H1
301130,2025-06-27,4,bull,ma_bull,pullback_holds,current_week,0.1072453371592541,0.08572453371592537,0.128048780487805,-0.0053802008608321295,0.13629842180774743,2025H1
301130,2025-06-30,0,bull,ma_bull,pullback_holds,current_week,0.06862745098039214,0.10609243697478976,0.1736694677871149,-0.014705882352941235,0.15126050420168058,2025H1
301130,2025-07-03,3,bull,ma_bull,two_day_acceleration,current_week,0.020694259012016047,0.046395193591455275,0.10447263017356478,0.0,0.09746328437917229,2025H2
301130,2025-07-16,2,bull,ma_bull,shrinking_volume_acceleration,current_week,-0.01654996817313814,0.05792488860598355,0.13271801400381933,-0.018141311266709148,0.08370464672183298,2025H2
301130,2025-07-30,2,bull,ma_bull,shrinking_volume_acceleration,current_week,0.02300938540720554,0.07750529821374519,-0.05146836209506511,-0.020890099909173454,0.1195882531032395,2025H2
301130,2025-08-01,4,bull,ma_bull,shrinking_volume_acceleration,current_week,0.026035502958579926,0.018934911242603603,-0.07840236686390523,-0.04319526627218917,0.09408284023668667,2025H2
301130,2025-09-29,0,bull,none,shrinking_volume_acceleration,current_week,0.0013486176668913163,0.05023600809170614,0.03843560350640596,-0.019892110586648637,0.0755225893459206,2025H2
301130,2025-09-30,1,bull,none,pullback_holds,current_week,0.009280742459396585,0.03944315545243615,0.03977461054027187,-0.0364600596619159,0.05734173019555855,2025H2
301130,2025-10-24,4,bull,none,two_day_acceleration,current_week,-0.010859150431172138,-0.007984669434685454,-0.057170233152347594,-0.03353561162567875,0.03002235707441714,2025H2
301130,2025-11-10,0,bull,none,pullback_holds,current_week,0.03492063492063502,-0.038730158730158726,-0.00825396825396818,-0.06349206349206349,0.06666666666666665,2025H2
301130,2025-11-11,1,bull,none,pullback_holds,current_week,0.031039999999999957,-0.010240000000000027,-0.016000000000000014,-0.05600000000000005,0.07520000000000016,2025H2
301130,2025-11-13,3,bull,none,pullback_holds,current_week,-0.014281180577594421,-0.0019041574103459968,-0.08695652173913049,-0.06378927324658845,0.06632814979371626,2025H2
301130,2026-01-05,0,bull,none,pullback_holds,current_week,0.03491954809996578,0.06093803491954808,0.05922629236562815,-0.023622047244094557,0.07052379322149949,2026H1
301130,2026-01-06,1,bull,none,pullback_holds,current_week,0.06738450850989941,0.08232025008683563,0.09968739145536643,-0.009378256339006574,0.09968739145536643,2026H1
301130,2026-01-07,2,bull,none,pullback_holds,current_week,0.06610995128740416,0.09394572025052184,0.09742519137091143,0.0,0.10160055671537926,2026H1
301130,2026-01-08,3,bull,none,two_day_acceleration,current_week,0.033604887983706755,0.06720977596741351,0.07875084860828241,-0.0020366598778003286,0.07467752885268153,2026H1
301130,2026-01-09,4,bull,none,two_day_acceleration,current_week,0.0013131976362441566,0.038739330269205396,0.04070912672357174,-0.015101772816808912,0.04366382140512148,2026H1
301130,2026-01-16,4,bull,none,shrinking_volume_acceleration,current_week,0.02494331065759625,0.020408163265306145,0.0210560414642047,-0.008746355685131157,0.03563330093942341,2026H1
301130,2026-01-21,2,bull,none,shrinking_volume_acceleration,current_week,-0.018354430379746933,-0.001898734177215311,-0.007278481012658267,-0.03164556962025311,0.011708860759493733,2026H1
301130,2026-01-26,0,bull,macd_cross,two_day_acceleration,current_week,-0.02918104800753063,0.0003137747097583521,-0.03890806401004088,-0.03984938813931593,0.011923438970818934,2026H1
301130,2026-02-05,3,mid,none,pullback_holds,current_week,-0.018559295375904394,-0.0006291286568103072,-0.004718464926077304,-0.02076124567474047,0.01635734507706843,2026H1
301130,2026-02-06,4,mid,none,pullback_holds,current_week,-0.011602383192223287,-0.03167137033552847,-0.0034493571652555177,-0.0470366886171214,0.013170272812794037,2026H1
301130,2026-02-24,1,bull,none,two_day_acceleration,current_week,-0.04370902279113342,0.010615048392132342,-0.08242272869185141,-0.058382766156728105,0.013112706837340005,2026H1
301130,2026-03-10,1,bull,ma_bull,shrinking_volume_acceleration,current_week,-0.05397987191216835,-0.10369014943580357,-0.0076242756938090794,-0.1707837755413235,0.0024397682220187455,2026H1
002469,2023-08-01,1,bull,none,pullback_holds,current_week,-0.021035598705501646,-0.043689320388349495,-0.04045307443365698,-0.0598705501618122,0.016181229773462924,2023H2
002469,2024-12-02,0,bull,ma_bull,shrinking_volume_acceleration,current_week,-0.025345622119815503,0.031105990783410364,-0.13479262672811054,-0.034562211981566726,0.04608294930875578,2024H2
002469,2024-12-03,1,bull,ma_bull,shrinking_volume_acceleration,current_week,-0.05251396648044704,-0.09944134078212297,-0.18435754189944142,-0.09944134078212297,0.013407821229050265,2024H2
002469,2024-12-16,0,bull,ma_bull,shrinking_volume_acceleration,current_week,-0.15219842164599784,-0.1533258173618941,-0.17361894024802715,-0.18376550169109362,0.022547914317925466,2024H2
002469,2025-02-06,3,mid,none,two_day_acceleration,current_week,0.040431266846361114,0.03908355795148255,0.06334231805929935,-0.006738544474393482,0.06199460916442057,2025H1
002469,2025-02-17,0,bull,ma_bull,shrinking_volume_acceleration,current_week,-0.005208333333333259,0.07421875,0.02864583333333348,-0.04166666666666663,0.09114583333333348,2025H1
002469,2025-02-20,3,bull,ma_bull,two_day_acceleration,current_week,-0.025940337224383936,0.023346303501945664,0.03631647211413758,-0.045395590142671804,0.08690012970168626,2025H1
002469,2025-02-21,4,bull,ma_bull,pullback_holds,current_week,0.01049868766404205,0.02887139107611536,0.0551181102362206,-0.034120734908136496,0.09973753280839914,2025H1
002469,2025-02-24,0,bull,none,pullback_holds,current_week,0.08409986859395535,0.024967148488830526,0.11826544021024965,-0.03285151116951379,0.10118265440210261,2025H1
002469,2025-03-07,4,bull,none,pullback_holds,current_week,-0.012722646310432628,0.022900763358778775,-0.013994910941475869,-0.03816793893129766,0.05216284987277353,2025H1
002469,2025-03-17,0,bull,none,pullback_holds,current_week,0.07585335018963324,0.026548672566371723,0.03034134007585343,-0.012642225031605503,0.18204804045512013,2025H1
002469,2025-03-19,2,bull,none,pullback_holds,current_week,0.1088607594936708,0.05822784810126569,0.030379746835442978,0.0,0.18354430379746822,2025H1
002469,2025-04-21,0,mid,ma_bull,pullback_holds,current_week,0.24307304785894224,0.14987405541561727,0.10327455919395456,-0.007556675062972307,0.3047858942065489,2025H1
002469,2025-04-22,1,mid,ma_bull,two_day_acceleration,current_week,0.1670673076923077,0.05649038461538458,0.033653846153846034,-0.028846153846153855,0.2451923076923075,2025H1
002469,2025-04-28,0,mid,ma_bull,shrinking_volume_acceleration,current_week,-0.06836734693877555,-0.11122448979591837,-0.13877551020408174,-0.11734693877551028,0.02857142857142847,2025H1
002469,2025-05-07,2,bull,ma_bull,pullback_holds,current_week,0.005506607929515406,0.017621145374449254,-0.08700440528634357,-0.06277533039647576,0.06828193832599139,2025H1
002469,2025-05-16,4,bull,ma_bull,shrinking_volume_acceleration,current_week,-0.024943310657596474,-0.0680272108843537,-0.06235827664399096,-0.07256235827664403,0.09977324263038567,2025H1
002469,2025-05-19,0,bull,ma_bull,two_day_acceleration,current_week,-0.05524861878453036,-0.08950276243093924,-0.096132596685083,-0.10386740331491728,0.07182320441988943,2025H1
002469,2025-05-21,2,bull,ma_bull,two_day_acceleration,current_week,-0.08489525909592055,-0.08599779492833515,-0.1267916207276737,-0.10584343991179723,0.0011025358324145973,2025H1
002469,2025-06-09,0,bull,none,pullback_holds,current_week,-0.015476190476190532,-0.030952380952380953,-0.011904761904761862,-0.06190476190476191,0.027380952380952506,2025H1
002469,2025-06-23,0,bull,none,shrinking_volume_acceleration,current_week,0.023399014778324956,0.022167487684729092,0.056650246305418595,-0.007389162561576401,0.04556650246305405,2025H1
002469,2025-06-24,1,bull,none,pullback_holds,current_week,0.02311435523114347,0.009732360097323589,0.04987834549878345,-0.009732360097323589,0.03284671532846706,2025H1
002469,2025-06-25,2,bull,none,pullback_holds,current_week,0.013333333333333197,0.00484848484848488,0.040000000000000036,-0.002424242424242329,0.029090909090909056,2025H1
002469,2025-06-26,3,bull,none,pullback_holds,current_week,0.010882708585247869,0.01692865779927466,0.04111245465538094,-0.004836759371221189,0.026602176541717037,2025H1
002469,2025-06-27,4,bull,none,two_day_acceleration,current_week,-0.011918951132300348,-0.0011918951132300348,0.03218116805721083,-0.019070321811680557,0.005959475566150063,2025H1
002469,2025-07-10,3,bull,none,pullback_holds,current_week,-0.007134363852556502,0.02378121284185486,0.038049940546967864,-0.02378121284185486,0.034482758620689724,2025H2
002469,2025-07-11,4,bull,none,pullback_holds,current_week,0.013142174432496878,0.03464755077658288,0.03584229390680993,-0.019115890083632014,0.05734767025089593,2025H2
002469,2025-07-18,4,bull,none,two_day_acceleration,current_week,0.016431924882629234,-0.016431924882629012,0.04694835680751175,-0.023474178403755763,0.03873239436619724,2025H2
002469,2025-07-24,3,bull,none,shrinking_volume_acceleration,current_week,-0.048974943052391806,-0.005694760820045386,0.042141230068337254,-0.056947608200455635,0.009111617312072884,2025H2
002469,2025-07-25,4,bull,none,two_day_acceleration,current_week,-0.02784222737819031,0.0058004640371227545,0.04756380510440805,-0.039443155452436374,0.027842227378189977,2025H2
002469,2025-08-06,2,bull,macd_stabilizing,two_day_acceleration,current_week,0.02771362586605086,0.08314087759815258,0.01270207852193983,-0.009237875288683584,0.08660508083140872,2025H2
002469,2025-08-15,4,bull,none,shrinking_volume_acceleration,current_week,0.013468013468013407,0.017957351290684542,0.03703703703703698,-0.017957351290684653,0.06621773288439958,2025H2
002469,2025-08-22,4,bull,macd_cross,pullback_holds,current_week,-0.005482456140350922,-0.00328947368421062,0.0010964912280702066,-0.05043859649122817,0.025219298245613864,2025H2
002469,2025-09-01,0,bull,ma_bull,pullback_holds,current_week,0.012048192771084265,0.0010952902519167917,-0.041621029572836865,-0.05147864184008766,0.033953997809419434,2025H2
002469,2025-09-10,2,bull,ma_bull,pullback_holds,current_week,-0.01756311745334782,-0.026344676180021787,-0.013172338090010838,-0.06695938529088907,0.03622392974753019,2025H2
002469,2025-09-11,3,bull,ma_bull,two_day_acceleration,current_week,-0.05246252676659535,-0.0728051391862955,-0.062098501070663836,-0.08993576017130622,0.01070663811563155,2025H2
002469,2025-10-09,3,bull,none,pullback_holds,current_week,0.014672686230248422,0.015801354401805856,-0.04740406320541757,-0.0146726862302482,0.03273137697516937,2025H2
002469,2025-10-10,4,bull,ma_bull,two_day_acceleration,current_week,-0.011286681715575564,-0.010158013544018019,-0.03498871331828424,-0.015801354401805745,0.03273137697516937,2025H2
002469,2025-10-13,0,bull,none,pullback_holds,current_week,-0.03296703296703285,-0.06703296703296702,-0.058241758241758146,-0.08241758241758246,0.005494505494505475,2025H2
002469,2025-10-15,2,bull,none,shrinking_volume_acceleration,current_week,-0.0055370985603542255,-0.07530454042081947,-0.03986710963455142,-0.08637873754152814,0.00996677740863805,2025H2
002469,2025-10-22,2,bull,macd_stabilizing,pullback_holds,current_week,-0.06808035714285732,-0.06361607142857151,-0.014508928571428603,-0.07924107142857151,0.010044642857142794,2025H2
002469,2025-10-23,3,bull,macd_stabilizing,pullback_holds,current_week,-0.07880133185349603,-0.06326304106548286,-0.03218645948945609,-0.0843507214206437,0.0033296337402886067,2025H2
002469,2025-11-03,0,bull,none,two_day_acceleration,current_week,0.014201183431952868,0.07337278106508882,-0.00946745562130158,-0.016568047337278013,0.12899408284023695,2025H2
002469,2025-11-10,0,bull,none,pullback_holds,current_week,0.058343057176196034,-0.03850641773628938,-0.02683780630105026,-0.046674445740956916,0.11318553092182038,2025H2
002469,2025-11-11,1,bull,none,pullback_holds,current_week,0.025287356321838983,-0.05287356321839087,-0.04137931034482767,-0.060919540229885216,0.096551724137931,2025H2
002469,2025-11-12,2,bull,none,pullback_holds,current_week,0.020809248554913173,-0.054335260115606965,-0.028901734104046284,-0.05664739884393066,0.10289017341040463,2025H2
002469,2025-12-01,0,mid,none,pullback_holds,current_week,-0.004773269689737569,-0.009546539379474916,0.0,-0.03221957040572809,0.016706443914080937,2025H2
002469,2025-12-09,1,mid,none,pullback_holds,current_week,-0.014423076923077094,0.016826923076923128,0.04086538461538458,-0.028846153846153855,0.02163461538461542,2025H2
002469,2025-12-19,4,mid,none,two_day_acceleration,current_week,-0.0011933174224343368,0.02744630071599019,0.07995226730310256,-0.011933174224343812,0.03818615751789989,2025H2
002469,2025-12-30,1,bull,none,pullback_holds,current_week,0.024852071005917242,0.037869822485207205,0.10177514792899434,-0.016568047337278013,0.053254437869822535,2025H2
002469,2026-01-22,3,bull,macd_cross,two_day_acceleration,current_week,0.004314994606256839,-0.02265372168284785,-0.024811218985976158,-0.03775620280474645,0.05070118662351675,2026H1
002469,2026-02-25,2,bull,ma_bull,pullback_holds,current_week,-0.006557377049180357,0.04153005464480852,-0.022950819672131195,-0.02622950819672132,0.1060109289617488,2026H1
002469,2026-02-26,3,bull,ma_bull,pullback_holds,current_week,0.03322259136212624,0.08527131782945752,-0.01661129568106301,-0.013289036544850363,0.12070874861572545,2026H1
002469,2026-02-27,4,bull,ma_bull,pullback_holds,current_week,0.030434782608695476,0.09782608695652151,-0.023913043478260954,-0.03152173913043488,0.1684782608695652,2026H1
002469,2026-03-02,0,bull,ma_bull,two_day_acceleration,current_week,0.022580645161290214,0.05053763440860193,-0.02903225806451626,-0.041935483870967794,0.15591397849462352,2026H1
002469,2026-03-03,1,bull,ma_bull,pullback_holds,current_week,0.037569060773480656,0.06519337016574589,-0.03204419889502774,-0.015469613259668558,0.18784530386740328,2026H1
002469,2026-03-05,3,mid,ma_bull,two_day_acceleration,current_week,0.06060606060606055,-0.01948051948051943,-0.025974025974025983,-0.021645021645021578,0.16341991341991347,2026H1
002469,2026-03-12,3,bull,ma_bull,two_day_acceleration,current_week,-0.08853118712273633,-0.10663983903420515,-0.1529175050301811,-0.13682092555331982,0.0814889336016098,2026H1
002469,2026-03-13,4,mid,ma_bull,two_day_acceleration,current_week,-0.13875598086124408,-0.14066985645933017,-0.18947368421052635,-0.17894736842105274,0.006698564593301315,2026H1
002469,2026-04-08,2,mid,none,shrinking_volume_acceleration,current_week,-0.007134363852556502,0.0,-0.16290130796670632,-0.013079667063020106,0.06539833531510109,2026H1
002469,2026-04-13,0,mid,none,shrinking_volume_acceleration,current_week,0.0,-0.14135514018691586,-0.19158878504672905,-0.14135514018691586,0.04672897196261694,2026H1
002469,2026-04-17,4,mid,none,pullback_holds,current_week,-0.04999999999999993,-0.18604651162790697,-0.1895348837209302,-0.19186046511627897,0.005813953488372103,2026H1
603217,2025-05-06,1,mid,macd_stabilizing,pullback_holds,current_week,0.008168028004667427,0.016919486581096876,0.05192532088681445,-0.008751458576429338,0.028004667444574194,2025H1
603217,2025-05-07,2,bull,macd_stabilizing,two_day_acceleration,current_week,-0.0028968713789108147,-0.0005793742757822518,0.02723059096176117,-0.015643105446118133,0.02085747392815751,2025H1
603217,2025-05-08,3,bull,macd_stabilizing,pullback_holds,current_week,-0.006343713956170616,-0.02768166089965396,0.034025374855824575,-0.02768166089965396,0.016147635524798254,2025H1
603217,2025-05-09,4,bull,macd_stabilizing,pullback_holds,current_week,0.006908462867012188,-0.013816925734024266,0.07887161773172147,-0.03914795624640177,0.014392630972941856,2025H1
603217,2025-05-16,4,bull,none,shrinking_volume_acceleration,current_week,-0.020583190394511286,-0.027444253859348233,0.05660377358490565,-0.045740423098913685,0.014293882218410436,2025H1
603217,2025-06-04,2,bull,ma_bull,two_day_acceleration,current_week,0.03937881308929558,0.0,-0.008319467554076643,-0.022185246810870862,0.07376594564614525,2025H1
603217,2025-06-06,4,bull,ma_bull,shrinking_volume_acceleration,current_week,0.04318564217610765,-0.019068984856982607,-0.007851934941110472,-0.02187324733595064,0.08581043185642168,2025H1
603217,2025-06-11,2,bull,macd_cross,shrinking_volume_acceleration,current_week,-0.03942461374533823,-0.03516249334043686,-0.042088438998401645,-0.07405434203516248,0.023441662226957982,2025H1
603217,2025-06-23,0,bull,ma_bull,pullback_holds,current_week,0.02936194240542056,0.005081874647091977,0.05815923207227569,-0.005646527385657851,0.03444381705251276,2025H1
603217,2025-06-24,1,bull,ma_bull,pullback_holds,current_week,-0.004432132963989033,0.021052631578947212,0.05041551246537401,-0.02437673130193918,0.022714681440443307,2025H1
603217,2025-06-25,2,bull,ma_bull,pullback_holds,current_week,-0.012154696132596787,-0.006629834254143652,0.05303867403314899,-0.02707182320442003,0.019889502762430844,2025H1
603217,2025-06-26,3,bull,ma_bull,pullback_holds,current_week,-0.0038888888888889417,0.0022222222222221255,0.05444444444444452,-0.021666666666666723,0.025555555555555554,2025H1
603217,2025-06-27,4,bull,ma_bull,pullback_holds,current_week,-0.017767906718489712,0.017767906718489712,0.04386451971127148,-0.02220988339811225,0.0632981676846196,2025H1
603217,2025-06-30,0,bull,ma_bull,pullback_holds,current_week,0.0005621135469364713,0.02360876897133224,0.05733558178752096,-0.010118043844856595,0.07644744238336165,2025H1
603217,2025-07-09,2,bull,ma_bull,pullback_holds,current_week,0.01724137931034475,0.06006674082313679,0.03837597330367082,-0.0016685205784204848,0.0845383759733036,2025H2
603217,2025-07-10,3,bull,ma_bull,pullback_holds,current_week,0.012154696132596676,0.048618784530386705,0.017127071823204387,-0.008287292817679703,0.07734806629834257,2025H2
603217,2025-07-11,4,bull,ma_bull,two_day_acceleration,current_week,0.010934937124111643,0.02788408966648448,0.00874794969928927,-0.018589393110989616,0.0661563696008749,2025H2
603217,2025-07-18,4,bull,ma_bull,two_day_acceleration,current_week,0.016216216216216273,0.00108108108108107,0.006486486486486642,-0.011891891891891881,0.054054054054053946,2025H2
603217,2025-07-21,0,bull,ma_bull,two_day_acceleration,current_week,0.003735325506936782,-0.003735325506937004,-0.012806830309498474,-0.025080042689434534,0.04055496264674474,2025H2
603217,2025-08-11,0,bull,ma_bull,pullback_holds,current_week,-0.013859275053304976,0.017057569296375252,0.14232409381663103,-0.024520255863539453,0.03997867803837951,2025H2
603217,2025-08-12,1,bull,ma_bull,pullback_holds,current_week,-0.0037735849056603765,0.028032345013476956,0.1671159029649596,-0.013477088948787075,0.051752021563342465,2025H2
603217,2025-08-13,2,bull,ma_bull,pullback_holds,current_week,-0.005336179295624355,0.0005336179295623023,0.11259338313767331,-0.023479188900747183,0.041088580576307265,2025H2
603217,2025-08-15,4,bull,ma_bull,pullback_holds,current_week,0.011247991430101578,0.06963042313872503,0.10498125334761643,-0.015532940546331142,0.09051955008034263,2025H2
603217,2025-08-21,3,bull,ma_bull,two_day_acceleration,current_week,-0.0036496350364964014,0.05213764337851923,0.10479666319082392,-0.03597497393117821,0.09801876955161615,2025H2
603217,2025-08-25,0,bull,ma_bull,shrinking_volume_acceleration,current_week,0.0866141732283463,0.12493438320209971,0.1196850393700788,-0.029396325459317474,0.13490813648293964,2025H2
603217,2025-10-16,3,bull,ma_bull,shrinking_volume_acceleration,current_week,-0.024897959183673435,0.02285714285714291,-0.0020408163265306367,-0.041632653061224434,0.04816326530612236,2025H2
603217,2025-10-17,4,mid,ma_bull,two_day_acceleration,current_week,-0.0631412786108918,0.025651144435674844,-0.020915548539857887,-0.07340173638516179,0.035911602209944826,2025H2
603217,2025-10-28,1,bull,ma_bull,pullback_holds,current_week,0.03458333333333341,0.03750000000000009,0.01708333333333334,-0.009166666666666656,0.09833333333333338,2025H2
603217,2025-10-29,2,bull,ma_bull,pullback_holds,current_week,0.018047579983593076,0.0028712059064808226,0.0008203445447088065,-0.019688269073010578,0.08121410992616895,2025H2
603217,2025-10-30,3,bull,ma_bull,two_day_acceleration,current_week,-0.0027944111776446734,-0.02395209580838331,0.04990019960079839,-0.04590818363273452,0.052295409181636776,2025H2
603217,2026-01-08,3,bull,none,two_day_acceleration,current_week,-0.010477299185098987,0.08110205665502512,-0.005432673651532771,-0.03220799379123007,0.08187815289095846,2026H1
603217,2026-01-12,0,bull,none,two_day_acceleration,current_week,0.0316622691292876,0.030154542027893028,-0.013192612137203241,-0.059932152280437245,0.08028646814926499,2026H1
603217,2026-01-21,2,bull,macd_stabilizing,shrinking_volume_acceleration,current_week,0.031856462834126686,-0.058220432076162676,-0.057121933357744514,-0.07176858293665322,0.0574880995972169,2026H1
603217,2026-01-22,3,bull,macd_stabilizing,two_day_acceleration,current_week,-0.040530846484935434,-0.08070301291248205,0.01614060258249661,-0.09074605451936868,0.03586800573888094,2026H1
603217,2026-02-09,0,bull,ma_bull,pullback_holds,current_week,-0.030581039755351758,-0.05428134556574915,-0.10741590214067276,-0.0558103975535168,0.0829510703363916,2026H1
603217,2026-02-26,3,bull,ma_bull,pullback_holds,current_week,-0.061771561771561734,-0.04623154623154624,-0.04118104118104127,-0.07226107226107237,0.10062160062160053,2026H1
603217,2026-04-20,0,bull,none,two_day_acceleration,current_week,0.12189699888847727,0.10522415709522037,0.05038903297517594,-0.013338273434605474,0.1922934420155613,2026H1
603217,2026-04-21,1,bull,none,two_day_acceleration,current_week,0.13369963369963367,0.08205128205128198,0.048717948717948545,-0.000366300366300476,0.17875457875457879,2026H1
603217,2026-05-06,2,bull,ma_bull,shrinking_volume_acceleration,current_week,-0.034629206141783664,-0.02319503430251546,-0.18784710878797783,-0.05717085919634102,0.08591963410650116,2026H1
603217,2026-05-14,3,bull,ma_bull,two_day_acceleration,current_week,-0.06558998022412654,-0.05537244561634802,-0.2270929466051418,-0.09426499670402111,0.09558338826631507,2026H1
300469,2023-03-24,4,mid,ma_bull,two_day_acceleration,current_week,-0.02683063163778654,0.22861934041363896,0.2576858580212409,-0.03856903297931813,0.26774734488541085,2023H1
300469,2023-04-14,4,bull,ma_bull,shrinking_volume_acceleration,current_week,-0.039301310043668214,-0.10917030567685593,0.05240174672489073,-0.15414847161572054,0.10698689956331875,2023H1
300469,2023-05-05,4,bull,ma_bull,pullback_holds,current_week,0.20999999999999996,0.09090909090909083,0.0995454545454546,-0.002272727272727315,0.27181818181818174,2023H1
300469,2023-06-16,4,mid,ma_bull,shrinking_volume_acceleration,current_week,-0.030081300813008194,-0.07926829268292679,-0.13130081300813012,-0.09512195121951217,0.0634146341463413,2023H1
300469,2023-08-02,2,bull,none,shrinking_volume_acceleration,current_week,-0.0034516765285995676,-0.03451676528599601,-0.04487179487179482,-0.03846153846153855,0.035502958579881616,2023H2
300469,2025-02-19,2,bull,none,shrinking_volume_acceleration,current_week,0.050812305565157256,0.03836847563083312,0.28586242654683724,-0.035948842032492156,0.12340131351538197,2025H1
300469,2025-03-14,4,bull,ma_bull,two_day_acceleration,current_week,-0.017711171662125325,-0.08446866485013627,-0.10817438692098091,-0.08692098092643064,0.0485013623978201,2025H1
300469,2025-04-01,1,mid,ma_bull,pullback_holds,current_week,-0.1659426585577759,-0.07095279467130045,-0.03591080220098475,-0.29771213437590505,0.0,2025H1
300469,2025-04-28,0,mid,none,pullback_holds,current_week,0.05510534846029169,-0.023987034035656496,0.01685575364667735,-0.04376012965964349,0.10988654781199347,2025H1
300469,2025-04-29,1,mid,none,two_day_acceleration,current_week,-0.025316455696202556,-0.06514356282803335,-0.08891633220129669,-0.0892250694658846,0.057116393948749566,2025H1
300469,2025-04-30,2,mid,macd_stabilizing,two_day_acceleration,current_week,-0.06656716417910447,-0.10925373134328353,-0.11014925373134321,-0.11940298507462688,0.00805970149253743,2025H1
300469,2025-05-29,3,bull,none,two_day_acceleration,current_week,-0.06836248012718593,-0.146899841017488,0.014308426073132097,-0.15421303656597762,0.0,2025H1
300469,2025-06-03,1,bull,none,shrinking_volume_acceleration,current_week,-0.05736330090573638,-0.01274740020127485,0.04696410600469636,-0.1110365649111037,0.03119758470311984,2025H1
300469,2025-06-17,1,bull,none,pullback_holds,current_week,0.07479508196721318,0.06591530054644812,0.5116120218579234,-0.03346994535519132,0.11509562841530041,2025H1
300469,2025-06-18,2,bull,none,two_day_acceleration,current_week,0.06036217303822933,0.04024144869215296,0.5181086519114688,-0.05097250167672707,0.09490274983232716,2025H1
300469,2025-06-25,2,bull,none,shrinking_volume_acceleration,current_week,-0.015550618851158382,0.08378292605522053,0.4328784512853061,-0.02570612503967007,0.12789590606156764,2025H1
300469,2025-06-27,4,bull,none,two_day_acceleration,current_week,0.05172413793103425,0.18119122257053277,0.474921630094044,-0.037617554858934255,0.20376175548589326,2025H1
300469,2025-07-16,2,bull,none,two_day_acceleration,current_week,0.014606741573033766,0.06337078651685402,-0.01932584269662918,-0.08764044943820226,0.09842696629213488,2025H2
300469,2025-08-15,4,bull,ma_bull,pullback_holds,current_week,0.14703196347031966,0.2721461187214611,0.5728310502283103,-0.0180365296803654,0.32420091324200895,2025H2
300469,2025-08-19,1,bull,ma_bull,pullback_holds,current_week,0.19504021447721187,0.34271671134941917,0.7904378909740841,-0.03909740840035747,0.39745308310991967,2025H2
300469,2025-08-20,2,bull,ma_bull,pullback_holds,current_week,0.16640396307138028,0.4852510695789236,0.999549650979509,-0.00022517451024550716,0.5510020265705919,2025H2
300469,2025-10-15,2,bull,ma_bull,shrinking_volume_acceleration,current_week,-0.035163966811536995,0.017779533781114187,-0.14197286974845258,-0.07348873962860525,0.11286711444751729,2025H2
300469,2025-10-28,1,bull,ma_bull,pullback_holds,current_week,-0.11638795986622075,-0.14956521739130435,-0.16709030100334454,-0.18822742474916387,0.06903010033444801,2025H2
300469,2025-10-29,2,bull,ma_bull,two_day_acceleration,current_week,-0.19302114411726556,-0.15488390193280577,-0.195745232844727,-0.21286807627448445,0.009210014269036115,2025H2
300469,2025-11-13,3,bull,none,pullback_holds,current_week,-0.06184470445221091,-0.047713113508585314,-0.05546269563896067,-0.11031758091475452,0.025376082662209365,2025H2
300469,2025-12-01,0,mid,none,two_day_acceleration,current_week,-0.028162439707484,-0.013847829469425754,-0.009957989730822958,-0.059281157616306146,0.042165862766454065,2025H2
300469,2025-12-19,4,mid,none,pullback_holds,current_week,0.012125984251968536,0.0877165354330709,-0.03133858267716538,-0.06125984251968508,0.09921259842519681,2025H2
300469,2025-12-24,2,bull,none,shrinking_volume_acceleration,current_week,-0.05504587155963303,0.022629969418960005,0.012385321100917501,-0.08853211009174322,0.09587155963302751,2025H2
300469,2025-12-25,3,bull,none,pullback_holds,current_week,0.0027807817086358266,0.09578248107523568,0.0018538544724238104,-0.07909779082342039,0.107214583655183,2025H2
300469,2025-12-26,4,bull,none,pullback_holds,current_week,0.07938740428191915,0.11345522737927793,0.00937646507266754,-0.0684481950304735,0.16705735271136124,2025H2
300469,2026-02-13,4,mid,none,shrinking_volume_acceleration,current_week,-0.046541786743515945,-0.11080691642651308,-0.1515850144092219,-0.12824207492795392,0.03155619596541781,2026H1
300469,2026-03-12,3,bull,ma_bull,shrinking_volume_acceleration,current_week,-0.06767955801104975,-0.14406077348066304,-0.24171270718232052,-0.19392265193370173,0.061878453038673786,2026H1
002533,2023-08-04,4,bull,ma_bull,shrinking_volume_acceleration,current_week,-0.07019704433497553,-0.08990147783251234,-0.0640394088669951,-0.08990147783251234,0.030788177339901468,2023H2
002533,2023-09-04,0,mid,none,two_day_acceleration,current_week,-0.012953367875647603,-0.024611398963730546,-0.012953367875647603,-0.04533678756476678,0.011658031088082943,2023H2
002533,2023-09-11,0,mid,none,pullback_holds,current_week,-0.011811023622047223,-0.030183727034120644,-0.006561679790026198,-0.04330708661417326,0.011811023622047223,2023H2
002533,2023-09-12,1,mid,none,pullback_holds,current_week,-0.027450980392156876,-0.03529411764705892,-0.03137254901960784,-0.04705882352941182,0.0013071895424836555,2023H2
002533,2023-11-16,3,mid,macd_cross,pullback_holds,current_week,0.020356234096692072,0.01781170483460559,-0.003816793893129833,-0.003816793893129833,0.03816793893129766,2023H2
002533,2024-02-27,1,bull,ma_bull,two_day_acceleration,current_week,0.045248868778280604,0.05882352941176472,0.08031674208144812,-0.05203619909502255,0.09162895927601822,2024H1
002533,2024-03-04,0,bull,ma_bull,two_day_acceleration,current_week,0.04252998909487471,0.052344601962922566,0.1723009814612868,-0.005452562704471031,0.05997818974918223,2024H1
002533,2024-03-06,2,bull,ma_bull,shrinking_volume_acceleration,current_week,0.010626992561105109,0.040382571732199946,0.09351753453772593,-0.029755579171094504,0.046758767268862966,2024H1
002533,2024-03-08,4,bull,ma_bull,shrinking_volume_acceleration,current_week,0.02029914529914545,0.021367521367521514,0.09508547008547019,-0.005341880341880212,0.05448717948717974,2024H1
002533,2024-03-11,0,bull,ma_bull,two_day_acceleration,current_week,0.007306889352818313,-0.013569937369519725,0.04801670146137793,-0.028183716075156573,0.0302713987473906,2024H1
002533,2024-03-13,2,bull,ma_bull,shrinking_volume_acceleration,current_week,0.029442691903259766,-0.030494216614090353,0.08832807570977907,-0.03259726603575175,0.03785488958990557,2024H1
002533,2024-03-21,3,bull,ma_bull,pullback_holds,current_week,-0.022916666666666585,0.07187500000000013,0.07395833333333335,-0.04583333333333328,0.12500000000000022,2024H1
002533,2024-04-15,0,bull,ma_bull,pullback_holds,current_week,0.000970873786407811,-0.03495145631067975,-0.01650485436893201,-0.060194174757281615,0.07864077669902891,2024H1
002533,2024-05-10,4,bull,ma_bull,pullback_holds,current_week,-0.005952380952381042,-0.06448412698412698,-0.02083333333333326,-0.08531746031746024,0.07440476190476186,2024H1
002533,2024-05-15,2,bull,ma_bull,pullback_holds,current_week,-0.08750000000000002,-0.05576923076923079,-0.03846153846153855,-0.11346153846153839,0.0028846153846153744,2024H1
002533,2024-05-28,1,mid,none,pullback_holds,current_week,0.04591836734693877,-0.003061224489796066,0.006122448979591688,-0.02959183673469401,0.07040816326530597,2024H1
002533,2024-05-29,2,mid,none,pullback_holds,current_week,0.03179487179487195,0.02564102564102555,-0.028717948717948638,-0.024615384615384595,0.07589743589743603,2024H1
002533,2024-05-30,3,mid,none,pullback_holds,current_week,0.02989690721649474,0.039175257731958624,0.025773195876288568,-0.019587628865979534,0.0814432989690721,2024H1
002533,2024-05-31,4,mid,none,pullback_holds,current_week,0.023858921161825863,0.05809128630705396,0.026970954356846377,-0.010373443983402453,0.08817427385892107,2024H1
002533,2024-07-15,0,mid,none,pullback_holds,current_week,-0.04077471967380231,-0.041794087665647295,-0.10397553516819569,-0.09887869520897052,0.011213047910295648,2024H2
002533,2024-09-26,3,bull,none,shrinking_volume_acceleration,current_week,0.12967032967032965,0.03736263736263745,0.06043956043956045,-0.003296703296703174,0.2186813186813188,2024H2
002533,2024-09-27,4,bull,none,two_day_acceleration,current_week,0.0378947368421052,0.013684210526315965,0.0,-0.013684210526315632,0.1673684210526316,2024H2
002533,2024-10-22,1,bull,none,shrinking_volume_acceleration,current_week,0.027692307692307683,0.016410256410256396,-0.005128205128204999,-0.036923076923076836,0.04410256410256408,2024H2
002533,2024-10-23,2,bull,none,pullback_holds,current_week,-0.0010288065843621075,0.012345679012345512,-0.0010288065843621075,-0.03395061728395066,0.047325102880658276,2024H2
002533,2024-10-24,3,bull,none,pullback_holds,current_week,-0.0041279669762640525,0.042311661506708065,0.024767801857585203,-0.030959752321981338,0.05056759545923639,2024H2
002533,2024-10-25,4,bull,none,pullback_holds,current_week,-0.035532994923857864,0.02842639593908647,-0.0020304568527917954,-0.04670050761421307,0.03654822335025387,2024H2
002533,2025-01-24,4,mid,macd_stabilizing,shrinking_volume_acceleration,current_week,-0.018200202224469164,-0.04853387259858444,0.07077856420626882,-0.058645096056622825,0.009100101112234471,2025H1
002533,2025-02-26,2,bull,none,two_day_acceleration,current_week,0.01928374655647369,0.07713498622589521,0.02754820936639102,-0.04958677685950419,0.07713498622589521,2025H1
002533,2025-05-06,1,mid,none,two_day_acceleration,current_week,-0.009920634920634885,-0.008928571428571397,0.0029761904761904656,-0.031746031746031744,0.004960317460317443,2025H1
002533,2025-05-08,3,bull,none,shrinking_volume_acceleration,current_week,-0.026838966202783254,-0.04870775347912526,-0.0009940357852882276,-0.04970178926441349,0.029821073558647937,2025H1
002533,2025-05-09,4,bull,none,pullback_holds,current_week,-0.0030090270812438424,-0.033099297893681046,0.013039117352056095,-0.04714142427281853,0.039117352056168286,2025H1
002533,2025-05-19,0,bull,none,pullback_holds,current_week,0.03919597989949741,0.01608040201005001,-0.0201005025125629,-0.045226130653266416,0.09045226130653261,2025H1
002533,2025-05-20,1,bull,none,pullback_holds,current_week,0.025922233300099906,0.007976071784645988,-0.03290129611166481,-0.05284147557328012,0.08175473579262227,2025H1
002533,2025-05-21,2,bull,none,pullback_holds,current_week,0.09230769230769242,0.04205128205128217,-0.029743589743589705,-0.02564102564102566,0.11282051282051286,2025H1
002533,2025-06-09,0,bull,none,pullback_holds,current_week,-0.026732673267326645,-0.0653465346534654,-0.008910891089108919,-0.08415841584158412,0.009900990099010132,2025H1
002533,2025-06-24,1,bull,none,two_day_acceleration,current_week,0.009297520661156966,0.02995867768595062,0.0723140495867769,-0.008264462809917328,0.04028925619834722,2025H1
002533,2025-06-25,2,bull,none,pullback_holds,current_week,0.017525773195876226,0.02268041237113394,0.061855670103092786,-0.01030927835051565,0.040206185567010166,2025H1
002533,2025-06-26,3,bull,none,pullback_holds,current_week,0.025933609958506132,0.029045643153526868,0.06950207468879666,-0.0020746887966804906,0.04668049792531104,2025H1
002533,2025-06-27,4,bull,none,pullback_holds,current_week,0.01134020618556697,0.01855670103092777,0.04845360824742251,0.0,0.040206185567010166,2025H1
002533,2025-06-30,0,bull,none,pullback_holds,current_week,0.026666666666666616,0.022564102564102573,0.04205128205128217,-0.004102564102564044,0.034871794871794926,2025H1
002533,2025-07-24,3,bull,macd_cross,shrinking_volume_acceleration,current_week,-0.02521823472356932,0.05334626576139656,0.13288069835111527,-0.02812803103782746,0.11348205625606211,2025H2
002533,2025-07-25,4,bull,none,pullback_holds,current_week,0.08644400785854622,0.11198428290766205,0.14047151277013747,-0.015717092337917515,0.13555992141453843,2025H2
002533,2025-09-08,0,bull,ma_bull,pullback_holds,current_week,-0.01484716157205257,-0.0008733624454150268,0.09956331877729241,-0.03231441048034944,0.03406113537117883,2025H2
002533,2025-09-09,1,bull,ma_bull,pullback_holds,current_week,0.01243339253996445,0.04085257548845478,0.15808170515097708,-0.01598579040852577,0.051509769094138624,2025H2
002533,2025-09-12,4,bull,ma_bull,pullback_holds,current_week,0.022104332449160102,0.039787798408488007,0.06808134394341292,-0.01591511936339518,0.08576480990274105,2025H2
002533,2025-09-16,1,bull,ma_bull,pullback_holds,current_week,0.02626970227670755,0.028896672504378218,0.06917688266199651,-0.010507880910682998,0.07530647985989503,2025H2
002533,2025-09-17,2,bull,ma_bull,two_day_acceleration,current_week,0.009490940465918918,0.11561691113028472,0.04745470232959459,-0.025021570319240682,0.11561691113028472,2025H2
002533,2025-09-25,3,bull,ma_bull,two_day_acceleration,current_week,0.07190635451505001,-0.01170568561872909,0.07525083612040118,-0.03177257525083621,0.10200668896321052,2025H2
002533,2025-10-27,0,bull,ma_bull,two_day_acceleration,current_week,0.03809523809523818,0.0706349206349206,-0.08650793650793653,-0.0023809523809523725,0.1349206349206351,2025H2
002533,2025-11-07,4,bull,ma_bull,shrinking_volume_acceleration,current_week,-0.0921985815602836,-0.19432624113475183,-0.13617021276595742,-0.19432624113475183,0.0035460992907800915,2025H2
002533,2025-12-01,0,mid,ma_bull,pullback_holds,current_week,0.03209459459459474,0.0625,0.054898648648648685,-0.017736486486486402,0.09037162162162171,2025H2
002533,2025-12-08,0,bull,none,pullback_holds,current_week,0.03453947368421062,0.020559210526315708,0.05263157894736836,-0.02055921052631582,0.061677631578947345,2025H2
002533,2025-12-09,1,mid,none,two_day_acceleration,current_week,0.004091653027823217,0.0400981996726677,0.06382978723404253,-0.0253682487725041,0.08019639934533562,2025H2
002533,2025-12-23,1,bull,macd_stabilizing,two_day_acceleration,current_week,-0.011820330969267046,0.024428684003152235,0.10480693459416868,-0.026004728132387744,0.03703703703703698,2025H2
002533,2025-12-25,3,bull,macd_stabilizing,shrinking_volume_acceleration,current_week,-0.01795472287275568,0.0187353629976581,0.09523809523809534,-0.03512880562060894,0.02966432474629177,2025H2
002533,2026-01-05,0,bull,ma_bull,pullback_holds,current_week,0.03653693407466241,0.13899920571882451,0.10643367752184263,-0.004765687053216783,0.13899920571882451,2026H1
002533,2026-01-06,1,bull,ma_bull,pullback_holds,current_week,0.032539682539682646,0.1246031746031746,0.12936507936507935,-0.0007936507936507908,0.14761904761904776,2026H1
002533,2026-01-07,2,bull,ma_bull,two_day_acceleration,current_week,0.004702194357366851,0.09482758620689657,0.13244514106583072,-0.003918495297805524,0.13322884012539205,2026H1
002533,2026-01-08,3,bull,ma_bull,two_day_acceleration,current_week,0.011538461538461497,0.07846153846153836,0.05769230769230771,-0.02230769230769225,0.11230769230769244,2026H1
002533,2026-01-15,3,bull,ma_bull,shrinking_volume_acceleration,current_week,0.03392330383480813,-0.014011799410029502,0.09513274336283173,-0.02138643067846613,0.0663716814159292,2026H1
002533,2026-01-16,4,bull,ma_bull,two_day_acceleration,current_week,0.03394833948339482,-0.024354243542435428,0.04649446494464926,-0.0538745387453875,0.06715867158671585,2026H1
002533,2026-01-22,3,bull,ma_bull,shrinking_volume_acceleration,current_week,-0.04636233951497848,-0.01925820256776034,0.09557774607703284,-0.08559201141226813,0.061340941512125546,2026H1
002533,2026-02-06,4,mid,ma_bull,pullback_holds,current_week,0.0007057163020465218,0.08539167254763602,0.05857445306986597,-0.011997177134791759,0.12208892025405782,2026H1
002533,2026-03-02,0,bull,ma_bull,two_day_acceleration,current_week,0.05486610058785102,-0.020248203788373664,-0.08752449379490523,-0.05617243631613322,0.08425865447419989,2026H1
002533,2026-04-10,4,mid,none,pullback_holds,current_week,0.03878326996197723,0.04790874524714828,0.08897338403041832,-0.019771863117870714,0.09201520912547512,2026H1
002533,2026-04-15,2,mid,none,two_day_acceleration,current_week,0.040875912408758985,-0.016788321167883202,0.03284671532846706,-0.043065693430657026,0.04817518248175179,2026H1
002533,2026-04-21,1,bull,none,two_day_acceleration,current_week,-0.06444759206798867,-0.0219546742209632,-0.059490084985835634,-0.07152974504249299,0.016997167138810054,2026H1
002533,2026-04-24,4,bull,none,pullback_holds,current_week,-0.013129102844638973,0.04449307075127629,-0.0897155361050328,-0.043763676148796615,0.04522246535375629,2026H1
002533,2026-05-06,2,bull,none,pullback_holds,current_week,0.05294117647058827,0.03088235294117636,-0.08235294117647052,-0.011029411764705732,0.06029411764705883,2026H1
002533,2026-05-07,3,bull,none,two_day_acceleration,current_week,-0.017216642754662725,-0.05308464849354366,-0.12984218077474885,-0.053802008608321406,0.03443328550932567,2026H1
002533,2026-05-08,4,bull,none,pullback_holds,current_week,0.010869565217391353,-0.03768115942028982,-0.13623188405797104,-0.0557971014492753,0.04492753623188395,2026H1
002533,2026-05-12,1,bull,none,two_day_acceleration,current_week,0.03383729301655869,-0.06047516198704106,-0.17782577393808496,-0.07127429805615548,0.0381569474442045,2026H1
002533,2026-05-13,2,bull,none,two_day_acceleration,current_week,-0.021632937892533177,-0.12909979064898813,-0.2316817864619679,-0.1374738311235172,0.006280530355896818,2026H1
002533,2026-06-16,1,bull,none,pullback_holds,current_week,-0.03633217993079585,-0.07871972318339104,-0.10034602076124566,-0.12629757785467133,0.014705882352941124,2026H1
002533,2026-06-17,2,bull,none,pullback_holds,current_week,-0.04824561403508776,-0.06491228070175437,-0.09298245614035094,-0.11403508771929827,0.02894736842105261,2026H1
002962,2023-08-02,2,bull,ma_bull,shrinking_volume_acceleration,current_week,-0.005627009646302139,-0.04581993569131826,-0.013665594855305496,-0.04581993569131826,0.05225080385852099,2023H2
002962,2023-08-04,4,bull,ma_bull,pullback_holds,current_week,-0.02131018153117592,-0.06077348066298338,-0.03867403314917128,-0.07261247040252561,0.03314917127071815,2023H2
002962,2023-08-07,0,bull,none,two_day_acceleration,current_week,-0.032786885245901676,-0.07338017174082745,-0.02732240437158462,-0.0827478532396565,0.014832162373145996,2023H2
002962,2023-08-08,1,bull,none,pullback_holds,current_week,-0.03582802547770714,-0.03582802547770714,0.0015923566878981443,-0.06449044585987262,0.011146496815286566,2023H2
002962,2023-09-06,2,mid,none,two_day_acceleration,current_week,-0.010069713400464697,-0.07358636715724243,0.04725019364833449,-0.07745933384972892,0.06893880712625866,2023H2
002962,2023-09-11,0,mid,none,two_day_acceleration,current_week,-0.05324074074074081,-0.010030864197530964,0.0185185185185186,-0.08719135802469147,0.05632716049382713,2023H2
002962,2023-11-07,1,mid,none,two_day_acceleration,current_week,-0.01038062283737029,-0.02629757785467135,-0.01314878892733573,-0.05121107266435987,0.008996539792387459,2023H2
002962,2023-11-09,3,mid,none,pullback_holds,current_week,0.021770682148040565,0.04934687953555872,0.18069666182873712,-0.005079825834542806,0.11248185776487651,2023H2
002962,2023-11-10,4,mid,none,pullback_holds,current_week,0.0237068965517242,0.007902298850574807,0.2859195402298853,-0.008620689655172376,0.1012931034482758,2023H2
002962,2023-11-20,0,mid,ma_bull,two_day_acceleration,current_week,-0.03708791208791218,0.029532967032966928,0.10439560439560447,-0.052197802197802234,0.05906593406593408,2023H2
002962,2024-02-26,0,bull,none,shrinking_volume_acceleration,current_week,0.12222222222222223,0.25111111111111106,0.21111111111111125,-0.09259259259259256,0.2540740740740741,2024H1
002962,2024-03-07,3,bull,none,two_day_acceleration,current_week,0.09830508474576272,0.1464406779661016,-0.009491525423728886,-0.014915254237288011,0.25966101694915267,2024H1
002962,2024-03-13,2,bull,none,shrinking_volume_acceleration,current_week,0.046790641871625516,-0.1289742051589683,-0.15536892621475717,-0.13017396520695868,0.09778044391121776,2024H1
002962,2024-10-28,0,bull,none,two_day_acceleration,current_week,-0.0018867924528301883,0.07358490566037745,0.23584905660377364,-0.0371069182389937,0.07547169811320753,2024H2
002962,2024-11-11,0,bull,ma_bull,two_day_acceleration,current_week,-0.11754385964912284,0.14912280701754388,0.030994152046783574,-0.13391812865497077,0.14912280701754388,2024H2
002962,2024-11-13,2,bull,ma_bull,shrinking_volume_acceleration,current_week,0.02502979737783062,0.06019070321811659,0.08581644815256251,-0.1174016686531586,0.27711561382598315,2024H2
002962,2024-11-28,3,mid,ma_bull,two_day_acceleration,current_week,-0.035955056179775347,0.043820224719101075,0.024157303370786476,-0.06348314606741567,0.05112359550561796,2024H2
002962,2024-12-12,3,bull,ma_bull,two_day_acceleration,current_week,-0.053030303030303094,-0.0135281385281385,-0.20833333333333326,-0.10173160173160167,0.054112554112554,2024H2
002962,2024-12-26,3,bull,ma_bull,two_day_acceleration,current_week,-0.00939226519337022,-0.19171270718232047,-0.11104972375690614,-0.19171270718232047,0.030939226519336893,2024H2
002962,2024-12-30,0,bull,ma_bull,shrinking_volume_acceleration,current_week,-0.10849315068493148,-0.15178082191780817,-0.1254794520547945,-0.2241095890410959,0.02246575342465751,2024H2
002962,2025-01-24,4,mid,none,shrinking_volume_acceleration,current_week,0.03463203463203457,0.03525046382189245,-0.011750154607297558,-0.0278293135435993,0.0655534941249225,2025H1
002962,2025-02-06,3,mid,none,two_day_acceleration,current_week,0.019536019536019467,0.06043956043956067,0.010378510378510564,-0.017094017094016922,0.061660561660561664,2025H1
002962,2025-02-10,0,mid,none,shrinking_volume_acceleration,current_week,0.0,0.022700119474313052,-0.020310633213859175,-0.03823178016726403,0.04241338112305848,2025H1
002962,2025-02-11,1,mid,none,two_day_acceleration,current_week,-0.04767510300176592,0.005885815185403098,-0.0417892878163626,-0.05238375515008831,0.02707474985285452,2025H1
002962,2025-02-14,4,bull,none,shrinking_volume_acceleration,current_week,0.03597122302158273,-0.04076738609112707,-0.014388489208633004,-0.04436450839328543,0.04616306954436444,2025H1
002962,2025-03-12,2,bull,macd_stabilizing,pullback_holds,current_week,0.01391409558378709,-0.030248033877797953,-0.16515426497277674,-0.061705989110707904,0.0350877192982455,2025H1
002962,2025-03-14,4,bull,macd_stabilizing,shrinking_volume_acceleration,current_week,0.013414634146341697,-0.032317073170731514,-0.13963414634146343,-0.054268292682926766,0.04329268292682942,2025H1
002962,2025-03-19,2,bull,none,pullback_holds,current_week,-0.04184100418410042,-0.03945008965929464,-0.16557083084279733,-0.07591153616258217,0.02271368798565443,2025H1
002962,2025-03-20,3,bull,none,pullback_holds,current_week,-0.05014749262536866,-0.07492625368731565,-0.16814159292035402,-0.08790560471976394,0.00943952802359882,2025H1
002962,2025-03-21,4,mid,none,pullback_holds,current_week,-0.03290676416819005,-0.14015843997562472,-0.13284582571602677,-0.14015843997562472,0.010968921389396646,2025H1
002962,2025-04-01,1,mid,none,two_day_acceleration,current_week,-0.1452020202020201,-0.1262626262626263,-0.1262626262626263,-0.23863636363636365,0.024621212121212155,2025H1
002962,2025-04-02,2,mid,none,pullback_holds,current_week,-0.12988650693568726,-0.11979823455233296,-0.10151324085750324,-0.2395964691046658,0.011979823455233296,2025H1
002962,2025-04-23,2,mid,none,pullback_holds,current_week,-0.04879725085910658,0.0020618556701030855,-0.024742268041237248,-0.10652920962199319,0.0027491408934707806,2025H1
002962,2026-06-16,1,bull,ma_bull,shrinking_volume_acceleration,current_week,0.022133938706015988,0.17253121452894438,-0.2519863791146425,-0.05334846765039736,0.26901248581157766,2026H1
002962,2026-08-07,4,mid,none,shrinking_volume_acceleration,current_week,-0.02686567164179099,-0.04477611940298509,-0.0432835820895523,-0.07537313432835824,0.03731343283582089,2026H2
002962,2026-08-17,0,mid,none,two_day_acceleration,current_week,-0.06113207547169819,-0.0037735849056602655,-0.006037735849056647,-0.08377358490566034,0.049056603773584895,2026H2
002962,2026-08-31,0,bull,none,shrinking_volume_acceleration,current_week,-0.021886792452830095,-0.006037735849056647,,-0.05509433962264154,0.018867924528301883,2026H2
002962,2026-09-02,2,mid,none,pullback_holds,current_week,0.003069838833461125,,,-0.03914044512663095,0.036070606293169494,2026H2
002962,2026-09-03,3,mid,none,pullback_holds,current_week,-0.01685823754789273,,,-0.0406130268199234,0.0344827586206895,2026H2
002962,2026-09-08,1,mid,none,two_day_acceleration,current_week,-0.009811320754716912,,,-0.05509433962264154,0.007547169811320753,2026H2
002962,2026-09-09,2,bull,none,pullback_holds,current_week,,,,-0.037663335895465,0.017678708685626487,2026H2
600017,2023-05-09,1,bull,ma_bull,two_day_acceleration,current_week,-0.04999999999999993,-0.10588235294117643,-0.126470588235294,-0.10588235294117643,0.03529411764705892,2023H1
600017,2023-09-04,0,mid,macd_stabilizing,two_day_acceleration,current_week,-0.03606557377049191,-0.01639344262295095,-0.03934426229508203,-0.049180327868852625,0.0,2023H2
600017,2023-09-11,0,mid,none,pullback_holds,current_week,0.016949152542372836,0.033898305084745894,0.0,-0.006779661016949157,0.037288135593220195,2023H2
600017,2023-09-12,1,mid,macd_stabilizing,pullback_holds,current_week,0.03050847457627115,0.03050847457627115,-0.016949152542372947,-0.006779661016949157,0.047457627118643986,2023H2
600017,2023-09-14,3,mid,macd_stabilizing,pullback_holds,current_week,0.01342281879194629,0.006711409395973256,-0.043624161073825496,-0.003355704697986517,0.03691275167785224,2023H2
600017,2023-11-06,0,mid,macd_stabilizing,pullback_holds,current_week,-0.0035087719298246833,-0.010526315789473717,0.007017543859649145,-0.01754385964912275,0.0035087719298245723,2023H2
600017,2023-11-07,1,mid,macd_stabilizing,pullback_holds,current_week,0.0,-0.007017543859649145,-0.010526315789473717,-0.01754385964912275,0.0035087719298245723,2023H2
600017,2023-11-13,0,mid,macd_stabilizing,pullback_holds,current_week,-0.007042253521126751,0.0,-0.010563380281690127,-0.014084507042253391,0.007042253521126751,2023H2
600017,2023-11-14,1,mid,macd_stabilizing,pullback_holds,current_week,-0.010489510489510412,-0.0034965034965034336,-0.013986013986013957,-0.020979020979020824,0.0,2023H2
600017,2023-11-15,2,mid,macd_stabilizing,pullback_holds,current_week,-0.0035211267605632646,-0.007042253521126751,-0.007042253521126751,-0.014084507042253391,0.007042253521126751,2023H2
600017,2023-11-21,1,mid,none,pullback_holds,current_week,0.007067137809187329,-0.0035335689045937757,-0.010600706713780883,-0.007067137809187329,0.014134275618374659,2023H2
600017,2023-11-22,2,mid,none,pullback_holds,current_week,0.0,-0.007092198581560183,-0.01773049645390068,-0.014184397163120477,0.0177304964539009,2023H2
600017,2023-11-23,3,mid,none,pullback_holds,current_week,-0.0035211267605632646,-0.014084507042253391,-0.02464788732394363,-0.021126760563380143,0.010563380281690238,2023H2
600017,2024-12-02,0,bull,ma_bull,two_day_acceleration,current_week,0.027027027027026973,0.009009009009008917,-0.024024024024024038,-0.024024024024024038,0.05405405405405417,2024H2
600017,2024-12-04,2,bull,ma_bull,pullback_holds,current_week,0.042813455657492394,0.003058103975535298,-0.051987767584097844,-0.006116207951070374,0.07339449541284404,2024H2
600017,2024-12-06,4,bull,ma_bull,two_day_acceleration,current_week,-0.017699115044247815,-0.053097345132743445,-0.0943952802359882,-0.05604719764011801,0.03539823008849563,2024H2
600017,2024-12-11,2,bull,ma_bull,shrinking_volume_acceleration,current_week,-0.0352941176470587,-0.044117647058823484,-0.12352941176470589,-0.0676470588235294,0.008823529411764675,2024H2
600017,2024-12-24,1,bull,ma_bull,shrinking_volume_acceleration,current_week,-0.012345679012345734,-0.06172839506172845,-0.08950617283950613,-0.08024691358024694,0.015432098765431945,2024H2
600017,2024-12-25,2,bull,ma_bull,pullback_holds,current_week,-0.04320987654320996,-0.08024691358024694,-0.07407407407407418,-0.08024691358024694,0.015432098765431945,2024H2
600017,2025-01-27,0,mid,none,pullback_holds,current_week,-0.003278688524590234,-0.01967213114754096,-0.01967213114754096,-0.02622950819672132,0.00983606557377037,2025H1
600017,2025-02-24,0,bull,none,pullback_holds,current_week,0.006734006734006703,0.013468013468013407,0.06734006734006726,-0.010101010101010166,0.02020202020202011,2025H1
600017,2025-02-26,2,bull,none,pullback_holds,current_week,-0.009999999999999898,0.010000000000000009,0.06333333333333324,-0.013333333333333308,0.01666666666666683,2025H1
600017,2025-02-27,3,bull,none,pullback_holds,current_week,-0.0033444816053512794,0.013377926421404673,0.05685618729096986,-0.010033444816053616,0.02006688963210701,2025H1
600017,2025-03-10,0,bull,none,pullback_holds,current_week,0.03333333333333344,0.05666666666666664,0.010000000000000009,-0.0033333333333332993,0.07000000000000006,2025H1
600017,2025-03-11,1,bull,none,pullback_holds,current_week,0.046511627906976605,0.06312292358803995,0.10631229235880402,-0.0033222591362126463,0.06644518272425248,2025H1
600017,2025-03-18,1,bull,none,two_day_acceleration,current_week,0.012658227848101333,-0.022151898734177333,0.028481012658227778,-0.03164556962025322,0.015822784810126445,2025H1
600017,2025-03-25,1,mid,macd_cross,shrinking_volume_acceleration,current_week,-0.034375000000000044,0.04062499999999991,-0.018750000000000044,-0.10000000000000009,0.04062499999999991,2025H1
600017,2025-08-11,0,bull,ma_bull,pullback_holds,current_week,-0.018292682926829285,0.009146341463414531,-0.030487804878048808,-0.024390243902439046,0.021341463414634054,2025H2
600017,2025-08-12,1,bull,ma_bull,pullback_holds,current_week,-0.012195121951219523,0.012195121951219523,-0.0335365853658538,-0.024390243902439046,0.021341463414634054,2025H2
600017,2025-08-13,2,bull,ma_bull,pullback_holds,current_week,-0.006116207951070374,-0.012232415902140636,-0.030581039755351758,-0.021406727828746086,0.024464831804281273,2025H2
600017,2025-08-19,1,bull,ma_bull,pullback_holds,current_week,0.024691358024691468,-0.012345679012345734,0.0092592592592593,-0.024691358024691357,0.033950617283950546,2025H2
600017,2025-08-20,2,bull,ma_bull,pullback_holds,current_week,-0.0030864197530865445,-0.030864197530864224,0.012345679012345734,-0.03395061728395077,0.033950617283950546,2025H2
600017,2025-08-21,3,bull,ma_bull,pullback_holds,current_week,-0.00920245398773012,-0.030674846625766916,-0.00920245398773012,-0.042944785276073705,0.027607361963190247,2025H2
600017,2025-08-22,4,bull,ma_bull,pullback_holds,current_week,-0.024316109422492405,-0.03951367781155013,-0.012158054711246202,-0.05167173252279633,0.01823708206686936,2025H2
600017,2025-08-25,0,bull,ma_bull,two_day_acceleration,current_week,-0.03915662650602414,-0.04216867469879526,-0.03915662650602414,-0.06024096385542177,0.009036144578313143,2025H2
600017,2025-09-08,0,bull,none,pullback_holds,current_week,0.0062893081761006275,0.0031446540880502027,0.0,-0.012578616352201255,0.04088050314465397,2025H2
600017,2025-09-09,1,bull,none,pullback_holds,current_week,0.034810126582278444,-0.0031645569620254443,0.0031645569620253333,-0.01898734177215189,0.04746835443037978,2025H2
600017,2025-09-18,3,mid,macd_stabilizing,pullback_holds,current_week,-0.04334365325077405,-0.024767801857585203,-0.003095975232198067,-0.05882352941176472,0.009287925696594534,2025H2
600017,2025-09-19,4,mid,macd_stabilizing,shrinking_volume_acceleration,current_week,-0.05246913580246915,-0.030864197530864224,-0.0030864197530865445,-0.06172839506172845,0.0,2025H2
600017,2025-10-10,4,bull,macd_stabilizing,pullback_holds,current_week,0.025889967637540368,0.04207119741100329,0.05177993527508096,-0.006472491909384925,0.06796116504854388,2025H2
600017,2025-10-14,1,bull,none,pullback_holds,current_week,0.018927444794952786,0.025236593059936974,0.028391167192429068,-0.009463722397476282,0.041009463722397665,2025H2
600017,2025-10-15,2,bull,none,pullback_holds,current_week,0.015772870662460692,0.018927444794952786,0.02208201892744488,-0.006309148264984188,0.041009463722397665,2025H2
600017,2025-10-16,3,bull,none,pullback_holds,current_week,0.02515723270440251,0.018867924528301883,0.022012578616352085,-0.009433962264151052,0.037735849056603765,2025H2
600017,2025-10-17,4,mid,none,pullback_holds,current_week,0.012578616352201255,0.0,0.028301886792452713,-0.009433962264151052,0.037735849056603765,2025H2
600017,2025-10-24,4,bull,none,pullback_holds,current_week,-0.012422360248447228,0.009316770186335255,-0.05590062111801242,-0.018633540372670843,0.01552795031055898,2025H2
600017,2025-10-27,0,bull,none,pullback_holds,current_week,-0.012383900928792602,0.006191950464396356,-0.06501547987616096,-0.021671826625386914,0.01238390092879249,2025H2
600017,2025-10-28,1,bull,none,shrinking_volume_acceleration,current_week,-0.012307692307692353,0.0030769230769231992,-0.06769230769230761,-0.027692307692307683,0.006153846153846176,2025H2
600017,2025-10-29,2,bull,none,pullback_holds,current_week,0.0031055900621117516,0.006211180124223503,-0.06211180124223603,-0.018633540372670843,0.01552795031055898,2025H2
600017,2025-10-30,3,bull,none,pullback_holds,current_week,0.0031055900621117516,0.009316770186335255,-0.06832298136645965,-0.018633540372670843,0.01552795031055898,2025H2
600017,2025-11-03,0,bull,none,pullback_holds,current_week,0.022012578616352085,0.03144654088050314,-0.047169811320754707,-0.003144654088050425,0.037735849056603765,2025H2
600017,2025-11-04,1,bull,none,pullback_holds,current_week,0.018750000000000044,-0.006249999999999978,-0.050000000000000044,-0.009375000000000022,0.03125,2025H2
600017,2025-11-05,2,bull,none,pullback_holds,current_week,0.0,-0.030864197530864224,-0.0586419753086419,-0.030864197530864224,0.0185185185185186,2025H2
600017,2025-11-06,3,bull,none,pullback_holds,current_week,0.006191950464396356,-0.02786377708978327,-0.061919504643962786,-0.03095975232198145,0.021671826625387025,2025H2
600017,2025-11-07,4,bull,none,pullback_holds,current_week,0.006153846153846176,-0.06461538461538463,-0.06153846153846143,-0.06461538461538463,0.015384615384615552,2025H2
600017,2025-11-14,4,bull,macd_cross,pullback_holds,current_week,-0.07317073170731714,-0.08231707317073167,-0.09146341463414642,-0.09146341463414642,0.0060975609756097615,2025H2
600355,2023-03-01,2,bull,ma_bull,two_day_acceleration,current_week,-0.03200000000000003,-0.04533333333333334,-0.016000000000000014,-0.06666666666666665,0.010666666666666602,2023H1
600355,2023-03-02,3,bull,ma_bull,pullback_holds,current_week,-0.018716577540107027,-0.0668449197860963,-0.02941176470588247,-0.06951871657754016,0.008021390374331583,2023H1
600355,2023-03-03,4,bull,ma_bull,pullback_holds,current_week,-0.027100271002710064,-0.02981029810298097,0.01084010840108407,-0.05691056910569103,0.005420054200542035,2023H1
600355,2023-03-13,0,mid,ma_bull,pullback_holds,current_week,-0.03287671232876699,0.043835616438356206,-0.046575342465753455,-0.046575342465753455,0.07671232876712342,2023H1
600355,2023-05-18,3,mid,none,two_day_acceleration,current_week,-0.0092592592592593,0.030864197530864113,0.03703703703703698,-0.0277777777777779,0.03703703703703698,2023H1
600355,2023-05-22,0,mid,none,shrinking_volume_acceleration,current_week,-0.012232415902140636,0.024464831804281273,0.06422018348623859,-0.03669724770642202,0.039755351681957096,2023H1
600355,2023-06-16,4,mid,none,shrinking_volume_acceleration,current_week,-0.011730205278592365,0.014662756598240456,0.0029325513196480912,-0.058651026392961936,0.0674486803519061,2023H1
600355,2023-06-19,0,mid,none,two_day_acceleration,current_week,-0.048850574712643646,0.0,-0.025862068965517238,-0.07758620689655171,0.04597701149425282,2023H1
600355,2023-11-16,3,mid,ma_bull,pullback_holds,current_week,0.007532956685499137,-0.024482109227872084,0.11299435028248572,-0.039548022598870025,0.064030131826742,2023H2
600355,2023-11-17,4,mid,ma_bull,pullback_holds,current_week,-0.033898305084745894,0.0037664783427493465,0.14500941619585683,-0.039548022598870025,0.064030131826742,2023H2
600355,2023-11-21,1,mid,none,pullback_holds,current_week,-0.03531598513011147,-0.029739776951672847,0.08364312267657992,-0.052044609665427344,0.05018587360594795,2023H2
002535,2023-03-16,3,mid,ma_bull,pullback_holds,current_week,-0.044067796610169574,-0.07118644067796609,0.037288135593220195,-0.0847457627118644,0.013559322033898313,2023H1
002535,2023-03-27,0,mid,ma_bull,pullback_holds,current_week,-0.03125,0.03472222222222232,0.08680555555555558,-0.06249999999999989,0.05208333333333348,2023H1
002535,2023-03-28,1,mid,ma_bull,pullback_holds,current_week,-0.0344827586206895,0.031034482758620863,0.04482758620689675,-0.06896551724137923,0.0620689655172415,2023H1
002535,2023-04-13,3,bull,macd_stabilizing,shrinking_volume_acceleration,current_week,0.037735849056603765,-0.012578616352201255,-0.2044025157232704,-0.06289308176100639,0.07547169811320753,2023H1
002535,2023-04-21,4,mid,macd_cross,shrinking_volume_acceleration,current_week,-0.06990881458966569,-0.10942249240121582,-0.1671732522796352,-0.1185410334346505,0.006079027355623046,2023H1
002535,2023-05-08,0,bull,ma_bull,shrinking_volume_acceleration,current_week,-0.13157894736842102,-0.08552631578947356,-0.03618421052631571,-0.1842105263157895,0.0,2023H1
002535,2023-08-04,4,bull,ma_bull,pullback_holds,current_week,-0.0565656565656566,-0.07070707070707061,-0.06868686868686869,-0.08080808080808088,0.07070707070707072,2023H2
002535,2023-08-09,2,bull,ma_bull,two_day_acceleration,current_week,-0.06882591093117407,-0.08097165991902844,-0.08906882591093124,-0.09311740890688258,0.012145748987854255,2023H2
002535,2023-09-04,0,mid,none,two_day_acceleration,current_week,-0.07430997876857737,-0.10191082802547757,0.1868365180467091,-0.11889596602972385,0.006369426751592355,2023H2
002535,2023-09-22,4,mid,none,pullback_holds,current_week,0.2037914691943128,0.14454976303317535,0.16587677725118488,-0.02132701421800942,0.45734597156398116,2023H2
002535,2023-11-15,2,mid,ma_bull,two_day_acceleration,current_week,-0.028056112224448815,-0.06613226452905818,-0.06813627254509014,-0.06813627254509014,0.024048096192384794,2023H2
002535,2023-11-16,3,mid,ma_bull,pullback_holds,current_week,-0.010162601626016232,-0.04471544715447151,-0.05284552845528456,-0.058943089430894324,0.03861788617886197,2023H2
002535,2023-11-17,4,mid,ma_bull,pullback_holds,current_week,-0.03245436105476662,-0.04462474645030423,-0.07099391480730222,-0.06288032454361048,0.036511156186612714,2023H2
002535,2023-11-20,0,mid,ma_bull,two_day_acceleration,current_week,-0.06679764243614927,-0.06876227897838894,-0.11394891944990182,-0.09233791748526521,0.003929273084479545,2023H2
002535,2023-11-21,1,mid,ma_bull,pullback_holds,current_week,-0.042424242424242364,-0.06868686868686869,-0.0828282828282828,-0.06868686868686869,0.010101010101010166,2023H2
002535,2023-12-28,3,mid,none,two_day_acceleration,current_week,0.026258205689277947,0.02188183807439814,-0.05689277899343537,-0.002188183807439792,0.12691466083150993,2023H2
002535,2024-02-19,0,mid,none,pullback_holds,current_week,0.13554987212276215,0.09462915601023014,0.19693094629156005,-0.01534526854219953,0.17902813299232734,2024H1
002535,2024-02-20,1,bull,none,pullback_holds,current_week,0.16153846153846163,0.0692307692307692,0.18717948717948718,-0.002564102564102555,0.18205128205128207,2024H1
002535,2024-02-21,2,bull,none,two_day_acceleration,current_week,0.0475000000000001,0.07499999999999996,0.16500000000000004,-0.0024999999999999467,0.15250000000000008,2024H1
002535,2024-02-22,3,bull,none,pullback_holds,current_week,0.05853658536585371,0.056097560975609806,0.12926829268292694,-0.004878048780487698,0.14634146341463428,2024H1
002535,2024-02-27,1,bull,none,shrinking_volume_acceleration,current_week,-0.07333333333333336,0.028888888888888964,-0.01777777777777778,-0.08444444444444443,0.0755555555555556,2024H1
002535,2025-06-09,0,bull,none,pullback_holds,current_week,-0.005102040816326481,-0.015306122448979553,0.010204081632652962,-0.05612244897959173,0.015306122448979664,2025H1
002535,2025-06-10,1,bull,none,pullback_holds,current_week,0.01285347043701801,0.010282776349614497,0.033419023136246784,-0.04884318766066842,0.023136246786632286,2025H1
002535,2025-06-11,2,bull,none,pullback_holds,current_week,0.007633587786259444,0.0,0.012722646310432628,-0.058524173027989845,0.012722646310432628,2025H1
002535,2025-06-12,3,bull,none,pullback_holds,current_week,-0.02051282051282044,0.00512820512820511,0.023076923076923217,-0.05128205128205121,0.02051282051282044,2025H1
002535,2025-06-16,0,bull,none,pullback_holds,current_week,-0.015306122448979553,0.017857142857143016,0.03826530612244916,-0.05612244897959173,0.028061224489795977,2025H1
002535,2025-06-17,1,bull,none,pullback_holds,current_week,-0.005063291139240533,0.010126582278481067,0.005063291139240533,-0.06329113924050633,0.020253164556962133,2025H1
002535,2025-06-24,1,bull,none,pullback_holds,current_week,0.012690355329949332,0.020304568527918843,0.06852791878172582,-0.010152284263959421,0.022842639593908753,2025H1
002535,2025-06-25,2,bull,none,pullback_holds,current_week,0.017766497461928932,0.010152284263959421,0.04060913705583746,-0.0076142131979695105,0.025380710659898442,2025H1
002535,2025-06-26,3,bull,none,pullback_holds,current_week,0.020356234096692072,0.01526717557251911,0.0636132315521627,-0.0025445292620865922,0.027989821882951516,2025H1
002535,2025-07-08,1,bull,none,two_day_acceleration,current_week,-0.01488833746898266,0.04466501240694787,0.022332506203473823,-0.02481389578163773,0.04714640198511155,2025H2
002535,2025-07-09,2,bull,none,pullback_holds,current_week,0.01005025125628145,0.03015075376884413,0.04020100502512558,-0.012562814070351758,0.07286432160804024,2025H2
002535,2025-07-11,4,bull,none,pullback_holds,current_week,-0.014962593516209433,0.04488778054862852,0.02743142144638422,-0.01995012468827917,0.06483790523690791,2025H2
002535,2025-07-14,0,bull,none,two_day_acceleration,current_week,-0.002450980392156854,0.026960784313725616,0.02450980392156854,-0.03676470588235292,0.04656862745098045,2025H2
002535,2025-07-16,2,bull,none,pullback_holds,current_week,0.0199004975124375,0.0199004975124375,0.02985074626865658,-0.022388059701492602,0.062189054726368154,2025H2
002535,2025-07-22,1,bull,macd_cross,two_day_acceleration,current_week,-0.025821596244131273,-0.032863849765258135,-0.028169014084507116,-0.05868544600938963,0.0023474178403757318,2025H2
002535,2025-07-24,3,bull,macd_cross,shrinking_volume_acceleration,current_week,-0.03809523809523818,-0.023809523809523947,-0.00952380952380949,-0.0452380952380953,0.01666666666666683,2025H2
002535,2025-10-09,3,bull,none,shrinking_volume_acceleration,current_week,-0.034825870646766344,0.0199004975124375,0.01741293532338295,-0.04975124378109452,0.02985074626865658,2025H2
002535,2025-10-10,4,bull,none,pullback_holds,current_week,-0.02051282051282044,0.0410256410256411,0.04871794871794877,-0.02051282051282044,0.06153846153846154,2025H2
002535,2025-11-11,1,bull,none,two_day_acceleration,current_week,-0.0023980815347721673,-0.05515587529976018,-0.052757793764987904,-0.0695443645083933,0.023980815347721895,2025H2
002535,2025-11-17,0,mid,ma_bull,two_day_acceleration,current_week,-0.06823529411764706,-0.07058823529411762,-0.11058823529411754,-0.09411764705882353,0.004705882352941337,2025H2
002535,2026-01-08,3,bull,macd_stabilizing,pullback_holds,current_week,-0.007672634271099765,0.051150895140664954,-0.007672634271099765,-0.010230179028132946,0.06905370843989767,2026H1
002535,2026-01-09,4,bull,macd_stabilizing,pullback_holds,current_week,0.03826530612244916,0.04846938775510212,-0.007653061224489721,-0.012755102040816313,0.06632653061224492,2026H1
002535,2026-01-12,0,bull,none,two_day_acceleration,current_week,0.01754385964912286,0.0350877192982455,-0.007518796992481258,-0.03007518796992481,0.04761904761904745,2026H1
002535,2026-01-13,1,bull,none,pullback_holds,current_week,0.032994923857868175,0.038071065989847774,0.0050761421319796,-0.017766497461928932,0.060913705583756306,2026H1
002535,2026-01-21,2,bull,macd_cross,shrinking_volume_acceleration,current_week,-0.017114914425427674,-0.03667481662591687,-0.03911980440097795,-0.06845965770171147,0.022004889975550057,2026H1
601669,2025-01-27,0,mid,none,pullback_holds,current_week,0.0,0.0019646365422398837,-0.03536345776031424,-0.01964636542239684,0.015717092337917515,2025H1
601669,2025-08-25,0,bull,ma_bull,two_day_acceleration,current_week,-0.07142857142857129,-0.0888888888888888,-0.1063492063492063,-0.10317460317460314,0.0,2025H2
601669,2025-09-15,0,bull,none,pullback_holds,current_week,-0.02256944444444442,-0.03125,0.0017361111111111605,-0.05381944444444442,0.00694444444444442,2025H2
601669,2025-09-17,2,bull,none,pullback_holds,current_week,-0.024518388791593626,0.015761821366024442,0.007005253940455258,-0.045534150612959734,0.015761821366024442,2025H2
601669,2025-09-19,4,mid,none,shrinking_volume_acceleration,current_week,-0.035026269702276736,0.02626970227670755,0.019264448336252293,-0.045534150612959734,0.03677758318739044,2025H2
601669,2025-12-24,2,bull,none,pullback_holds,current_week,-0.015151515151515138,0.01893939393939381,0.13068181818181812,-0.018939393939394034,0.022727272727272707,2025H2
601669,2025-12-25,3,bull,none,pullback_holds,current_week,-0.009451795841209809,0.022684310018903586,0.1304347826086958,-0.020793950850661713,0.022684310018903586,2025H2
601669,2025-12-26,4,bull,none,pullback_holds,current_week,0.011385199240986577,0.04554079696394675,0.09677419354838701,-0.017077798861480198,0.05502846299810238,2025H2
601669,2026-01-05,0,bull,none,pullback_holds,current_week,0.03244274809160297,0.11450381679389299,0.06106870229007644,-0.001908396946564861,0.13167938931297707,2026H1
601669,2026-01-06,1,bull,none,two_day_acceleration,current_week,0.03571428571428559,0.17481203007518786,0.050751879699248104,-0.00375939849624074,0.19548872180451138,2026H1
601669,2026-01-08,3,bull,none,shrinking_volume_acceleration,current_week,-0.0018621973929235924,0.10242085661080069,0.03351955307262555,-0.003724394785847185,0.18435754189944142,2026H1
601669,2026-01-12,0,bull,none,two_day_acceleration,current_week,0.07749077490774914,0.10332103321033226,0.022140221402213944,-0.012915129151291449,0.17343173431734327,2026H1
601669,2026-01-13,1,bull,none,two_day_acceleration,current_week,0.12612612612612617,0.04144144144144146,-0.009009009009009028,-0.03603603603603589,0.145945945945946,2026H1
601669,2026-05-06,2,bull,none,shrinking_volume_acceleration,current_week,0.07978723404255317,0.0035460992907803135,-0.06382978723404242,-0.0035460992907800915,0.09042553191489366,2026H1
601669,2026-05-11,0,bull,none,shrinking_volume_acceleration,current_week,-0.02033898305084747,-0.06101694915254241,-0.14915254237288134,-0.08305084745762714,0.04237288135593209,2026H1
601669,2026-05-12,1,bull,none,shrinking_volume_acceleration,current_week,-0.0235294117647058,-0.0873949579831933,-0.1630252100840336,-0.09579831932773109,0.03361344537815136,2026H1
601669,2026-05-13,2,bull,macd_cross,two_day_acceleration,current_week,-0.07213114754098371,-0.13442622950819672,-0.2032786885245902,-0.139344262295082,0.0016393442622950616,2026H1
000030,2023-11-15,2,mid,ma_bull,two_day_acceleration,current_week,0.026690391459074814,0.06761565836298922,0.028469750889679846,-0.005338078291814985,0.1120996441281139,2023H2
000030,2024-01-02,1,mid,none,pullback_holds,current_week,-0.029739776951672847,-0.03345724907063197,-0.11524163568773238,-0.048327137546468335,0.009293680297397744,2024H1
000030,2024-01-03,2,mid,none,pullback_holds,current_week,-0.03165735567970207,-0.05586592178770944,-0.14338919925512095,-0.05586592178770944,0.009310986964618184,2024H1
000030,2024-02-27,1,bull,none,shrinking_volume_acceleration,current_week,-0.016000000000000014,0.010000000000000009,0.06600000000000006,-0.050000000000000044,0.014000000000000012,2024H1
000030,2025-04-23,2,mid,macd_cross,two_day_acceleration,current_week,-0.010118043844856595,0.03709949409780777,0.042158516020236014,-0.03541315345699836,0.07082630691399672,2025H1
000030,2025-04-25,4,mid,macd_cross,shrinking_volume_acceleration,current_week,0.0016666666666667052,0.021666666666666723,0.02833333333333332,-0.046666666666666745,0.05833333333333335,2025H1
000030,2025-05-06,1,mid,none,two_day_acceleration,current_week,0.02833333333333332,0.05166666666666675,0.0050000000000001155,-0.0016666666666665941,0.06666666666666665,2025H1
000030,2025-05-08,3,bull,none,shrinking_volume_acceleration,current_week,0.0049261083743843415,0.03612479474548458,0.019704433497536922,-0.009852216748768461,0.0673234811165846,2025H1
000030,2025-05-09,4,bull,none,two_day_acceleration,current_week,-0.004784688995215336,-0.014354066985646008,-0.028708133971291905,-0.036682615629984094,0.03668261562998398,2025H1
000030,2025-05-20,1,bull,ma_bull,two_day_acceleration,current_week,-0.02377179080824099,-0.044374009508716394,-0.08874801901743268,-0.05388272583201281,0.0301109350237716,2025H1
000030,2025-05-21,2,bull,ma_bull,two_day_acceleration,current_week,-0.0329153605015674,-0.048589341692789945,-0.10658307210031348,-0.0658307210031348,0.00783699059561127,2025H1
000030,2025-06-06,4,bull,ma_bull,two_day_acceleration,current_week,-0.048387096774193505,-0.08064516129032262,-0.0693548387096774,-0.08870967741935476,0.012903225806451646,2025H1
000030,2025-06-23,0,bull,none,shrinking_volume_acceleration,current_week,0.01903114186851207,0.0034602076124565784,0.05017301038062283,-0.01038062283737029,0.05017301038062283,2025H1
000030,2025-06-24,1,bull,none,two_day_acceleration,current_week,-0.006734006734006703,-0.023569023569023684,0.030303030303030276,-0.03703703703703709,0.02188552188552184,2025H1
000030,2025-06-25,2,bull,none,pullback_holds,current_week,-0.018333333333333424,-0.026666666666666727,0.008333333333333304,-0.046666666666666745,0.011666666666666714,2025H1
000030,2025-07-14,0,bull,none,pullback_holds,current_week,0.03231292517006801,0.025510204081632626,0.04931972789115657,-0.006802721088435382,0.04761904761904767,2025H2
000030,2025-07-15,1,bull,none,pullback_holds,current_week,0.04081632653061229,0.027210884353741527,0.04761904761904767,-0.00510204081632637,0.04761904761904767,2025H2
000030,2025-07-18,4,bull,macd_stabilizing,pullback_holds,current_week,0.02023608768971341,0.006745362563237878,0.025295109612141653,-0.00843170320404718,0.038785834738617186,2025H2
000030,2025-07-25,4,bull,none,pullback_holds,current_week,-0.014851485148514976,0.01650165016501637,0.021452145214521323,-0.02640264026402639,0.02970297029702973,2025H2
000030,2025-08-05,1,bull,ma_bull,two_day_acceleration,current_week,0.00983606557377037,-0.006557377049180357,-0.060655737704918056,-0.0180327868852459,0.02950819672131133,2025H2
000030,2025-08-06,2,bull,ma_bull,two_day_acceleration,current_week,-0.006451612903225823,0.008064516129032251,-0.09193548387096784,-0.03387096774193543,0.012903225806451646,2025H2
000030,2025-08-08,4,bull,ma_bull,shrinking_volume_acceleration,current_week,-0.012987012987012991,0.004870129870129913,-0.08279220779220775,-0.02759740259740262,0.01948051948051943,2025H2
000030,2025-08-21,3,bull,ma_bull,pullback_holds,current_week,-0.04538087520259326,-0.08427876823338731,-0.08427876823338731,-0.09562398703403563,0.011345218800648427,2025H2
000030,2025-08-22,4,bull,ma_bull,pullback_holds,current_week,-0.06300484652665594,-0.08723747980613894,-0.10823909531502418,-0.09854604200323103,0.008077544426494221,2025H2
000030,2025-09-11,3,bull,none,pullback_holds,current_week,-0.0017667844522968323,-0.012367491166077826,-0.051236749116607805,-0.035335689045936425,0.030035335689045928,2025H2
000030,2025-09-16,1,bull,none,pullback_holds,current_week,-0.019469026548672663,-0.0035398230088495852,-0.023008849557522137,-0.03362831858407089,0.031858407079645934,2025H2
000030,2025-09-17,2,bull,none,pullback_holds,current_week,-0.02249134948096887,-0.02768166089965396,-0.03287197231833916,-0.05536332179930803,0.00865051903114189,2025H2
000030,2025-09-18,3,mid,none,pullback_holds,current_week,-0.014109347442680775,-0.005291005291005346,-0.01940035273368601,-0.03703703703703698,0.008818342151675429,2025H2
000030,2025-10-10,4,bull,none,pullback_holds,current_week,-0.021857923497267784,0.012750455373406355,0.03825136612021862,-0.023679417122040025,0.023679417122040025,2025H2
000030,2025-10-27,0,bull,none,pullback_holds,current_week,0.01981981981981984,0.03423423423423433,-0.04144144144144135,-0.003603603603603567,0.03963963963963968,2025H2
000030,2025-10-28,1,bull,none,pullback_holds,current_week,-0.003552397868561208,0.023090586145648295,-0.039076376554174064,-0.017761989342806372,0.02841918294849033,2025H2
000030,2025-10-29,2,bull,none,pullback_holds,current_week,0.01073345259391778,0.02146690518783534,-0.01610017889087656,-0.007155635062611854,0.035778175313059046,2025H2
000030,2025-10-30,3,bull,none,pullback_holds,current_week,0.03237410071942448,0.03417266187050361,-0.01618705035971235,-0.0017985611510792365,0.04136690647482011,2025H2
301216,2025-08-27,2,bull,ma_bull,pullback_holds,current_week,0.08338405356056011,0.28667072428484475,0.1393791844187462,0.0,0.3286670724284846,2025H2
301216,2025-09-09,1,bull,ma_bull,two_day_acceleration,current_week,0.03826530612244894,-0.056122448979591955,0.07397959183673475,-0.07397959183673464,0.12193877551020416,2025H2
301216,2025-09-12,4,bull,ma_bull,shrinking_volume_acceleration,current_week,-0.07894736842105277,-0.02775119617224886,-0.0918660287081341,-0.1430622009569379,0.024880382775119614,2025H2
301216,2025-09-30,1,bull,ma_bull,shrinking_volume_acceleration,current_week,0.012019230769230838,-0.06201923076923077,-0.029807692307692313,-0.1004807692307692,0.026923076923076827,2025H2
301216,2025-10-29,2,bull,ma_bull,two_day_acceleration,current_week,-0.04178537511870839,-0.13912630579297247,-0.14102564102564097,-0.1590693257359923,0.009496676163343043,2025H2
301216,2025-12-24,2,bull,none,pullback_holds,current_week,-0.06437291897891229,0.18534961154273022,0.327968923418424,-0.07380688124306312,0.21420643729189792,2025H2
301216,2025-12-25,3,bull,none,pullback_holds,current_week,-0.003397508493771184,0.187995469988675,0.3527746319365799,-0.05492638731596822,0.23895809739524343,2025H2
301216,2025-12-26,4,bull,none,pullback_holds,current_week,0.02447552447552459,0.19055944055944063,0.39801864801864806,-0.027389277389277322,0.27505827505827507,2025H2
301216,2025-12-29,0,bull,none,pullback_holds,current_week,0.031505250875145885,0.19486581096849465,0.38331388564760793,-0.026254375729288126,0.27654609101516914,2025H2
301216,2026-01-23,4,bull,none,shrinking_volume_acceleration,current_week,-0.064039408866995,-0.09195402298850563,-0.10796387520525452,-0.11412151067323473,0.02586206896551735,2026H1
301216,2026-02-09,0,bull,ma_bull,two_day_acceleration,current_week,-0.04236540158870261,-0.09532215357458074,0.16195939982347762,-0.09796999117387462,0.026037069726390083,2026H1
301216,2026-02-10,1,bull,ma_bull,pullback_holds,current_week,-0.002686968204209661,-0.09180474697716079,0.17465293327362286,-0.09628302731751015,0.041200179131213543,2026H1
301216,2026-02-27,4,bull,ma_bull,pullback_holds,current_week,-0.06621315192743771,0.14467120181405901,0.10839002267573705,-0.08616780045351469,0.21405895691609977,2026H1
301216,2026-04-08,2,mid,ma_bull,two_day_acceleration,current_week,0.040382571732199724,0.06376195536663132,0.049592631951824284,-0.06128232376904008,0.08678710591569261,2026H1
301216,2026-04-15,2,mid,ma_bull,shrinking_volume_acceleration,current_week,0.03266850068775784,0.04986244841815668,0.010660247592847227,-0.07909215955983495,0.07909215955983484,2026H1
301216,2026-05-08,4,bull,ma_bull,pullback_holds,current_week,-0.04441498176997016,-0.10175671196552871,-0.1799801126947298,-0.10739144845873394,0.019224395094464608,2026H1
301216,2026-05-18,0,bull,ma_bull,pullback_holds,current_week,-0.12112963593058856,-0.1469887716910514,-0.15923783599863894,-0.15923783599863894,0.03538618577747532,2026H1
301216,2026-05-19,1,bull,ma_bull,pullback_holds,current_week,-0.08790838666217582,-0.15459750757830915,-0.15493432132030993,-0.17480633209834961,0.00033681374200056347,2026H1
301216,2026-06-15,0,bull,none,pullback_holds,current_week,-0.03349282296650713,-0.08333333333333337,-0.24840510366826152,-0.11403508771929838,0.03548644338118012,2026H1
301216,2026-06-16,1,bull,none,shrinking_volume_acceleration,current_week,0.013654618473895486,-0.09518072289156632,-0.2650602409638555,-0.10763052208835355,0.04297188755020076,2026H1
301216,2026-06-17,2,bull,none,pullback_holds,current_week,-0.01788617886178867,-0.07398373983739837,-0.2804878048780488,-0.1097560975609756,0.05569105691056908,2026H1
301216,2026-06-22,0,bull,none,pullback_holds,current_week,-0.06728444802578559,-0.13094278807413373,-0.35495568090249796,-0.1337630942788074,0.04633360193392422,2026H1
301216,2026-08-27,3,mid,none,shrinking_volume_acceleration,current_week,0.16114542391914655,0.005053340819764385,,-0.003368893879842738,0.19090398652442464,2026H2
002578,2025-07-02,2,bull,ma_bull,two_day_acceleration,current_week,-0.014534883720930147,-0.014534883720930147,0.0029069767441860517,-0.03197674418604646,0.026162790697674465,2025H2
002578,2025-07-11,4,bull,ma_bull,two_day_acceleration,current_week,-0.01729106628242072,0.025936599423631135,0.023054755043227626,-0.04034582132564846,0.08069164265129669,2025H2
002578,2025-07-24,3,bull,ma_bull,shrinking_volume_acceleration,current_week,-0.07438016528925617,-0.030303030303030276,-0.011019283746556474,-0.0826446280991735,0.0,2025H2
002578,2025-07-25,4,bull,ma_bull,pullback_holds,current_week,-0.03943661971830992,0.0,-0.005633802816901401,-0.06197183098591552,0.005633802816901401,2025H2
002578,2025-08-21,3,bull,ma_bull,pullback_holds,current_week,-0.05292479108635095,-0.07242339832869071,-0.05292479108635095,-0.09749303621169902,0.013927576601671321,2025H2
002578,2025-08-25,0,bull,ma_bull,pullback_holds,current_week,-0.03943661971830992,-0.025352112676056415,-0.07042253521126762,-0.08732394366197183,0.025352112676056304,2025H2
002578,2025-09-05,4,bull,ma_bull,shrinking_volume_acceleration,current_week,0.050000000000000044,-0.008823529411764675,0.032352941176470695,-0.020588235294117574,0.06470588235294117,2025H2
002578,2025-09-12,4,bull,none,two_day_acceleration,current_week,-0.04802259887005644,-0.09039548022598864,0.0,-0.11016949152542377,0.02259887005649719,2025H2
002578,2025-09-29,0,bull,none,two_day_acceleration,current_week,0.07294832826747721,0.09422492401215798,0.24316109422492405,-0.003039513677811523,0.09726443768996962,2025H2
002578,2025-09-30,1,bull,none,pullback_holds,current_week,0.047337278106508895,0.06508875739644981,0.15088757396449703,-0.020710059171597628,0.0769230769230771,2025H2
002578,2025-10-09,3,bull,macd_stabilizing,shrinking_volume_acceleration,current_week,0.047337278106508895,0.10355029585798814,0.26627218934911245,-0.020710059171597628,0.10355029585798814,2025H2
002578,2025-11-10,0,bull,ma_bull,shrinking_volume_acceleration,current_week,0.2019464720194648,-0.07299270072992703,0.32846715328467146,-0.09245742092457432,0.3041362530413625,2025H2
002578,2025-12-22,0,bull,ma_bull,pullback_holds,current_week,0.030973451327433565,0.0265486725663715,-0.01991150442477896,-0.0243362831858408,0.11725663716814139,2025H2
002578,2025-12-24,2,bull,ma_bull,shrinking_volume_acceleration,current_week,-0.01318681318681314,0.002197802197802412,0.026373626373626502,-0.03076923076923066,0.10989010989010994,2025H2
002578,2025-12-25,3,bull,ma_bull,pullback_holds,current_week,-0.013043478260869712,-0.010869565217391464,0.032608695652173836,-0.04130434782608705,0.09782608695652151,2025H2
002578,2026-01-07,2,bull,ma_bull,pullback_holds,current_week,-0.035010940919037226,-0.030634573304157642,-0.02844638949671774,-0.08096280087527352,0.02844638949671774,2026H1
002578,2026-02-26,3,bull,none,pullback_holds,current_week,-0.006637168141592986,-0.028761061946902866,-0.15265486725663724,-0.0575221238938054,0.03982300884955747,2026H1
002578,2026-05-18,0,bull,none,shrinking_volume_acceleration,current_week,0.038363171355498826,0.07928388746803061,-0.06138107416879801,-0.020460358056266004,0.0997442455242965,2026H1
002578,2026-05-19,1,bull,none,two_day_acceleration,current_week,0.03750000000000009,0.04499999999999993,-0.0625,-0.04249999999999998,0.07499999999999996,2026H1
002578,2026-05-20,2,bull,none,pullback_holds,current_week,-0.002450980392156854,0.01225490196078427,-0.11274509803921573,-0.06127450980392157,0.05392156862745101,2026H1
002578,2026-05-25,0,bull,none,pullback_holds,current_week,0.03940886699507362,-0.11822660098522175,-0.14039408866995085,-0.13300492610837444,0.059113300492610765,2026H1
002578,2026-05-26,1,mid,none,two_day_acceleration,current_week,0.02450980392156854,-0.11029411764705888,-0.16421568627450978,-0.1421568627450981,0.05392156862745101,2026H1
002578,2026-05-27,2,mid,none,pullback_holds,current_week,0.01724137931034475,-0.14039408866995085,-0.18472906403940892,-0.1576354679802957,0.059113300492610765,2026H1
002578,2026-05-28,3,mid,none,pullback_holds,current_week,-0.051219512195121886,-0.13414634146341453,-0.21951219512195108,-0.1682926829268292,0.04878048780487809,2026H1
002578,2026-05-29,4,mid,none,pullback_holds,current_week,-0.051094890510948954,-0.1119221411192215,-0.23114355231143557,-0.17031630170316303,0.04622871046228694,2026H1
002578,2026-06-03,2,mid,none,pullback_holds,current_week,-0.14250614250614246,-0.11056511056511065,-0.2235872235872236,-0.16216216216216217,0.002457002457002311,2026H1
000537,2026-04-13,0,mid,ma_bull,pullback_holds,current_week,0.026078234704112413,0.07923771313941819,0.09428284854563684,-0.013039117352056206,0.16850551654964896,2026H1
000537,2026-04-14,1,mid,ma_bull,pullback_holds,current_week,0.03692614770459102,0.027944111776447178,0.052894211576846484,-0.017964071856287345,0.16267465069860298,2026H1
000537,2026-04-15,2,mid,ma_bull,pullback_holds,current_week,0.05688622754491024,0.022954091816367317,0.11576846307385225,-0.011976047904191489,0.16267465069860298,2026H1
000537,2026-04-16,3,mid,ma_bull,shrinking_volume_acceleration,current_week,0.16267465069860298,-0.012974051896207484,0.12375249500997998,-0.015968063872255467,0.16267465069860298,2026H1
000537,2026-04-20,0,bull,ma_bull,two_day_acceleration,current_week,0.05180840664711628,0.05962854349951119,-0.003910068426197566,-0.03616813294232657,0.13880742913000965,2026H1
000537,2026-04-21,1,bull,ma_bull,pullback_holds,current_week,-0.004830917874396046,0.035748792270531515,-0.008695652173912993,-0.047342995169082136,0.12560386473429963,2026H1
000537,2026-04-22,2,bull,ma_bull,shrinking_volume_acceleration,current_week,-0.058769513314967936,-0.0036730945821855654,-0.04315886134067959,-0.0945821854912765,0.0697887970615243,2026H1
000537,2026-05-08,4,bull,none,pullback_holds,current_week,-0.027649769585253337,-0.05437788018433176,-0.0672811059907833,-0.0755760368663595,0.08018433179723505,2026H1
000537,2026-05-11,0,bull,none,shrinking_volume_acceleration,current_week,0.028518859245630024,-0.041398344066237436,-0.14351425942962281,-0.07727690892364325,0.07819687212511495,2026H1
000537,2026-06-03,2,mid,ma_bull,two_day_acceleration,current_week,-0.20366972477064227,-0.2155963302752293,-0.32201834862385315,-0.22844036697247705,0.038532110091743066,2026H1
002491,2023-08-01,1,bull,none,pullback_holds,current_week,0.004838709677419395,-0.030645161290322687,-0.03387096774193543,-0.05161290322580647,0.02741935483870961,2023H2
002491,2023-08-02,2,bull,none,pullback_holds,current_week,-0.020866773675762396,-0.052969502407704705,-0.014446227929374,-0.0561797752808989,0.022471910112359605,2023H2
002491,2023-08-03,3,bull,none,pullback_holds,current_week,0.0,-0.017944535073409318,-0.011419249592169556,-0.05220228384991832,0.039151712887438794,2023H2
002491,2023-08-04,4,bull,none,pullback_holds,current_week,-0.04472843450479225,-0.054313099041533475,-0.036741214057507965,-0.07188498402555898,0.01757188498402562,2023H2
002491,2023-08-07,0,bull,none,pullback_holds,current_week,-0.036799999999999944,-0.05279999999999996,-0.019199999999999995,-0.07039999999999991,0.012799999999999923,2023H2
002491,2023-09-11,0,mid,none,two_day_acceleration,current_week,-0.025723472668810143,-0.02733118971061088,-0.01768488745980701,-0.06430868167202564,0.012861736334405238,2023H2
002491,2025-06-03,1,bull,none,pullback_holds,current_week,0.16141732283464583,0.10433070866141736,0.12401574803149606,-0.0019685039370078705,0.23228346456692917,2025H1
002491,2025-06-04,2,bull,none,two_day_acceleration,current_week,0.11259541984732824,0.06870229007633588,0.0725190839694656,0.0,0.19465648854961826,2025H1
002491,2025-06-26,3,bull,ma_bull,pullback_holds,current_week,0.029090909090909056,0.052727272727272734,-0.1072727272727273,-0.0036363636363635488,0.058181818181818334,2025H1
002491,2025-08-05,1,bull,none,two_day_acceleration,current_week,0.014141414141414232,0.13535353535353534,0.07070707070707072,-0.008080808080808133,0.21818181818181825,2025H2
002491,2025-08-06,2,bull,none,pullback_holds,current_week,0.005952380952380931,0.11507936507936511,0.045634920634920695,-0.025793650793650813,0.1964285714285714,2025H2
002491,2025-08-07,3,bull,none,pullback_holds,current_week,0.1160000000000001,0.10199999999999987,0.08200000000000007,-0.016000000000000014,0.20599999999999996,2025H2
002491,2025-08-08,4,bull,none,pullback_holds,current_week,0.16901408450704247,0.11468812877263579,0.12474849094567397,-0.004024144869215207,0.21327967806841053,2025H2
002491,2025-08-13,2,bull,none,two_day_acceleration,current_week,0.08704061895551263,0.08317214700193443,0.05802707930367501,-0.011605415860734936,0.16634429400386863,2025H2
002491,2025-08-28,3,bull,macd_cross,shrinking_volume_acceleration,current_week,-0.04247787610619469,0.06548672566371683,-0.024778761061946986,-0.09734513274336276,0.06548672566371683,2025H2
002491,2025-10-27,0,bull,none,pullback_holds,current_week,0.013307984790874583,0.020912547528517234,0.04372623574144496,-0.01520912547528519,0.02281368821292773,2025H2
002491,2025-10-29,2,bull,none,pullback_holds,current_week,0.013282732447817747,0.009487666034155628,0.07969639468690692,-0.017077798861480198,0.03795066413662229,2025H2
002491,2025-11-03,0,bull,none,two_day_acceleration,current_week,0.007504690431519689,0.024390243902439046,0.06378986866791747,-0.026266416510318913,0.028142589118199002,2025H2
002491,2025-11-04,1,bull,none,pullback_holds,current_week,0.040307101727447225,0.03454894433781175,0.09788867562380044,-0.0038387715930900956,0.051823416506717956,2025H2
002491,2025-11-07,4,bull,none,pullback_holds,current_week,0.0056285178236397115,0.0037523452157599557,0.07129455909943716,-0.04127579737335829,0.0825515947467168,2025H2
002491,2025-11-13,3,bull,none,pullback_holds,current_week,-0.018691588785046842,0.0523364485981308,0.09906542056074752,-0.04485981308411213,0.1065420560747663,2025H2
002491,2025-11-14,4,bull,none,pullback_holds,current_week,0.0018726591760300781,0.05243445692883908,0.07490636704119846,-0.04307116104868902,0.10861423220973787,2025H2
002491,2025-11-17,0,mid,none,two_day_acceleration,current_week,0.007339449541284404,0.04036697247706411,0.04587155963302747,-0.062385321100917435,0.0862385321100918,2025H2
002491,2025-11-18,1,mid,none,pullback_holds,current_week,0.035185185185184986,0.05925925925925912,0.04629629629629628,-0.0537037037037037,0.0962962962962961,2025H2
002491,2026-01-06,1,bull,ma_bull,two_day_acceleration,current_week,-0.021138211382113803,-0.04390243902439028,0.5040650406504064,-0.04878048780487798,0.04065040650406493,2026H1
002491,2026-01-08,3,bull,ma_bull,shrinking_volume_acceleration,current_week,-0.009836065573770592,-0.009836065573770592,0.47049180327868845,-0.05245901639344264,0.049180327868852514,2026H1
002491,2026-01-09,4,bull,ma_bull,pullback_holds,current_week,-0.02110389610389607,-0.0016233766233766378,0.5113636363636365,-0.06168831168831168,0.038961038961039085,2026H1
002491,2026-01-26,0,bull,ma_bull,two_day_acceleration,current_week,0.37799043062200965,0.5167464114832534,0.9505582137161084,-0.01594896331738449,0.5645933014354068,2026H1
002491,2026-04-13,0,mid,ma_bull,shrinking_volume_acceleration,current_week,0.14521679284239508,0.15760495526496898,0.6964900206469373,-0.055058499655884385,0.2525808671713694,2026H1
002491,2026-04-14,1,mid,ma_bull,two_day_acceleration,current_week,0.11517976031957389,0.10252996005326231,0.503994673768309,-0.08588548601864177,0.21171770972037285,2026H1
002491,2026-05-20,2,bull,ma_bull,two_day_acceleration,current_week,-0.1124111993313831,0.019222732971165835,0.19974926870037613,-0.138737985791893,0.10739657333890507,2026H1
300075,2023-03-15,2,mid,ma_bull,pullback_holds,current_week,0.03745157124408105,0.03271631510977202,0.1601377529057253,-0.02410675850193711,0.1480843736547568,2023H1
300075,2023-04-20,3,bull,ma_bull,shrinking_volume_acceleration,current_week,-0.203201568114995,-0.035609278013721046,-0.12904279647174122,-0.2286834367853643,0.05651747794838302,2023H1
300075,2023-05-10,2,mid,ma_bull,shrinking_volume_acceleration,current_week,-0.08747855917667235,-0.08096054888507731,-0.06072041166380804,-0.11835334476843917,0.004802744425385752,2023H1
300075,2023-07-05,2,mid,none,pullback_holds,current_week,-0.23662884927066452,-0.21029173419773084,-0.2078606158833063,-0.23987034035656396,0.02269043760129663,2023H2
300075,2023-08-03,3,bull,none,pullback_holds,current_week,0.015174506828528056,-0.002023267577137,0.025796661608497695,-0.04754678806272117,0.04451188669701578,2023H2
300075,2023-09-06,2,mid,none,shrinking_volume_acceleration,current_week,-0.021634615384615308,-0.07788461538461544,-0.06105769230769231,-0.0788461538461539,0.05192307692307674,2023H2
300075,2023-09-18,0,mid,none,pullback_holds,current_week,-0.039741679085941284,-0.012419274714356665,-0.15996025832091398,-0.07103825136612019,0.0009935419771487375,2023H2
300075,2025-05-12,0,bull,none,shrinking_volume_acceleration,current_week,-0.039696438995913574,-0.06654991243432573,-0.005253940455341444,-0.09106830122591936,0.0023350846468186415,2025H1
300075,2025-05-26,0,bull,none,shrinking_volume_acceleration,current_week,0.08764455264759596,0.03712720632988442,0.049300060864272854,-0.009738283627510613,0.15520389531345113,2025H1
300075,2025-06-17,1,bull,macd_stabilizing,pullback_holds,current_week,-0.00919540229885063,0.013218390804597524,0.027586206896551557,-0.07758620689655182,0.04022988505747116,2025H1
300075,2025-06-18,2,bull,macd_stabilizing,pullback_holds,current_week,0.0216121495327104,0.013434579439252303,0.035630841121495394,-0.0625,0.05724299065420557,2025H1
300075,2025-06-24,1,bull,macd_stabilizing,pullback_holds,current_week,0.022028985507246412,0.006376811594202891,0.01043478260869568,-0.02782608695652178,0.049275362318840665,2025H1
300075,2025-06-25,2,bull,macd_stabilizing,pullback_holds,current_week,-0.014764338444065772,-0.007950028392958552,-0.01873935264054505,-0.047700170357751315,0.027825099375355045,2025H1
300075,2025-09-22,0,mid,none,pullback_holds,current_week,-0.03015966883500898,-0.07332939089296275,-0.04494382022471921,-0.09402720283855703,0.011235955056179803,2025H2
300075,2025-09-25,3,bull,none,pullback_holds,current_week,-0.04231227651966629,-0.097139451728248,-0.025029797377830842,-0.10071513706793811,0.005959475566150063,2025H2
600976,2023-03-09,3,mid,ma_bull,two_day_acceleration,current_week,0.15857988165680492,0.04452662721893508,0.14792899408284055,-0.015532544378698221,0.1965976331360948,2023H1
600976,2023-07-25,1,mid,none,pullback_holds,current_week,-0.07599451303155014,-0.10754458161865577,-0.08367626886145418,-0.1297668038408779,0.0227709190672154,2023H2
600976,2023-07-26,2,mid,none,pullback_holds,current_week,-0.05265363128491629,-0.09539106145251408,-0.07960893854748607,-0.11396648044692737,0.04134078212290504,2023H2
600976,2023-07-27,3,mid,none,pullback_holds,current_week,-0.06613171001660212,-0.11151079136690656,-0.10044272274488109,-0.1223021582733812,0.03154399557277254,2023H2
600976,2023-07-28,4,bull,none,pullback_holds,current_week,-0.04967449759411258,-0.07387489385791113,-0.0952448344183413,-0.10217945089159342,0.004811774695726134,2023H2
600976,2023-09-11,0,mid,none,two_day_acceleration,current_week,0.021350078492935687,-0.005180533751962257,-0.025745682888540067,-0.044113029827315575,0.0342229199372055,2023H2
600976,2023-09-18,0,mid,none,pullback_holds,current_week,-0.02806748466257669,-0.019938650306748573,-0.12361963190184055,-0.06610429447852761,0.042944785276073594,2023H2
300382,2025-04-30,2,mid,none,two_day_acceleration,current_week,0.06151645207439205,0.10801144492131609,0.06723891273247484,-0.030042918454935563,0.1287553648068669,2025H1
300382,2025-05-08,3,bull,none,shrinking_volume_acceleration,current_week,-0.029054054054054035,0.01959459459459456,0.035135135135135,-0.041216216216216295,0.10878378378378373,2025H1
300382,2025-05-20,1,bull,ma_bull,two_day_acceleration,current_week,-0.0012698412698411987,-0.023492063492063453,0.0012698412698413097,-0.066031746031746,0.03809523809523818,2025H1
300382,2025-06-05,3,bull,none,pullback_holds,current_week,0.02715231788079464,0.0596026490066226,-0.015894039735099397,-0.023178807947019875,0.10000000000000009,2025H1
300382,2025-06-06,4,bull,none,pullback_holds,current_week,-0.007180156657963455,-0.023498694516971286,-0.04308093994778073,-0.03720626631853785,0.08420365535248031,2025H1
300382,2025-06-09,0,bull,ma_bull,pullback_holds,current_week,0.005821474773609392,-0.043984476067270406,-0.01681759379042691,-0.08990944372574383,0.0743855109961189,2025H1
300382,2025-06-25,2,bull,ma_bull,pullback_holds,current_week,-0.06874999999999998,-0.05437499999999995,0.050000000000000044,-0.09624999999999995,0.0,2025H1
300382,2025-07-01,1,bull,ma_bull,pullback_holds,current_week,-0.011206328279498967,0.04943968358602513,0.09558338826631507,-0.04680290046143698,0.07053394858272921,2025H2
300382,2025-07-08,1,bull,none,pullback_holds,current_week,0.05013192612137196,0.12401055408970962,0.04221635883905006,-0.01781002638522422,0.14643799472295504,2025H2
300382,2025-07-09,2,bull,none,pullback_holds,current_week,0.04855643044619429,0.10236220472440949,0.04593175853018372,-0.02296587926509186,0.1404199475065615,2025H2
300382,2025-07-10,3,bull,none,pullback_holds,current_week,0.1271637816245006,0.10852197070572567,0.03595206391478034,-0.0006657789613847553,0.15712383488681758,2025H2
300382,2025-08-11,0,bull,ma_bull,shrinking_volume_acceleration,current_week,0.016733601070950455,0.030120481927710996,0.08567603748326635,-0.032128514056224855,0.0689424364123159,2025H2
300382,2025-08-18,0,bull,ma_bull,pullback_holds,current_week,0.015171503957783772,-0.04155672823218992,0.03430079155672816,-0.09564643799472294,0.05343007915567277,2025H2
300382,2025-08-22,4,bull,ma_bull,shrinking_volume_acceleration,current_week,-0.06418485237483951,-0.0353016688061617,0.17073170731707332,-0.12002567394094987,0.00962772785622601,2025H2
300382,2025-09-29,0,bull,ma_bull,pullback_holds,current_week,-0.11309523809523814,-0.16547619047619055,-0.10059523809523818,-0.19285714285714284,0.0071428571428571175,2025H2
300382,2025-12-08,0,bull,none,pullback_holds,current_week,0.06395348837209291,0.007751937984496138,0.006459948320413522,-0.005813953488372103,0.12273901808785515,2025H2
300382,2025-12-09,1,mid,none,two_day_acceleration,current_week,0.0107936507936508,-0.019682539682539746,-0.012063492063491998,-0.025396825396825418,0.10349206349206352,2025H2
300382,2025-12-30,1,bull,none,pullback_holds,current_week,-0.005115089514066473,-0.03516624040920724,-0.07416879795396425,-0.04603580562659848,0.0997442455242965,2025H2
300382,2026-01-05,0,bull,ma_bull,pullback_holds,current_week,0.057667934093789563,0.013307984790874361,-0.12167300380228152,-0.05449936628643859,0.08998732572877044,2026H1
300382,2026-01-06,1,bull,ma_bull,pullback_holds,current_week,0.026582278481012578,-0.012025316455696156,-0.08291139240506329,-0.055696202531645644,0.08860759493670867,2026H1
300382,2026-01-07,2,bull,ma_bull,pullback_holds,current_week,0.008381689232753065,0.007736943907156846,-0.04900064474532562,-0.03803997421018701,0.10896196002578984,2026H1
300382,2026-01-09,4,bull,ma_bull,pullback_holds,current_week,-0.027232425585813846,0.03419886003799877,-0.11842938568714378,-0.055098163394553534,0.08929702343255208,2026H1
300382,2026-01-20,1,bull,macd_stabilizing,pullback_holds,current_week,0.001935483870967758,-0.06516129032258067,-0.09999999999999998,-0.10838709677419356,0.0903225806451613,2026H1
300382,2026-08-07,4,mid,none,two_day_acceleration,current_week,0.12421493370551295,0.22679692951849284,0.2149337055129099,-0.04396371249127695,0.23447313328681108,2026H2
300382,2026-08-18,1,bull,none,shrinking_volume_acceleration,current_week,0.06445783132530125,0.07048192771084327,-0.110843373493976,-0.0662650602409639,0.11686746987951802,2026H2
605599,2023-09-04,0,mid,none,shrinking_volume_acceleration,current_week,-0.01420029895366226,0.02690582959641241,0.05904334828101643,-0.03363228699551579,0.0680119581464873,2023H2
605599,2023-09-11,0,mid,none,two_day_acceleration,current_week,0.040909090909090784,0.05833333333333335,0.09696969696969693,-0.018939393939393923,0.08257575757575752,2023H2
605599,2023-09-14,3,mid,none,pullback_holds,current_week,0.018768768768768762,0.09159159159159169,0.06381381381381379,-0.012012012012012074,0.09834834834834849,2023H2
605599,2023-11-15,2,mid,none,pullback_holds,current_week,-0.01187824795842618,0.005939123979213035,0.034149962880475115,-0.023014105419450703,0.03340757238307335,2023H2
605599,2024-02-22,3,bull,none,shrinking_volume_acceleration,current_week,-0.032558139534883734,0.01705426356589146,0.0620155038759691,-0.054263565891472854,0.04031007751937987,2024H1
605599,2024-04-10,2,mid,none,shrinking_volume_acceleration,current_week,-0.03483870967741931,-0.09870967741935477,-0.021290322580645116,-0.11354838709677417,0.04258064516129023,2024H1
605599,2024-04-12,4,mid,none,shrinking_volume_acceleration,current_week,-0.02631578947368418,-0.08157894736842108,0.02499999999999991,-0.09671052631578947,0.023684210526315752,2024H1
605599,2024-06-04,1,mid,none,shrinking_volume_acceleration,current_week,-0.026011560693641522,-0.06430635838150278,-0.08887283236994226,-0.06936416184971095,0.009393063583815087,2024H1
605599,2025-07-03,3,bull,ma_bull,shrinking_volume_acceleration,current_week,-0.04916136495083856,-0.08039329091960667,-0.12319259687680739,-0.08328513591671483,0.004048582995951344,2025H2
605599,2025-08-05,1,bull,none,pullback_holds,current_week,0.01699346405228752,-0.01699346405228752,-0.050980392156862786,-0.025490196078431393,0.05294117647058805,2025H2
605599,2025-08-06,2,bull,none,pullback_holds,current_week,-0.0038910505836575737,-0.01037613488975353,-0.06355382619974059,-0.03307392996108949,0.04474708171206232,2025H2
605599,2025-08-07,3,bull,none,two_day_acceleration,current_week,-0.04842767295597483,-0.030188679245283012,-0.09182389937106927,-0.06226415094339621,0.013207547169811207,2025H2
605599,2025-08-20,2,bull,none,pullback_holds,current_week,-0.0091503267973857,-0.05620915032679741,-0.07385620915032687,-0.09281045751633987,0.03267973856209161,2025H2
605599,2025-08-21,3,bull,none,pullback_holds,current_week,-0.07272727272727264,-0.06233766233766236,-0.09480519480519489,-0.09870129870129862,0.025974025974025983,2025H2
605599,2025-08-22,4,bull,none,pullback_holds,current_week,-0.10058027079303666,-0.05544809800128947,-0.09413281753707281,-0.10509348807221142,0.01869761444229545,2025H2
605599,2025-09-05,4,bull,none,pullback_holds,current_week,-0.0034106412005457942,-0.04160982264665758,-0.008867667121418732,-0.054570259208731264,0.038881309686221055,2025H2
605599,2025-09-23,1,mid,none,pullback_holds,current_week,0.0035612535612534746,0.0826210826210827,0.024928774928774988,-0.019943019943020057,0.0826210826210827,2025H2
605599,2025-09-24,2,bull,none,pullback_holds,current_week,0.024011299435028333,0.0600282485875705,0.007062146892655274,-0.02824858757062154,0.10028248587570632,2025H2
605599,2025-09-30,1,bull,none,pullback_holds,current_week,0.06442577030812324,-0.0035014005602241882,0.02450980392156854,-0.025910364145658282,0.09103641456582623,2025H2
605599,2025-10-09,3,bull,none,two_day_acceleration,current_week,0.045993031358884995,-0.015331010452961591,0.01672473867595814,-0.030662020905923293,0.08571428571428585,2025H2
605599,2025-10-14,1,bull,none,two_day_acceleration,current_week,-0.02435723951285529,-0.03382949932341006,0.01150202976995951,-0.058863328822733485,0.054127198917455877,2025H2
605599,2025-10-15,2,bull,none,shrinking_volume_acceleration,current_week,-0.06381578947368427,-0.05328947368421055,-0.017105263157894846,-0.08486842105263159,0.02499999999999991,2025H2
605599,2025-11-06,3,bull,none,pullback_holds,current_week,0.025342465753424692,-0.002054794520547909,0.047260273972602906,-0.011643835616438336,0.03835616438356171,2025H2
605599,2025-11-07,4,bull,none,pullback_holds,current_week,0.026063100137174278,-0.008916323731138487,0.04869684499314131,-0.012345679012345623,0.03978052126200282,2025H2
605599,2025-12-19,4,mid,ma_bull,two_day_acceleration,current_week,-0.0012345679012345512,0.08703703703703702,0.14197530864197527,-0.025308641975308577,0.14197530864197527,2025H2
605599,2025-12-31,2,bull,ma_bull,two_day_acceleration,current_week,0.0535931790499391,0.07917174177831887,0.3105968331303286,-0.00791717417783211,0.12667478684531042,2025H2
605599,2026-01-09,4,bull,ma_bull,shrinking_volume_acceleration,current_week,0.0189764232317422,0.12133410005750433,0.6135710178263372,-0.017826336975273027,0.15008625646923512,2026H1
605599,2026-01-19,0,bull,ma_bull,shrinking_volume_acceleration,current_week,0.15111111111111097,0.20833333333333326,0.4099999999999999,-0.018888888888888844,0.2961111111111112,2026H1
605599,2026-01-20,1,bull,ma_bull,two_day_acceleration,current_week,0.06129032258064515,0.28655913978494607,0.33279569892473093,0.0,0.28655913978494607,2026H1
605599,2026-01-23,4,bull,ma_bull,two_day_acceleration,current_week,0.07977922729553444,0.4079277471149023,0.32513798294029095,-0.02308078273958858,0.42247867536377326,2026H1
605599,2026-01-30,4,bull,ma_bull,shrinking_volume_acceleration,current_week,0.38158542589857225,0.24667651403249646,0.204332840965042,0.0,0.3958641063515511,2026H1
605599,2026-04-08,2,mid,none,pullback_holds,current_week,0.010591350397175736,0.03045013239187999,-0.1954986760812003,-0.019417475728155442,0.045454545454545414,2026H1
605599,2026-04-09,3,mid,none,pullback_holds,current_week,-0.0017582417582416854,0.028131868131868076,-0.21890109890109888,-0.023296703296703303,0.04131868131868144,2026H1
605599,2026-04-10,4,mid,none,pullback_holds,current_week,0.011555555555555541,0.016000000000000014,-0.21466666666666656,-0.01244444444444448,0.052888888888888985,2026H1
605599,2026-04-13,0,mid,none,pullback_holds,current_week,0.026860413914574943,0.0022016732716865217,-0.2426243945398503,-0.018494055482166538,0.04315279612505507,2026H1
605599,2026-04-14,1,mid,none,two_day_acceleration,current_week,-0.03208104685521318,-0.014352047277332192,-0.2916842549598987,-0.05909666525960333,0.0,2026H1
605599,2026-04-16,3,mid,none,pullback_holds,current_week,0.03725055432372515,-0.14900221729490015,-0.26119733924611976,-0.1529933481152993,0.04656319290465638,2026H1
605599,2026-04-17,4,mid,none,pullback_holds,current_week,-0.0030527692978630228,-0.1408634976013956,-0.27562145660706494,-0.18403837767117304,0.02921936327954655,2026H1
605599,2026-04-20,0,bull,none,two_day_acceleration,current_week,-0.019810508182601105,-0.16925064599483208,-0.30189491817398784,-0.19422911283376387,0.015073212747631404,2026H1
605599,2026-04-21,1,bull,none,pullback_holds,current_week,0.017429193899782147,-0.1869281045751634,-0.29324618736383445,-0.1938997821350762,0.02701525054466236,2026H1
605599,2026-04-22,2,bull,none,shrinking_volume_acceleration,current_week,-0.10818837505303358,-0.22655918540517606,-0.31989817564700884,-0.23207467119219338,0.0,2026H1
605599,2026-04-28,1,bull,none,two_day_acceleration,current_week,-0.12681328965839966,-0.21478708469817498,-0.2508189050070192,-0.22040243331773512,0.029480580252690736,2026H1
605599,2026-05-06,2,bull,none,shrinking_volume_acceleration,current_week,-0.0961636828644501,-0.15038363171355507,-0.19181585677749358,-0.16214833759590797,0.01278772378516635,2026H1
605599,2026-06-02,1,mid,none,pullback_holds,current_week,-0.04764890282131673,-0.05078369905956115,-0.12100313479623837,-0.09905956112852665,0.0031347962382444194,2026H1
688365,2023-06-16,4,mid,none,shrinking_volume_acceleration,current_week,-0.12324929971988796,-0.20448179271708689,-0.25826330532212893,-0.23081232492997206,0.08683473389355756,2023H1
688365,2023-06-19,0,mid,ma_bull,shrinking_volume_acceleration,current_week,-0.19353099730458223,-0.2522911051212938,-0.2846361185983828,-0.2598382749326146,0.04582210242587603,2023H1
688365,2023-07-25,1,mid,none,two_day_acceleration,current_week,-0.032592592592592506,-0.009629629629629544,-0.0696296296296296,-0.06296296296296289,0.028888888888888964,2023H2
688365,2023-08-01,1,bull,none,pullback_holds,current_week,0.02452107279693494,-0.028352490421456045,-0.03984674329501914,-0.05593869731800771,0.06436781609195408,2023H2
688365,2023-08-02,2,bull,none,pullback_holds,current_week,0.021621621621621623,-0.0517374517374517,0.019305019305019266,-0.05637065637065641,0.07258687258687258,2023H2
688365,2025-03-24,0,mid,ma_bull,shrinking_volume_acceleration,current_week,-0.09850543478260876,-0.2900815217391304,-0.18885869565217395,-0.31657608695652173,0.0033967391304348116,2025H1
688365,2025-05-08,3,bull,none,shrinking_volume_acceleration,current_week,0.013097072419106404,-0.026964560862865916,-0.0030816640986133237,-0.056240369799691825,0.03081664098613257,2025H1
688365,2025-05-15,3,bull,none,two_day_acceleration,current_week,-0.028461538461538427,-0.05153846153846153,0.020000000000000018,-0.10769230769230775,0.013846153846153841,2025H1
688365,2025-05-16,4,bull,none,pullback_holds,current_week,-0.07751937984496127,-0.07054263565891472,0.06589147286821695,-0.10077519379844968,0.005426356589147252,2025H1
688365,2025-06-04,2,bull,none,two_day_acceleration,current_week,0.11759868421052633,0.125,0.20888157894736858,-0.010690789473684181,0.19078947368421062,2025H1
688365,2025-06-25,2,bull,none,two_day_acceleration,current_week,0.02941176470588225,0.01680672268907557,0.14145658263305316,-0.01540616246498605,0.0854341736694677,2025H1
688365,2025-07-17,3,bull,ma_bull,shrinking_volume_acceleration,current_week,-0.006785934608266486,0.06107341147439849,-0.009870450339296788,-0.03516347933374464,0.12646514497223937,2025H2
688365,2025-08-07,3,bull,ma_bull,two_day_acceleration,current_week,-0.1088284286507496,-0.08273181565796794,-0.16379789006107726,-0.12104386451971139,0.008328706274292053,2025H2
688365,2025-08-11,0,bull,ma_bull,shrinking_volume_acceleration,current_week,0.01850746268656711,0.0901492537313433,-0.07940298507462684,-0.054925373134328326,0.12716417910447753,2025H2
688365,2025-08-13,2,bull,ma_bull,shrinking_volume_acceleration,current_week,0.008454106280193274,0.0591787439613527,-0.08031400966183566,-0.04408212560386471,0.1473429951690821,2025H2
688365,2025-08-19,1,bull,ma_bull,pullback_holds,current_week,0.08189910979228476,-0.0379821958456974,-0.06587537091988138,-0.04451038575667654,0.12759643916913932,2025H2
688365,2025-08-20,2,bull,ma_bull,pullback_holds,current_week,0.045292014302741324,-0.0697258641239571,-0.07389749702026227,-0.07210965435041716,0.13230035756853398,2025H2
688365,2025-08-21,3,bull,ma_bull,pullback_holds,current_week,0.06151990349819059,-0.09167671893848017,-0.08323281061519905,-0.10916767189384813,0.14595898673100116,2025H2
688365,2025-11-17,0,mid,none,shrinking_volume_acceleration,current_week,0.445414847161572,0.36535662299854454,0.18122270742358082,-0.0065502183406113135,0.6732168850072782,2025H2
688365,2025-12-08,0,bull,none,two_day_acceleration,current_week,-0.07574031890660582,-0.12129840546697035,0.0028473804100228595,-0.13325740318906598,0.003416856492027387,2025H2
688365,2026-01-07,2,bull,ma_bull,shrinking_volume_acceleration,current_week,0.9453924914675766,0.4021615472127418,0.5136518771331056,-0.013083048919226403,0.9453924914675766,2026H1
688365,2026-03-09,0,mid,none,two_day_acceleration,current_week,-0.07302325581395352,-0.1953488372093023,-0.1846511627906976,-0.20418604651162797,0.034418604651162976,2026H1
688365,2026-03-10,1,bull,none,pullback_holds,current_week,-0.08926080892608101,-0.16085541608554166,-0.08554160855416082,-0.20455602045560217,0.005113900511390046,2026H1
688365,2026-04-10,4,mid,none,shrinking_volume_acceleration,current_week,0.061015118790496814,0.007019438444924475,0.1868250539956804,-0.019978401727861583,0.11231101511879049,2026H1
688365,2026-04-20,0,bull,none,two_day_acceleration,current_week,0.0014985014985016143,0.15434565434565428,0.00899100899100902,-0.0934065934065933,0.18881118881118897,2026H1
688365,2026-04-29,2,bull,none,pullback_holds,current_week,0.14701378254211317,0.10770801429300669,0.0898417559979583,-0.018376722817764146,0.22409392547217966,2026H1
688365,2026-05-11,0,bull,none,shrinking_volume_acceleration,current_week,-0.03125000000000011,-0.10669642857142858,-0.12142857142857155,-0.1267857142857144,0.0401785714285714,2026H1
688365,2026-06-02,1,mid,none,pullback_holds,current_week,-0.030582524271844824,-0.11019417475728155,-0.21553398058252426,-0.15000000000000002,0.0315533980582523,2026H1
603389,2023-03-21,1,mid,ma_bull,shrinking_volume_acceleration,current_week,-0.007042253521126751,-0.08978873239436613,-0.147887323943662,-0.09330985915492951,0.02992957746478897,2023H1
603389,2023-03-23,3,bull,ma_bull,pullback_holds,current_week,-0.05263157894736836,-0.1105263157894737,-0.1824561403508772,-0.1228070175438597,0.026315789473684292,2023H1
603389,2023-03-24,4,mid,ma_bull,pullback_holds,current_week,-0.059336823734729593,-0.1413612565445027,-0.1762652705061083,-0.14485165794066313,0.020942408376963373,2023H1
603389,2023-09-22,4,mid,ma_bull,pullback_holds,current_week,-0.013675213675213738,-0.03589743589743599,0.03760683760683747,-0.07692307692307698,0.011965811965811923,2023H2
603389,2023-11-10,4,mid,ma_bull,two_day_acceleration,current_week,0.004815409309791185,0.02728731942215079,-0.0032102728731943087,-0.025682182985553803,0.08828250401284099,2023H2
603389,2023-11-20,0,mid,ma_bull,two_day_acceleration,current_week,-0.006259780907668211,0.00782472613458518,0.06885758998435043,-0.029733959311424196,0.06103286384976525,2023H2
603389,2023-11-23,3,mid,ma_bull,shrinking_volume_acceleration,current_week,0.0,0.006269592476489061,0.24608150470219448,-0.028213166144200552,0.05485893416927912,2023H2
603389,2024-10-18,4,bull,ma_bull,shrinking_volume_acceleration,current_week,0.009762900976290068,-0.11576011157601118,0.025104602510460428,-0.11715481171548114,0.03765690376569042,2024H2
603389,2024-10-28,0,bull,ma_bull,pullback_holds,current_week,-0.10650069156293229,-0.048409405255878335,-0.11203319502074693,-0.15352697095435686,0.0013831258644536604,2024H2
603389,2024-11-12,1,bull,ma_bull,two_day_acceleration,current_week,-0.0901287553648068,-0.05722460658082984,0.4048640915593704,-0.16452074391988558,0.09155937052932761,2024H2
603389,2024-12-02,0,bull,none,two_day_acceleration,current_week,0.09312977099236641,0.49923664122137423,-0.03511450381679382,-0.0015267175572518665,0.49923664122137423,2024H2
603389,2025-02-07,4,mid,none,two_day_acceleration,current_week,0.011428571428571566,0.11809523809523803,0.12952380952380937,-0.007619047619047636,0.18095238095238098,2025H1
603389,2025-02-11,1,mid,none,pullback_holds,current_week,0.1298701298701299,0.1966604823747682,0.1001855287569573,-0.014842300556586085,0.1966604823747682,2025H1
603389,2025-02-13,3,bull,none,pullback_holds,current_week,0.07169117647058809,0.24816176470588225,0.06985294117647056,-0.023897058823529438,0.2904411764705883,2025H1
603389,2025-02-21,4,bull,none,shrinking_volume_acceleration,current_week,0.153448275862069,0.022413793103448265,-0.051724137931034475,-0.020689655172413834,0.21034482758620698,2025H1
603389,2025-05-21,2,bull,ma_bull,shrinking_volume_acceleration,current_week,0.1617647058823528,0.0490196078431373,0.5107843137254902,0.0,0.21666666666666656,2025H1
603389,2025-09-11,3,bull,ma_bull,pullback_holds,current_week,0.10931485758275605,0.2802155504234025,0.5715935334872979,-0.018475750577367167,0.28406466512702067,2025H2
603389,2025-09-12,4,bull,ma_bull,shrinking_volume_acceleration,current_week,0.1674382716049383,0.3472222222222221,0.4965277777777777,-0.008487654320987748,0.3472222222222221,2025H2
603389,2025-09-15,0,bull,ma_bull,two_day_acceleration,current_week,0.14942112879884228,0.3205499276410999,0.4735890014471782,-0.04811866859623726,0.326700434153401,2025H2
603389,2025-09-17,2,bull,ma_bull,shrinking_volume_acceleration,current_week,0.100971547536433,0.25988896599583633,0.4840388619014575,-0.007633587786259555,0.37925052047189456,2025H2
603389,2025-10-30,3,bull,ma_bull,shrinking_volume_acceleration,current_week,0.033818589025756074,0.06853303471444572,-0.08017917133258678,-0.049944008958566544,0.12026875699888029,2025H2
603389,2025-11-14,4,bull,ma_bull,shrinking_volume_acceleration,current_week,-0.10646230323115158,-0.15472245236122617,-0.27444076222038105,-0.1917978458989229,0.0,2025H2
603389,2026-01-05,0,bull,none,shrinking_volume_acceleration,current_week,-0.01861471861471864,0.03441558441558423,0.06060606060606055,-0.11212121212121207,0.07034632034632038,2026H1
603389,2026-01-06,1,bull,none,shrinking_volume_acceleration,current_week,-0.010250817884405627,0.07284623773173382,0.01526717557251911,-0.10534351145038168,0.07851690294438396,2026H1
603389,2026-01-13,1,bull,ma_bull,pullback_holds,current_week,0.09578970817554011,0.10937848073067502,-0.0541323234573402,-0.029405212742258824,0.15393183337046112,2026H1
603389,2026-01-15,3,bull,ma_bull,shrinking_volume_acceleration,current_week,0.08400260473192955,0.06576948122422399,-0.05643585847623189,-0.010201866724549591,0.1243759496418495,2026H1
603389,2026-04-16,3,mid,none,shrinking_volume_acceleration,current_week,0.03210077204388462,0.25599349857781384,0.2822023567655425,-0.005891913856156061,0.25599349857781384,2026H1
603389,2026-06-03,2,mid,ma_bull,pullback_holds,current_week,-0.0651192778852353,-0.059477756286266836,-0.06528046421663436,-0.07946486137975495,0.03320438426821393,2026H1
603389,2026-06-16,1,bull,none,pullback_holds,current_week,-0.02083333333333337,0.026666666666666616,-0.14849999999999997,-0.09450000000000003,0.04933333333333345,2026H1
603389,2026-07-01,2,bull,none,pullback_holds,current_week,0.033862433862433816,-0.08818342151675485,-0.21693121693121697,-0.09506172839506177,0.10881834215167552,2026H2
603389,2026-08-20,3,mid,none,pullback_holds,current_week,-0.07359863072314932,-0.029311082584510206,,-0.11168164313222073,0.013692768506632369,2026H2
603389,2026-08-21,4,mid,none,pullback_holds,current_week,-0.05954735223027896,-0.02944407822456596,,-0.08767303889255096,0.01076686442540109,2026H2
603389,2026-09-02,2,mid,none,pullback_holds,current_week,-0.013559322033898313,,,-0.06666666666666654,0.08293785310734458,2026H2
603595,2023-04-17,0,bull,none,pullback_holds,current_week,-0.13982371794871806,-0.1814903846153847,-0.22395833333333337,-0.20512820512820518,0.011418269230769162,2023H1
603595,2025-12-22,0,bull,none,pullback_holds,current_week,0.053048780487805036,0.03963414634146356,0.05121951219512222,-0.01585365853658527,0.07195121951219541,2025H2
603595,2025-12-24,2,bull,none,pullback_holds,current_week,0.029214850882532062,0.04321363359707853,0.0632988435788191,-0.003043213633597164,0.06999391357273299,2025H2
603595,2025-12-25,3,bull,none,pullback_holds,current_week,0.023465703971119245,0.053549939831528226,0.0306859205776171,-0.006016847172081952,0.057761732851985714,2025H2
603595,2025-12-26,4,bull,none,two_day_acceleration,current_week,0.007642563198118735,0.007054673721340166,0.004703115814226777,-0.015873015873015817,0.0335097001763669,2025H2
603595,2026-01-06,1,bull,none,two_day_acceleration,current_week,0.0017543859649120641,0.004678362573099282,-0.029824561403508865,-0.012280701754386003,0.02807017543859658,2026H1
603595,2026-01-09,4,bull,none,pullback_holds,current_week,0.01698886936145283,0.023432923257176164,-0.025190392501464487,-0.010544815465729385,0.02987697715289994,2026H1
603595,2026-01-16,4,bull,none,two_day_acceleration,current_week,0.008078476630120957,-0.023658395845354896,-0.035199076745528135,-0.034045008655510633,0.013271783035198936,2026H1
603595,2026-06-17,2,bull,ma_bull,shrinking_volume_acceleration,current_week,0.2765494744472634,0.292497281623777,-0.06306632837984771,-0.009423704240666853,0.3899963754983691,2026H1
603595,2026-08-14,4,mid,macd_stabilizing,shrinking_volume_acceleration,current_week,-0.013962264150943482,-0.006415094339622618,0.1758490566037736,-0.05547169811320751,0.062264150943396324,2026H2
603595,2026-08-18,1,bull,none,two_day_acceleration,current_week,-0.01220865704772478,0.017018128005919397,0.19866814650388442,-0.07399186089530152,0.030336662967073602,2026H2
603595,2026-08-26,2,mid,none,pullback_holds,current_week,0.204780876494024,0.19123505976095623,,0.0,0.2589641434262948,2026H2
603595,2026-08-28,4,mid,none,pullback_holds,current_week,0.14614499424626004,0.19524357499041045,,-0.018028385116992673,0.2313003452243958,2026H2
603595,2026-08-31,0,bull,none,pullback_holds,current_week,0.17331812998859752,0.1900418091980236,,0.0,0.22006841505131125,2026H2
301268,2025-10-27,0,bull,none,two_day_acceleration,current_week,-0.06580763920846755,-0.0809940174873448,-0.10216290842153697,-0.10492406810860566,0.01564657156005511,2025H2
301268,2025-11-11,1,bull,none,pullback_holds,current_week,0.0,-0.038954635108481184,-0.05226824457593704,-0.0631163708086786,0.05424063116370803,2025H2
301268,2025-11-12,2,bull,none,pullback_holds,current_week,0.004940711462450453,-0.0439723320158103,-0.06373517786561278,-0.06126482213438744,0.056324110671936545,2025H2
301268,2025-11-14,4,bull,none,pullback_holds,current_week,-0.09480705097665565,-0.03763696998570765,-0.10814673654121021,-0.09480705097665565,0.0,2025H2
301268,2025-12-08,0,bull,none,pullback_holds,current_week,-0.05128205128205132,-0.0738461538461539,-0.033333333333333215,-0.08769230769230774,0.003076923076922977,2025H2
301268,2025-12-25,3,bull,none,pullback_holds,current_week,-0.02369668246445511,0.033175355450236976,0.09847288046340164,-0.06055818852027395,0.04002106371774605,2025H2
301268,2025-12-26,4,bull,none,pullback_holds,current_week,0.016077170418006492,0.030546623794212246,0.10342979635584126,-0.04394426580921762,0.05841371918542326,2025H2
301268,2026-01-05,0,bull,none,pullback_holds,current_week,0.058252427184466216,0.056094929881337796,0.012405609492988079,-0.0026968716289103023,0.07011866235167208,2026H1
301268,2026-01-06,1,bull,none,two_day_acceleration,current_week,0.01370585134422786,0.04691618344754889,0.01265155508697946,-0.01897733263046908,0.05166051660516602,2026H1
301268,2026-01-07,2,bull,none,pullback_holds,current_week,0.02776294714361982,0.07314468766684468,0.08168713294180474,-0.006406833956219993,0.10250934329951966,2026H1
301268,2026-01-08,3,bull,none,pullback_holds,current_week,0.01475237091675452,0.06111696522655419,0.04899894625922019,-0.0021074815595363283,0.08798735511064293,2026H1
301268,2026-01-09,4,bull,none,two_day_acceleration,current_week,0.01598762248581731,0.052088705518308576,0.1640020629190304,-0.023207839092315607,0.06859205776173272,2026H1
301268,2026-01-16,4,bull,none,two_day_acceleration,current_week,0.04081632653061229,-0.015306122448979664,0.2250000000000001,-0.04183673469387761,0.1076530612244897,2026H1
301268,2026-01-26,0,bull,none,two_day_acceleration,current_week,-0.09976019184652285,0.13429256594724226,0.13429256594724226,-0.10263788968824938,0.17505995203836933,2026H1
301268,2026-05-08,4,bull,ma_bull,two_day_acceleration,current_week,-0.043624161073825496,-0.15813758389261745,-0.27139261744966436,-0.16946308724832215,0.01719798657718119,2026H1
301202,2025-02-06,3,mid,ma_bull,two_day_acceleration,current_week,0.07915702904137745,0.049858648162426134,0.2978668722693394,-0.004883063479825367,0.1151374967874581,2025H1
301202,2025-02-11,1,mid,ma_bull,two_day_acceleration,current_week,-0.018899521531100638,0.30430622009569364,0.19617224880382755,-0.0593301435406699,0.40717703349282286,2025H1
301202,2025-02-13,3,bull,ma_bull,shrinking_volume_acceleration,current_week,-0.003658536585365857,0.3134146341463415,0.18292682926829262,-0.0409756097560976,0.43463414634146336,2025H1
301202,2025-02-26,2,bull,ma_bull,shrinking_volume_acceleration,current_week,-0.12327272727272731,-0.08181818181818179,-0.19090909090909092,-0.1801818181818181,0.03745454545454541,2025H1
301202,2025-03-10,0,bull,ma_bull,shrinking_volume_acceleration,current_week,0.04476072607260706,-0.054455445544554504,-0.29558580858085814,-0.08828382838283833,0.0884900990099009,2025H1
301202,2025-03-12,2,bull,ma_bull,two_day_acceleration,current_week,0.014180147793089626,-0.11124425803874571,-0.2690233672857999,-0.12222887956860395,0.05012981825444385,2025H1
301202,2025-03-14,4,bull,ma_bull,pullback_holds,current_week,-0.04129190515126746,-0.10670482420278005,-0.2254701553556827,-0.1085445625511039,0.07481602616516758,2025H1
301202,2025-03-17,0,bull,ma_bull,two_day_acceleration,current_week,-0.090295693589998,-0.1367334788648541,-0.2500496130184561,-0.1545941655090296,0.04346100416749343,2025H1
301202,2025-03-20,3,bull,ma_bull,pullback_holds,current_week,-0.09897959183673477,-0.1428571428571429,-0.2342857142857142,-0.14877551020408164,0.006326530612244863,2025H1
301202,2025-04-02,2,mid,ma_bull,shrinking_volume_acceleration,current_week,-0.148242960204794,-0.14917384221549912,-0.022806609262275956,-0.28438445427042125,0.01629043518734008,2025H1
301202,2025-06-09,0,bull,none,pullback_holds,current_week,-0.057389162561576335,-0.05541871921182262,0.03325123152709364,-0.10098522167487689,0.0019704433497536034,2025H1
301202,2025-06-16,0,bull,none,shrinking_volume_acceleration,current_week,-0.004413291796469432,0.06697819314641729,0.10929387331256502,-0.05244029075804779,0.07217030114226386,2025H1
301202,2025-06-24,1,bull,none,two_day_acceleration,current_week,0.03123425692695192,0.07884130982367754,0.0869017632241813,-0.00906801007556679,0.09571788413098226,2025H1
301202,2025-06-27,4,bull,none,shrinking_volume_acceleration,current_week,0.017466174661746603,0.027060270602706105,0.05781057810578116,-0.0177121771217712,0.07011070110701101,2025H1
301202,2025-06-30,0,bull,none,two_day_acceleration,current_week,0.021675596687773968,0.04067218704335129,0.07111544081831478,-0.027520701412567017,0.05942523136872868,2025H1
301202,2025-07-08,1,bull,none,shrinking_volume_acceleration,current_week,0.015186915887850372,0.008177570093457875,0.08598130841121487,-0.03738317757009346,0.04322429906542036,2025H2
301202,2025-07-10,3,bull,none,shrinking_volume_acceleration,current_week,0.03880738286796026,0.01443445338381455,0.08518693800283961,-0.025082820634169334,0.05655466161855194,2025H2
301202,2025-07-11,4,bull,none,pullback_holds,current_week,0.04796163069544357,0.031175059952038398,0.13381294964028778,-0.0023980815347721673,0.07074340527577916,2025H2
301202,2025-07-17,3,bull,none,shrinking_volume_acceleration,current_week,-0.020785746916400227,0.02055733211512112,0.12585655550479657,-0.026952946550936496,0.07080858839652815,2025H2
301202,2025-07-28,0,bull,macd_cross,two_day_acceleration,current_week,0.05638322255328898,0.09534723813889512,0.24455649782259914,-0.010314004125601683,0.10703644281457714,2025H2
301202,2025-07-30,2,bull,macd_cross,two_day_acceleration,current_week,0.02992957746478897,0.14194542253521125,0.15625,-0.034330985915492884,0.20532570422535223,2025H2
301202,2025-08-01,4,bull,macd_cross,shrinking_volume_acceleration,current_week,0.06678700361010836,0.1509476534296028,0.1164259927797835,-0.006768953068592043,0.2357851985559567,2025H2
301202,2025-08-15,4,bull,ma_bull,shrinking_volume_acceleration,current_week,-0.008540372670807539,-0.0395962732919255,-0.11510093167701863,-0.06812888198757772,0.09666149068322971,2025H2
301202,2025-08-20,2,bull,ma_bull,shrinking_volume_acceleration,current_week,-0.006617508035545505,-0.16978634902628087,-0.1117413499716392,-0.1703535640007563,0.06825486859519758,2025H2
301202,2025-08-28,3,bull,ma_bull,shrinking_volume_acceleration,current_week,-0.1651785714285715,-0.12402950310559002,-0.07123447204968947,-0.18148291925465843,0.0027173913043478937,2025H2
301202,2025-09-18,3,mid,ma_bull,pullback_holds,current_week,0.010346283783783772,-0.07052364864864857,-0.09966216216216217,-0.07939189189189189,0.04307432432432434,2025H2
301202,2025-10-22,2,bull,none,pullback_holds,current_week,-0.0004778972520909086,-0.014336917562724039,-0.04707287933094384,-0.03894862604540028,0.03703703703703698,2025H2
301202,2025-11-07,4,bull,none,two_day_acceleration,current_week,-0.018930430667297604,-0.10601041173686698,-0.07832465688594403,-0.10790345480359664,0.008282063416942709,2025H2
301202,2025-12-01,0,mid,none,two_day_acceleration,current_week,-0.005031446540880391,-0.051320754716981165,0.023144654088050443,-0.055597484276729614,0.01610062893081765,2025H2
301202,2025-12-08,0,bull,none,pullback_holds,current_week,-0.04652338811630852,0.03135271807838169,0.03792667509481662,-0.07079646017699126,0.05183312262958273,2025H2
301202,2025-12-09,1,mid,none,pullback_holds,current_week,-0.05119714722363722,0.05450840550178304,0.05094243504839535,-0.06393275598573611,0.06851757514009171,2025H2
301202,2025-12-19,4,mid,none,pullback_holds,current_week,0.05841482243952667,0.05301080802882141,0.09778692743180661,-0.00488934637159022,0.10627895007720034,2025H2
301202,2025-12-25,3,bull,none,shrinking_volume_acceleration,current_week,-0.029334605294538463,0.03362747436203195,0.01645599809205822,-0.04364416885284994,0.0364893870736942,2025H2
300818,2024-04-17,2,bull,ma_bull,two_day_acceleration,current_week,-0.023429951690821182,-0.29154589371980666,-0.30362318840579705,-0.3458937198067632,0.011594202898550732,2024H1
300818,2025-12-22,0,bull,ma_bull,pullback_holds,current_week,0.03900200745626625,0.09779179810725558,0.19156868368224855,-0.04416403785488954,0.12360195010037289,2025H2
300818,2026-01-19,0,bull,ma_bull,shrinking_volume_acceleration,current_week,0.25945273631840804,0.1450248756218906,0.1032338308457712,-0.06194029850746274,0.4912935323383085,2026H1
300818,2026-04-09,3,mid,none,pullback_holds,current_week,-0.03756512201809703,-0.0405812996983822,-0.1401151631477927,-0.07183986838497392,0.04661365505895265,2026H1
300818,2026-05-08,4,bull,none,two_day_acceleration,current_week,0.033373063170440975,-0.2491060786650775,-0.3072109654350418,-0.265792610250298,0.0831346841477949,2026H1
600789,2024-01-02,1,mid,none,pullback_holds,current_week,-0.029288702928870314,-0.05578800557880048,-0.15620641562064153,-0.0683403068340307,0.015341701534170138,2024H1
600789,2024-01-03,2,mid,none,pullback_holds,current_week,-0.032394366197183166,-0.07183098591549308,-0.17464788732394365,-0.07183098591549308,0.012676056338028152,2024H1
600789,2024-01-04,3,mid,none,pullback_holds,current_week,-0.02664796633941091,-0.08976157082748948,-0.1893408134642356,-0.11220196353436185,0.008415147265077305,2024H1
600789,2024-02-20,1,bull,none,pullback_holds,current_week,0.05025125628140725,0.03852596314907886,0.07705192629815749,-0.011725293132328174,0.07202680067001688,2024H1
600789,2024-02-21,2,bull,none,pullback_holds,current_week,0.011744966442952975,0.03523489932885915,0.0889261744966443,-0.001677852348993203,0.0738255033557047,2024H1
600789,2024-02-22,3,bull,none,shrinking_volume_acceleration,current_week,0.021523178807947074,0.009933774834437248,0.07615894039735105,-0.01490066225165565,0.0596026490066226,2024H1
600789,2024-02-23,4,bull,none,two_day_acceleration,current_week,0.014729950900163713,0.0,0.04582651391162029,-0.026186579378068786,0.04746317512274967,2024H1
600789,2024-02-27,1,bull,none,shrinking_volume_acceleration,current_week,-0.011164274322169154,0.01594896331738438,-0.01594896331738449,-0.05103668261562999,0.020733652312599604,2024H1
600789,2024-02-29,3,bull,none,shrinking_volume_acceleration,current_week,-0.008130081300812941,0.026016260162601723,-0.001626016260162566,-0.014634146341463428,0.05040650406504055,2024H1
600789,2024-03-12,1,bull,none,two_day_acceleration,current_week,0.012598425196850283,-0.02834645669291347,-0.047244094488189115,-0.04409448818897643,0.029921259842519587,2024H1
600789,2024-03-15,4,bull,none,shrinking_volume_acceleration,current_week,-0.0015624999999999112,-0.03593750000000007,-0.10468749999999993,-0.05312499999999998,0.021874999999999867,2024H1
600789,2024-03-18,0,bull,none,two_day_acceleration,current_week,-0.04031007751937976,-0.024806201550387597,-0.08062015503875974,-0.0604651162790697,0.013953488372093092,2024H1
600789,2024-03-20,2,bull,none,shrinking_volume_acceleration,current_week,-0.06298003072196612,-0.041474654377880116,-0.09062980030721968,-0.06912442396313356,0.004608294930875667,2024H1
600789,2024-10-28,0,bull,ma_bull,two_day_acceleration,current_week,0.04895104895104896,0.12354312354312369,-0.0034965034965034336,-0.05011655011655003,0.1515151515151516,2024H2
600789,2024-11-07,3,bull,ma_bull,shrinking_volume_acceleration,current_week,-0.02826086956521756,-0.02826086956521756,-0.010869565217391464,-0.0902173913043478,0.15217391304347805,2024H2
600789,2024-12-02,0,bull,ma_bull,pullback_holds,current_week,0.022547914317925466,-0.016910935738444266,0.112739571589628,-0.022547914317925688,0.04284103720405841,2024H2
600789,2024-12-04,2,bull,ma_bull,pullback_holds,current_week,0.004449388209121219,-0.05339265850945496,0.06896551724137923,-0.05784204671857618,0.028921023359288034,2024H2
600789,2024-12-05,3,bull,ma_bull,two_day_acceleration,current_week,0.002197802197802412,-0.060439560439560336,0.16153846153846163,-0.08021978021978005,0.016483516483516425,2024H2
600789,2025-02-12,2,bull,none,shrinking_volume_acceleration,current_week,-0.04499999999999993,-0.04499999999999993,-0.052999999999999936,-0.07200000000000006,0.010999999999999899,2025H1
600789,2025-03-10,0,bull,ma_bull,two_day_acceleration,current_week,0.011714589989350266,0.03301384451544198,0.07880724174653886,-0.017039403620873306,0.059637912673056404,2025H1
600789,2025-03-12,2,bull,ma_bull,pullback_holds,current_week,0.025396825396825307,0.15026455026455032,0.06349206349206349,-0.023280423280423346,0.15026455026455032,2025H1
600789,2025-03-14,4,bull,ma_bull,pullback_holds,current_week,-0.01675392670157072,0.09738219895287958,0.0732984293193717,-0.01884816753926699,0.20523560209424074,2025H1
600789,2025-03-19,2,bull,ma_bull,two_day_acceleration,current_week,0.1252587991718428,0.1542443064182195,0.008281573498964745,-0.03002070393374734,0.1966873706004142,2025H1
600789,2025-04-03,3,mid,ma_bull,shrinking_volume_acceleration,current_week,-0.08547794117647056,-0.08731617647058831,-0.04871323529411775,-0.16176470588235292,0.011029411764705843,2025H1
600789,2025-04-22,1,mid,ma_bull,two_day_acceleration,current_week,-0.012770137524557912,-0.004911591355599154,0.0609037328094304,-0.03241650294695486,0.05992141453831046,2025H1
600789,2025-04-23,2,mid,ma_bull,pullback_holds,current_week,-0.01783944499504453,0.0069375619425173785,0.03964321110009905,-0.02378592666005952,0.06937561942517356,2025H1
600789,2025-04-25,4,mid,ma_bull,pullback_holds,current_week,0.009756097560975618,0.011707317073170742,0.009756097560975618,-0.039024390243902474,0.03219512195121954,2025H1
600789,2025-05-09,4,bull,ma_bull,pullback_holds,current_week,0.07058823529411762,0.05882352941176472,0.08823529411764697,-0.018627450980392313,0.11862745098039196,2025H1
600789,2025-05-15,3,bull,ma_bull,two_day_acceleration,current_week,0.029439696106362767,-0.003798670465337106,0.008547008547008739,-0.024691358024691357,0.083570750237417,2025H1
600789,2025-06-11,2,bull,ma_bull,shrinking_volume_acceleration,current_week,-0.07336956521739135,-0.08152173913043481,-0.07608695652173914,-0.11141304347826086,0.005434782608695565,2025H1
600789,2025-06-12,3,bull,ma_bull,pullback_holds,current_week,-0.09809264305177112,-0.08719346049046317,-0.07447774750227065,-0.10899182561307896,0.0,2025H1
600789,2025-06-30,0,bull,none,pullback_holds,current_week,0.029940119760479167,0.038922155688622784,0.08882235528942117,-0.003992015968063756,0.052894211576846484,2025H1
600789,2025-07-01,1,bull,none,two_day_acceleration,current_week,0.0087890625,-0.01953124999999989,0.0478515625,-0.02832031249999989,0.0302734375,2025H2
600789,2025-07-02,2,bull,none,pullback_holds,current_week,0.009900990099010132,0.02871287128712874,0.04851485148514856,-0.014851485148514754,0.044554455445544594,2025H2
600789,2025-07-03,3,bull,none,pullback_holds,current_week,0.001966568338249708,0.014749262536873253,0.032448377581120846,-0.02163225172074723,0.03736479842674534,2025H2
600789,2025-07-04,4,bull,none,pullback_holds,current_week,0.002912621359223211,0.0,0.022330097087378542,-0.03398058252427183,0.024271844660194164,2025H2
600789,2025-07-31,3,bull,none,pullback_holds,current_week,-0.022966507177033524,-0.030622009569377995,-0.03732057416267953,-0.03157894736842104,0.024880382775119614,2025H2
600789,2025-08-01,4,bull,none,pullback_holds,current_week,-0.02011494252873558,-0.02011494252873558,-0.04214559386973171,-0.031609195402298895,0.014367816091954033,2025H2
600789,2025-08-18,0,bull,none,pullback_holds,current_week,0.011684518013632017,-0.025316455696202556,-0.04186952288218104,-0.03700097370983435,0.0165530671859786,2025H2
600789,2025-08-19,1,bull,none,pullback_holds,current_week,0.006815968841285436,-0.036027263875365034,-0.04186952288218104,-0.04089581304771173,0.0165530671859786,2025H2
600789,2025-08-20,2,bull,none,pullback_holds,current_week,-0.020289855072463725,-0.05603864734299513,-0.05120772946859897,-0.05797101449275355,0.008695652173912993,2025H2
600789,2025-08-21,3,bull,none,pullback_holds,current_week,-0.023300970873786464,-0.03495145631067975,-0.019417475728155442,-0.05631067961165048,0.013592233009708687,2025H2
600789,2025-08-22,4,bull,macd_stabilizing,pullback_holds,current_week,-0.036608863198458685,-0.041425818882466214,-0.044315992292870976,-0.06358381502890176,0.0019267822736031004,2025H2
600789,2025-08-25,0,bull,none,pullback_holds,current_week,-0.035645472061657135,-0.045279383429672526,-0.032755298651252374,-0.06358381502890176,0.0009633911368014392,2025H2
600789,2025-09-19,4,mid,none,pullback_holds,current_week,-0.015045135406218657,-0.013039117352056206,0.01805416248746239,-0.032096288866599876,0.015045135406218657,2025H2
600789,2025-09-22,0,mid,none,pullback_holds,current_week,-0.027027027027026973,-0.006006006006006093,0.0030030030030030463,-0.034034034034034044,0.0010010010010010895,2025H2
600789,2025-10-09,3,bull,none,pullback_holds,current_week,0.014388489208633226,0.04933196300102782,0.04830421377183969,-0.008221993833504637,0.10483042137718401,2025H2
600789,2025-10-10,4,bull,none,pullback_holds,current_week,0.02883625128733258,0.04222451081359435,0.07106076210092693,-0.006179196704428458,0.1071060762100926,2025H2
600789,2025-10-14,1,bull,none,pullback_holds,current_week,0.043303121852970694,0.009063444108761365,0.0745216515609266,-0.010070493454179208,0.08257804632427002,2025H2
600789,2025-10-21,1,bull,none,two_day_acceleration,current_week,-0.022439024390243922,-0.01073170731707307,0.012682926829268304,-0.039024390243902474,0.04878048780487809,2025H2
600789,2025-10-24,4,bull,none,pullback_holds,current_week,-0.01183431952662728,0.02564102564102555,-0.07790927021696259,-0.02859960552268248,0.0335305719921104,2025H2
600789,2025-11-03,0,bull,none,two_day_acceleration,current_week,0.04158415841584162,0.044554455445544594,-0.0207920792079207,-0.004950495049504844,0.07821782178217829,2025H2
600789,2025-11-04,1,bull,none,pullback_holds,current_week,0.058531746031746046,0.029761904761904878,-0.02777777777777768,-0.001984126984126977,0.08035714285714302,2025H2
600789,2025-11-05,2,bull,none,pullback_holds,current_week,0.04244817374136223,0.000987166831194486,-0.02073050345508398,-0.0049358341559724295,0.07502467917077982,2025H2
600789,2025-11-06,3,bull,none,two_day_acceleration,current_week,0.034313725490195957,-0.018627450980392313,-0.0372549019607844,-0.020588235294117685,0.0676470588235294,2025H2
600789,2025-11-07,4,bull,none,two_day_acceleration,current_week,0.016129032258064502,-0.11290322580645173,-0.07400379506641375,-0.11290322580645173,0.03320683111954459,2025H2
600789,2025-11-11,1,bull,macd_cross,shrinking_volume_acceleration,current_week,-0.03081232492997199,-0.07096171802054152,-0.11111111111111127,-0.12978524743230635,0.01680672268907557,2025H2
600789,2025-11-14,4,bull,macd_cross,two_day_acceleration,current_week,-0.1342592592592593,-0.09074074074074079,-0.13333333333333341,-0.13703703703703707,0.002777777777777768,2025H2
300402,2025-06-17,1,bull,ma_bull,two_day_acceleration,current_week,-0.028633171258779067,0.06212857914640724,0.04646137223122637,-0.08535926526202064,0.0896812533765532,2025H1
300402,2025-07-21,0,bull,ma_bull,two_day_acceleration,current_week,-0.015082956259426905,-0.02966314731020614,0.02362996480643531,-0.05681246857717437,0.03821015585721477,2025H2
300402,2025-07-22,1,bull,ma_bull,pullback_holds,current_week,-0.031515757878939565,-0.03501750875437737,0.010505252626312966,-0.06153076538269131,0.033016508254127164,2025H2
300402,2025-08-06,2,bull,ma_bull,pullback_holds,current_week,0.02139582272032614,0.029037187977585255,-0.08558329088130412,-0.025471217524197676,0.0596026490066226,2025H2
300402,2025-08-07,3,bull,ma_bull,pullback_holds,current_week,0.010427528675703845,0.03597497393117832,-0.07090719499478626,-0.002606882168926017,0.08446298227320126,2025H2
300402,2025-08-08,4,bull,ma_bull,pullback_holds,current_week,0.021365294424179337,0.040125065138092664,-0.05419489317352788,-0.0031266284523190357,0.08389786347055761,2025H2
300402,2025-08-11,0,bull,ma_bull,two_day_acceleration,current_week,0.03455284552845517,0.024390243902439046,-0.06605691056910568,-0.018292682926829285,0.05691056910569103,2025H2
300402,2025-08-15,4,bull,ma_bull,pullback_holds,current_week,0.005541561712846255,-0.06599496221662482,-0.07153652392947107,-0.08866498740554163,0.04785894206549113,2025H2
300402,2025-08-21,3,bull,ma_bull,pullback_holds,current_week,-0.053400503778337605,-0.10226700251889176,-0.09068010075566757,-0.11586901763224189,0.024181360201511293,2025H2
300402,2025-08-22,4,bull,ma_bull,pullback_holds,current_week,-0.08126858275520321,-0.10059464816650132,-0.10356788899900893,-0.13032705649157572,0.007433102081268794,2025H2
300402,2025-09-15,0,bull,none,pullback_holds,current_week,-0.028108108108108043,-0.03243243243243232,-0.025405405405405368,-0.06918918918918926,0.018378378378378413,2025H2
300402,2025-09-16,1,bull,none,pullback_holds,current_week,-0.054242749731471585,-0.02685284640171859,-0.02148227712137496,-0.07518796992481214,0.00859291084854985,2025H2
300402,2025-09-30,1,bull,none,pullback_holds,current_week,0.005420054200542035,-0.012466124661246636,0.4482384823848238,-0.05040650406504066,0.034146341463414664,2025H2
300402,2025-10-09,3,bull,none,two_day_acceleration,current_week,-0.01829924650161463,-0.010226049515608238,0.40742734122712587,-0.057050592034445735,0.026910656620021456,2025H2
300402,2025-10-29,2,bull,none,shrinking_volume_acceleration,current_week,0.4443243243243242,0.33783783783783794,0.12270270270270278,-0.017837837837837767,0.5594594594594595,2025H2
300402,2025-11-07,4,bull,macd_cross,shrinking_volume_acceleration,current_week,-0.06833268254588054,-0.19406481843030066,-0.17766497461928932,-0.19562670831706352,0.06520890277235458,2025H2
300402,2026-01-05,0,bull,none,two_day_acceleration,current_week,0.09082568807339442,0.061926605504587284,-0.031192660550458662,-0.003669724770642313,0.09541284403669725,2026H1
300402,2026-01-08,3,bull,none,two_day_acceleration,current_week,-0.03433476394849788,0.030042918454935563,-0.052789699570815474,-0.05150214592274671,0.03733905579399144,2026H1
300402,2026-01-12,0,bull,ma_bull,shrinking_volume_acceleration,current_week,-0.01781926177344073,0.03988120492151048,-0.054730589732711055,-0.06236741620704278,0.07594399660585482,2026H1
300402,2026-02-25,2,bull,ma_bull,pullback_holds,current_week,-0.023245614035087736,-0.02149122807017556,-0.16052631578947374,-0.051315789473684315,0.1578947368421053,2026H1
300402,2026-02-26,3,bull,ma_bull,two_day_acceleration,current_week,-0.020530367835756902,-0.08554319931565446,-0.1984602224123181,-0.09580838323353291,0.12917023096663827,2026H1
300402,2026-04-09,3,mid,none,pullback_holds,current_week,0.019535374868004052,-0.015839493136219684,-0.0005279831045407191,-0.019007391763463555,0.03326293558606119,2026H1
300402,2026-04-10,4,mid,none,pullback_holds,current_week,0.011603375527426074,-0.021624472573839704,0.021097046413502074,-0.03639240506329122,0.03217299578059074,2026H1
300402,2026-04-13,0,mid,none,pullback_holds,current_week,0.012532637075717945,-0.03080939947780692,-0.020365535248041855,-0.06840731070496098,0.02193211488250646,2026H1
300402,2026-04-14,1,mid,none,two_day_acceleration,current_week,-0.02611367127496167,-0.07373271889400923,-0.05069124423963145,-0.08653353814644138,0.0020481310803890374,2026H1
300402,2026-04-15,2,mid,none,pullback_holds,current_week,-0.007820646506777829,-0.04379562043795615,-0.04796663190823769,-0.06986444212721588,0.015119916579770631,2026H1
300402,2026-04-16,3,mid,none,shrinking_volume_acceleration,current_week,-0.031688311688311654,-0.044675324675324646,-0.05142857142857138,-0.07324675324675323,0.011428571428571344,2026H1
300402,2026-04-27,0,bull,none,two_day_acceleration,current_week,0.031113537117903878,0.02401746724890841,-0.09989082969432306,-0.019104803493449896,0.05949781659388642,2026H1
300402,2026-05-06,2,bull,none,pullback_holds,current_week,0.03529411764705892,-0.06042780748663101,-0.11711229946524049,-0.0652406417112299,0.03796791443850278,2026H1
300402,2026-05-07,3,bull,none,pullback_holds,current_week,0.0032085561497328108,-0.09679144385026728,-0.1336898395721925,-0.09732620320855612,0.03796791443850278,2026H1
300402,2026-05-08,4,bull,none,two_day_acceleration,current_week,-0.0383817427385893,-0.10321576763485485,-0.10840248962655596,-0.1296680497925311,0.006742738589211594,2026H1
002324,2023-03-06,0,bull,none,pullback_holds,current_week,-0.06112469437652812,-0.1295843520782396,-0.09841075794621024,-0.15647921760391192,0.004889975550122383,2023H1
002324,2023-04-18,1,bull,none,two_day_acceleration,current_week,-0.16321243523316065,-0.09715025906735753,-0.07059585492227982,-0.1774611398963729,0.0,2023H1
002324,2025-08-12,1,bull,ma_bull,shrinking_volume_acceleration,current_week,0.06480783722682748,0.05953278070836476,0.07083647324792786,-0.0015071590052749828,0.09871891484551631,2025H2
002324,2025-08-27,2,bull,ma_bull,two_day_acceleration,current_week,-0.06105263157894736,-0.002105263157894721,0.03649122807017546,-0.09333333333333338,0.05964912280701751,2025H2
002324,2025-09-17,2,bull,ma_bull,shrinking_volume_acceleration,current_week,-0.0006765899864683567,-0.018267929634641522,-0.11231393775372123,-0.0493910690121786,0.025033829499323312,2025H2
002324,2025-09-18,3,mid,ma_bull,pullback_holds,current_week,0.0055172413793103114,-0.0193103448275862,-0.08758620689655172,-0.03103448275862064,0.04482758620689653,2025H2
002324,2025-10-27,0,bull,none,two_day_acceleration,current_week,-0.025166543301258337,-0.021465581051073213,-0.07772020725388595,-0.07475943745373792,0.02664692820133241,2025H2
002324,2025-10-29,2,bull,none,pullback_holds,current_week,-0.04705882352941171,0.03308823529411775,-0.08749999999999991,-0.0808823529411764,0.0389705882352942,2025H2
002324,2025-11-11,1,bull,none,pullback_holds,current_week,0.038432554634514116,-0.038432554634513894,-0.05501130369253948,-0.08289374529012805,0.107008289374529,2025H2
002324,2025-12-01,0,mid,none,two_day_acceleration,current_week,-0.019319938176197815,-0.04482225656877903,0.19165378670788247,-0.04791344667697062,0.006955177743431351,2025H2
002324,2025-12-19,4,mid,none,pullback_holds,current_week,0.17539682539682544,0.5357142857142858,0.4714285714285713,-0.0007936507936507908,0.5357142857142858,2025H2
002324,2025-12-23,1,bull,none,two_day_acceleration,current_week,0.1561806069578091,0.7335307179866768,0.40858623242042946,0.0,0.7335307179866768,2025H2
002324,2025-12-31,2,bull,macd_cross,shrinking_volume_acceleration,current_week,0.3652694610778444,0.12934131736526955,0.08083832335329344,-0.013173652694610682,0.5365269461077844,2025H2
002324,2026-02-09,0,bull,ma_bull,two_day_acceleration,current_week,-0.007190265486725855,-0.07853982300884965,-0.1200221238938054,-0.08241150442477885,0.02157079646017679,2026H1
002324,2026-02-10,1,bull,ma_bull,pullback_holds,current_week,0.019988895058300926,-0.08273181565796794,-0.1088284286507496,-0.08772903942254318,0.02554136590782874,2026H1
002324,2026-03-10,1,bull,none,pullback_holds,current_week,-0.07714617169373561,-0.15835266821345717,-0.10092807424593975,-0.18097447795823673,0.02552204176334083,2026H1
002324,2026-03-11,2,bull,none,pullback_holds,current_week,-0.0722543352601156,-0.14046242774566475,-0.11734104046242777,-0.18381502890173407,0.009248554913294793,2026H1
002324,2026-04-09,3,mid,none,pullback_holds,current_week,0.007792207792207684,0.09285714285714297,-0.0012987012987012436,-0.016883116883116833,0.14935064935064934,2026H1
002324,2026-04-10,4,mid,none,pullback_holds,current_week,0.03077930582842181,0.07531106745252147,0.0019646365422396617,-0.008513425016371867,0.1591355599214146,2026H1
002324,2026-04-16,3,mid,none,shrinking_volume_acceleration,current_week,0.09143968871595343,-0.051232166018158165,-0.060311284046692615,-0.06225680933852129,0.14785992217898825,2026H1
002324,2026-04-22,2,bull,none,shrinking_volume_acceleration,current_week,-0.13151796060254928,-0.08690614136732333,-0.22305909617612985,-0.1622247972190035,0.009269988412514474,2026H1
002324,2026-05-08,4,bull,none,pullback_holds,current_week,-0.10187499999999994,-0.15000000000000002,-0.23687499999999995,-0.166875,0.012499999999999956,2026H1
605337,2025-07-01,1,bull,none,two_day_acceleration,current_week,-0.006206361520558534,-0.03646237393328167,0.006206361520558534,-0.04344453064391007,0.016291698991466097,2025H2
605337,2025-07-10,3,bull,none,pullback_holds,current_week,-0.006249999999999978,0.015625,0.013281249999999911,-0.03671875000000002,0.021874999999999867,2025H2
605337,2025-07-17,3,bull,none,pullback_holds,current_week,0.025236593059936974,0.02208201892744488,-0.0023659305993690705,-0.008675078864353258,0.052050473186119994,2025H2
605337,2025-07-22,1,bull,none,pullback_holds,current_week,0.009338521400778177,-0.0015564202334630295,0.09338521400778221,-0.01634241245136181,0.038132295719844445,2025H2
605337,2025-07-23,2,bull,none,pullback_holds,current_week,0.017857142857142794,-0.00776397515527949,0.0854037267080745,-0.018633540372670843,0.03571428571428559,2025H2
605337,2025-07-24,3,bull,none,two_day_acceleration,current_week,-0.003076923076922977,-0.002307692307692233,0.04615384615384621,-0.027692307692307683,0.026153846153846194,2025H2
605337,2025-07-25,4,bull,none,pullback_holds,current_week,0.002340093603744098,-0.0007800312012480326,0.05304212168486733,-0.01404056162246492,0.040561622464898583,2025H2
605337,2025-07-31,3,bull,none,pullback_holds,current_week,0.008553654743390426,-0.016329704510108844,0.13530326594090214,-0.01710730948678063,0.013996889580093486,2025H2
605337,2025-08-01,4,bull,none,pullback_holds,current_week,-0.001558846453624252,-0.009353078721745844,0.10132501948558081,-0.02260327357755254,0.01636788776305531,2025H2
605337,2025-08-11,0,bull,none,pullback_holds,current_week,-0.006998444790046632,0.0738724727838258,0.04976671850699854,-0.02488335925349916,0.18584758942457236,2025H2
605337,2025-08-13,2,bull,none,pullback_holds,current_week,0.08963367108339826,0.10522213561964144,0.09586905689789549,-0.02260327357755254,0.18862042088854247,2025H2
605337,2025-08-18,0,bull,none,pullback_holds,current_week,0.07638347622759167,0.1145752143413874,0.059236165237724014,-0.004676539360872978,0.18862042088854247,2025H2
605337,2025-09-11,3,bull,none,pullback_holds,current_week,-0.05579399141630892,-0.11516452074391981,-0.12088698140200282,-0.12017167381974247,0.006437768240343367,2025H2
605337,2025-09-12,4,bull,none,pullback_holds,current_week,-0.0313868613138687,-0.0948905109489051,-0.10072992700729932,-0.1021897810218978,0.005839416058394109,2025H2
605337,2025-10-15,2,bull,none,pullback_holds,current_week,-0.034375000000000044,-0.04843750000000002,0.02890624999999991,-0.05703124999999998,0.010156249999999867,2025H2
605337,2025-10-27,0,bull,none,pullback_holds,current_week,0.001612903225806317,0.04274193548387095,-0.04516129032258065,-0.02741935483870972,0.04758064516129035,2025H2
605337,2025-10-28,1,bull,none,pullback_holds,current_week,0.0016246953696181787,0.0820471161657188,-0.03249390739236391,-0.020308692120227456,0.12347684809098292,2025H2
605337,2025-11-03,0,bull,none,pullback_holds,current_week,0.04358353510895885,0.03712671509281673,-0.014527845036319542,-0.012913640032284124,0.11622276029055678,2025H2
605337,2025-11-04,1,bull,none,pullback_holds,current_week,0.0794165316045381,0.02998379254457051,0.004862236628849326,-0.0032414910858994395,0.12074554294975681,2025H2
605337,2025-11-05,2,bull,none,pullback_holds,current_week,0.05783132530120483,0.010441767068273045,-0.008835341365461935,-0.005622489959839383,0.11084337349397577,2025H2
605337,2025-11-06,3,bull,none,pullback_holds,current_week,0.05604483586869491,-0.012810248198558805,-0.04243394715772608,-0.015212169735788539,0.10728582866293035,2025H2
605337,2025-11-07,4,bull,none,two_day_acceleration,current_week,0.0277777777777779,-0.058730158730158744,-0.04047619047619044,-0.059523809523809534,0.09761904761904772,2025H2
605337,2025-11-10,0,bull,none,two_day_acceleration,current_week,-0.047442550037064546,-0.1223128243143069,-0.1074870274277242,-0.13120830244625648,0.025203854707190443,2025H2
605337,2025-11-11,1,bull,none,two_day_acceleration,current_week,-0.05712166172106825,-0.11646884272997038,-0.08976261127596441,-0.13056379821958453,0.008902077151335286,2025H2
605337,2025-11-13,3,bull,none,shrinking_volume_acceleration,current_week,-0.060929169840061026,-0.09520182787509524,-0.10738766184310744,-0.10738766184310744,0.013709063214013772,2025H2
688552,2025-05-16,4,bull,ma_bull,shrinking_volume_acceleration,current_week,-0.06138888888888894,-0.11111111111111116,0.07111111111111112,-0.11472222222222217,0.04444444444444451,2025H1
688552,2025-06-04,2,bull,ma_bull,pullback_holds,current_week,0.07413010590015134,0.24387291981845705,0.14432677760968238,-0.016036308623297857,0.30105900151285936,2025H1
688552,2025-06-05,3,bull,ma_bull,two_day_acceleration,current_week,0.014842840512223399,0.12543655413271249,0.11175785797438897,-0.029103608847497076,0.2514551804423748,2025H1
688552,2025-06-06,4,bull,ma_bull,pullback_holds,current_week,0.20441176470588251,0.06029411764705905,0.1047058823529412,-0.01764705882352946,0.2647058823529411,2025H1
688552,2025-07-03,3,bull,ma_bull,shrinking_volume_acceleration,current_week,-0.04894179894179895,-0.010846560846560993,0.01058201058201047,-0.08571428571428574,0.030423280423280463,2025H2
688552,2025-07-04,4,bull,ma_bull,pullback_holds,current_week,-0.031741797812749994,0.04721259002400635,-0.014403841024273167,-0.07815417444651906,0.07735396105628167,2025H2
688552,2025-07-29,1,bull,ma_bull,two_day_acceleration,current_week,0.003838280450358278,0.003070624360286711,0.15148413510747183,-0.07164790174002045,0.11745138178096215,2025H2
688552,2025-08-18,0,bull,ma_bull,two_day_acceleration,current_week,0.16445888527868058,0.10497375656085994,-0.11647088227943003,-0.04398900274931261,0.24918770307423155,2025H2
688552,2025-08-19,1,bull,ma_bull,pullback_holds,current_week,0.15384615384615374,0.05769230769230771,-0.09256410256410252,-0.019230769230769273,0.28153846153846174,2025H2
688552,2025-08-20,2,bull,ma_bull,pullback_holds,current_week,0.12799381921194963,-0.07983517898532044,-0.07932011331444755,-0.08601596703579695,0.28714911151171796,2025H2
688552,2025-08-21,3,bull,ma_bull,pullback_holds,current_week,0.11276268580215265,-0.1560738083034342,-0.1076371091747822,-0.1629933367503844,0.28088159917990785,2025H2
688552,2025-10-13,0,bull,ma_bull,shrinking_volume_acceleration,current_week,-0.09108204518430452,-0.09964328180737225,-0.1334126040428063,-0.151961950059453,0.0344827586206895,2025H2
688552,2025-11-10,0,bull,none,two_day_acceleration,current_week,0.006860592755214112,-0.03485181119648728,-0.03759604829857288,-0.11333699231613603,0.07821075740944017,2025H2
688552,2025-12-01,0,mid,none,two_day_acceleration,current_week,0.020960698689956203,0.04163027656477447,0.05240174672489073,-0.03813682678311503,0.07307132459970878,2025H2
688552,2025-12-29,0,bull,none,shrinking_volume_acceleration,current_week,0.04108828428650746,0.15546918378678498,0.22487506940588542,-0.013325930038867395,0.36923931149361455,2025H2
688552,2025-12-31,2,bull,none,shrinking_volume_acceleration,current_week,0.1922464152947423,0.22411046202867757,0.12108337758895371,-0.036112586298459926,0.32607541157727016,2025H2
688552,2026-04-16,3,mid,ma_bull,shrinking_volume_acceleration,current_week,-0.008811519449817395,-0.13862024500322379,-0.218353750268644,-0.17386632280249303,0.15602836879432624,2026H1
600461,2023-09-11,0,mid,ma_bull,two_day_acceleration,current_week,0.008000000000000007,0.004571428571428671,0.010285714285714231,-0.010285714285714231,0.03542857142857159,2023H2
600461,2023-09-19,1,mid,ma_bull,shrinking_volume_acceleration,current_week,-0.008988764044943864,-0.020224719101123556,-0.030337078651685334,-0.028089887640449396,0.011235955056179803,2023H2
600461,2023-11-09,3,mid,ma_bull,pullback_holds,current_week,0.020930232558139528,0.010465116279069653,0.032558139534883956,-0.013953488372092981,0.03837209302325584,2023H2
600461,2023-12-29,4,mid,ma_bull,pullback_holds,current_week,0.04961411245865488,0.01764057331863289,-0.00330760749724357,-0.004410143329658278,0.08930540242557883,2023H2
600461,2024-01-02,1,mid,ma_bull,two_day_acceleration,current_week,0.027867095391211016,-0.019292604501607635,-0.045016077170418,-0.023579849946409492,0.05894962486602373,2024H1
600461,2024-01-04,3,mid,ma_bull,two_day_acceleration,current_week,-0.03615702479338845,-0.08367768595041314,-0.10847107438016523,-0.09400826446280997,0.02066115702479343,2024H1
600461,2024-01-26,4,mid,ma_bull,two_day_acceleration,current_week,-0.04371584699453557,0.016393442622950838,0.008743169398907069,-0.08852459016393444,0.02076502732240426,2024H1
600461,2024-02-07,2,mid,none,pullback_holds,current_week,0.10971428571428588,0.04228571428571448,0.0514285714285716,-0.01828571428571435,0.11428571428571432,2024H1
600461,2024-02-19,0,mid,macd_stabilizing,two_day_acceleration,current_week,-0.018378378378378413,-0.00216216216216214,0.020540540540540553,-0.036756756756756714,0.054054054054053946,2024H1
600461,2024-02-22,3,bull,macd_cross,shrinking_volume_acceleration,current_week,-0.057851239669421406,-0.024793388429752095,-0.008264462809917328,-0.07954545454545447,0.005165289256198413,2024H1
600461,2024-03-05,1,bull,macd_stabilizing,pullback_holds,current_week,0.01074113856068748,0.011815252416756072,0.03866809881847466,-0.018259935553168627,0.03222341568206222,2024H1
600461,2024-03-11,0,bull,ma_bull,two_day_acceleration,current_week,-0.013584117032392928,0.007314524555903867,0.03343782654127492,-0.04493207941483801,0.028213166144200663,2024H1
600461,2024-03-19,1,bull,ma_bull,pullback_holds,current_week,0.047008547008547064,0.033119658119658224,0.11217948717948723,0.0,0.05448717948717974,2024H1
600461,2024-03-22,4,bull,ma_bull,two_day_acceleration,current_week,0.02083333333333348,0.019791666666666874,0.08333333333333348,-0.009375000000000022,0.04687500000000022,2024H1
600461,2024-03-26,1,mid,ma_bull,shrinking_volume_acceleration,current_week,-0.006166495375128478,0.04419321685508737,0.07091469681397733,-0.022610483042137752,0.04624871531346342,2024H1
600461,2024-03-29,4,mid,ma_bull,shrinking_volume_acceleration,current_week,-0.004069175991861518,0.0528992878942014,0.03865717192268581,-0.03255340793489325,0.07731434384537139,2024H1
600461,2024-04-08,0,mid,ma_bull,two_day_acceleration,current_week,0.048289738430583595,0.05835010060362178,0.06438631790744465,-0.024144869215291576,0.09356136820925576,2024H1
600461,2024-04-09,1,mid,ma_bull,pullback_holds,current_week,0.05397148676171071,0.05906313645621175,0.07230142566191433,-0.012219959266802416,0.10692464358452147,2024H1
600461,2024-04-10,2,mid,ma_bull,shrinking_volume_acceleration,current_week,0.0820512820512822,0.07282051282051283,0.14974358974358992,-0.005128205128204999,0.114871794871795,2024H1
600461,2024-04-11,3,mid,ma_bull,two_day_acceleration,current_week,0.026627218934911268,0.027613412228796763,0.12524654832347126,-0.00591715976331364,0.07199211045364895,2024H1
600461,2024-04-15,0,bull,ma_bull,two_day_acceleration,current_week,0.014464802314368308,-0.017357762777242214,0.0713596914175505,-0.034715525554484206,0.04821600771456125,2024H1
600461,2024-04-17,2,bull,ma_bull,shrinking_volume_acceleration,current_week,-0.007590132827324458,0.013282732447817747,0.06261859582542706,-0.05028462998102479,0.03130929791271342,2024H1
600461,2024-05-10,4,bull,ma_bull,pullback_holds,current_week,0.03249767873723308,0.03621169916434552,0.10306406685236791,-0.01207056638811499,0.07520891364902504,2024H1
600461,2024-05-17,4,bull,ma_bull,shrinking_volume_acceleration,current_week,0.0026954177897573484,0.016172506738544534,0.08086253369272245,-0.02336028751123087,0.05031446540880502,2024H1
600461,2024-05-29,2,mid,ma_bull,two_day_acceleration,current_week,-0.024850042844901332,0.041131105398457546,-0.005141388174807249,-0.036846615252784876,0.06598114824335899,2024H1
600461,2024-05-31,4,mid,ma_bull,pullback_holds,current_week,0.046696035242290934,0.05991189427312782,0.06167400881057272,-0.007929515418502175,0.09603524229074889,2024H1
600461,2024-09-25,2,bull,none,pullback_holds,current_week,-0.02350427350427342,0.03846153846153855,0.010683760683760868,-0.028846153846153855,0.17841880341880345,2024H2
600461,2024-09-26,3,bull,none,pullback_holds,current_week,0.0032017075773744796,0.01387406616862319,0.008537886872998834,-0.026680896478121663,0.17716115261472765,2024H2
600461,2024-09-27,4,bull,none,shrinking_volume_acceleration,current_week,-0.04153686396677059,-0.005192107995846351,-0.0020768431983386737,-0.052959501557632405,0.14537902388369672,2024H2
600461,2024-10-29,1,bull,none,pullback_holds,current_week,0.008324661810613865,0.007284079084287187,-0.024973985431841705,-0.027055150884495283,0.042663891779396446,2024H2
600461,2026-05-11,0,bull,ma_bull,pullback_holds,current_week,0.009803921568627416,0.007843137254901711,-0.07058823529411773,0.0,0.034313725490195957,2026H1
600461,2026-05-14,3,bull,ma_bull,pullback_holds,current_week,-0.010628019323671412,-0.01256038647342983,-0.09565217391304348,-0.022222222222222143,0.019323671497584627,2026H1
600461,2026-05-15,4,bull,ma_bull,pullback_holds,current_week,0.008729388942773975,0.01745877788554795,-0.08050436469447142,-0.018428709990300662,0.023278370514064006,2026H1
600461,2026-08-11,1,mid,none,pullback_holds,current_week,-0.021040974529346612,-0.011074197120708673,-0.011074197120708673,-0.027685492801771905,0.0,2026H2
600461,2026-08-26,2,mid,none,pullback_holds,current_week,-0.0033482142857144126,0.0,,-0.02343750000000011,0.010044642857142794,2026H2
300120,2023-09-18,0,mid,none,pullback_holds,current_week,-0.02170963364993217,0.013568521031207537,-0.06648575305291726,-0.04070556309362272,0.02170963364993228,2023H2
300120,2023-09-22,4,mid,none,two_day_acceleration,current_week,0.013661202185792254,0.008196721311475308,-0.010928961748633892,-0.03415300546448086,0.03415300546448097,2023H2
300120,2024-12-05,3,bull,ma_bull,pullback_holds,current_week,0.05635062611806796,-0.05098389982110918,-0.23971377459749554,-0.07871198568872984,0.0948121645796065,2024H2
300120,2024-12-06,4,bull,ma_bull,two_day_acceleration,current_week,-0.02564102564102566,-0.052991452991453025,-0.28205128205128205,-0.11965811965811968,0.04615384615384599,2024H2
300120,2025-02-06,3,mid,none,two_day_acceleration,current_week,0.010752688172043001,0.052688172043010795,0.037634408602150504,-0.041935483870967794,0.05591397849462365,2025H1
300120,2025-02-12,2,bull,none,shrinking_volume_acceleration,current_week,-0.03749999999999998,0.01041666666666674,0.03229166666666683,-0.07187499999999991,0.038541666666666696,2025H1
300120,2025-02-24,0,bull,none,shrinking_volume_acceleration,current_week,-0.03340292275574119,0.04070981210855962,-0.03131524008350739,-0.05323590814196244,0.09498956158663874,2025H1
300120,2025-04-21,0,mid,none,two_day_acceleration,current_week,-0.039141414141414144,0.04040404040404044,0.046717171717171935,-0.05429292929292928,0.046717171717171935,2025H1
300120,2025-04-30,2,mid,none,two_day_acceleration,current_week,0.030264817150063017,0.049180327868852514,0.0050441361916770955,-0.020176544766708715,0.09205548549810838,2025H1
300120,2025-09-04,3,mid,ma_bull,two_day_acceleration,current_week,-0.022482893450635477,-0.04203323558162264,-0.05180840664711628,-0.1300097751710655,0.0058651026392961825,2025H2
300120,2025-10-15,2,bull,ma_bull,shrinking_volume_acceleration,current_week,0.07269155206286837,-0.026522593320235766,-0.08055009823182713,-0.047151277013752324,0.21021611001964646,2025H2
300120,2025-10-17,4,mid,ma_bull,two_day_acceleration,current_week,-0.06896551724137923,-0.11724137931034473,-0.1827586206896551,-0.15603448275862053,0.0620689655172415,2025H2
300120,2025-11-18,1,mid,none,pullback_holds,current_week,-0.06131078224101483,-0.022198731501057223,-0.12367864693446085,-0.08985200845665975,0.009513742071881603,2025H2
300120,2026-01-05,0,bull,none,pullback_holds,current_week,0.06220657276995323,0.07629107981220651,-0.008215962441314617,-0.0023474178403755097,0.11267605633802824,2026H1
300120,2026-01-06,1,bull,none,two_day_acceleration,current_week,0.009205983889528202,0.04372842347525907,-0.014959723820483162,-0.016110471806674243,0.09090909090909105,2026H1
300120,2026-01-09,4,bull,none,two_day_acceleration,current_week,0.06029579067121715,0.04891922639362911,-0.059158134243458615,-0.004550625711035372,0.0784982935153582,2026H1
300120,2026-01-12,0,bull,none,two_day_acceleration,current_week,0.013259668508287303,-0.0022099447513813653,-0.06298342541436464,-0.03204419889502774,0.04751381215469608,2026H1
002592,2024-03-15,4,bull,none,shrinking_volume_acceleration,current_week,0.08963093145869938,0.10193321616871698,-0.17750439367311077,-0.01405975395430581,0.1423550087873462,2024H1
002592,2025-06-11,2,bull,ma_bull,shrinking_volume_acceleration,current_week,-0.07012195121951215,-0.07469512195121952,0.0,-0.11890243902439024,0.03506097560975596,2025H1
002592,2025-07-02,2,bull,ma_bull,shrinking_volume_acceleration,current_week,-0.009063444108761254,-0.015105740181268867,0.08912386706948627,-0.04078549848942592,0.013595166163141936,2025H2
002592,2025-07-15,1,bull,ma_bull,pullback_holds,current_week,-0.0260736196319018,0.10276073619631898,0.10889570552147232,-0.03834355828220859,0.12883435582822078,2025H2
002592,2025-07-16,2,bull,ma_bull,pullback_holds,current_week,-0.03215926493108723,0.10413476263399679,0.10872894333843797,-0.039816232771822335,0.1470137825421134,2025H2
002592,2025-07-30,2,bull,ma_bull,shrinking_volume_acceleration,current_week,0.025034770514603677,0.006954102920723182,0.008344923504867818,-0.033379694019471495,0.07510431154381081,2025H2
002592,2025-08-26,1,bull,ma_bull,shrinking_volume_acceleration,current_week,-0.08859060402684571,-0.05637583892617448,-0.1033557046979866,-0.11275167785234896,0.00805369127516764,2025H2
002592,2025-09-11,3,bull,ma_bull,pullback_holds,current_week,-0.04874651810584951,-0.07242339832869071,0.03621169916434552,-0.09610027855153191,0.012534818941504211,2025H2
002592,2025-09-12,4,bull,ma_bull,pullback_holds,current_week,-0.04360056258790446,-0.053445850914205284,0.09845288326300983,-0.08720112517580869,0.00843881856540074,2025H2
002592,2025-09-29,0,bull,none,pullback_holds,current_week,-0.030791788856304958,0.1568914956011731,0.20087976539589425,-0.04398826979472137,0.18914956011730188,2025H2
002592,2025-09-30,1,bull,none,pullback_holds,current_week,-0.00589101620029453,0.14432989690721665,0.22827687776141392,-0.03976435935198819,0.19440353460972015,2025H2
002592,2025-10-23,3,bull,ma_bull,two_day_acceleration,current_week,0.006369426751592355,0.031847133757961776,-0.07770700636942673,-0.03821656050955424,0.08917197452229297,2025H2
002592,2025-11-07,4,bull,ma_bull,pullback_holds,current_week,-0.006451612903225823,-0.0941935483870967,-0.0903225806451613,-0.10967741935483866,0.00903225806451613,2025H2
002592,2025-12-22,0,bull,none,pullback_holds,current_week,0.17360114777618363,0.3802008608321379,0.4203730272596844,-0.00717360114777621,0.3802008608321379,2025H2
002592,2026-02-03,1,mid,ma_bull,pullback_holds,current_week,-0.06835205992509352,-0.04307116104868902,-0.03838951310861427,-0.09082397003745313,0.02059925093632975,2026H1
002592,2026-05-07,3,bull,none,pullback_holds,current_week,-0.043749999999999956,-0.08499999999999996,-0.13749999999999996,-0.08750000000000002,0.03750000000000009,2026H1
002592,2026-05-08,4,bull,none,two_day_acceleration,current_week,-0.0767356881851402,-0.09500609013398309,-0.14859926918392208,-0.11449451887941542,0.0,2026H1
603757,2023-03-01,2,bull,ma_bull,pullback_holds,current_week,-0.05865522174535054,-0.06866952789699576,-0.0829756795422032,-0.09048640915593709,0.06473533619456351,2023H1
603757,2023-03-20,0,mid,ma_bull,two_day_acceleration,current_week,-0.010077519379845024,0.01782945736434116,0.06976744186046524,-0.02984496124031011,0.03217054263565888,2023H1
603757,2023-03-21,1,mid,ma_bull,pullback_holds,current_week,-0.018497109826589586,-0.009633911368015391,0.07283236994219666,-0.03545279383429667,0.026204238921001988,2023H1
603757,2023-03-22,2,mid,ma_bull,pullback_holds,current_week,-0.0023346303501945442,0.00038910505836575737,0.15914396887159543,-0.026070038910505744,0.03618677042801566,2023H1
603757,2023-03-23,3,bull,ma_bull,pullback_holds,current_week,0.0011714174150723178,0.04841858648965247,0.1585318235064428,-0.019523623584537297,0.04841858648965247,2023H1
603757,2023-03-24,4,mid,ma_bull,pullback_holds,current_week,0.03754940711462451,0.01976284584980248,0.25810276679841904,-0.007509881422924969,0.06284584980237162,2023H1
603757,2023-03-27,0,mid,none,pullback_holds,current_week,0.022187621642662414,0.028804982483456643,0.12923316465550805,-0.022576878162709257,0.04671078240560522,2023H1
603757,2023-05-22,0,mid,ma_bull,pullback_holds,current_week,-0.017649017649017718,-0.06793206793206785,-0.03163503163503156,-0.0875790875790875,0.01798201798201804,2023H1
603757,2023-06-13,1,mid,none,pullback_holds,current_week,0.06637649619151254,0.07109176641276749,0.051505259339862164,-0.02502720348204579,0.08306129851287625,2023H1
603757,2023-06-16,4,mid,none,pullback_holds,current_week,0.02280701754385972,0.03508771929824572,-0.04210526315789476,-0.0059649122807017285,0.05894736842105264,2023H1
603757,2025-06-06,4,bull,ma_bull,pullback_holds,current_week,-0.057044079515989665,-0.05877268798617108,-0.03370786516853941,-0.07778738115816775,0.00907519446845284,2025H1
603757,2025-07-08,1,bull,macd_stabilizing,two_day_acceleration,current_week,0.002586206896551868,0.02586206896551735,0.20818965517241383,-0.0344827586206895,0.026293103448275845,2025H2
603757,2025-07-09,2,bull,macd_stabilizing,pullback_holds,current_week,0.034375000000000044,0.05401785714285712,0.23035714285714293,0.0,0.06696428571428581,2025H2
603757,2025-07-10,3,bull,macd_stabilizing,pullback_holds,current_week,0.03309796999117398,0.05030891438658425,0.2709620476610768,-0.01103265666372466,0.054721977052074156,2025H2
603757,2025-07-11,4,bull,macd_stabilizing,pullback_holds,current_week,0.01979762428508569,0.03431588209414871,0.2872855257369116,-0.009238891333040122,0.05147382314122306,2025H2
603757,2025-07-15,1,bull,none,two_day_acceleration,current_week,0.023215821152192673,0.011177987962166736,0.5223559759243337,-0.013327601031814407,0.040412725709372266,2025H2
603757,2025-07-25,4,bull,ma_bull,pullback_holds,current_week,0.12292641429179074,0.2445767758400681,1.1310080816673755,-0.008932369204593837,0.3007230965546577,2025H2
603757,2025-07-30,2,bull,ma_bull,pullback_holds,current_week,0.16730199068191465,0.6497246929267262,1.4252435408725117,-0.0025412960609910717,0.6497246929267262,2025H2
603757,2025-08-04,0,bull,ma_bull,shrinking_volume_acceleration,current_week,0.2038145100972324,0.9390426327599102,0.9783096484667164,0.0,0.9390426327599102,2025H2
603757,2025-09-12,4,bull,ma_bull,pullback_holds,current_week,0.05030425963488838,-0.03995943204868169,-0.159634888438134,-0.05030425963488849,0.18864097363083165,2025H2
603757,2025-09-22,0,mid,ma_bull,shrinking_volume_acceleration,current_week,-0.08260704812428954,-0.16862447896930655,-0.20102311481621826,-0.19458128078817738,0.06100795755968158,2025H2
603757,2025-09-25,3,bull,ma_bull,pullback_holds,current_week,-0.12329556366429806,-0.20222777030919914,-0.19108891876320344,-0.20357211446130208,0.0,2025H2
603757,2025-12-23,1,bull,none,two_day_acceleration,current_week,-0.014565126924677596,-0.02372034956304625,-0.12089055347482314,-0.08010819808572622,0.06117353308364537,2025H2
603757,2025-12-25,3,bull,none,shrinking_volume_acceleration,current_week,-0.05973223480947487,-0.0961894953656025,-0.14418125643666324,-0.0976313079299691,0.008856848609680723,2025H2
603757,2026-01-05,0,bull,none,shrinking_volume_acceleration,current_week,-0.038773274917853096,-0.04315443592552026,-0.1303395399780941,-0.08499452354874026,0.07294633077765611,2026H1
603757,2026-01-08,3,bull,none,pullback_holds,current_week,-0.054824561403508776,-0.07346491228070173,-0.13026315789473675,-0.1116228070175439,0.03026315789473699,2026H1
603757,2026-02-09,0,bull,none,pullback_holds,current_week,0.07251432843259398,0.09120358833790165,0.1034139048093694,0.0,0.1848990779965114,2026H1
603757,2026-02-10,1,bull,none,pullback_holds,current_week,0.10471721412694501,0.06421338602123994,0.2030130896517659,-0.004198567547542664,0.17436404050382825,2026H1
603757,2026-02-24,1,bull,none,shrinking_volume_acceleration,current_week,0.01742565055762091,0.0018587360594795044,0.011384758364312297,-0.0992100371747211,0.10478624535316006,2026H1
603757,2026-03-02,0,bull,none,shrinking_volume_acceleration,current_week,-0.1428571428571428,0.03582153582153591,-0.04397254397254391,-0.16838266838266824,0.11325611325611318,2026H1
603757,2026-04-15,2,mid,ma_bull,two_day_acceleration,current_week,-0.061713286713286686,-0.1048951048951049,0.06293706293706292,-0.18059440559440565,0.0695804195804195,2026H1
603757,2026-05-13,2,bull,ma_bull,shrinking_volume_acceleration,current_week,0.0923127463863338,-0.1294349540078844,-0.20909986859395535,-0.13748357424441526,0.10972404730617602,2026H1
002688,2023-05-04,3,bull,none,pullback_holds,current_week,-0.017509727626459082,-0.009727626459143934,-0.03112840466926059,-0.035019455252918275,0.0,2023H1
002688,2023-05-15,0,mid,none,shrinking_volume_acceleration,current_week,0.011811023622047223,0.013779527559055094,-0.10039370078740151,-0.015748031496062964,0.025590551181102317,2023H1
002688,2023-05-18,3,mid,none,pullback_holds,current_week,0.01380670611439827,-0.017751479289940808,-0.10059171597633132,-0.0335305719921104,0.027613412228796763,2023H1
002688,2025-05-06,1,mid,ma_bull,shrinking_volume_acceleration,current_week,0.001607717041800738,0.144694533762058,0.036977491961414755,-0.01607717041800638,0.189710610932476,2025H1
002688,2025-05-07,2,bull,ma_bull,two_day_acceleration,current_week,0.08386075949367089,0.10284810126582267,0.011075949367088667,-0.03164556962025322,0.20094936708860756,2025H1
002688,2025-05-08,3,bull,ma_bull,pullback_holds,current_week,0.10954616588419386,0.04225352112676051,-0.018779342723004744,-0.04225352112676062,0.18779342723004677,2025H1
002688,2025-05-13,1,bull,ma_bull,pullback_holds,current_week,0.135566188197767,0.046251993620414655,0.0494417862838914,-0.0015948963317385934,0.21052631578947367,2025H1
002688,2025-06-03,1,bull,ma_bull,shrinking_volume_acceleration,current_week,0.0390625,-0.009375000000000022,-0.02968750000000009,-0.03125,0.08906249999999982,2025H1
002688,2025-06-09,0,bull,none,pullback_holds,current_week,0.014173228346456623,-0.023622047244094557,0.04094488188976375,-0.04566929133858266,0.09763779527559047,2025H1
002688,2025-06-11,2,bull,ma_bull,pullback_holds,current_week,-0.049004594180704464,-0.0444104134762634,0.026033690658499253,-0.07197549770290956,0.050535987748851374,2025H1
002688,2025-07-01,1,bull,none,pullback_holds,current_week,0.10322580645161294,0.07903225806451619,0.1548387096774193,-0.001612903225806428,0.13709677419354827,2025H2
002688,2025-07-02,2,bull,none,two_day_acceleration,current_week,0.046875,0.078125,0.12812499999999982,-0.02187500000000009,0.1015625,2025H2
002688,2025-07-03,3,bull,none,pullback_holds,current_week,0.10284810126582267,0.09335443037974689,0.096518987341772,-0.009493670886076,0.115506329113924,2025H2
002688,2025-07-04,4,bull,none,pullback_holds,current_week,0.11501597444089473,0.08626198083067083,0.1437699680511182,0.0,0.12619808306709257,2025H2
002688,2025-07-30,2,bull,ma_bull,two_day_acceleration,current_week,0.0806010928961749,0.01775956284153013,-0.03551912568306004,-0.05601092896174864,0.10109289617486339,2025H2
002688,2025-08-25,0,bull,ma_bull,shrinking_volume_acceleration,current_week,0.028688524590164022,-0.023224043715846965,-0.0792349726775956,-0.06693989071038253,0.05327868852459017,2025H2
002688,2025-09-15,0,bull,none,two_day_acceleration,current_week,-0.06518723994452147,-0.08737864077669899,-0.06380027739251037,-0.10124826629680994,0.0,2025H2
002688,2025-09-16,1,bull,none,pullback_holds,current_week,-0.06188466947960625,-0.05907172995780585,-0.06047819971870616,-0.08860759493670889,0.002812939521800173,2025H2
002688,2025-09-17,2,bull,none,pullback_holds,current_week,-0.05218617771509171,-0.04513399153737652,-0.05782792665726377,-0.08603667136812398,0.0014104372355430161,2025H2
002688,2025-09-30,1,bull,none,pullback_holds,current_week,0.03293413173652704,0.0,-0.06437125748502992,-0.010479041916167553,0.08383233532934131,2025H2
002688,2025-10-09,3,bull,none,pullback_holds,current_week,0.008902077151335286,-0.008902077151335397,-0.07270029673590506,-0.020771513353115667,0.0741839762611276,2025H2
002688,2025-10-10,4,bull,none,pullback_holds,current_week,-0.03896103896103886,-0.03607503607503604,-0.09523809523809512,-0.04761904761904745,0.044733044733044736,2025H2
002688,2025-10-27,0,bull,none,pullback_holds,current_week,-0.07817109144542778,-0.06489675516224191,-0.1135693215339234,-0.09587020648967559,0.001474926253687281,2025H2
002688,2025-10-28,1,bull,none,pullback_holds,current_week,-0.07485029940119758,-0.04341317365269448,-0.08532934131736514,-0.08233532934131738,0.010479041916167775,2025H2
002688,2025-10-29,2,bull,none,pullback_holds,current_week,-0.007936507936507908,0.00793650793650813,-0.026984126984127,-0.026984126984127,0.03492063492063502,2025H2
002688,2025-11-10,0,bull,none,pullback_holds,current_week,-0.007886435331230235,-0.05205047318611988,-0.028391167192428957,-0.06466876971608837,0.012618296529968376,2025H2
002688,2025-11-14,4,bull,none,pullback_holds,current_week,-0.06141732283464574,-0.02834645669291347,-0.06141732283464574,-0.06614173228346465,0.0015748031496063408,2025H2
002688,2025-12-01,0,mid,none,pullback_holds,current_week,-0.006451612903225823,-0.04677419354838708,-0.03709677419354851,-0.05483870967741933,0.004838709677419395,2025H2
002688,2025-12-08,0,bull,none,pullback_holds,current_week,-0.04058441558441561,-0.016233766233766156,-0.01461038961038963,-0.06493506493506496,0.0016233766233766378,2025H2
002688,2025-12-19,4,mid,none,pullback_holds,current_week,-0.0016501650165017256,0.0016501650165017256,0.054455445544554504,-0.03300330033003307,0.008250825082508184,2025H2
002688,2025-12-22,0,bull,none,pullback_holds,current_week,-0.014851485148514976,0.0016501650165017256,0.04290429042904287,-0.03300330033003307,0.011551155115511413,2025H2
002688,2025-12-25,3,bull,none,pullback_holds,current_week,-0.013093289689034338,0.013093289689034338,0.10801963993453367,-0.04091653027823239,0.013093289689034338,2025H2
600833,2023-03-16,3,mid,none,pullback_holds,current_week,-0.019008264462809787,-0.03884297520661151,-0.04876033057851237,-0.04214876033057846,0.013223140495867813,2023H1
600833,2023-03-20,0,mid,none,pullback_holds,current_week,0.014309764309764272,0.019360269360269244,-0.02441077441077444,-0.04461279461279466,0.05555555555555558,2023H1
600833,2023-03-21,1,mid,none,pullback_holds,current_week,0.014178482068390341,-0.011676396997498006,-0.056713928273561254,-0.05337781484570481,0.04587155963302769,2023H1
600833,2023-03-22,2,mid,none,pullback_holds,current_week,0.008453085376162184,-0.010143702451394732,-0.05494505494505497,-0.04057480980557904,0.060016906170752504,2023H1
600833,2023-03-27,0,mid,macd_stabilizing,pullback_holds,current_week,0.003314001657000798,-0.06462303231151612,-0.09859154929577463,-0.07207953603976791,0.03893951946975971,2023H1
600833,2023-04-03,0,bull,macd_stabilizing,two_day_acceleration,current_week,-0.06694214876033044,-0.04214876033057846,0.01983471074380172,-0.07438016528925606,0.0008264462809917106,2023H1
600833,2023-09-12,1,mid,none,pullback_holds,current_week,0.010781671159029615,-0.009883198562443907,-0.04851752021563349,-0.019766397124887702,0.02156334231805923,2023H2
600833,2023-09-18,0,mid,none,pullback_holds,current_week,-0.007136485280999083,-0.03300624442462097,-0.05709188224799289,-0.03479036574487071,0.014272970561998166,2023H2
600833,2023-09-19,1,mid,none,pullback_holds,current_week,-0.020444444444444487,-0.010666666666666602,-0.053333333333333344,-0.03822222222222216,0.003555555555555534,2023H2
600833,2025-01-24,4,mid,none,pullback_holds,current_week,0.05924170616113744,0.03949447077409163,-0.018957345971563955,-0.004739336492891044,0.06398104265402837,2025H1
600833,2025-02-10,0,mid,none,two_day_acceleration,current_week,-0.023014105419450703,-0.0541945063103193,-0.04083147735708992,-0.06681514476614703,0.0,2025H1
600833,2025-02-14,4,bull,none,two_day_acceleration,current_week,-0.02583586626139811,-0.06306990881458963,-0.006079027355623157,-0.06534954407294824,0.012158054711246313,2025H1
600833,2025-03-11,1,bull,none,pullback_holds,current_week,0.016393442622950838,-0.0007806401249024209,-0.06947697111631546,-0.022638563622170205,0.04839968774394987,2025H1
600833,2025-03-12,2,bull,none,pullback_holds,current_week,0.028974158183242116,0.012529365700861383,-0.04698512137823019,-0.019577133907595967,0.05168363351605332,2025H1
600833,2025-03-13,3,bull,none,pullback_holds,current_week,0.043035993740218936,0.021126760563380254,-0.06416275430359941,-0.020344287949921824,0.05086071987480434,2025H1
600833,2025-03-14,4,bull,none,two_day_acceleration,current_week,0.0007633587786259888,-0.02900763358778613,-0.07022900763358775,-0.04427480916030535,0.02519083969465652,2025H1
600833,2025-03-20,3,bull,none,two_day_acceleration,current_week,-0.021005251312828155,-0.04201050262565642,-0.0960240060015003,-0.07501875468867214,0.0075018754688671585,2025H1
600833,2025-03-21,4,mid,none,pullback_holds,current_week,-0.024539877300613466,-0.11886503067484666,-0.0728527607361964,-0.11886503067484666,0.005368098159509005,2025H1
600833,2025-04-02,2,mid,none,pullback_holds,current_week,-0.037183544303797555,-0.04351265822784811,-0.049050632911392444,-0.13765822784810122,0.018987341772152,2025H1
600833,2025-04-03,3,mid,none,pullback_holds,current_week,-0.004163197335553592,0.0033305578684430515,0.012489592006661221,-0.09242298084929224,0.03413821815154039,2025H1
600833,2025-04-22,1,mid,none,pullback_holds,current_week,-0.01057770545158676,-0.013832384052074875,0.06509357200976384,-0.03986981285598046,0.004882017900732283,2025H1
600833,2025-04-23,2,mid,none,pullback_holds,current_week,-0.03431372549019607,-0.021241830065359513,0.1519607843137254,-0.03594771241830064,0.002450980392156854,2025H1
600833,2025-04-24,3,mid,none,pullback_holds,current_week,-0.015561015561015634,-0.018837018837018826,0.21785421785421777,-0.03357903357903358,0.004914004914004844,2025H1
600833,2025-04-25,4,mid,none,pullback_holds,current_week,0.0,-0.013157894736842146,0.14309210526315796,-0.02960526315789469,0.008223684210526327,2025H1
600833,2025-05-30,4,mid,macd_cross,two_day_acceleration,current_week,-0.01115241635687736,-0.03271375464684023,-0.055762081784386575,-0.0475836431226766,0.03568773234200728,2025H1
600833,2025-08-18,0,bull,ma_bull,pullback_holds,current_week,0.03524904214559377,0.11800766283524888,0.061302681992337016,-0.02452107279693494,0.11800766283524888,2025H2
600833,2025-08-19,1,bull,ma_bull,pullback_holds,current_week,0.019771863117870714,0.15057034220532328,0.08973384030418252,-0.03193916349809889,0.2205323193916351,2025H2
600833,2025-08-20,2,bull,ma_bull,pullback_holds,current_week,-0.00757575757575768,0.0901515151515151,0.06666666666666665,-0.03560606060606064,0.21590909090909083,2025H2
600833,2025-08-26,1,bull,ma_bull,pullback_holds,current_week,0.12490706319702594,0.017100371747211796,0.02379182156133819,-0.05353159851301115,0.19330855018587356,2025H2
600833,2025-09-16,1,bull,ma_bull,two_day_acceleration,current_week,-0.03907885554780188,-0.03977669225401259,-0.04117236566643401,-0.07117934403349613,0.021632937892533288,2025H2
600833,2025-10-20,0,mid,none,pullback_holds,current_week,0.03005259203606303,0.048835462058602674,0.09992486851990989,-0.004507888805409532,0.0676183320811421,2025H2
600833,2025-10-21,1,bull,macd_stabilizing,two_day_acceleration,current_week,0.002191380569759094,0.0248356464572681,0.0525931336742147,-0.027757487216946597,0.037983929875821776,2025H2
600833,2025-10-22,2,bull,macd_stabilizing,pullback_holds,current_week,-0.01966496722505462,0.024763292061179998,0.02549162418062645,-0.030589949016751605,0.03495994173343053,2025H2
600833,2025-10-23,3,bull,ma_bull,two_day_acceleration,current_week,-0.04499999999999993,0.0035714285714285587,-0.0050000000000000044,-0.049285714285714266,0.015000000000000124,2025H2
600833,2025-11-10,0,bull,ma_bull,two_day_acceleration,current_week,0.023776223776223793,-0.06713286713286715,-0.02237762237762242,-0.07972027972027973,0.0874125874125875,2025H2
600833,2025-11-13,3,bull,ma_bull,shrinking_volume_acceleration,current_week,-0.06885026737967925,-0.09090909090909094,-0.13101604278074874,-0.1203208556149733,0.03943850267379667,2025H2
600833,2025-12-08,0,bull,ma_bull,pullback_holds,current_week,-0.07338129496402879,-0.04172661870503602,-0.06546762589928057,-0.09280575539568348,0.007194244604316502,2025H2
600833,2025-12-19,4,mid,macd_stabilizing,pullback_holds,current_week,-0.01630837657524098,-0.029651593773165286,-0.017049666419570064,-0.05189028910303928,0.002223869532987255,2025H2
600833,2026-01-06,1,bull,none,pullback_holds,current_week,0.015209125475285079,0.008365019011406849,-0.001520912547528508,-0.02281368821292784,0.03650190114068441,2026H1
600833,2026-01-08,3,bull,none,pullback_holds,current_week,0.013719512195121908,0.02515243902439024,0.012957317073170715,-0.020579268292682973,0.038871951219512146,2026H1
600833,2026-01-09,4,bull,none,two_day_acceleration,current_week,0.0,0.033885542168674565,0.0,-0.032379518072289226,0.052710843373493965,2026H1
600833,2026-01-14,2,bull,none,shrinking_volume_acceleration,current_week,-0.006746626686656709,-0.014242878560719596,-0.0029985007496251548,-0.03673163418290859,0.04797601199400314,2026H1
600833,2026-01-15,3,bull,none,pullback_holds,current_week,0.0074906367041198685,-0.009737827715355696,-0.019475655430711614,-0.03745318352059923,0.04719101123595504,2026H1
600833,2026-01-16,4,bull,none,pullback_holds,current_week,0.044901065449010735,0.003044140030441289,-0.006849315068493178,-0.02207001522070018,0.06392694063926929,2026H1
600833,2026-01-19,0,bull,none,pullback_holds,current_week,0.029279279279279313,-0.012012012012012074,-0.0030030030030029353,-0.02777777777777768,0.04954954954954949,2026H1
600833,2026-01-22,3,bull,none,pullback_holds,current_week,-0.041334300217548914,-0.0362581580855692,-0.041334300217548914,-0.060913705583756306,0.013778100072516342,2026H1
600833,2026-01-23,4,bull,none,two_day_acceleration,current_week,-0.03654970760233922,-0.029239766081871288,-0.07456140350877194,-0.053362573099415056,0.009502923976608235,2026H1
600833,2026-02-04,2,mid,macd_stabilizing,pullback_holds,current_week,0.001506024096385561,-0.009036144578313365,-0.05496987951807231,-0.01882530120481929,0.012801204819277157,2026H1
600833,2026-02-24,1,bull,macd_stabilizing,pullback_holds,current_week,-0.05930930930930922,-0.0427927927927928,-0.11936936936936937,-0.08033033033033032,0.0037537537537537524,2026H1
600833,2026-02-25,2,bull,macd_stabilizing,pullback_holds,current_week,-0.07646176911544222,-0.050974512743628186,-0.11169415292353824,-0.08170914542728636,0.0,2026H1
600833,2026-02-26,3,bull,macd_stabilizing,pullback_holds,current_week,-0.050989345509893425,-0.044901065449010624,-0.11111111111111116,-0.06773211567732118,0.006849315068493178,2026H1
600833,2026-02-27,4,bull,macd_stabilizing,pullback_holds,current_week,-0.023700305810397615,-0.03669724770642202,-0.08486238532110091,-0.06345565749235471,0.006116207951070374,2026H1
301308,2025-10-13,0,bull,ma_bull,two_day_acceleration,current_week,-0.04579787234042543,0.4148936170212767,0.5110106382978723,-0.12989361702127655,0.4148936170212767,2025H2
301308,2026-01-07,2,bull,ma_bull,two_day_acceleration,current_week,-0.01820501327448898,0.19511774644002333,0.04127159259386959,-0.06285556666551739,0.26193842016343116,2026H1
301308,2026-03-05,3,mid,none,pullback_holds,current_week,0.08201614544467817,0.20921240078692094,-0.01824842276643379,-0.0029509531239400033,0.25022047350926013,2026H1
301308,2026-03-06,4,bull,ma_bull,shrinking_volume_acceleration,current_week,0.09460366467548154,0.10779246929324127,-0.04164709040875236,-0.0016108463655279959,0.2369622122290087,2026H1
301308,2026-04-16,3,mid,ma_bull,shrinking_volume_acceleration,current_week,-0.021338797814207666,0.0959562841530055,0.5366939890710385,-0.03543715846994533,0.13743169398907118,2026H1
301308,2026-05-18,0,bull,ma_bull,shrinking_volume_acceleration,current_week,-0.0077902937151279605,-0.11253816191178023,-0.07142857142857151,-0.11569638909358892,0.028160859037793307,2026H1
301308,2026-05-29,4,mid,ma_bull,two_day_acceleration,current_week,-0.07522540947164391,-0.08433070726111946,0.28594547491597155,-0.1641621169817361,0.03145951521402779,2026H1
301308,2026-06-15,0,bull,ma_bull,shrinking_volume_acceleration,current_week,0.1118759794045221,0.3129617192746812,0.00460786508469524,-0.028934407880008894,0.34971270800686516,2026H1
688152,2025-05-06,1,mid,none,shrinking_volume_acceleration,current_week,-0.023420387531592257,-0.05425442291491156,-0.09014321819713567,-0.10834035383319296,0.016006739679865323,2025H1
688152,2025-05-07,2,bull,none,pullback_holds,current_week,-0.030239833159541152,-0.05387556482446998,-0.0432742440041709,-0.08029197080291961,0.04796663190823791,2025H1
688152,2025-05-09,4,bull,none,pullback_holds,current_week,-0.08859679071355409,-0.11386138613861374,-0.025093888699214695,-0.11437350631614873,0.026971662683509923,2025H1
688152,2025-05-12,0,bull,none,pullback_holds,current_week,-0.07433333333333336,-0.118,-0.07666666666666666,-0.1353333333333333,0.0,2025H1
688152,2025-06-03,1,bull,none,shrinking_volume_acceleration,current_week,0.02327299593646104,-0.2608053195419283,-0.15090506095308465,-0.2665312153675655,0.08607314370151475,2025H1
688152,2025-06-05,3,bull,none,pullback_holds,current_week,-0.02452316076294281,-0.24232515894641238,-0.19455040871934604,-0.2895549500454133,0.0681198910081744,2025H1
688536,2025-06-23,0,bull,none,two_day_acceleration,current_week,0.03137546468401475,0.004237918215613368,-0.031078066914498215,-0.059479553903345694,0.07657992565055771,2025H1
688536,2025-06-24,1,bull,none,two_day_acceleration,current_week,-0.00827051160067327,-0.02224987191685568,-0.03139866793529966,-0.07414184293346993,0.059796530776550005,2025H1
688536,2025-06-30,0,bull,none,shrinking_volume_acceleration,current_week,-0.02631199538638984,-0.03301614763552463,-0.0004325259515570723,-0.08809111880046139,0.0,2025H1
688536,2025-07-07,0,bull,none,shrinking_volume_acceleration,current_week,-0.008426966292134686,-0.03666469544648143,0.10718509757539918,-0.05632761679479603,0.016558249556475557,2025H2
688536,2025-07-22,1,bull,none,pullback_holds,current_week,0.09416455793267398,0.11080438616670518,0.08887355264166863,0.0,0.17744038033893128,2025H2
688536,2025-07-25,4,bull,none,shrinking_volume_acceleration,current_week,0.06089425124201542,-0.004613200851667942,0.0869410929737402,-0.027821149751596996,0.08977998580553592,2025H2
688536,2025-08-11,0,bull,none,shrinking_volume_acceleration,current_week,0.006923076923077032,0.06503496503496509,0.04503496503496507,-0.038811188811188724,0.11188811188811187,2025H2
688536,2025-08-13,2,bull,none,pullback_holds,current_week,0.0066225165562914245,0.0962334437086092,-0.03352649006622521,-0.051807395143487756,0.16501103752759372,2025H2
688536,2025-08-18,0,bull,none,pullback_holds,current_week,0.05771234113480106,0.12514757969303414,0.1334120425029517,-0.045419820820890244,0.18306826862976577,2025H2
688536,2025-10-15,2,bull,ma_bull,shrinking_volume_acceleration,current_week,-0.06468531468531458,0.02652519893899208,-0.014588859416445499,-0.11020014468290329,0.048589341692790056,2025H2
688536,2025-12-23,1,bull,none,pullback_holds,current_week,0.12565262791507137,0.2091890010442048,0.401253045596937,-0.0036895231465366995,0.25471632439958225,2025H2
688536,2026-01-09,4,bull,none,two_day_acceleration,current_week,0.02896797972817322,0.11270444598018892,0.03806726560700291,-0.05258005067956706,0.19079705137065184,2026H1
688536,2026-03-11,2,bull,none,pullback_holds,current_week,-0.0076666666666665995,0.04833333333333334,0.02388888888888885,-0.05500000000000005,0.08666666666666667,2026H1
688536,2026-04-10,4,mid,macd_stabilizing,shrinking_volume_acceleration,current_week,0.10753514938488573,0.1917838312829525,0.6586115992970123,-0.0031854130052725305,0.25208699472759233,2026H1
688536,2026-04-16,3,mid,ma_bull,two_day_acceleration,current_week,0.08195221148957788,0.3629893238434163,0.5469242501270972,-0.028825622775800808,0.38434163701067603,2026H1
688536,2026-04-27,0,bull,ma_bull,shrinking_volume_acceleration,current_week,0.16861711631231024,0.3182955154547078,0.4749865999642666,-0.007504020010719925,0.40660175093800266,2026H1
688536,2026-06-22,0,bull,ma_bull,two_day_acceleration,current_week,0.0038011695906432497,-0.0061403508771928905,-0.33040935672514615,-0.06871345029239762,0.09871345029239764,2026H1
688536,2026-06-24,2,bull,ma_bull,two_day_acceleration,current_week,-0.014084507042253502,-0.09185915492957752,-0.2705352112676057,-0.11549295774647883,0.05847887323943657,2026H1
688536,2026-09-09,2,bull,none,shrinking_volume_acceleration,current_week,,,,-0.07312703583061886,0.04162866449511404,2026H2
603393,2023-08-01,1,bull,ma_bull,pullback_holds,current_week,-0.010764662212323639,-0.0705270972531552,-0.04342984409799566,-0.0883444691907943,0.006681514476614581,2023H2
603393,2023-08-07,0,bull,ma_bull,shrinking_volume_acceleration,current_week,-0.027723545490042856,-0.01015228426395931,0.06364701288559171,-0.05622803592346726,0.058961343225302665,2023H2
603393,2023-08-09,2,bull,ma_bull,pullback_holds,current_week,-0.06616257088846877,-0.06843100189035911,0.009829867674858273,-0.08620037807183356,0.025330812854442497,2023H2
603393,2023-11-15,2,mid,ma_bull,two_day_acceleration,current_week,0.05701900633544499,0.042347449149716665,0.04434811603867961,-0.008669556518839716,0.0880293431143715,2023H2
603393,2023-12-28,3,mid,ma_bull,pullback_holds,current_week,0.027556440903054424,0.014940239043824688,-0.027556440903054535,-0.013612217795484716,0.04648074369189903,2023H2
603393,2023-12-29,4,mid,ma_bull,pullback_holds,current_week,-0.01631853785900783,0.012728459530026104,-0.0538511749347258,-0.030352480417754513,0.02872062663185382,2023H2
603393,2024-01-02,1,mid,ma_bull,two_day_acceleration,current_week,-0.011290322580645107,-0.008064516129032251,-0.09354838709677415,-0.041612903225806464,0.016774193548387162,2024H1
603393,2024-02-08,3,mid,none,two_day_acceleration,current_week,0.0334400569192459,0.002134471718249875,0.045179651369619434,-0.0138740661686233,0.06474564212024192,2024H1
603393,2024-03-07,3,bull,none,pullback_holds,current_week,0.01159522136331681,0.0614898102600141,0.1363316936050598,-0.023541813070976914,0.07624736472241733,2024H1
603393,2024-03-15,4,bull,none,two_day_acceleration,current_week,0.03589743589743599,0.06632478632478644,0.1131623931623933,-0.0017094017094017033,0.06769230769230772,2024H1
603393,2024-03-22,4,bull,none,two_day_acceleration,current_week,0.029372937293729473,0.04389438943894386,0.0772277227722773,-0.015511551155115488,0.10891089108910901,2024H1
603393,2024-03-28,3,mid,none,shrinking_volume_acceleration,current_week,0.06346596514304514,0.08023676422229542,0.11081880960210455,-0.0003288391976322691,0.10489970404472215,2024H1
603393,2024-03-29,4,mid,none,two_day_acceleration,current_week,0.012808197246237496,0.042587255843740124,0.09830291386487366,-0.01056676272814594,0.07588856868395766,2024H1
603393,2024-04-02,1,bull,macd_cross,two_day_acceleration,current_week,-0.024539877300613466,0.01012269938650312,0.05552147239263805,-0.04233128834355826,0.030674846625766916,2024H1
603393,2024-04-17,2,bull,ma_bull,shrinking_volume_acceleration,current_week,-0.009063444108761476,0.030513595166163032,0.025679758308157163,-0.0332326283987916,0.049546827794561876,2024H1
603393,2024-04-30,1,bull,ma_bull,shrinking_volume_acceleration,current_week,-0.02711277761753672,-0.028554946639746226,-0.03634265935967684,-0.04211133544851464,0.009518315546582112,2024H1
603393,2024-05-13,0,bull,ma_bull,pullback_holds,current_week,0.005032563647128452,-0.017465956187093012,-0.01213735938425109,-0.02901124925991727,0.030195381882770933,2024H1
603393,2024-05-14,1,bull,ma_bull,pullback_holds,current_week,-0.012026987386330457,-0.02376063361689651,-0.02024053974772677,-0.03784100909357602,0.020827222059254913,2024H1
603393,2024-05-16,3,bull,ma_bull,pullback_holds,current_week,-0.030900529723366765,-0.020306062389641055,0.01059446733372571,-0.0347263095938789,0.008828722778104758,2024H1
603393,2024-05-20,0,bull,ma_bull,pullback_holds,current_week,-0.022385861561119436,-0.03387334315169388,0.010603829160530154,-0.04300441826215029,0.0,2024H1
603393,2024-05-29,2,mid,ma_bull,pullback_holds,current_week,-0.012290167865707358,-0.011091127098321274,0.02817745803357319,-0.02607913669064743,0.01558752997601931,2024H1
603393,2024-09-26,3,bull,none,shrinking_volume_acceleration,current_week,0.05291970802919699,0.04318734793187362,-0.012773722627737238,-0.008515815085158196,0.20103406326034068,2024H2
603393,2024-10-14,0,bull,none,shrinking_volume_acceleration,current_week,-0.03140916808149408,-0.09762308998302216,-0.08262591963780419,-0.11403508771929827,0.0045274476513863515,2024H2
603393,2024-11-06,2,bull,none,shrinking_volume_acceleration,current_week,-0.014465989535241586,0.01569713758079394,-0.03324099722991691,-0.030470914127423865,0.03077870113881187,2024H2
603393,2024-11-07,3,bull,macd_stabilizing,two_day_acceleration,current_week,-0.04311377245508974,0.023652694610778457,-0.0730538922155688,-0.05688622754491013,0.03952095808383227,2024H2
603393,2024-11-20,2,bull,macd_stabilizing,two_day_acceleration,current_week,-0.0197029402849348,-0.0478933010003032,-0.08548044862079418,-0.04971203394968171,0.06092755380418313,2024H2
603393,2026-05-15,4,bull,none,pullback_holds,current_week,-0.06925566343042078,-0.13948220064724925,-0.12038834951456323,-0.1488673139158576,0.02783171521035599,2026H1
603393,2026-05-18,0,bull,none,two_day_acceleration,current_week,-0.09265175718849838,-0.11182108626198084,-0.09776357827476034,-0.15974440894568687,0.0,2026H1
603393,2026-06-03,2,mid,none,pullback_holds,current_week,-0.03527272727272723,-0.06581818181818178,-0.18545454545454543,-0.10109090909090912,0.03527272727272712,2026H1
300968,2023-11-08,2,mid,ma_bull,pullback_holds,current_week,0.004363001745200545,0.08813263525305404,-0.1108202443280979,-0.03403141361256545,0.16404886561954624,2023H2
300968,2023-11-09,3,mid,ma_bull,pullback_holds,current_week,0.04266666666666663,0.06666666666666665,-0.07733333333333325,-0.016000000000000014,0.18577777777777782,2023H2
300968,2023-11-10,4,mid,ma_bull,pullback_holds,current_week,0.03130590339892669,0.00805008944543828,-0.05277280858676203,-0.008944543828264706,0.19320214669051872,2023H2
300968,2024-02-22,3,bull,none,shrinking_volume_acceleration,current_week,0.07004830917874405,0.1654589371980677,0.242753623188406,-0.01449275362318836,0.28985507246376807,2024H1
300968,2024-03-08,4,bull,none,shrinking_volume_acceleration,current_week,0.002044989775051187,0.03578732106339477,-0.06543967280163587,-0.03987730061349681,0.07873210633946837,2024H1
300968,2024-11-20,2,bull,ma_bull,pullback_holds,current_week,-0.13539192399049893,-0.0916864608076009,-0.11163895486935871,-0.18147268408551065,0.0076009501187648265,2024H2
300968,2024-12-02,0,bull,ma_bull,shrinking_volume_acceleration,current_week,0.025309639203015655,0.04684975767366728,-0.05977382875605808,-0.021001615508885352,0.18362950996230487,2024H2
300968,2024-12-04,2,bull,ma_bull,two_day_acceleration,current_week,0.11457233368532194,-0.012671594508975814,-0.1372756071805703,-0.06177402323125669,0.16050686378035905,2024H2
300968,2025-02-12,2,bull,ma_bull,shrinking_volume_acceleration,current_week,-0.04651162790697683,0.07545219638242884,-0.023255813953488302,-0.09147286821705425,0.1354005167958654,2025H1
300968,2025-02-26,2,bull,macd_cross,shrinking_volume_acceleration,current_week,-0.09671272034302059,-0.09957122439256783,-0.17293949499761807,-0.1276798475464508,0.0,2025H1
300968,2025-03-17,0,bull,none,pullback_holds,current_week,-0.07692307692307687,-0.08753315649867388,-0.20742705570291786,-0.11618037135278525,0.027055702917771818,2025H1
300968,2025-04-02,2,mid,none,shrinking_volume_acceleration,current_week,-0.1498237367802585,-0.1468860164512339,-0.13043478260869557,-0.30904817861339595,0.014101057579318566,2025H1
300968,2025-05-07,2,bull,none,pullback_holds,current_week,0.016172506738544534,-0.03369272237196763,-0.08760107816711582,-0.04245283018867918,0.07614555256064692,2025H1
300968,2025-05-08,3,bull,none,shrinking_volume_acceleration,current_week,-0.02970297029702962,-0.0653465346534654,-0.10561056105610556,-0.06930693069306937,0.05412541254125425,2025H1
300968,2025-05-09,4,bull,none,pullback_holds,current_week,-0.022621423819028763,-0.1024617431803061,-0.08383233532934142,-0.10379241516966076,0.06254158349966721,2025H1
300968,2025-05-26,0,bull,none,shrinking_volume_acceleration,current_week,-0.03924418604651159,-0.026889534883720922,0.0625,-0.047238372093023284,0.0029069767441860517,2025H1
300968,2025-12-26,4,bull,none,pullback_holds,current_week,0.014122394082044298,0.024209818426361718,-0.00874243443174183,-0.01143241425689312,0.09145931405514451,2025H2
300968,2026-01-08,3,bull,none,pullback_holds,current_week,0.008649367930805063,-0.003992015968063867,-0.08848968729208251,-0.03925482368596156,0.07984031936127733,2026H1
300968,2026-01-09,4,bull,none,two_day_acceleration,current_week,-0.018170019467877996,-0.007138221933809197,-0.11031797534068777,-0.06294613887086309,0.053212199870214194,2026H1
600745,2025-08-28,3,bull,ma_bull,shrinking_volume_acceleration,current_week,-0.07854630715123079,0.00023446658851122848,0.1582649472450175,-0.09331770222743252,0.06260257913247358,2025H2
600745,2025-08-29,4,bull,ma_bull,shrinking_volume_acceleration,current_week,-0.07706013363028952,-0.0592427616926503,0.07349665924276172,-0.1387527839643652,0.00935412026726068,2025H2
600745,2025-09-24,2,bull,ma_bull,shrinking_volume_acceleration,current_week,-0.1401849948612539,-0.22055498458376155,-0.09105858170606373,-0.29085303186022604,0.04419321685508737,2025H2
600745,2025-09-25,3,bull,ma_bull,two_day_acceleration,current_week,-0.23785425101214575,-0.1556680161943319,-0.09251012145748994,-0.3016194331983806,0.017611336032388847,2025H2
600745,2025-10-29,2,bull,ma_bull,shrinking_volume_acceleration,current_week,-0.05484861781483108,-0.032031592803861364,-0.13207547169811318,-0.11737604212373831,0.05046072838964477,2025H2
600745,2025-10-31,4,bull,ma_bull,shrinking_volume_acceleration,current_week,-0.017467248908296984,-0.017467248908296984,-0.1065502183406114,-0.12161572052401748,0.04541484716157207,2025H2
600745,2025-12-09,1,mid,none,pullback_holds,current_week,-0.058252427184465994,-0.017118037812979048,-0.010219724067450198,-0.06463975472662242,0.015585079202861563,2025H2
600745,2025-12-23,1,bull,none,two_day_acceleration,current_week,-0.018072289156626398,0.014667365112624564,0.02514405447878465,-0.03378732320586697,0.031168150864326893,2025H2
600745,2025-12-25,3,bull,none,pullback_holds,current_week,-0.0013175230566535578,0.05296442687747027,0.04137022397891954,-0.027931488801054116,0.054018445322792985,2025H2
600745,2025-12-26,4,bull,none,pullback_holds,current_week,0.030126849894291707,0.01955602536997869,0.03858350951374212,-0.025105708245243163,0.05708245243128962,2025H2
600745,2026-01-05,0,bull,none,pullback_holds,current_week,0.055746367239101646,0.040686922060766184,-0.0631439894319683,-0.0015852047556143,0.056803170409511106,2026H1
600745,2026-01-06,1,bull,none,two_day_acceleration,current_week,-0.01981707317073178,-0.0027947154471544833,-0.12068089430894313,-0.03404471544715437,0.016260162601626105,2026H1
600745,2026-01-08,3,bull,none,shrinking_volume_acceleration,current_week,0.0018064516129032704,0.010064516129032253,-0.14090322580645165,-0.018838709677419296,0.05470967741935473,2026H1
600745,2026-01-09,4,bull,none,two_day_acceleration,current_week,0.007413087934560414,0.03144171779141125,-0.13215746421267882,-0.028118609406952877,0.046523517382413004,2026H1
600745,2026-01-12,0,bull,none,two_day_acceleration,current_week,-0.0035416139640779276,-0.0002529724260055266,-0.11004300531242095,-0.03819883632684029,0.042246395142929494,2026H1
600745,2026-01-16,4,bull,none,two_day_acceleration,current_week,0.02203647416413368,-0.0020263424518744966,-0.15957446808510645,-0.03850050658561299,0.07396149949341435,2026H1
600745,2026-01-23,4,bull,none,shrinking_volume_acceleration,current_week,-0.02836004932182501,-0.16276202219482128,-0.1992601726263873,-0.20394574599260173,0.04562268803945724,2026H1
300225,2023-11-22,2,mid,ma_bull,shrinking_volume_acceleration,current_week,0.005912162162162282,-0.022804054054054057,-0.20354729729729726,-0.03716216216216217,0.04138513513513509,2023H2
300225,2023-11-23,3,mid,ma_bull,two_day_acceleration,current_week,-0.011656952539550236,-0.2289758534554538,-0.2181515403830141,-0.2289758534554538,0.014154870940882525,2023H2
300225,2024-01-04,3,mid,none,shrinking_volume_acceleration,current_week,-0.18956870611835508,-0.24774322968906726,-0.43229689067201604,-0.3279839518555667,0.009027081243731194,2024H1
300225,2024-02-22,3,bull,none,shrinking_volume_acceleration,current_week,0.06097560975609739,0.020905923344947785,0.1428571428571428,-0.03310104529616731,0.132404181184669,2024H1
300225,2024-02-27,1,bull,none,shrinking_volume_acceleration,current_week,-0.08359621451104093,-0.017350157728706517,-0.04100946372239744,-0.12460567823343849,0.020504731861198833,2024H1
300225,2026-07-01,2,bull,ma_bull,two_day_acceleration,current_week,-0.09875,-0.09624999999999995,-0.19374999999999998,-0.15625,0.04249999999999998,2026H2
300225,2026-08-06,3,mid,none,two_day_acceleration,current_week,0.045779685264663916,0.044349070100142995,0.008583690987124415,-0.0386266094420602,0.15021459227467826,2026H2
300225,2026-08-14,4,mid,none,shrinking_volume_acceleration,current_week,-0.021248339973439556,-0.050464807436918946,0.013280212483399723,-0.08499335989375822,0.06772908366533881,2026H2
300225,2026-08-31,0,bull,none,pullback_holds,current_week,0.11862068965517225,0.06620689655172418,,-0.0482758620689655,0.14206896551724135,2026H2
300225,2026-09-02,2,mid,none,pullback_holds,current_week,0.10836762688614532,,,-0.053497942386831254,0.1358024691358024,2026H2
300225,2026-09-09,2,bull,none,shrinking_volume_acceleration,current_week,,,,-0.07711442786069667,0.02985074626865658,2026H2
600333,2025-03-14,4,bull,none,two_day_acceleration,current_week,0.006382978723404209,-0.02127659574468077,-0.05531914893617018,-0.03191489361702138,0.02127659574468077,2025H1
600333,2025-03-20,3,bull,none,shrinking_volume_acceleration,current_week,-0.014767932489451518,-0.025316455696202556,-0.07383966244725748,-0.05063291139240511,0.012658227848101111,2025H1
600333,2025-03-26,2,mid,none,pullback_holds,current_week,-0.03601694915254239,-0.07203389830508466,-0.06144067796610175,-0.1673728813559321,0.004237288135593209,2025H1
600333,2025-04-03,3,mid,none,pullback_holds,current_week,-0.039823008849557695,-0.028761061946902866,0.02433628318584069,-0.13053097345132747,0.0022123893805310324,2025H1
600333,2025-04-21,0,mid,none,pullback_holds,current_week,0.013698630136986356,0.057077625570776336,0.06392694063926951,-0.0022831050228310223,0.06392694063926951,2025H1
600333,2025-04-24,3,mid,none,pullback_holds,current_week,0.02708803611738153,0.033860045146727025,0.06320541760722365,-0.006772009029345272,0.08126410835214459,2025H1
600333,2025-04-25,4,mid,none,shrinking_volume_acceleration,current_week,0.031180400890868487,0.017817371937639104,0.04454342984409809,-0.020044543429844075,0.06681514476614692,2025H1
600333,2025-09-01,0,bull,ma_bull,pullback_holds,current_week,0.04905660377358512,0.060377358490566024,0.10188679245283017,-0.026415094339622636,0.07735849056603783,2025H2
600333,2025-09-02,1,bull,ma_bull,pullback_holds,current_week,0.04511278195488733,0.07894736842105265,0.09774436090225547,-0.03007518796992481,0.08082706766917291,2025H2
600333,2025-09-08,0,bull,ma_bull,shrinking_volume_acceleration,current_week,0.010791366906474753,0.03417266187050361,0.20503597122302142,-0.00899280575539585,0.06654676258992787,2025H2
600333,2025-09-19,4,mid,ma_bull,pullback_holds,current_week,0.008787346221441172,0.07908611599297011,0.1687170474516695,-0.008787346221441283,0.12829525483304027,2025H2
600333,2025-09-23,1,mid,ma_bull,two_day_acceleration,current_week,0.0017152658662091813,0.1595197255574614,0.14922813036020588,-0.029159519725557415,0.18353344768439106,2025H2
600333,2025-09-26,4,mid,ma_bull,pullback_holds,current_week,0.06968641114982588,0.3902439024390245,0.26132404181184676,-0.012195121951219523,0.3902439024390245,2025H2
600333,2025-09-29,0,bull,ma_bull,two_day_acceleration,current_week,0.141396933560477,0.29471890971039194,0.22316865417376475,-0.011925042589437829,0.35945485519591136,2025H2
600333,2026-01-05,0,bull,none,shrinking_volume_acceleration,current_week,0.027027027027027195,0.16216216216216228,0.010810810810810922,-0.014414414414414378,0.1981981981981984,2026H1
600333,2026-01-09,4,bull,none,pullback_holds,current_week,0.0736842105263158,0.09298245614035094,0.0052631578947368585,-0.015789473684210464,0.17543859649122817,2026H1
600333,2026-01-15,3,bull,none,two_day_acceleration,current_week,0.08375209380234505,0.018425460636515956,-0.06365159128978226,-0.021775544388609736,0.12227805695142391,2026H1
600333,2026-01-21,2,bull,none,shrinking_volume_acceleration,current_week,-0.02415458937198056,-0.07407407407407407,-0.10305958132045079,-0.10305958132045079,0.07890499194847034,2026H1
600333,2026-02-25,2,bull,none,pullback_holds,current_week,0.02626970227670755,0.003502626970227851,0.005253940455341555,-0.028021015761821366,0.14010507880910672,2026H1
600360,2025-06-03,1,bull,macd_cross,two_day_acceleration,current_week,0.06005586592178758,0.0460893854748603,0.19273743016759792,-0.0027932960893853886,0.1089385474860336,2025H1
600360,2025-06-30,0,bull,ma_bull,shrinking_volume_acceleration,current_week,0.07878017789072422,0.07878017789072422,-0.0012706480304954804,-0.029224904701397603,0.16899618805590855,2025H1
600360,2025-07-02,2,bull,ma_bull,shrinking_volume_acceleration,current_week,0.12927756653992395,0.08998732572877044,0.09759188846641309,-0.005069708491761693,0.1660329531051965,2025H2
600360,2025-08-08,4,bull,ma_bull,two_day_acceleration,current_week,0.10229885057471244,0.03908045977011487,-0.014942528735632288,-0.02298850574712652,0.19770114942528716,2025H2
600360,2025-08-22,4,bull,ma_bull,shrinking_volume_acceleration,current_week,-0.09518935516888427,-0.10133060388945758,-0.18014329580347999,-0.14227226202661192,0.028659160696008268,2025H2
600360,2025-09-16,1,bull,ma_bull,pullback_holds,current_week,-0.07325581395348835,-0.033720930232558066,-0.0023255813953487747,-0.08720930232558133,0.006976744186046657,2025H2
600360,2025-09-25,3,bull,none,pullback_holds,current_week,-0.03282532239155911,-0.05744431418522844,-0.011723329425556872,-0.06447831184056263,0.004689331770222793,2025H2
600360,2025-09-26,4,mid,none,pullback_holds,current_week,-0.03440094899169621,-0.02609727164887299,-0.008303677342823335,-0.053380782918149405,0.01660735468564667,2025H2
600360,2025-10-15,2,bull,none,shrinking_volume_acceleration,current_week,0.040000000000000036,0.029090909090909056,-0.00969696969696976,-0.027878787878787947,0.09333333333333327,2025H2
600360,2025-10-20,0,mid,none,shrinking_volume_acceleration,current_week,0.08272506082725051,0.01703163017031617,-0.006082725060827299,-0.0036496350364965124,0.09732360097323589,2025H2
600360,2025-10-22,2,bull,none,two_day_acceleration,current_week,-0.004689331770222682,-0.03282532239155911,-0.05744431418522844,-0.05041031652989447,0.05744431418522855,2025H2
600360,2025-10-24,4,bull,none,two_day_acceleration,current_week,-0.03767123287671237,-0.06735159817351599,-0.11757990867579904,-0.07534246575342463,0.029680365296803624,2025H2
600360,2025-10-27,0,bull,none,two_day_acceleration,current_week,-0.06067415730337089,-0.08202247191011236,-0.12359550561797761,-0.08988764044943831,0.01348314606741563,2025H2
600360,2025-11-11,1,bull,none,pullback_holds,current_week,-0.014634146341463317,-0.03902439024390236,-0.03414634146341455,-0.06585365853658531,0.007317073170731714,2025H2
600360,2025-11-13,3,bull,none,pullback_holds,current_week,-0.0293040293040292,-0.0012210012210012167,-0.04517704517704513,-0.0647130647130646,0.01831501831501825,2025H2
600360,2025-12-19,4,mid,none,pullback_holds,current_week,0.0012578616352201255,0.02515723270440251,0.051572327044025146,-0.01383647798742138,0.03396226415094339,2025H2
600360,2025-12-22,0,bull,none,pullback_holds,current_week,-0.0025062656641604564,0.032581453634085156,0.06015037593984962,-0.01754385964912286,0.05263157894736836,2025H2
600360,2025-12-25,3,bull,none,pullback_holds,current_week,0.015000000000000124,0.036250000000000115,0.09499999999999997,-0.011249999999999982,0.05499999999999994,2025H2
600360,2025-12-26,4,bull,none,pullback_holds,current_week,0.02130325814536338,0.016290726817042467,0.1278195488721805,-0.00877192982456143,0.05764411027568905,2025H2
600360,2026-01-07,2,bull,none,two_day_acceleration,current_week,-0.008505467800729027,0.027946537059538423,0.08262454434993916,-0.017010935601458166,0.06196840826245431,2026H1
600360,2026-01-08,3,bull,none,shrinking_volume_acceleration,current_week,-0.020262216924910592,0.017878426698450633,0.040524433849821184,-0.035756853396901156,0.04171632896305111,2026H1
600360,2026-01-16,4,bull,none,two_day_acceleration,current_week,0.029761904761904656,0.03571428571428581,0.0714285714285714,-0.014285714285714457,0.10476190476190461,2026H1
600360,2026-01-21,2,bull,none,shrinking_volume_acceleration,current_week,0.04582843713278506,0.047003525264394774,0.12103407755581674,-0.005875440658049236,0.09048178613395996,2026H1
600360,2026-01-23,4,bull,none,two_day_acceleration,current_week,0.005780346820809301,0.008092485549132888,0.09017341040462412,-0.008092485549133,0.07283236994219644,2026H1
600360,2026-01-27,1,bull,ma_bull,two_day_acceleration,current_week,-0.024363233665559147,-0.013289036544850363,-0.01439645625692132,-0.04983388704318925,0.027685492801771794,2026H1
600360,2026-01-30,4,bull,macd_cross,pullback_holds,current_week,0.010428736964078755,0.0428736964078793,0.06604866743916582,0.0,0.06373117033603704,2026H1
600360,2026-02-12,3,bull,ma_bull,two_day_acceleration,current_week,0.053905390539053855,0.0033003300330034513,-0.01980198019801982,-0.04620462046204621,0.0726072607260726,2026H1
600360,2026-02-25,2,bull,ma_bull,two_day_acceleration,current_week,-0.06708595387840677,-0.00524109014675056,-0.07756813417190778,-0.09119496855345921,0.022012578616352085,2026H1
600360,2026-03-09,0,mid,ma_bull,pullback_holds,current_week,0.008629989212513456,-0.08737864077669888,-0.033441208198489614,-0.08737864077669888,0.038834951456310884,2026H1
600360,2026-03-10,1,bull,ma_bull,two_day_acceleration,current_week,-0.04109589041095896,-0.09167544783983128,-0.03266596417281353,-0.11380400421496317,0.01475237091675452,2026H1
600360,2026-04-08,2,mid,ma_bull,two_day_acceleration,current_week,0.02960526315789469,0.08004385964912264,0.26206140350877183,-0.009868421052631748,0.14254385964912264,2026H1
600360,2026-04-10,4,mid,none,shrinking_volume_acceleration,current_week,0.10363836824696793,0.10253583241455333,0.2778390297684674,-0.004410143329658278,0.14884233737596464,2026H1
600360,2026-04-14,1,mid,none,two_day_acceleration,current_week,0.019375672766415386,0.04951560818083944,0.22927879440258336,-0.0032292787944027124,0.1216361679224971,2026H1
600360,2026-04-16,3,mid,none,shrinking_volume_acceleration,current_week,0.030366492146596702,0.06596858638743441,0.14869109947643988,-0.01884816753926699,0.09109947643979055,2026H1
600360,2026-05-13,2,bull,ma_bull,shrinking_volume_acceleration,current_week,0.03516295025728988,0.053173241852487285,-0.04030874785591776,-0.10720411663807894,0.0806174957118353,2026H1
600360,2026-08-10,0,mid,none,pullback_holds,current_week,0.038570084666039506,-0.0159924741298213,-0.07525870178739424,-0.03668861712135474,0.06020696142991522,2026H2
600360,2026-08-21,4,mid,none,pullback_holds,current_week,-0.015151515151515138,-0.08522727272727271,,-0.08901515151515149,0.0359848484848484,2026H2
600360,2026-08-31,0,bull,none,pullback_holds,current_week,-0.06202290076335881,-0.026717557251908386,,-0.09446564885496189,0.007633587786259444,2026H2
301065,2025-05-08,3,bull,ma_bull,shrinking_volume_acceleration,current_week,0.00454545454545463,0.029090909090909056,0.030454545454545512,-0.04045454545454552,0.08045454545454533,2025H1
301065,2025-05-16,4,bull,ma_bull,shrinking_volume_acceleration,current_week,0.023381294964028854,-0.0058453237410073244,0.029676258992805682,-0.033273381294964155,0.06879496402877683,2025H1
301065,2025-05-21,2,bull,ma_bull,two_day_acceleration,current_week,-0.04657179818887458,-0.018973695558430426,-0.09098749460974553,-0.07287623975851665,0.02501078050883998,2025H1
301065,2025-05-23,4,bull,ma_bull,shrinking_volume_acceleration,current_week,-0.01733333333333331,0.04133333333333322,-0.05422222222222217,-0.0444444444444444,0.04355555555555557,2025H1
301065,2025-06-05,3,bull,ma_bull,pullback_holds,current_week,0.041300527240773155,-0.07381370826010547,0.041300527240773155,-0.07644991212653784,0.06151142355008776,2025H1
301065,2025-06-06,4,bull,ma_bull,pullback_holds,current_week,0.016335540838851914,-0.06887417218543057,0.039735099337748325,-0.07505518763796926,0.06666666666666665,2025H1
301065,2025-06-12,3,bull,ma_bull,shrinking_volume_acceleration,current_week,-0.10677966101694913,-0.0733050847457627,-0.0016949152542373724,-0.11822033898305095,0.019491525423728895,2025H1
301065,2025-06-13,4,bull,ma_bull,pullback_holds,current_week,-0.08977125593439805,-0.05999136814846784,0.005610703495899871,-0.10185584807941317,0.007768666378938249,2025H1
301065,2025-06-25,2,bull,ma_bull,pullback_holds,current_week,0.06386861313868608,0.07390510948905105,0.13549270072992692,-0.013686131386861367,0.09990875912408748,2025H1
301065,2025-07-03,3,bull,ma_bull,shrinking_volume_acceleration,current_week,-0.005067567567567655,-0.0122466216216216,0.03716216216216228,-0.04434121621621623,0.018158783783783772,2025H2
301065,2025-07-17,3,bull,ma_bull,pullback_holds,current_week,0.046343537414965885,0.04421768707483009,0.031037414965986443,-0.015731292517006668,0.08503401360544216,2025H2
301065,2025-07-23,2,bull,ma_bull,two_day_acceleration,current_week,0.006459426725878181,0.0028259991925716488,-0.01937828017763421,-0.020993136859103756,0.030278562777553475,2025H2
301065,2025-07-25,4,bull,ma_bull,shrinking_volume_acceleration,current_week,-0.008048289738430525,0.012072434607645954,-0.041046277665996,-0.024547283702213263,0.026961770623742387,2025H2
301065,2025-07-28,0,bull,ma_bull,two_day_acceleration,current_week,-0.019245875883739272,-0.007462686567164201,-0.05263157894736836,-0.04791830322073831,0.0007855459544383603,2025H2
301065,2025-08-04,0,bull,ma_bull,pullback_holds,current_week,0.008379888268156277,-0.04030327214684759,-0.026735833998403846,-0.05027932960893855,0.052673583399840185,2025H2
301065,2025-08-06,2,bull,ma_bull,pullback_holds,current_week,0.04210104250200475,-0.026062550120288797,-0.06174819566960699,-0.045709703287890924,0.057738572574177915,2025H2
301065,2025-08-25,0,bull,ma_bull,shrinking_volume_acceleration,current_week,0.011194029850746245,0.011608623548922115,-0.05514096185737982,-0.07213930348258712,0.031094527363184188,2025H2
301065,2025-08-26,1,bull,ma_bull,pullback_holds,current_week,-0.010766045548654346,0.0,-0.07453416149068326,-0.07329192546583863,0.029813664596273215,2025H2
301065,2025-09-01,0,bull,ma_bull,pullback_holds,current_week,0.0012310217480508978,-0.026672137874435897,-0.05334427574887157,-0.04800984817398446,0.01764464505539598,2025H2
301065,2025-09-30,1,bull,none,pullback_holds,current_week,0.013626373626373534,0.03164835164835167,0.017142857142857126,-0.03076923076923077,0.035604395604395656,2025H2
301065,2025-10-09,3,bull,none,pullback_holds,current_week,0.010039284155390682,0.02182453077258839,0.027935399388913096,-0.037538192928851966,0.029681361850720123,2025H2
301065,2025-10-13,0,bull,none,pullback_holds,current_week,-0.007778738115816752,0.01987899740708743,0.023768366464995694,-0.019878997407087318,0.023768366464995694,2025H2
301065,2025-10-16,3,bull,none,pullback_holds,current_week,0.013858813339107767,-0.021654395842355956,0.03637938501515814,-0.025985275010827147,0.02598527501082737,2025H2
301065,2025-10-20,0,mid,none,pullback_holds,current_week,0.028770706190061057,0.005666957279860441,0.04054054054054057,-0.019616390584132448,0.032693984306887636,2025H2
301065,2025-10-21,1,bull,none,two_day_acceleration,current_week,-0.0059931506849315586,-0.022260273972602773,0.019263698630136883,-0.03724315068493145,0.014126712328767166,2025H2
301065,2025-11-03,0,bull,none,pullback_holds,current_week,0.02554112554112553,0.033333333333333215,-0.01861471861471864,-0.02121212121212135,0.04935064935064948,2025H2
301065,2025-11-05,2,bull,none,pullback_holds,current_week,0.02548596112311019,0.00043196544276447035,-0.03153347732181422,-0.002159827213822907,0.04708423326133904,2025H2
301065,2025-11-06,3,bull,none,shrinking_volume_acceleration,current_week,0.016135881104033967,-0.01273885350318471,-0.06751592356687897,-0.024628450106157218,0.029299363057324834,2025H2
301065,2025-12-01,0,mid,none,pullback_holds,current_week,-0.013674459638288616,-0.0710189677988532,-0.050727834142038075,-0.08778120864578742,0.0013233348037051673,2025H2
301065,2025-12-08,0,bull,none,pullback_holds,current_week,-0.05813953488372092,-0.05098389982110918,-0.029964221824686832,-0.09257602862254022,0.005813953488372103,2025H2
301065,2025-12-25,3,bull,none,pullback_holds,current_week,0.018047200370199024,0.037482646922720964,0.09856547894493306,-0.01850994909763992,0.04072188801480814,2025H2
301065,2025-12-29,0,bull,none,pullback_holds,current_week,0.0013850415512466352,0.046168051708217916,0.0780240073868883,-0.020775623268697974,0.06325023084025849,2025H2
301065,2026-01-30,4,bull,none,shrinking_volume_acceleration,current_week,0.007572570466975126,0.011779554059739183,0.02397980647875464,-0.018931426167437926,0.028186790071518697,2026H1
301065,2026-03-10,1,bull,ma_bull,shrinking_volume_acceleration,current_week,-0.0369923602734219,-0.11258544431041417,-0.04744672295938879,-0.1576196220345799,0.012062726176115923,2026H1
301065,2026-03-12,3,bull,ma_bull,shrinking_volume_acceleration,current_week,-0.039024390243902474,-0.10243902439024388,-0.04390243902439028,-0.14837398373983746,0.023170731707317094,2026H1
301065,2026-04-29,2,bull,macd_cross,two_day_acceleration,current_week,0.006975789905621532,-0.02708247845711942,-0.1202297907263028,-0.04021337710299555,0.009027492819039695,2026H1
301065,2026-05-08,4,bull,ma_bull,shrinking_volume_acceleration,current_week,-0.04068348250610254,-0.06672091131000812,-0.17615947925142394,-0.10292921074043937,0.00040683482506098656,2026H1
600643,2025-03-28,4,mid,none,two_day_acceleration,current_week,-0.10848126232741617,0.0039447731755424265,-0.096646942800789,-0.15384615384615385,0.01972386587771191,2025H1
600643,2025-08-11,0,bull,none,pullback_holds,current_week,0.01791530944625408,0.03257328990227992,-0.05374592833876224,-0.016286644951140183,0.05863192182410404,2025H2
600643,2025-08-12,1,bull,ma_bull,pullback_holds,current_week,0.012987012987013102,0.01948051948051943,-0.06006493506493504,-0.019480519480519543,0.05519480519480524,2025H2
600643,2025-08-13,2,bull,ma_bull,pullback_holds,current_week,0.006493506493506551,-0.016233766233766156,-0.0665584415584416,-0.019480519480519543,0.05519480519480524,2025H2
600643,2025-08-14,3,bull,none,pullback_holds,current_week,0.04269293924466355,0.0016420361247948545,-0.044334975369458074,-0.02463054187192104,0.0673234811165846,2025H2
600643,2025-09-17,2,bull,macd_stabilizing,two_day_acceleration,current_week,-0.0694214876033058,-0.07438016528925606,-0.06280991735537189,-0.09421487603305778,0.0016528925619836432,2025H2
600643,2025-10-10,4,bull,none,pullback_holds,current_week,-0.005474452554744547,0.02737226277372251,0.038321167883211604,-0.007299270072992692,0.038321167883211604,2025H2
600643,2025-10-15,2,bull,none,pullback_holds,current_week,0.0,0.024955436720142554,0.02317290552584672,-0.030303030303030276,0.028520499108734443,2025H2
600643,2025-10-27,0,bull,none,pullback_holds,current_week,0.0070796460176991705,0.019469026548672552,-0.04778761061946912,-0.01415929203539823,0.02123893805309729,2025H2
600643,2025-10-28,1,bull,none,pullback_holds,current_week,0.0070796460176991705,0.019469026548672552,-0.038938053097345215,-0.01415929203539823,0.02123893805309729,2025H2
600643,2025-11-03,0,bull,none,pullback_holds,current_week,0.015873015873015817,0.021164021164021163,-0.033509700176366786,-0.008818342151675429,0.03703703703703698,2025H2
600643,2025-11-04,1,bull,none,pullback_holds,current_week,0.02127659574468077,0.015957446808510856,-0.03014184397163122,-0.0035460992907800915,0.042553191489361764,2025H2
600643,2025-11-05,2,bull,none,pullback_holds,current_week,0.0034965034965035446,-0.02622377622377614,-0.04895104895104885,-0.029720279720279685,0.027972027972027913,2025H2
600643,2025-11-10,0,bull,none,two_day_acceleration,current_week,0.005208333333333481,-0.06597222222222221,-0.03993055555555547,-0.07465277777777768,0.02083333333333326,2025H2
600643,2025-11-12,2,bull,none,pullback_holds,current_week,-0.029616724738675937,-0.05052264808362372,-0.06794425087108014,-0.0714285714285714,0.024390243902439046,2025H2
600643,2025-12-01,0,mid,none,pullback_holds,current_week,0.009124087591240837,-0.04379562043795626,0.01642335766423364,-0.054744525547445355,0.02372262773722622,2025H2
600643,2025-12-08,0,bull,none,pullback_holds,current_week,-0.04900181488203259,-0.029038112522685844,0.007259528130671544,-0.07622504537205077,0.001814882032667997,2025H2
600643,2025-12-19,4,mid,none,pullback_holds,current_week,0.043233082706766846,0.06203007518796988,-0.03947368421052633,-0.009398496240601517,0.0657894736842104,2025H2
600643,2025-12-25,3,bull,none,two_day_acceleration,current_week,-0.009025270758122761,0.036101083032491044,-0.07761732851985559,-0.016245487364620947,0.04151624548736477,2025H2
600643,2025-12-29,0,bull,none,shrinking_volume_acceleration,current_week,0.0,0.016216216216216273,-0.09369369369369362,-0.018018018018017945,0.05945945945945952,2025H2
688299,2025-03-17,0,bull,none,two_day_acceleration,current_week,-0.07780458383594702,0.042822677925210995,0.03196622436670671,-0.10675512665862497,0.04463208685162834,2025H1
688299,2025-04-02,2,mid,macd_cross,two_day_acceleration,current_week,-0.07972270363951472,-0.025996533795493937,0.13229347198151364,-0.24783362218370886,0.051993067590988096,2025H1
688299,2025-05-09,4,bull,ma_bull,shrinking_volume_acceleration,current_week,0.007500000000000062,-0.03300000000000003,-0.07400000000000007,-0.05449999999999999,0.058499999999999996,2025H1
688299,2025-06-05,3,bull,ma_bull,pullback_holds,current_week,-0.02591792656587477,-0.04643628509719222,0.027537796976242035,-0.06587473002159816,0.034017278617710645,2025H1
688299,2025-07-09,2,bull,none,pullback_holds,current_week,-0.03455608718766601,-0.0361509835194046,-0.03668261562998398,-0.04784688995215303,0.01754385964912286,2025H2
688299,2025-07-18,4,bull,none,two_day_acceleration,current_week,-0.04004214963119079,-0.06217070600632246,-0.035827186512118026,-0.06638566912539523,0.020547945205479534,2025H2
688299,2025-08-12,1,bull,none,pullback_holds,current_week,0.018983807928531604,0.0630932439977665,0.30932439977666104,-0.012841987716359582,0.08151870463428268,2025H2
688299,2025-08-14,3,bull,none,pullback_holds,current_week,0.033688938798427825,0.1650758001122965,0.30095451993262223,-0.005614823133071156,0.2363840539023021,2025H2
688299,2025-08-15,4,bull,none,shrinking_volume_acceleration,current_week,0.043169398907103806,0.2814207650273224,0.2524590163934426,-0.022950819672131195,0.3387978142076502,2025H2
688299,2025-08-21,3,bull,none,two_day_acceleration,current_week,0.11559139784946226,0.2559139784946236,0.27956989247311825,-0.004301075268817289,0.4096774193548385,2025H2
688299,2025-09-16,1,bull,ma_bull,shrinking_volume_acceleration,current_week,0.0,0.006926406926407003,-0.11861471861471873,-0.038961038961039085,0.058874458874458746,2025H2
688299,2025-09-17,2,bull,ma_bull,pullback_holds,current_week,-0.008485362749257486,-0.03733559609673309,-0.13831141281289783,-0.05812473483241409,0.03775986423419608,2025H2
688299,2025-09-18,3,mid,ma_bull,pullback_holds,current_week,-0.03655462184873959,-0.11764705882352944,-0.134873949579832,-0.12268907563025222,0.01638655462184868,2025H2
688299,2025-09-19,4,mid,ma_bull,pullback_holds,current_week,-0.04737732656514382,-0.11675126903553301,-0.11590524534686963,-0.1539763113367174,0.01818950930626051,2025H2
688299,2025-09-30,1,bull,ma_bull,two_day_acceleration,current_week,-0.08762228838792008,-0.1339855380689069,-0.2062951935346662,-0.14929817099106768,0.011909825606124969,2025H2
688299,2025-11-11,1,bull,none,two_day_acceleration,current_week,-0.03749999999999998,-0.10364583333333321,-0.08489583333333328,-0.140625,0.02083333333333348,2025H2
688299,2025-11-14,4,bull,none,pullback_holds,current_week,-0.11972573839662448,-0.0864978902953587,-0.09440928270042193,-0.129746835443038,0.020569620253164667,2025H2
688299,2025-12-01,0,mid,none,pullback_holds,current_week,-0.006861063464837058,-0.0245854774156663,-0.019439679817038313,-0.061749571183533525,0.020011435105774522,2025H2
688299,2025-12-09,1,mid,none,pullback_holds,current_week,-0.049942594718714206,-0.010907003444316943,0.02411021814006875,-0.06946039035591278,0.009184845005740572,2025H2
688299,2025-12-22,0,bull,none,pullback_holds,current_week,0.004686584651435455,0.040421792618629215,0.08318687756297605,-0.016403046280023537,0.05155243116578778,2025H2
688299,2025-12-23,1,bull,none,pullback_holds,current_week,-0.012768427161926832,0.03540336622170637,0.09286128845037722,-0.025536854323853775,0.05977945443993038,2025H2
688671,2025-10-13,0,bull,macd_stabilizing,two_day_acceleration,current_week,-0.004516711833785103,0.02935862691960245,0.07678410117434509,-0.03748870822041561,0.03206865401987358,2025H2
688671,2025-10-15,2,bull,macd_stabilizing,pullback_holds,current_week,0.012727272727272698,0.03772727272727283,0.08000000000000007,-0.03136363636363637,0.05227272727272747,2025H2
688671,2025-10-20,0,mid,macd_stabilizing,shrinking_volume_acceleration,current_week,0.028893905191873515,0.036568848758465,0.12731376975169284,-0.011286681715575675,0.04514672686230248,2025H2
688671,2025-10-27,0,bull,none,shrinking_volume_acceleration,current_week,0.008344312692138756,0.04699165568730779,-0.0601668862538427,-0.018884497145366663,0.08476064997804134,2025H2
688671,2025-11-05,2,bull,none,pullback_holds,current_week,0.03394255874673635,0.011314186248912117,0.12271540469973896,-0.022193211488250708,0.10008703220191473,2025H2
688671,2025-11-06,3,bull,none,pullback_holds,current_week,0.025217391304347858,-0.016521739130434754,0.202608695652174,-0.020000000000000018,0.09913043478260875,2025H2
688671,2025-11-12,2,bull,none,shrinking_volume_acceleration,current_week,-0.02188552188552184,-0.07491582491582494,0.24158249158249157,-0.11952861952861948,0.06397306397306401,2025H2
688671,2025-11-17,0,mid,ma_bull,two_day_acceleration,current_week,-0.1429715658790548,-0.07368842611133364,0.0893071686023228,-0.1621946335602722,0.0008009611533841277,2025H2
688671,2025-12-01,0,mid,ma_bull,pullback_holds,current_week,0.19314775160599562,0.16488222698072796,0.018415417558886427,-0.031691648822269936,0.3259100642398287,2025H2
688671,2026-01-13,1,bull,ma_bull,pullback_holds,current_week,0.0075727381426864415,-0.007174172977281734,-0.008369868473495412,-0.05141490633718615,0.06337186129932237,2026H1
688671,2026-02-10,1,bull,none,pullback_holds,current_week,0.004424778761061843,-0.11142397425583261,-0.05189058728881735,-0.12308930008045049,0.04102976669348357,2026H1
688671,2026-02-11,2,bull,none,pullback_holds,current_week,0.014285714285714235,-0.0836734693877551,-0.05714285714285705,-0.11020408163265305,0.05632653061224491,2026H1
688671,2026-03-16,0,mid,none,two_day_acceleration,current_week,-0.1388771633600675,-0.07555930772477837,-0.11101730688054046,-0.14647530603630232,0.0012663571127056183,2026H1
688671,2026-04-10,4,mid,none,pullback_holds,current_week,0.016083254493850507,0.01939451277199633,0.23320719016083258,-0.017029328287606393,0.06480605487227997,2026H1
688671,2026-04-17,4,mid,none,pullback_holds,current_week,0.0032588454376163423,0.11918063314711347,0.23324022346368722,-0.02607076350093107,0.1382681564245809,2026H1
688671,2026-04-20,0,bull,none,pullback_holds,current_week,0.04321561338289959,0.14916356877323422,0.16868029739776969,-0.027881040892193232,0.15938661710037172,2026H1
688671,2026-04-24,4,bull,none,pullback_holds,current_week,0.1150278293135436,0.20918367346938793,0.19573283858998147,-0.0055658627087197265,0.2588126159554731,2026H1
688671,2026-05-07,3,bull,none,shrinking_volume_acceleration,current_week,0.055016181229773586,0.017394822006472577,0.020631067961165206,-0.012944983818770073,0.18810679611650505,2026H1
688671,2026-05-11,0,bull,macd_cross,two_day_acceleration,current_week,0.015769230769230758,0.09730769230769232,-0.06615384615384612,-0.03884615384615375,0.1296153846153847,2026H1
688671,2026-08-07,4,mid,none,shrinking_volume_acceleration,current_week,0.012453300124533051,0.022000830220008316,0.0182648401826484,-0.028642590286425795,0.05853051058530512,2026H2
688671,2026-08-27,3,mid,none,shrinking_volume_acceleration,current_week,0.0112540192926045,-0.03536977491961413,,-0.05104501607717038,0.02893890675241173,2026H2
688092,2023-11-06,0,mid,macd_stabilizing,shrinking_volume_acceleration,current_week,0.028308097432521384,0.06846609611586585,0.028308097432521384,-0.005924950625411429,0.0691244239631339,2023H2
688092,2023-11-13,0,mid,none,two_day_acceleration,current_week,0.04709677419354841,0.00967741935483879,-0.01838709677419359,-0.002580645161290307,0.04774193548387107,2023H2
688092,2023-11-15,2,mid,none,shrinking_volume_acceleration,current_week,-0.0022236340533672294,0.013024142312579423,-0.027001270648030595,-0.017789072426937724,0.03208386277001285,2023H2
688092,2023-11-17,4,mid,none,shrinking_volume_acceleration,current_week,-0.020440251572326984,-0.01981132075471692,-0.05377358490566042,-0.03238993710691829,0.02169811320754711,2023H2
688092,2023-11-20,0,mid,ma_bull,two_day_acceleration,current_week,-0.032756489493201424,-0.0346106304079109,-0.08467243510506794,-0.04913473423980219,0.004017305315203945,2023H2
688092,2023-11-23,3,mid,ma_bull,pullback_holds,current_week,-0.012002526847757378,-0.026847757422615248,-0.043272267845862356,-0.02969046114971574,0.02621604548325962,2023H2
688092,2023-12-28,3,mid,none,pullback_holds,current_week,0.02370617696160271,0.00968280467445748,-0.04173622704507518,-0.013355592654423987,0.05141903171953266,2023H2
688092,2023-12-29,4,mid,macd_stabilizing,two_day_acceleration,current_week,-0.028896103896103864,-0.0331168831168831,-0.09123376623376622,-0.04058441558441561,0.022402597402597424,2023H2
688092,2024-05-06,0,bull,ma_bull,shrinking_volume_acceleration,current_week,-0.028019052956010038,-0.03166152984029125,-0.0868590641636311,-0.04707200896609698,0.031101148781171428,2024H1
688092,2024-05-07,1,bull,ma_bull,shrinking_volume_acceleration,current_week,-0.02243145942952074,-0.0573248407643312,-0.10800332317917472,-0.062032677928551716,0.019108280254777288,2024H1
688092,2024-05-08,2,bull,ma_bull,pullback_holds,current_week,-0.03899721448467963,-0.05793871866295264,-0.12256267409470745,-0.06128133704735361,0.025069637883008422,2024H1
688092,2024-05-09,3,bull,ma_bull,pullback_holds,current_week,-0.020173718128327245,-0.05435696273465951,-0.15018212384421392,-0.058279630148500905,0.010086859064163844,2024H1
688092,2024-05-14,1,bull,ma_bull,shrinking_volume_acceleration,current_week,-0.03569405099150158,-0.05580736543909359,-0.10708215297450441,-0.06317280453257801,0.0033994334277620553,2024H1
688092,2024-05-27,0,mid,ma_bull,pullback_holds,current_week,-0.04147058823529404,-0.07941176470588229,-0.3888235294117647,-0.11294117647058821,0.003235294117647003,2024H1
688092,2025-12-01,0,mid,ma_bull,pullback_holds,current_week,0.0023455824863174435,-0.06763096168881944,-0.01915559030492575,-0.07544956997654417,0.015637216575449475,2025H2
688092,2025-12-08,0,bull,macd_stabilizing,pullback_holds,current_week,-0.06543887147335414,-0.05995297805642619,0.03879310344827602,-0.09561128526645757,0.009012539184952928,2025H2
688092,2025-12-19,4,mid,none,pullback_holds,current_week,0.012355848434925987,0.10255354200988465,0.1738056013179572,-0.02471169686985175,0.13962108731466238,2025H2
688092,2025-12-25,3,bull,none,pullback_holds,current_week,0.06114239742558336,0.13837489943684633,0.16371681415929196,-0.018503620273531696,0.15285599356395818,2025H2
688092,2025-12-26,4,bull,none,pullback_holds,current_week,0.09042769857433797,0.14623217922606924,0.1922606924643584,-0.006109979633401208,0.16741344195519337,2025H2
688092,2025-12-31,2,bull,none,shrinking_volume_acceleration,current_week,0.08488694962316545,0.13566045220150724,0.17017056723522406,0.0,0.1396271320904403,2025H2
688092,2026-01-12,0,bull,ma_bull,two_day_acceleration,current_week,0.007779349363507659,0.022984441301272973,0.09264497878359257,-0.02192362093352196,0.06082036775106081,2026H1
688092,2026-01-15,3,bull,ma_bull,shrinking_volume_acceleration,current_week,0.02489481065918664,0.046984572230013955,0.06942496493688632,-0.02103786816269282,0.06942496493688632,2026H1
688092,2026-01-28,2,bull,ma_bull,two_day_acceleration,current_week,0.02975593447007685,0.028084252758274753,0.020394516883985192,-0.04045469742561014,0.04680708793045807,2026H1
688092,2026-02-03,1,mid,ma_bull,shrinking_volume_acceleration,current_week,0.011158516573679167,0.02198884148342639,0.04200853298326224,-0.010502133245815504,0.03281916639317384,2026H1
688092,2026-02-04,2,mid,ma_bull,two_day_acceleration,current_week,0.004901960784313708,0.02941176470588225,0.015686274509803866,-0.010457516339869244,0.03888888888888875,2026H1
688092,2026-02-24,1,bull,ma_bull,shrinking_volume_acceleration,current_week,-0.06124401913875599,0.026794258373205704,-0.09122807017543855,-0.06411483253588524,0.026794258373205704,2026H1
688092,2026-04-09,3,mid,none,pullback_holds,current_week,0.016586040082930298,-0.014858327574291619,0.03939184519695926,-0.024187975120939842,0.023496890117484348,2026H1
688092,2026-04-10,4,mid,none,pullback_holds,current_week,0.013103448275862073,-0.010344827586206917,0.038275862068965605,-0.044137931034482825,0.02137931034482765,2026H1
688092,2026-04-16,3,mid,none,shrinking_volume_acceleration,current_week,-0.024298425735797324,0.014715947980835198,0.01848049281314168,-0.05133470225872694,0.019849418206707714,2026H1
688092,2026-04-20,0,bull,none,two_day_acceleration,current_week,0.004432321854756172,0.01193317422434359,-0.005114217524718745,-0.05489260143198105,0.027616774633481,2026H1
688092,2026-04-22,2,bull,none,pullback_holds,current_week,0.01085481682496603,0.01322930800542732,-0.014586160108548185,-0.059701492537313494,0.022727272727272707,2026H1
688092,2026-04-27,0,bull,macd_stabilizing,two_day_acceleration,current_week,0.013661202185792254,0.00785519125683054,-0.07308743169398912,-0.012978142076502719,0.040983606557376984,2026H1
688092,2026-04-28,1,bull,macd_stabilizing,pullback_holds,current_week,0.026433230346721626,-0.005492619292825296,-0.08685204256779944,-0.007552351527634671,0.04634397528321332,2026H1
688092,2026-04-29,2,bull,macd_stabilizing,two_day_acceleration,current_week,0.01945392491467568,0.015017064846416517,-0.06382252559726964,-0.013310580204778155,0.04027303754266209,2026H1
688092,2026-05-08,4,bull,none,shrinking_volume_acceleration,current_week,-0.036260811709913576,-0.015302727877578248,-0.09347970725216237,-0.04990019960079839,0.013972055888223478,2026H1
002316,2023-07-05,2,mid,ma_bull,two_day_acceleration,current_week,0.013944223107569709,0.1673306772908365,0.08565737051792821,-0.04980079681274896,0.1832669322709164,2023H2
002316,2023-07-28,4,bull,ma_bull,shrinking_volume_acceleration,current_week,0.022608695652173827,-0.05391304347826076,-0.034782608695652195,-0.07304347826086954,0.05913043478260871,2023H2
002316,2023-09-11,0,mid,none,shrinking_volume_acceleration,current_week,-0.027079303675048294,-0.05802707930367501,0.07543520309477758,-0.06769825918762085,0.011605415860735047,2023H2
002316,2023-11-14,1,mid,ma_bull,two_day_acceleration,current_week,-0.00805152979066015,0.02898550724637694,0.06280193236714982,-0.032206119162640934,0.07890499194847034,2023H2
002316,2023-11-17,4,mid,ma_bull,pullback_holds,current_week,-0.024115755627009516,0.016077170418006492,-0.08520900321543401,-0.0337620578778135,0.07717041800643099,2023H2
002316,2024-01-02,1,mid,none,shrinking_volume_acceleration,current_week,-0.01147227533460815,-0.017208413001912226,-0.1835564053537284,-0.04780114722753348,0.021032504780114536,2024H1
002316,2025-07-28,0,bull,ma_bull,pullback_holds,current_week,0.022900763358778553,0.04580152671755733,0.25763358778625944,-0.03053435114503822,0.04580152671755733,2025H2
002316,2025-07-29,1,bull,ma_bull,pullback_holds,current_week,0.026923076923076827,0.101923076923077,0.2153846153846155,-0.023076923076923106,0.10576923076923084,2025H2
002316,2025-07-31,3,bull,ma_bull,pullback_holds,current_week,0.020912547528517234,0.12167300380228152,0.10836501901140694,-0.009505703422053147,0.1577946768060836,2025H2
002316,2025-08-04,0,bull,ma_bull,two_day_acceleration,current_week,0.01858736059479571,0.15055762081784385,0.1003717472118959,-0.027881040892193232,0.17472118959107807,2025H2
002316,2025-08-11,0,bull,ma_bull,two_day_acceleration,current_week,0.12956204379562042,0.20255474452554734,0.031021897810219023,-0.0018248175182482562,0.20985401459854014,2025H2
002316,2025-08-20,2,bull,ma_bull,shrinking_volume_acceleration,current_week,-0.049679487179487225,-0.06730769230769229,-0.14583333333333337,-0.08493589743589747,0.08493589743589758,2025H2
002316,2025-10-09,3,bull,none,pullback_holds,current_week,-0.011342155009451682,0.047258979206049156,0.05482041587901709,-0.03969754253308133,0.05860113421550106,2025H2
002316,2025-10-10,4,bull,none,pullback_holds,current_week,0.005825242718446422,0.056310679611650594,0.09902912621359228,-0.013592233009708798,0.08737864077669899,2025H2
002316,2025-10-23,3,bull,none,shrinking_volume_acceleration,current_week,-0.05585585585585584,0.00540540540540535,-0.037837837837837784,-0.06666666666666665,0.018018018018018056,2025H2
002316,2025-11-03,0,bull,none,pullback_holds,current_week,0.042592592592592515,0.05555555555555558,-0.0185185185185186,-0.00925925925925919,0.1166666666666667,2025H2
002316,2025-11-04,1,bull,none,two_day_acceleration,current_week,0.021739130434782483,0.019927536231884035,-0.0434782608695653,-0.021739130434782594,0.09239130434782594,2025H2
002316,2025-11-06,3,bull,none,two_day_acceleration,current_week,0.0,-0.043010752688172116,-0.09498207885304666,-0.053763440860215006,0.08064516129032251,2025H2
002316,2025-11-07,4,bull,none,two_day_acceleration,current_week,-0.015789473684210464,-0.12105263157894741,-0.0964912280701754,-0.1228070175438597,0.015789473684210575,2025H2
002316,2025-11-17,0,mid,none,two_day_acceleration,current_week,-0.08435852372583486,-0.06854130052724083,-0.17398945518453435,-0.12126537785588754,0.0035149384885764245,2025H2
002316,2025-12-08,0,bull,none,shrinking_volume_acceleration,current_week,-0.10133843212237093,-0.06309751434034416,-0.0975143403441684,-0.15105162523900573,0.009560229445506607,2025H2
002316,2025-12-09,1,mid,none,pullback_holds,current_week,-0.09883720930232553,-0.08333333333333326,0.005813953488372103,-0.13953488372093015,0.01744186046511631,2025H2
002316,2025-12-19,4,mid,none,shrinking_volume_acceleration,current_week,-0.036437246963562875,-0.020242914979757165,0.10121457489878538,-0.06882591093117407,0.010121457489878471,2025H2
002316,2026-01-05,0,bull,none,pullback_holds,current_week,0.3165618448637315,0.1341719077568133,0.12997903563941282,-0.016771488469601636,0.3165618448637315,2026H1
002316,2026-01-06,1,bull,none,pullback_holds,current_week,0.1673553719008265,0.12396694214876036,0.14669421487603307,-0.030991735537189924,0.2975206611570249,2026H1
002316,2026-02-02,0,mid,none,pullback_holds,current_week,0.05656934306569328,0.038321167883211604,0.06569343065693412,-0.025547445255474588,0.06569343065693412,2026H1
002316,2026-02-03,1,mid,none,shrinking_volume_acceleration,current_week,0.047101449275362306,0.05253623188405787,0.04166666666666652,-0.0036231884057972286,0.05797101449275344,2026H1
002316,2026-02-09,0,bull,none,two_day_acceleration,current_week,-0.017271157167530138,-0.07599309153713285,-0.017271157167530138,-0.07944732297063906,0.015544041450777257,2026H1
002316,2026-02-25,2,bull,ma_bull,two_day_acceleration,current_week,-0.06540447504302938,-0.010327022375215211,-0.055077452667814164,-0.09466437177280562,0.012048192771084265,2026H1
002316,2026-03-16,0,mid,ma_bull,pullback_holds,current_week,-0.1701754385964912,-0.00877192982456132,-0.06666666666666665,-0.1701754385964912,0.03859649122807007,2026H1
002316,2026-05-11,0,bull,macd_cross,two_day_acceleration,current_week,-0.01926444833625207,-0.05253940455341499,-0.1873905429071805,-0.08581436077057802,0.015761821366024442,2026H1
002316,2026-05-18,0,bull,none,shrinking_volume_acceleration,current_week,-0.03392857142857153,-0.07857142857142863,-0.20178571428571446,-0.1339285714285714,0.02678571428571419,2026H1
002316,2026-05-19,1,bull,none,pullback_holds,current_week,-0.014362657091561926,-0.08976660682226212,-0.19748653500897673,-0.12926391382405744,0.032315978456014305,2026H1
002316,2026-05-20,2,bull,none,pullback_holds,current_week,-0.03649635036496357,-0.10036496350364976,-0.2189781021897811,-0.11496350364963503,0.0492700729927007,2026H1
002316,2026-05-22,4,mid,none,shrinking_volume_acceleration,current_week,-0.0961887477313973,-0.11796733212341193,-0.18874773139745915,-0.15245009074410165,0.04355716878402904,2026H1
600589,2023-04-14,4,bull,ma_bull,pullback_holds,current_week,0.0840336134453783,0.0840336134453783,0.0126050420168069,-0.004201680672268782,0.11344537815126055,2023H1
600589,2023-04-19,2,bull,ma_bull,pullback_holds,current_week,0.015748031496062964,0.0,-0.055118110236220486,-0.055118110236220486,0.04330708661417315,2023H1
600589,2023-05-05,4,bull,ma_bull,shrinking_volume_acceleration,current_week,0.007692307692307665,-0.07692307692307698,-0.3538461538461539,-0.09230769230769242,0.011538461538461497,2023H1
600589,2023-07-11,1,mid,none,pullback_holds,current_week,0.07272727272727275,-0.036363636363636376,-0.047272727272727244,-0.06181818181818177,0.14909090909090916,2023H2
600589,2024-01-29,0,mid,none,pullback_holds,current_week,-0.16716417910447767,-0.005970149253731294,0.14925373134328357,-0.20895522388059706,0.05074626865671639,2024H1
600589,2024-02-21,2,bull,none,pullback_holds,current_week,0.08359133126934992,0.25077399380804954,0.368421052631579,0.0,0.25077399380804954,2024H1
600589,2025-03-20,3,bull,ma_bull,two_day_acceleration,current_week,-0.30076838638858394,-0.2107574094401755,-0.33699231613611413,-0.3051591657519209,0.03622392974753019,2025H1
600589,2025-04-02,2,mid,ma_bull,shrinking_volume_acceleration,current_week,-0.0959302325581396,-0.13808139534883723,0.13953488372093026,-0.23691860465116277,0.07994186046511631,2025H1
600589,2025-05-12,0,bull,none,shrinking_volume_acceleration,current_week,-0.03924050632911402,-0.06329113924050633,-0.015189873417721489,-0.09746835443037982,0.06329113924050622,2025H1
600589,2025-05-13,1,bull,none,two_day_acceleration,current_week,0.002538071065989911,-0.08248730964466999,-0.026649746192893398,-0.09517766497461932,0.06598984771573613,2025H1
600589,2025-06-09,0,bull,ma_bull,shrinking_volume_acceleration,current_week,-0.07999999999999996,-0.09124999999999994,0.06000000000000005,-0.13375000000000004,0.016250000000000098,2025H1
600589,2025-06-24,1,bull,ma_bull,two_day_acceleration,current_week,0.021136063408190298,0.13210039630118886,0.10964332892998674,-0.019815059445178362,0.16248348745046237,2025H1
600589,2025-08-11,0,bull,ma_bull,pullback_holds,current_week,0.052760736196318936,0.09447852760736186,-0.03190184049079747,-0.0012269938650306678,0.12638036809815945,2025H2
600589,2025-08-13,2,bull,ma_bull,pullback_holds,current_week,0.05149700598802398,0.12814371257485035,-0.06706586826347305,-0.007185628742514827,0.1724550898203594,2025H2
600589,2025-08-18,0,bull,ma_bull,two_day_acceleration,current_week,0.04205607476635498,0.012850467289719614,-0.05957943925233644,-0.017523364485981352,0.14369158878504673,2025H2
600589,2025-08-22,4,bull,ma_bull,shrinking_volume_acceleration,current_week,-0.010180995475113086,-0.11199095022624428,-0.12782805429864252,-0.1493212669683257,0.10746606334841635,2025H2
600589,2025-08-25,0,bull,none,two_day_acceleration,current_week,-0.014772727272727382,-0.1034090909090909,-0.10909090909090913,-0.1454545454545455,0.11250000000000004,2025H2
600589,2025-10-21,1,bull,none,pullback_holds,current_week,0.06920903954802271,0.0028248587570622874,0.04519774011299438,-0.009887005649717562,0.09604519774011289,2025H2
600589,2025-10-22,2,bull,none,two_day_acceleration,current_week,0.029045643153526868,-0.022130013831258677,0.020746887966804906,-0.03042876901798075,0.07330567081604422,2025H2
600589,2025-10-23,3,bull,none,pullback_holds,current_week,0.007042253521126751,0.008450704225352101,0.015492957746478853,-0.012676056338028263,0.09295774647887312,2025H2
600589,2025-10-24,4,bull,none,pullback_holds,current_week,0.0028050490883591017,0.02103786816269282,-0.029453015427770013,-0.016830294530154277,0.08835904628330993,2025H2
600589,2025-10-27,0,bull,none,pullback_holds,current_week,-0.006925207756232621,0.03185595567867039,-0.0041551246537395725,-0.02908587257617723,0.07479224376731297,2025H2
600589,2025-10-31,4,bull,none,pullback_holds,current_week,0.02103786816269282,0.032258064516129004,0.10378681626928477,-0.016830294530154277,0.06171107994389913,2025H2
600589,2025-11-10,0,bull,none,two_day_acceleration,current_week,-0.016000000000000014,-0.04133333333333333,-0.033333333333333326,-0.08399999999999996,0.009333333333333416,2025H2
600589,2025-11-12,2,bull,none,shrinking_volume_acceleration,current_week,-0.005390835579514808,-0.02695417789757415,-0.018867924528301883,-0.07412398921832886,0.020215633423180668,2025H2
600589,2025-11-13,3,bull,none,two_day_acceleration,current_week,-0.03609625668449201,-0.014705882352941235,-0.042780748663101664,-0.08155080213903743,0.0013368983957218195,2025H2
600589,2025-11-14,4,bull,none,pullback_holds,current_week,-0.05978260869565222,0.06929347826086962,-0.02038043478260876,-0.06657608695652173,0.1005434782608694,2025H2
600589,2025-12-25,3,bull,none,pullback_holds,current_week,0.006811989100817595,0.40599455040871946,0.4359673024523163,-0.03542234332425065,0.45231607629427795,2025H2
600589,2026-04-13,0,mid,none,shrinking_volume_acceleration,current_week,-0.039689387402933485,-0.13546160483175151,0.13718723037100955,-0.14408973252804136,0.031924072476272825,2026H1
600589,2026-06-16,1,bull,none,pullback_holds,current_week,0.024975024975024906,0.05294705294705304,-0.2417582417582418,-0.11788211788211789,0.09790209790209792,2026H1
600698,2023-03-20,0,mid,none,shrinking_volume_acceleration,current_week,-0.008368200836820106,-0.029288702928870425,-0.008368200836820106,-0.03556485355648531,0.012552301255229992,2023H1
600698,2023-03-21,1,mid,none,pullback_holds,current_week,-0.010395010395010562,-0.05405405405405417,-0.03534303534303551,-0.06444906444906451,0.006237006237006071,2023H1
600698,2023-03-22,2,mid,none,pullback_holds,current_week,-0.027083333333333348,-0.05624999999999991,-0.008333333333333304,-0.06666666666666654,0.0,2023H1
600698,2023-03-23,3,bull,none,pullback_holds,current_week,-0.002105263157894721,-0.04210526315789476,-0.004210526315789331,-0.056842105263157805,0.008421052631578885,2023H1
600698,2023-03-24,4,mid,none,pullback_holds,current_week,-0.010504201680672232,-0.05252100840336138,0.0126050420168069,-0.05882352941176461,0.006302521008403339,2023H1
600698,2023-05-08,0,bull,macd_stabilizing,pullback_holds,current_week,-0.00638297872340432,-0.02127659574468077,-0.051063829787234116,-0.036170212765957444,0.019148936170212627,2023H1
600698,2023-05-10,2,mid,macd_stabilizing,pullback_holds,current_week,-0.012711864406779627,-0.04237288135593209,-0.06991525423728817,-0.04661016949152541,0.014830508474576343,2023H1
600698,2023-05-11,3,mid,macd_stabilizing,pullback_holds,current_week,-0.03131524008350739,-0.07306889352818369,-0.08977035490605423,-0.07933194154488521,0.0,2023H1
600698,2025-05-12,0,bull,none,shrinking_volume_acceleration,current_week,0.08630952380952372,0.059523809523809534,0.0029761904761904656,-0.044642857142857095,0.31398809523809534,2025H1
600698,2025-05-27,1,mid,ma_bull,shrinking_volume_acceleration,current_week,-0.05655172413793108,-0.055172413793103336,0.09241379310344833,-0.09379310344827585,0.03724137931034499,2025H1
600698,2025-07-04,4,bull,ma_bull,shrinking_volume_acceleration,current_week,0.09641025641025647,0.06256410256410261,0.04923076923076919,-0.048205128205128234,0.28,2025H2
600698,2025-07-24,3,bull,ma_bull,pullback_holds,current_week,0.014520813165537216,0.3000968054211035,0.24685382381413357,-0.02710551790900284,0.39303000968054214,2025H2
600698,2025-07-25,4,bull,ma_bull,pullback_holds,current_week,-0.019175455417066112,0.22243528283796743,0.25599232981783326,-0.03643336529242558,0.37967401725791006,2025H2
600698,2025-08-18,0,bull,ma_bull,shrinking_volume_acceleration,current_week,-0.0380673499267935,-0.07393850658857981,-0.25256222547584184,-0.12884333821376281,0.0014641288433381305,2025H2
600698,2025-10-29,2,bull,none,pullback_holds,current_week,-0.015841584158415856,-0.05841584158415836,-0.07326732673267333,-0.06435643564356419,0.001980198019802204,2025H2
600698,2025-11-10,0,bull,none,shrinking_volume_acceleration,current_week,0.05612244897959173,-0.010204081632653073,-0.07551020408163267,-0.05102040816326525,0.07040816326530597,2025H2
600698,2025-12-19,4,mid,none,pullback_holds,current_week,-0.0044345898004433115,0.019955654101995624,-0.03547671840354749,-0.026607538802660757,0.02106430155210659,2025H2
600698,2025-12-25,3,bull,none,pullback_holds,current_week,0.007726269315673218,0.036423841059602724,-0.04966887417218557,-0.025386313465783683,0.039735099337748325,2025H2
600698,2025-12-31,2,bull,none,pullback_holds,current_week,0.024282560706401668,-0.013245033112582849,-0.09050772626931569,-0.019867549668874163,0.039735099337748325,2025H2
600698,2026-01-05,0,bull,none,two_day_acceleration,current_week,0.028477546549835697,-0.0065717415115006395,-0.1139101861993429,-0.027382256297918905,0.03176341730558585,2026H1
600698,2026-01-12,0,bull,none,shrinking_volume_acceleration,current_week,-0.03201707577374602,-0.08110992529349004,-0.11099252934898618,-0.08751334044823911,0.002134471718249653,2026H1
600641,2025-05-06,1,mid,none,two_day_acceleration,current_week,-0.04606141522029372,-0.0420560747663552,-0.0720961281708945,-0.08010680907877166,0.005340453938584844,2025H1
600641,2025-05-07,2,bull,none,pullback_holds,current_week,-0.018531228551818768,-0.021276595744680882,-0.03774879890185312,-0.05422100205902536,0.01441317776252582,2025H1
600641,2025-05-08,3,bull,none,pullback_holds,current_week,-0.0379048931771192,-0.03308063404548578,-0.038594073053066724,-0.05031013094417636,0.01860785665058584,2025H1
600641,2025-05-12,0,bull,none,pullback_holds,current_week,-0.02551724137931033,-0.04137931034482756,-0.04068965517241374,-0.049655172413793025,0.0193103448275862,2025H1
600641,2025-05-19,0,bull,none,two_day_acceleration,current_week,-0.016973125884017004,-0.02545968882602545,-0.04314002828854313,-0.030410183875530405,0.024752475247524774,2025H1
600641,2025-05-20,1,bull,none,pullback_holds,current_week,-0.02657342657342665,-0.027972027972028024,-0.06433566433566429,-0.04475524475524484,0.002097902097901949,2025H1
600641,2025-05-21,2,bull,none,pullback_holds,current_week,-0.03164556962025322,-0.01406469760900153,-0.07172995780590719,-0.039381153305203975,0.0035161744022502717,2025H1
600641,2025-09-09,1,bull,ma_bull,two_day_acceleration,current_week,0.0012499999999999734,0.10812500000000003,0.3943749999999999,-0.025000000000000022,0.13437500000000013,2025H2
600641,2025-09-19,4,mid,ma_bull,shrinking_volume_acceleration,current_week,0.0819575471698113,0.3708726415094339,0.16214622641509435,-0.000589622641509524,0.38561320754716966,2025H2
600641,2025-10-15,2,bull,ma_bull,shrinking_volume_acceleration,current_week,-0.10523978685612778,-0.11722912966252219,-0.19360568383658971,-0.15719360568383656,0.004884547069271772,2025H2
600641,2025-11-10,0,bull,ma_bull,pullback_holds,current_week,-0.08665231431646947,-0.11194833153928962,-0.09903121636167922,-0.1307857911733048,0.02906350914962319,2025H2
600641,2025-12-08,0,bull,none,pullback_holds,current_week,-0.014397120575884936,0.03419316136772643,0.13017396520695845,-0.06058788242351543,0.04559088182363524,2025H2
600641,2025-12-24,2,bull,none,shrinking_volume_acceleration,current_week,0.016714697406339907,0.11008645533141204,0.15100864553314097,-0.016138328530259427,0.14639769452449558,2025H2
600641,2025-12-26,4,bull,none,two_day_acceleration,current_week,0.07068965517241366,0.06379310344827571,0.0954022988505745,-0.007471264367816199,0.14310344827586197,2025H2
600641,2025-12-30,1,bull,none,two_day_acceleration,current_week,0.09994353472614348,0.08752117447769625,0.0897797854319593,-0.01976284584980248,0.12309429700734054,2025H2
600641,2026-01-08,3,bull,none,two_day_acceleration,current_week,-0.016845329249617014,-0.05615109749872371,-0.11128126595201637,-0.06380806533945893,0.08677896886166403,2026H1
600641,2026-03-11,2,bull,none,pullback_holds,current_week,0.040681693238042715,0.06212204507971397,0.1577789994502472,-0.02473886750962062,0.08796041781198438,2026H1
600641,2026-03-12,3,bull,none,pullback_holds,current_week,0.01317957166392092,0.04063701263042274,0.21252059308072502,-0.025809994508511735,0.08676551345414607,2026H1
600641,2026-03-13,4,mid,none,pullback_holds,current_week,0.0364130434782608,0.016847826086956452,0.18586956521739117,-0.035869565217391264,0.07554347826086949,2026H1
600641,2026-03-16,0,mid,none,shrinking_volume_acceleration,current_week,-0.006420545746388506,0.006955591225254132,0.19529159978598165,-0.03745318352059923,0.05885500267522725,2026H1
600641,2026-04-14,1,mid,ma_bull,shrinking_volume_acceleration,current_week,0.09674543022737403,0.2144449398127508,0.28756130182790907,-0.04458314757021842,0.28666963887650465,2026H1
600641,2026-04-24,4,bull,ma_bull,shrinking_volume_acceleration,current_week,0.0010889292196007982,0.05989110707803991,-0.02758620689655178,-0.074410163339383,0.08892921960072586,2026H1
600641,2026-05-07,3,bull,ma_bull,shrinking_volume_acceleration,current_week,0.09982046678635537,-0.042728904847396776,-0.04057450628366255,-0.05206463195691202,0.14183123877917403,2026H1
600641,2026-05-11,0,bull,ma_bull,two_day_acceleration,current_week,0.06593406593406592,-0.019230769230769162,-0.15625,-0.09340659340659341,0.09203296703296693,2026H1
600641,2026-06-18,3,bull,ma_bull,two_day_acceleration,current_week,0.0962750716332379,0.36131805157593133,-0.07851002865329504,-0.02005730659025773,0.46103151862464187,2026H1
600641,2026-08-14,4,mid,none,shrinking_volume_acceleration,current_week,-0.05815972222222232,0.00694444444444442,-0.1519097222222222,-0.1406250000000001,0.0795717592592593,2026H2
002091,2025-05-07,2,bull,none,two_day_acceleration,current_week,0.025991792065663377,0.02735978112175097,0.008207934336525335,-0.005471956224350261,0.03283173734610112,2025H1
002091,2025-05-09,4,bull,none,shrinking_volume_acceleration,current_week,-0.002680965147452974,-0.00536193029490617,0.002680965147453085,-0.01072386058981234,0.012064343163538771,2025H1
002091,2025-06-06,4,bull,none,pullback_holds,current_week,0.002666666666666817,-0.051999999999999935,-0.028000000000000025,-0.06000000000000005,0.02400000000000002,2025H1
002091,2025-06-11,2,bull,macd_cross,shrinking_volume_acceleration,current_week,-0.01449275362318836,-0.02898550724637683,-0.04347826086956519,-0.07114624505928857,0.011857707509881354,2025H1
002091,2025-06-13,4,bull,macd_cross,pullback_holds,current_week,-0.053262316910785534,-0.02130492676431417,-0.019973368841544548,-0.06125166444740349,0.007989347536617952,2025H1
002091,2025-06-17,1,bull,none,pullback_holds,current_week,-0.019946808510638347,-0.03856382978723405,-0.03191489361702127,-0.06250000000000011,0.0066489361702126715,2025H1
002091,2025-09-11,3,bull,ma_bull,shrinking_volume_acceleration,current_week,-0.01693002257336329,0.0011286681715576563,-0.04401805869074482,-0.05417607223476284,0.04514672686230248,2025H2
002091,2025-09-24,2,bull,ma_bull,two_day_acceleration,current_week,0.04729729729729737,-0.022522522522522626,-0.010135135135135087,-0.04729729729729726,0.072072072072072,2025H2
002091,2025-09-29,0,bull,ma_bull,two_day_acceleration,current_week,-0.033333333333333215,-0.046666666666666634,0.017777777777777892,-0.06333333333333335,0.057777777777777706,2025H2
002091,2025-10-09,3,bull,ma_bull,two_day_acceleration,current_week,-0.06566200215285267,-0.07534983853606037,0.0,-0.09903121636167922,0.0,2025H2
002091,2025-10-27,0,bull,ma_bull,pullback_holds,current_week,0.10328638497652598,0.21126760563380298,0.041079812206572974,-0.008215962441314617,0.2758215962441317,2025H2
002091,2025-10-30,3,bull,ma_bull,pullback_holds,current_week,0.05328798185941053,0.2074829931972788,0.027210884353741527,-0.0045351473922903285,0.25850340136054406,2025H2
002091,2025-12-01,0,mid,ma_bull,pullback_holds,current_week,-0.017429193899782147,-0.05991285403050095,-0.004357298474945481,-0.07080610021786493,0.007625272331154731,2025H2
002091,2025-12-19,4,mid,none,pullback_holds,current_week,0.03571428571428559,0.029017857142857206,0.036830357142857206,-0.008928571428571397,0.04352678571428559,2025H2
002091,2025-12-22,0,bull,none,pullback_holds,current_week,0.015555555555555545,0.007777777777777883,0.03777777777777769,-0.012222222222222134,0.03888888888888875,2025H2
002091,2025-12-23,1,bull,none,two_day_acceleration,current_week,0.0,-0.0055126791620728754,0.040793825799338324,-0.019845644983461974,0.030871003307607392,2025H2
002091,2025-12-25,3,bull,macd_stabilizing,shrinking_volume_acceleration,current_week,-0.016357688113413316,-0.013086150490730586,0.01526717557251911,-0.030534351145038108,0.019629225736095934,2025H2
002091,2025-12-26,4,bull,macd_stabilizing,two_day_acceleration,current_week,-0.00324324324324321,-0.024864864864864944,-0.00216216216216214,-0.038918918918918854,0.00108108108108107,2025H2
002091,2026-01-07,2,bull,none,pullback_holds,current_week,-0.013259668508287414,0.03204419889502752,-0.030939226519337115,-0.020994475138121693,0.059668508287292754,2026H1
002091,2026-01-09,4,bull,none,pullback_holds,current_week,0.02101769911504414,0.04646017699115035,-0.030973451327433787,-0.01991150442477896,0.060840707964601615,2026H1
002091,2026-01-19,0,bull,none,shrinking_volume_acceleration,current_week,-0.009574468085106314,-0.09042553191489355,-0.05638297872340414,-0.09255319148936181,0.014893617021276562,2026H1
002091,2026-02-11,2,bull,none,two_day_acceleration,current_week,0.02020202020202011,-0.008978675645342271,0.012345679012345512,-0.029180695847362492,0.041526374859708115,2026H1
002091,2026-02-25,2,bull,none,two_day_acceleration,current_week,-0.04684095860566451,0.02178649237472774,-0.0010893246187363426,-0.050108932461873534,0.023965141612200425,2026H1
002091,2026-02-27,4,bull,none,shrinking_volume_acceleration,current_week,0.011086474501108778,0.0509977827050998,0.03658536585365857,-0.03325942350332578,0.066518847006652,2026H1
002091,2026-03-02,0,bull,none,two_day_acceleration,current_week,-0.013114754098360715,0.02950819672131133,0.02076502732240426,-0.04699453551912569,0.051366120218579336,2026H1
002091,2026-03-11,2,bull,none,two_day_acceleration,current_week,-0.008547008547008517,-0.020299145299145227,-0.030982905982905873,-0.07478632478632474,0.0277777777777779,2026H1
002091,2026-04-09,3,mid,none,pullback_holds,current_week,0.03516483516483526,0.04615384615384621,0.016483516483516425,-0.00219780219780219,0.07802197802197819,2026H1
002091,2026-04-14,1,mid,ma_bull,two_day_acceleration,current_week,0.011714589989350266,0.02342917997870053,-0.04259850905218321,-0.024494142705005384,0.0638977635782747,2026H1
002091,2026-04-24,4,bull,ma_bull,shrinking_volume_acceleration,current_week,-0.05567010309278364,-0.04329896907216513,-0.0835051546391753,-0.09381443298969072,0.02989690721649474,2026H1
002091,2026-04-27,0,bull,ma_bull,two_day_acceleration,current_week,-0.09090909090909094,-0.08580183861082735,-0.09397344228804905,-0.10214504596527063,0.010214504596526952,2026H1
002091,2026-05-06,2,bull,ma_bull,shrinking_volume_acceleration,current_week,0.01642935377875121,-0.02300109529025196,-0.05147864184008766,-0.03504928806133634,0.07338444687842283,2026H1
000860,2023-05-15,0,mid,ma_bull,shrinking_volume_acceleration,current_week,0.016881258941344734,-0.04835479256080133,-0.11158798283261806,-0.08412017167381991,0.03347639484978515,2023H1
603578,2023-08-01,1,bull,ma_bull,pullback_holds,current_week,0.04527027027027031,0.022297297297297236,0.07567567567567557,-0.04054054054054046,0.08108108108108092,2023H2
603578,2023-08-02,2,bull,ma_bull,two_day_acceleration,current_week,0.011243386243386277,0.011904761904761862,0.08994708994709,-0.060846560846560815,0.05820105820105814,2023H2
603578,2023-08-03,3,bull,ma_bull,pullback_holds,current_week,0.011992005329780175,0.03131245836109264,0.083944037308461,-0.05396402398401057,0.06595602931379085,2023H2
603578,2023-08-04,4,bull,ma_bull,pullback_holds,current_week,-0.04587765957446821,0.02127659574468077,0.134973404255319,-0.05585106382978722,0.06382978723404253,2023H2
603578,2023-08-10,3,bull,ma_bull,pullback_holds,current_week,0.01308900523560208,0.015052356020942348,0.03468586387434547,-0.0706806282722513,0.04712041884816753,2023H2
603578,2023-09-05,1,mid,ma_bull,shrinking_volume_acceleration,current_week,-0.09891366495140097,-0.11720983419096642,-0.14808461978273302,-0.1360777587192683,0.0005717552887363198,2023H2
603578,2023-11-15,2,mid,none,pullback_holds,current_week,0.03622693096377305,-0.005468215994531733,-0.052631578947368474,-0.022556390977443663,0.07450444292549552,2023H2
603578,2023-11-16,3,mid,none,pullback_holds,current_week,0.019958706125257963,-0.004129387474191337,-0.037852718513420536,-0.015829318651066737,0.08189951823812791,2023H2
603578,2023-11-17,4,mid,none,pullback_holds,current_week,-0.006858710562414272,-0.013031550068587028,-0.040466392318244115,-0.019204389574759895,0.07818930041152261,2023H2
603578,2023-11-20,0,mid,none,two_day_acceleration,current_week,-0.025084745762711802,-0.02779661016949153,-0.06576271186440674,-0.03050847457627115,0.06576271186440685,2023H2
603578,2023-11-22,2,mid,none,two_day_acceleration,current_week,-0.04023746701846964,-0.0646437994722956,-0.09366754617414252,-0.07189973614775724,0.01253298153034299,2023H2
603578,2023-12-28,3,mid,none,pullback_holds,current_week,0.004255319148936287,0.005673758865248235,-0.051063829787234005,-0.0099290780141843,0.03191489361702127,2023H2
603578,2023-12-29,4,mid,none,two_day_acceleration,current_week,-0.014685314685314754,-0.004195804195804231,-0.09510489510489517,-0.0174825174825175,0.0174825174825175,2023H2
603578,2025-06-09,0,bull,none,pullback_holds,current_week,-0.04529115744069012,0.02300503235082685,0.005751258087706601,-0.08195542774982034,0.02300503235082685,2025H1
603578,2025-07-08,1,bull,none,two_day_acceleration,current_week,-0.0646067415730337,-0.028792134831460703,-0.015449438202247201,-0.0737359550561798,0.0231741573033708,2025H2
603578,2025-07-09,2,bull,none,pullback_holds,current_week,-0.03435934144595565,-0.019327129563350032,-0.0014316392269148048,-0.055833929849677943,0.04294917680744459,2025H2
603578,2025-07-10,3,bull,none,pullback_holds,current_week,-0.0490196078431373,-0.03221288515406173,-0.02170868347338939,-0.07633053221288522,0.020308123249299648,2025H2
603578,2025-07-11,4,bull,none,pullback_holds,current_week,-0.02991452991452992,0.047008547008547064,0.004273504273504258,-0.06054131054131062,0.061253561253561184,2025H2
603578,2025-08-11,0,bull,none,two_day_acceleration,current_week,-0.036186499652053006,-0.005567153792623514,-0.0758524704244955,-0.046624913013222025,0.0027835768963115903,2025H2
603578,2025-08-20,2,bull,macd_stabilizing,pullback_holds,current_week,-0.016949152542372947,-0.096045197740113,-0.05155367231638419,-0.09745762711864403,0.024717514124293682,2025H2
603578,2025-08-22,4,bull,macd_stabilizing,pullback_holds,current_week,-0.07751937984496127,-0.08174770965468625,-0.07751937984496127,-0.1042988019732205,0.02255109231853414,2025H2
603578,2025-09-08,0,bull,none,pullback_holds,current_week,0.007535795026375469,-0.016578749058025588,-0.05350414468726439,-0.02788244159758846,0.04596834966088936,2025H2
603578,2025-09-09,1,bull,none,pullback_holds,current_week,0.024868123587038493,-0.03617181612660125,-0.045214770158251705,-0.06254709871891484,0.04596834966088936,2025H2
603578,2025-09-10,2,bull,none,pullback_holds,current_week,0.009774436090225436,-0.019548872180451093,-0.06090225563909779,-0.06466165413533842,0.043609022556390986,2025H2
603578,2025-09-12,4,bull,none,pullback_holds,current_week,-0.03394833948339493,-0.05018450184501844,-0.07011070110701112,-0.081918819188192,0.007380073800737907,2025H2
603578,2025-09-16,1,bull,none,pullback_holds,current_week,-0.059558823529411664,-0.05882352941176461,-0.04926470588235299,-0.08529411764705885,0.003676470588235281,2025H2
603578,2025-09-29,0,bull,none,pullback_holds,current_week,-0.03458877786318215,-0.013066871637202104,0.028439661798616456,-0.07071483474250573,0.0,2025H2
603578,2025-10-21,1,bull,none,pullback_holds,current_week,0.027258566978193066,0.0420560747663552,0.06697819314641751,-0.006230529595015577,0.05919003115264787,2025H2
603578,2025-10-22,2,bull,none,pullback_holds,current_week,0.008500772797527034,0.043276661514683123,0.01700154559505407,-0.008500772797527034,0.051004636785162205,2025H2
603578,2025-10-23,3,bull,none,two_day_acceleration,current_week,-0.009104704097116834,0.02124430955993928,-0.006828528072837625,-0.018209408194233667,0.033383915022761945,2025H2
603578,2025-10-31,4,bull,none,two_day_acceleration,current_week,0.010455563853622118,0.017923823749066425,-0.031366691560866355,-0.014189693801344272,0.036594473487677304,2025H2
603578,2026-04-09,3,mid,none,pullback_holds,current_week,0.010292953285827355,0.03958828186856689,0.1749802058590657,-0.02375296912114022,0.13618368962787009,2026H1
603578,2026-04-10,4,mid,none,pullback_holds,current_week,-0.003974562798092163,0.062003179650238494,0.1820349761526232,-0.019872813990461036,0.14069952305246414,2026H1
603578,2026-04-24,4,bull,none,shrinking_volume_acceleration,current_week,0.027736131934033015,0.11469265367316361,0.26986506746626704,-0.027736131934032904,0.12293853073463268,2026H1
603578,2026-05-15,4,bull,macd_cross,shrinking_volume_acceleration,current_week,0.011447811447811373,0.0181818181818183,-0.13535353535353534,-0.02491582491582489,0.1447811447811449,2026H1
603578,2026-05-19,1,bull,none,two_day_acceleration,current_week,-0.0012970168612191912,-0.07133592736705574,-0.12905317769130997,-0.07198443579766534,0.10246433203631655,2026H1
603578,2026-06-23,1,bull,macd_stabilizing,pullback_holds,current_week,-0.17195207892882314,-0.0958421423537702,-0.24876673713883013,-0.22339675828047922,0.007047216349542085,2026H1
603578,2026-06-24,2,bull,macd_stabilizing,pullback_holds,current_week,-0.1757233592095978,-0.13126323218066338,-0.2589978828510938,-0.2223006351446719,0.0007057163020465218,2026H1
600050,2023-03-15,2,mid,ma_bull,pullback_holds,current_week,-0.045454545454545525,-0.08080808080808088,-0.03198653198653201,-0.11279461279461278,0.03703703703703698,2023H1
600050,2023-04-03,0,bull,ma_bull,two_day_acceleration,current_week,-0.007207207207207245,0.09369369369369385,-0.0108108108108107,-0.028828828828828867,0.10450450450450455,2023H1
600050,2023-04-06,3,bull,ma_bull,pullback_holds,current_week,0.039783001808318286,0.03435804701627476,-0.009041591320072317,-0.025316455696202667,0.10849909584086803,2023H1
600050,2023-04-14,4,bull,ma_bull,shrinking_volume_acceleration,current_week,-0.04173913043478261,-0.05391304347826076,-0.13217391304347825,-0.08521739130434791,0.06608695652173902,2023H1
600050,2023-04-17,0,bull,ma_bull,two_day_acceleration,current_week,-0.06324786324786325,-0.07008547008547006,-0.14017094017094023,-0.10085470085470094,0.04786324786324769,2023H1
600050,2023-04-18,1,bull,ma_bull,two_day_acceleration,current_week,-0.08067226890756307,-0.07731092436974785,-0.16134453781512603,-0.11596638655462188,0.005042016806722671,2023H1
600050,2023-05-05,4,bull,none,pullback_holds,current_week,-0.04014598540145997,-0.08941605839416067,-0.07846715328467169,-0.0985401459854015,0.04562043795620441,2023H1
600050,2023-07-04,1,mid,none,pullback_holds,current_week,-0.03673469387755113,0.07551020408163267,0.048979591836734615,-0.0653061224489796,0.09183673469387754,2023H2
600050,2023-07-05,2,mid,none,pullback_holds,current_week,-0.049792531120331995,0.08506224066390033,0.05809128630705396,-0.049792531120331995,0.10995850622406644,2023H2
600050,2024-11-06,2,bull,ma_bull,pullback_holds,current_week,0.0622568093385214,0.0661478599221792,0.009727626459144156,-0.017509727626459082,0.2062256809338523,2024H2
600050,2024-11-07,3,bull,ma_bull,two_day_acceleration,current_week,0.03207547169811309,0.013207547169811429,-0.024528301886792447,-0.047169811320754707,0.16981132075471694,2024H2
600050,2024-11-11,0,bull,ma_bull,shrinking_volume_acceleration,current_week,0.11324376199616126,-0.019193857965451033,0.026871401151631558,-0.030710172744721764,0.1900191938579654,2024H2
600050,2024-12-03,1,bull,ma_bull,pullback_holds,current_week,0.029126213592232997,0.01747572815533971,0.03106796116504862,-0.005825242718446644,0.058252427184465994,2024H2
600050,2024-12-04,2,bull,ma_bull,pullback_holds,current_week,0.023210831721470093,0.029013539651837617,-0.029013539651837394,-0.003868471953578201,0.05415860735009681,2024H2
600050,2024-12-05,3,bull,ma_bull,pullback_holds,current_week,0.032945736434108586,0.03875968992248069,-0.04651162790697683,0.0,0.056201550387597,2024H2
600050,2024-12-06,4,bull,ma_bull,pullback_holds,current_week,0.0019193857965451588,0.011516314779270731,-0.06717850287907867,-0.0038387715930900956,0.04606525911708248,2024H2
600050,2024-12-09,0,bull,ma_bull,two_day_acceleration,current_week,-0.02777777777777779,-0.016666666666666607,-0.09259259259259256,-0.03333333333333344,0.007407407407407307,2024H2
600050,2024-12-10,1,bull,ma_bull,pullback_holds,current_week,-0.009451795841209809,0.011342155009451904,-0.07183364839319473,-0.013232514177693777,0.018903591682419618,2024H2
600050,2024-12-11,2,bull,ma_bull,pullback_holds,current_week,0.007575757575757569,0.030303030303030276,-0.07954545454545447,-0.011363636363636465,0.05303030303030298,2024H2
600050,2024-12-12,3,bull,ma_bull,pullback_holds,current_week,0.01132075471698113,0.016981132075471583,-0.09811320754716979,-0.015094339622641506,0.04905660377358512,2024H2
600050,2024-12-13,4,bull,ma_bull,pullback_holds,current_week,0.007648183556405286,0.026768642447418722,-0.09369024856596564,-0.0019120458891014325,0.06309751434034427,2024H2
600050,2024-12-16,0,bull,none,pullback_holds,current_week,0.01335877862595436,0.03244274809160297,-0.07442748091603046,-0.003816793893129833,0.06106870229007644,2024H2
600050,2024-12-17,1,bull,none,pullback_holds,current_week,0.011342155009451904,0.003780718336483968,-0.08884688090737236,-0.007561436672967825,0.051039697542533125,2024H2
600050,2024-12-20,4,bull,none,pullback_holds,current_week,0.020912547528517234,-0.07604562737642573,-0.08174904942965777,-0.08935361216730031,0.057034220532319546,2024H2
600050,2024-12-23,0,mid,none,pullback_holds,current_week,0.022684310018903586,-0.0737240075614366,-0.08884688090737236,-0.09451795841209831,0.051039697542533125,2024H2
600050,2024-12-25,2,bull,none,two_day_acceleration,current_week,-0.08058608058608052,-0.10989010989010983,-0.11538461538461542,-0.12271062271062272,0.0,2024H2
600050,2024-12-27,4,bull,none,pullback_holds,current_week,-0.09158878504672896,-0.11401869158878508,-0.0859813084112151,-0.12149532710280375,0.016822429906542036,2024H2
600050,2025-01-27,0,mid,none,pullback_holds,current_week,0.11382113821138229,0.30487804878048785,0.25609756097560976,-0.012195121951219412,0.33739837398373984,2025H1
600050,2025-02-06,3,mid,none,two_day_acceleration,current_week,0.08055009823182724,0.2180746561886051,0.28290766208251483,-0.007858546168958758,0.32023575638506885,2025H1
600050,2025-02-19,2,bull,ma_bull,shrinking_volume_acceleration,current_week,0.04258675078864371,-0.012618296529968487,-0.08990536277602512,-0.039432176656151396,0.09305993690851744,2025H1
600050,2025-03-18,1,bull,ma_bull,pullback_holds,current_week,-0.08482871125611735,-0.09298531810766708,-0.1076672104404568,-0.10114192495921703,0.0016313213703100793,2025H1
600050,2025-04-03,3,mid,ma_bull,pullback_holds,current_week,0.005576208178438735,0.01115241635687747,0.01858736059479571,-0.06505576208178432,0.027881040892193454,2025H1
600050,2025-04-28,0,mid,none,pullback_holds,current_week,0.020560747663551204,0.016822429906542036,0.009345794392523255,-0.00747663551401867,0.04112149532710285,2025H1
600050,2025-04-29,1,mid,none,pullback_holds,current_week,0.016853932584269593,0.0074906367041198685,0.0037453183520599342,-0.00561797752808979,0.04307116104868913,2025H1
600050,2025-05-09,4,bull,none,pullback_holds,current_week,-0.012844036697247763,-0.012844036697247763,-0.011009174311926717,-0.0183486238532109,0.016513761467889854,2025H1
600050,2025-05-20,1,bull,none,pullback_holds,current_week,-0.009140767824497242,-0.023765996343692808,-0.03290676416819005,-0.031078610603290646,0.001828153564899626,2025H1
600050,2025-05-26,0,bull,none,pullback_holds,current_week,-0.011131725417439675,-0.014842300556586085,-0.011131725417439675,-0.016697588126159513,0.011131725417439897,2025H1
600050,2025-05-27,1,mid,none,pullback_holds,current_week,-0.012939001848428888,-0.018484288354898237,-0.005545286506469571,-0.022181146025878062,0.005545286506469571,2025H1
600050,2025-05-29,3,bull,none,pullback_holds,current_week,0.0074349442379182396,-0.020446096654274992,-0.013011152416356753,-0.027881040892193232,0.01115241635687747,2025H1
600050,2025-06-05,3,bull,none,pullback_holds,current_week,-0.01862197392923648,-0.02607076350093107,-0.007448789571694592,-0.029795158286778478,0.013035381750465591,2025H1
600050,2025-06-06,4,bull,none,pullback_holds,current_week,-0.027675276752767375,-0.03136531365313655,-0.014760147601476037,-0.03874538745387457,0.0036900369003691758,2025H1
600050,2025-06-23,0,bull,none,pullback_holds,current_week,0.011363636363636243,0.013257575757575912,0.037878787878787845,-0.0018939393939393367,0.022727272727272707,2025H1
600050,2025-06-24,1,bull,none,pullback_holds,current_week,0.0018726591760300781,0.0074906367041198685,0.028089887640449396,-0.009363295880149725,0.011235955056179803,2025H1
600050,2025-06-26,3,bull,none,pullback_holds,current_week,0.0037664783427493465,0.01883239171374762,0.04143126177024481,-0.0037664783427495685,0.03578154425612046,2025H1
600050,2025-06-27,4,bull,none,pullback_holds,current_week,0.007547169811320753,0.020754716981132182,0.03207547169811309,-0.0018867924528301883,0.037735849056603765,2025H1
600050,2025-06-30,0,bull,none,pullback_holds,current_week,0.0,0.014953271028037118,0.014953271028037118,-0.009345794392523477,0.028037383177569986,2025H1
600050,2025-07-07,0,bull,none,pullback_holds,current_week,0.014953271028037118,0.024299065420560817,-0.005607476635514086,-0.0018691588785048063,0.03364485981308407,2025H2
600050,2025-07-08,1,bull,none,pullback_holds,current_week,0.01115241635687747,0.020446096654275214,0.0,-0.0018587360594795044,0.027881040892193454,2025H2
600050,2025-07-09,2,bull,none,two_day_acceleration,current_week,-0.0018416206261510082,0.012891344383057168,-0.016574585635359074,-0.011049723756906049,0.025782688766114337,2025H2
600050,2025-07-10,3,bull,none,pullback_holds,current_week,-0.005545286506469571,0.022181146025878062,-0.01109057301293892,-0.007393715341959317,0.02957486136783727,2025H2
600050,2025-07-11,4,bull,none,pullback_holds,current_week,0.007393715341959428,0.01109057301293892,-0.007393715341959317,-0.007393715341959317,0.02957486136783727,2025H2
600050,2025-07-14,0,bull,none,shrinking_volume_acceleration,current_week,0.011070110701107083,0.0018450184501843658,-0.011070110701106972,-0.009225092250922495,0.027675276752767486,2025H2
600050,2025-07-16,2,bull,none,pullback_holds,current_week,0.014760147601476037,0.0,0.0036900369003691758,-0.009225092250922495,0.027675276752767486,2025H2
600050,2025-07-18,4,bull,none,pullback_holds,current_week,0.0,-0.027422303473491727,-0.01279707495429605,-0.031078610603290646,0.018281535648994707,2025H2
600050,2025-07-24,3,bull,none,shrinking_volume_acceleration,current_week,-0.02898550724637683,-0.030797101449275388,0.0253623188405796,-0.0434782608695653,0.0018115942028984477,2025H2
600050,2025-07-25,4,bull,none,pullback_holds,current_week,-0.027422303473491727,-0.018281535648994485,0.07678244972577697,-0.034734917733089454,0.001828153564899626,2025H2
600050,2025-09-12,4,bull,ma_bull,pullback_holds,current_week,-0.042402826855123754,-0.044169611307420475,-0.03356890459363959,-0.051236749116607805,0.010600706713780772,2025H2
600050,2025-10-09,3,bull,macd_cross,pullback_holds,current_week,-0.010791366906474864,-0.0017985611510792365,-0.01618705035971235,-0.03597122302158273,0.0053956834532373765,2025H2
600050,2025-10-10,4,bull,macd_stabilizing,pullback_holds,current_week,0.01115241635687747,0.009293680297397744,0.024163568773234223,-0.0037174721189590088,0.0390334572490707,2025H2
600050,2025-10-27,0,bull,macd_stabilizing,pullback_holds,current_week,-0.010928961748634003,0.007285974499089187,-0.010928961748634003,-0.020036429872495543,0.007285974499089187,2025H2
600050,2025-10-29,2,bull,macd_stabilizing,pullback_holds,current_week,-0.007299270072992692,0.0,-0.005474452554744547,-0.018248175182481896,0.009124087591240837,2025H2
600050,2025-12-01,0,mid,macd_stabilizing,pullback_holds,current_week,-0.020220588235294157,-0.05147058823529416,-0.06066176470588236,-0.05147058823529416,0.007352941176470562,2025H2
000803,2025-05-08,3,bull,macd_stabilizing,shrinking_volume_acceleration,current_week,-0.03527336860670194,-0.003527336860670083,0.01763668430335108,-0.04761904761904756,0.031746031746031855,2025H1
000803,2025-05-09,4,bull,macd_stabilizing,pullback_holds,current_week,-0.02831858407079646,-0.023008849557522137,0.04424778761061954,-0.04424778761061943,0.03539823008849563,2025H1
000803,2025-05-19,0,bull,ma_bull,two_day_acceleration,current_week,-0.008849557522123908,0.02831858407079646,0.12566371681415922,-0.02831858407079646,0.06548672566371683,2025H1
000803,2025-05-23,4,bull,ma_bull,pullback_holds,current_week,0.034482758620689724,0.07078039927404722,0.05444646098003636,-0.003629764065335661,0.09255898366606186,2025H1
000803,2025-05-27,1,mid,ma_bull,two_day_acceleration,current_week,0.0017391304347824654,0.01565217391304352,0.04173913043478272,-0.024347826086956514,0.04695652173913056,2025H1
000803,2025-05-29,3,bull,ma_bull,shrinking_volume_acceleration,current_week,-0.018707482993197133,0.04421768707483009,0.005102040816326481,-0.04591836734693866,0.06802721088435382,2025H1
000803,2025-06-04,2,bull,ma_bull,pullback_holds,current_week,0.0121317157712304,0.09532062391681095,0.0883882149046793,-0.017331022530329365,0.11958405545927198,2025H1
000803,2025-06-09,0,bull,ma_bull,two_day_acceleration,current_week,0.04923599320882843,-0.013582342954159499,0.11884550084889645,-0.05263157894736836,0.09677419354838723,2025H1
000803,2025-06-11,2,bull,ma_bull,pullback_holds,current_week,0.08034188034188028,0.023931623931623847,0.1282051282051282,-0.04615384615384621,0.10427350427350413,2025H1
000803,2025-06-12,3,bull,ma_bull,pullback_holds,current_week,-0.00857632933104624,0.006861063464836947,0.1423670668953687,-0.04288164665523153,0.10806174957118353,2025H1
000803,2025-06-17,1,bull,ma_bull,shrinking_volume_acceleration,current_week,-0.07075471698113212,-0.037735849056603765,0.12106918238993702,-0.12264150943396235,0.011006289308175932,2025H1
000803,2025-07-09,2,bull,ma_bull,shrinking_volume_acceleration,current_week,0.08801213960546272,-0.04855842185128978,0.04400606980273136,-0.05159332321699539,0.1259484066767831,2025H2
000803,2025-07-10,3,bull,ma_bull,two_day_acceleration,current_week,-0.009063444108761254,-0.048338368580060465,0.0332326283987916,-0.05740181268882172,0.12084592145015094,2025H2
000803,2025-07-29,1,bull,ma_bull,two_day_acceleration,current_week,0.022900763358778775,0.10381679389312981,0.14961832061068714,-0.032061068702290085,0.14503816793893143,2025H2
000803,2025-07-30,2,bull,ma_bull,pullback_holds,current_week,0.06832298136645965,0.13354037267080732,0.12577639751552794,-0.015527950310559091,0.1645962732919255,2025H2
000803,2025-08-06,2,bull,ma_bull,two_day_acceleration,current_week,0.06104651162790686,0.0683139534883721,0.053779069767441845,-0.023255813953488413,0.1191860465116279,2025H2
000803,2025-08-21,3,bull,ma_bull,shrinking_volume_acceleration,current_week,-0.0692307692307692,-0.060256410256410264,-0.07435897435897432,-0.11282051282051286,0.017948717948718107,2025H2
000803,2025-08-26,1,bull,ma_bull,shrinking_volume_acceleration,current_week,-0.038821954484605126,0.06559571619812576,-0.10040160642570284,-0.07362784471218209,0.10843373493975905,2025H2
000803,2025-09-02,1,bull,ma_bull,pullback_holds,current_week,0.11328671328671325,0.05454545454545445,-0.005594405594405605,-0.020979020979021046,0.15804195804195786,2025H2
000803,2025-09-03,2,bull,ma_bull,pullback_holds,current_week,0.06758620689655181,0.026206896551724146,-0.05103448275862066,-0.03448275862068961,0.14206896551724135,2025H2
000803,2025-09-04,3,mid,ma_bull,pullback_holds,current_week,0.04347826086956519,-0.01902173913043481,-0.06793478260869568,-0.048913043478260865,0.12499999999999978,2025H2
000803,2025-09-05,4,bull,ma_bull,pullback_holds,current_week,0.05753424657534256,-0.016438356164383605,-0.06849315068493156,-0.03150684931506842,0.13424657534246576,2025H2
000803,2025-10-21,1,bull,none,pullback_holds,current_week,-0.01751824817518255,-0.023357664233576658,0.08905109489051077,-0.04087591240875921,0.021897810218977964,2025H2
000803,2025-10-22,2,bull,none,pullback_holds,current_week,0.02980625931445613,0.0,0.09538002980625948,-0.020864381520119157,0.0432190760059612,2025H2
000803,2025-10-23,3,bull,none,pullback_holds,current_week,-0.019316493313521477,0.02526002971768193,0.08023774145616636,-0.02377414561664193,0.04011887072808307,2025H2
000803,2025-10-24,4,bull,none,pullback_holds,current_week,0.004451038575667754,0.12611275964391688,0.03412462908011871,-0.02522255192878342,0.12611275964391688,2025H2
000803,2025-10-29,2,bull,none,two_day_acceleration,current_week,-0.02753623188405807,0.2637681159420291,-0.01304347826086949,-0.047826086956521796,0.2637681159420291,2025H2
000803,2025-10-31,4,bull,none,shrinking_volume_acceleration,current_week,0.11946902654867242,0.17109144542772858,0.014749262536873031,-0.030973451327433676,0.4144542772861357,2025H2
000803,2025-11-06,3,bull,none,two_day_acceleration,current_week,0.24087591240875894,0.0613138686131387,-0.039416058394160625,-0.00583941605839422,0.3999999999999999,2025H2
000803,2025-12-31,2,bull,none,pullback_holds,current_week,0.12654745529573574,0.16231086657496552,0.27922971114167816,0.0,0.2640990371389269,2025H2
000803,2026-01-08,3,bull,ma_bull,shrinking_volume_acceleration,current_week,0.044554455445544594,0.20297029702970293,0.07301980198019797,-0.007425742574257432,0.233910891089109,2026H1
000803,2026-02-25,2,bull,ma_bull,pullback_holds,current_week,0.08577633007600416,0.08143322475570036,-0.02714440825190012,-0.022801302931596212,0.22366992399565677,2026H1
000803,2026-02-26,3,bull,ma_bull,pullback_holds,current_week,0.13413304252998914,0.062159214830970644,-0.019629225736095934,-0.014176663031624792,0.2290076335877862,2026H1
000803,2026-04-10,4,mid,none,shrinking_volume_acceleration,current_week,-0.027348394768133222,-0.026159334126040545,0.030915576694411362,-0.09155766944114141,0.058263971462544584,2026H1
000803,2026-05-13,2,bull,none,pullback_holds,current_week,-0.057471264367816244,-0.06551724137931036,-0.16321839080459777,-0.1482758620689656,0.02298850574712641,2026H1
002908,2023-05-10,2,mid,ma_bull,shrinking_volume_acceleration,current_week,-0.07705406555981276,-0.11707109408258831,-0.290336313324819,-0.13452532992762878,0.04853128991060007,2023H1
002908,2023-08-07,0,bull,none,pullback_holds,current_week,-0.02337472607742863,-0.06355003652300939,0.05478451424397379,-0.09276844411979546,0.008035062089116307,2023H2
002908,2025-08-25,0,bull,ma_bull,shrinking_volume_acceleration,current_week,-0.03778337531486142,-0.07388748950461799,-0.10579345088161207,-0.12258606213266154,0.033585222502099166,2025H2
002908,2025-08-26,1,bull,ma_bull,two_day_acceleration,current_week,-0.09698451507742456,-0.11654441727791354,-0.1556642216788916,-0.14832925835370814,0.0032599837000815146,2025H2
002908,2025-09-24,2,bull,none,shrinking_volume_acceleration,current_week,-0.03305004721435312,-0.04910292728989607,-0.06798866855524066,-0.09820585457979214,0.008498583569405138,2025H2
002908,2025-10-24,4,bull,none,pullback_holds,current_week,-0.01850048685491723,-0.02434274586173324,-0.06523855890944497,-0.03992210321324252,0.004868549172346803,2025H2
002908,2025-11-03,0,bull,none,pullback_holds,current_week,-0.006889763779527547,0.010826771653543288,0.0,-0.025590551181102317,0.014763779527559029,2025H2
002908,2025-11-04,1,bull,none,pullback_holds,current_week,-0.0039447731755425375,0.014792899408283988,-0.002958579881656931,-0.023668639053254448,0.017751479289940697,2025H2
002908,2025-11-14,4,bull,none,pullback_holds,current_week,-0.04667328699106266,0.0009930486593843213,-0.08440913604766631,-0.04865938430983119,0.028798411122144874,2025H2
002908,2025-11-17,0,mid,none,two_day_acceleration,current_week,-0.025390625,-0.0078125,-0.10058593749999989,-0.064453125,0.01171875,2025H2
002908,2025-11-19,2,mid,none,pullback_holds,current_week,-0.005905511811023723,-0.0334645669291338,-0.09350393700787396,-0.057086614173228356,0.011811023622047223,2025H2
002908,2025-12-01,0,mid,none,pullback_holds,current_week,-0.03359683794466417,-0.08992094861660083,-0.058300395256917104,-0.10177865612648229,0.004940711462450453,2025H2
002908,2025-12-19,4,mid,none,pullback_holds,current_week,0.0064171122994653995,0.1219251336898397,0.1155080213903743,-0.014973262032085488,0.20320855614973277,2025H2
002908,2025-12-22,0,bull,none,pullback_holds,current_week,0.015991471215351716,0.09594882729211074,0.09381663113006389,-0.018123667377398678,0.1993603411513858,2025H2
002908,2025-12-24,2,bull,none,shrinking_volume_acceleration,current_week,0.12260127931769715,0.1503198294243071,0.10874200426439229,-0.0031982942430704986,0.1993603411513858,2025H2
002908,2025-12-25,3,bull,none,pullback_holds,current_week,0.133051742344245,0.20802534318901778,0.07286166842661035,-0.012671594508975814,0.2164730728616684,2025H2
002908,2025-12-26,4,bull,none,pullback_holds,current_week,0.11477151965993615,0.1540913921360254,0.1317747077577045,-0.006376195536663132,0.22422954303931975,2025H2
002908,2025-12-29,0,bull,none,pullback_holds,current_week,0.08553326293558583,0.1710665258711721,0.09186906019007379,-0.0031678986272440923,0.2164730728616684,2025H2
002908,2026-01-14,2,bull,none,shrinking_volume_acceleration,current_week,-0.06727272727272726,-0.06000000000000005,-0.047272727272727244,-0.1018181818181817,0.016363636363636358,2026H1
603289,2023-03-07,1,bull,ma_bull,pullback_holds,current_week,-0.04716157205240179,-0.05764192139737989,-0.07336244541484727,-0.10305676855895207,0.018340611353711678,2023H1
603289,2023-03-09,3,mid,ma_bull,pullback_holds,current_week,-0.0663755458515285,-0.06375545851528386,-0.06812227074235822,-0.10305676855895207,0.0,2023H1
603289,2023-03-21,1,mid,none,shrinking_volume_acceleration,current_week,-0.0332409972299168,-0.02031394275161591,-0.11819021237303784,-0.04062788550323171,0.03785780240073877,2023H1
603289,2023-03-22,2,mid,none,pullback_holds,current_week,-0.026901669758812585,-0.013914656771799483,-0.12244897959183665,-0.03988868274582558,0.04267161410018572,2023H1
603289,2023-03-24,4,mid,none,pullback_holds,current_week,0.008317929759704246,-0.027726432532347522,-0.10073937153419588,-0.043438077634011196,0.038817005545286554,2023H1
603289,2023-03-31,4,bull,none,two_day_acceleration,current_week,-0.03751143641354071,-0.09057639524245198,-0.05855443732845367,-0.101555352241537,0.02836230558096986,2023H1
603289,2023-04-28,4,bull,none,two_day_acceleration,current_week,-0.05268199233716464,-0.025862068965517238,-0.02777777777777768,-0.07183908045977017,0.0,2023H1
603289,2023-05-15,0,mid,none,pullback_holds,current_week,0.02713567839195985,0.03015075376884413,0.0,-0.019095477386934845,0.06030150753768848,2023H1
603289,2023-06-13,1,mid,none,pullback_holds,current_week,0.0449550449550451,0.10689310689310694,0.06393606393606399,-0.004995004995004937,0.1208791208791209,2023H1
603289,2023-06-20,1,mid,none,shrinking_volume_acceleration,current_week,0.05927342256214141,0.03728489483747599,0.0,-0.005736137667304075,0.08891013384321211,2023H1
603289,2025-07-02,2,bull,ma_bull,shrinking_volume_acceleration,current_week,-0.003141361256544628,0.01884816753926688,0.021989528795811397,-0.02408376963350789,0.03246073298429297,2025H2
603289,2025-07-03,3,bull,ma_bull,two_day_acceleration,current_week,-0.005235602094240899,0.024083769633507668,0.005235602094240788,-0.02408376963350789,0.03246073298429297,2025H2
603289,2025-07-04,4,bull,ma_bull,pullback_holds,current_week,0.01067235859124871,0.04162219850586957,0.036286019210245435,-0.005336179295624355,0.05229455709711828,2025H2
603289,2025-07-07,0,bull,ma_bull,pullback_holds,current_week,0.02733964248159837,0.045215562565720235,0.05257623554153512,-0.019978969505783373,0.04942166140904325,2025H2
603289,2025-07-08,1,bull,ma_bull,pullback_holds,current_week,0.003141361256544517,0.03874345549738201,0.0596858638743456,-0.02408376963350789,0.05235602094240832,2025H2
603289,2025-07-09,2,bull,ma_bull,pullback_holds,current_week,0.02421052631578946,0.028421052631578902,0.06842105263157894,-0.0189473684210526,0.05789473684210544,2025H2
603289,2025-07-10,3,bull,ma_bull,pullback_holds,current_week,0.028391167192429068,0.02733964248159837,0.06098843322818093,-0.019978969505783373,0.056782334384858135,2025H2
603289,2025-07-11,4,bull,ma_bull,pullback_holds,current_week,0.03062302006335793,0.04118268215417098,0.07286166842661035,0.0,0.06124604012671586,2025H2
603289,2025-07-15,1,bull,ma_bull,pullback_holds,current_week,0.03333333333333344,0.02604166666666674,0.06770833333333348,-0.005208333333333259,0.04687500000000022,2025H2
603289,2025-08-04,0,bull,ma_bull,two_day_acceleration,current_week,0.02897102897102899,0.023976023976024052,0.06993006993007,-0.004995004995004937,0.05994005994005991,2025H2
603289,2025-08-08,4,bull,ma_bull,shrinking_volume_acceleration,current_week,-0.018664047151277008,0.0029469548133596035,0.01964636542239706,-0.02161100196463639,0.04223968565815328,2025H2
603289,2025-08-11,0,bull,ma_bull,two_day_acceleration,current_week,-0.008704061895551285,-0.01837524177949701,0.045454545454545414,-0.03675048355899413,0.026112185686653744,2025H2
603289,2025-08-18,0,bull,ma_bull,two_day_acceleration,current_week,0.0,0.05517241379310356,0.039408866995073843,-0.07093596059113305,0.05517241379310356,2025H2
603289,2025-08-20,2,bull,ma_bull,shrinking_volume_acceleration,current_week,-0.05999999999999994,-0.033333333333333326,0.04190476190476189,-0.10190476190476194,0.05047619047619034,2025H2
603289,2025-08-22,4,bull,ma_bull,pullback_holds,current_week,-0.046966731898238745,0.015655577299412915,0.02935420743639905,-0.0772994129158514,0.07925636007827785,2025H2
603289,2025-08-26,1,bull,ma_bull,pullback_holds,current_week,0.01754385964912286,0.0370370370370372,0.031189083820662766,-0.08089668615984402,0.0750487329434697,2025H2
603289,2025-09-03,2,bull,ma_bull,pullback_holds,current_week,0.05351833498513381,0.08424182358771048,0.07730426164519333,-0.021803766105054412,0.10109018830525263,2025H2
603289,2025-10-24,4,bull,ma_bull,two_day_acceleration,current_week,-0.055801594331266635,-0.04871567759078832,-0.14171833480956608,-0.07705934455270158,0.009743135518157642,2025H2
603289,2025-11-03,0,bull,ma_bull,pullback_holds,current_week,-0.008310249307479256,-0.029547553093259515,-0.07386888273314873,-0.047091412742382266,0.04155124653739595,2025H2
603289,2025-12-08,0,bull,none,two_day_acceleration,current_week,-0.032945736434108475,-0.039728682170542595,-0.011627906976744096,-0.0959302325581396,0.01065891472868219,2025H2
603289,2025-12-22,0,bull,none,pullback_holds,current_week,0.011099899091826293,0.029263370332996974,0.13925327951564093,-0.010090817356205761,0.038345105953582426,2025H2
603289,2025-12-24,2,bull,none,pullback_holds,current_week,0.010989010989011172,0.03996003996003994,0.1268731268731269,-0.014985014985015033,0.03996003996003994,2025H2
603289,2025-12-26,4,bull,none,pullback_holds,current_week,0.02407221664994985,0.04513540621865597,0.1313941825476428,-0.011033099297893756,0.0611835506519558,2025H2
603289,2025-12-29,0,bull,none,pullback_holds,current_week,0.018981018981019115,0.036963036963037155,0.10189810189810178,-0.014985014985015033,0.0569430569430569,2025H2
603289,2026-01-06,1,bull,none,shrinking_volume_acceleration,current_week,0.020568070519098924,0.08129285014691479,0.08521057786483821,-0.006856023506366382,0.1028403525954944,2026H1
603289,2026-01-19,0,bull,none,shrinking_volume_acceleration,current_week,0.025594149908592323,-0.00457038391224851,0.022851919561243106,-0.01279707495429605,0.040219378427788,2026H1
603289,2026-01-21,2,bull,macd_cross,shrinking_volume_acceleration,current_week,-0.022163120567375905,-0.010638297872340385,-0.00886524822695034,-0.04255319148936154,0.00886524822695045,2026H1
603289,2026-02-04,2,mid,none,pullback_holds,current_week,0.0,0.0,0.02951699463327362,-0.020572450805008802,0.01073345259391778,2026H1
603289,2026-02-24,1,bull,ma_bull,pullback_holds,current_week,-0.07377777777777783,0.046222222222222165,-0.059555555555555584,-0.08444444444444443,0.05688888888888899,2026H1
603289,2026-02-26,3,bull,ma_bull,pullback_holds,current_week,-0.02970297029702973,0.036003600360036137,-0.04050405040504046,-0.07290729072907276,0.07920792079207928,2026H1
603289,2026-02-27,4,bull,ma_bull,pullback_holds,current_week,0.03996366939146245,0.030881017257039067,-0.025431425976385036,-0.06448683015440504,0.08900999091734785,2026H1
603289,2026-04-14,1,mid,ma_bull,shrinking_volume_acceleration,current_week,-0.009001636661211232,-0.045008183306055716,-0.09328968903436996,-0.05891980360065474,0.06137479541734869,2026H1
601515,2025-06-04,2,bull,ma_bull,two_day_acceleration,current_week,-0.043927648578811374,-0.09043927648578809,-0.05167958656330751,-0.10077519379844968,0.015503875968992276,2025H1
601515,2025-06-09,0,bull,ma_bull,pullback_holds,current_week,-0.055118110236220486,-0.08923884514435687,0.05774278215223094,-0.10236220472440949,0.03149606299212593,2025H1
601515,2025-07-23,2,bull,ma_bull,pullback_holds,current_week,0.015503875968992276,0.13178294573643412,0.1653746770025839,-0.0051679586563307955,0.1550387596899223,2025H2
601515,2025-07-24,3,bull,ma_bull,pullback_holds,current_week,0.0588235294117645,0.12787723785166238,0.15601023017902826,-0.01278772378516635,0.1432225063938617,2025H2
601515,2025-07-25,4,bull,ma_bull,pullback_holds,current_week,0.09278350515463929,0.10824742268041243,0.25773195876288657,-0.005154639175257714,0.152061855670103,2025H2
601515,2025-07-30,2,bull,ma_bull,pullback_holds,current_week,0.12020460358056262,0.14578005115089532,0.20460358056265981,0.0,0.1687979539641944,2025H2
601515,2025-08-04,0,bull,ma_bull,two_day_acceleration,current_week,0.0344827586206895,0.05287356321839076,0.08505747126436769,-0.01839080459770115,0.055172413793103336,2025H2
601515,2025-09-12,4,bull,ma_bull,two_day_acceleration,current_week,-0.03105590062111807,-0.08074534161490676,-0.0931677018633541,-0.08488612836438925,0.024844720496894457,2025H2
601515,2025-09-22,0,mid,ma_bull,pullback_holds,current_week,-0.06342494714587754,0.019027484143763207,0.03594080338266381,-0.10147991543340384,0.05496828752642702,2025H2
601515,2025-10-24,4,bull,macd_cross,shrinking_volume_acceleration,current_week,-0.002049180327868827,0.002049180327868827,-0.07991803278688514,-0.040983606557377095,0.040983606557376984,2025H2
601515,2025-11-07,4,bull,ma_bull,pullback_holds,current_week,0.0348360655737705,-0.07991803278688514,-0.08196721311475397,-0.08401639344262302,0.0963114754098362,2025H2
601515,2025-11-11,1,bull,ma_bull,two_day_acceleration,current_week,-0.008032128514056214,-0.0682730923694781,-0.11044176706827324,-0.104417670682731,0.07429718875502012,2025H2
601515,2025-11-17,0,mid,ma_bull,two_day_acceleration,current_week,-0.12572533849129586,-0.1083172147001934,-0.17601547388781436,-0.1373307543520309,0.003868471953578423,2025H2
601515,2025-12-08,0,bull,none,pullback_holds,current_week,-0.06167400881057272,-0.07929515418502209,-0.07048458149779746,-0.10352422907488978,0.0022026431718060735,2025H2
601515,2026-01-09,4,bull,none,two_day_acceleration,current_week,-0.016241299303944357,0.016241299303944245,-0.037122969837587005,-0.023201856148492017,0.0556844547563804,2026H1
601515,2026-02-12,3,bull,none,shrinking_volume_acceleration,current_week,-0.008350730688935326,-0.04801670146137782,-0.12734864300626314,-0.07306889352818369,0.03131524008350728,2026H1
601515,2026-03-09,0,mid,none,pullback_holds,current_week,-0.008547008547008517,-0.18803418803418792,-0.04914529914529908,-0.19658119658119644,0.03205128205128216,2026H1
601515,2026-03-10,1,bull,none,pullback_holds,current_week,-0.040254237288135486,-0.15466101694915246,-0.03389830508474556,-0.20338983050847448,0.01271186440677985,2026H1
601515,2026-03-12,3,bull,none,pullback_holds,current_week,-0.06695464362850967,-0.04751619870410362,0.006479481641468832,-0.18790496760259168,0.01943844492440605,2026H1
601515,2026-03-13,4,mid,none,pullback_holds,current_week,-0.0913043478260871,-0.07173913043478264,0.008695652173912771,-0.18260869565217397,0.02608695652173898,2026H1
601515,2026-03-16,0,mid,none,pullback_holds,current_week,-0.18103448275862055,-0.08836206896551713,0.010775862068965747,-0.18965517241379304,0.010775862068965747,2026H1
000776,2025-02-06,3,mid,none,pullback_holds,current_week,0.02115384615384608,-0.00512820512820511,0.007692307692307665,-0.008974358974358942,0.03589743589743599,2025H1
000776,2025-02-07,4,mid,none,two_day_acceleration,current_week,0.005663939584644506,-0.003146633102580232,-0.02328508495909387,-0.029578351164254335,0.016991818753933297,2025H1
000776,2025-02-14,4,bull,none,shrinking_volume_acceleration,current_week,-0.017978921264724113,-0.04897706137631741,-0.018598884066955867,-0.05021698698078103,0.0018598884066955979,2025H1
000776,2025-02-24,0,bull,none,pullback_holds,current_week,-0.024746192893400965,-0.021573604060913687,-0.001903553299492322,-0.030456852791878042,0.010152284263959421,2025H1
000776,2025-03-18,1,bull,none,shrinking_volume_acceleration,current_week,-0.006285355122564451,0.021370207416719023,-0.043368950345694546,-0.021998742928975412,0.042740414833438045,2025H1
000776,2025-03-24,0,mid,none,pullback_holds,current_week,0.024793388429752206,-0.04132231404958675,-0.023521932612841745,-0.08455181182453908,0.05467260012714559,2025H1
000776,2025-03-25,1,mid,none,pullback_holds,current_week,0.028481012658227778,-0.04556962025316458,-0.031012658227848156,-0.08860759493670889,0.050000000000000044,2025H1
000776,2025-03-26,2,mid,none,pullback_holds,current_week,0.02217997465145749,-0.018377693282636276,-0.027249683143219405,-0.08745247148288982,0.05133079847908739,2025H1
000776,2025-04-21,0,mid,none,pullback_holds,current_week,0.0006489292667100077,0.031797534068786604,0.07268007787151198,-0.010382868267358902,0.04737183646982479,2025H1
000776,2025-04-22,1,mid,none,pullback_holds,current_week,-0.006480881399870353,0.022034996759559222,0.05508749189889839,-0.01166558651976668,0.04601425793907987,2025H1
000776,2025-04-23,2,mid,none,pullback_holds,current_week,0.019595035924232507,0.04572175048987592,0.06466361854996738,-0.003919007184846501,0.05421293272370997,2025H1
000776,2025-04-24,3,mid,none,pullback_holds,current_week,0.021498371335504807,0.04820846905537457,0.05993485342019533,-0.003908794788273551,0.051465798045602584,2025H1
000776,2025-04-25,4,mid,none,pullback_holds,current_week,0.020012911555842505,0.11749515816655887,0.04454486765655252,-0.012911555842478939,0.14267269205939304,2025H1
000776,2025-07-08,1,bull,ma_bull,pullback_holds,current_week,0.03790087463556846,0.09562682215743412,0.14460641399416896,-0.005247813411078939,0.0997084548104954,2025H2
000776,2025-07-10,3,bull,ma_bull,two_day_acceleration,current_week,0.004563605248145919,0.14489446662863648,0.11580148317170558,-0.0068454078722191,0.14888762122076438,2025H2
000776,2025-07-18,4,bull,ma_bull,two_day_acceleration,current_week,0.10722222222222211,0.07444444444444454,0.18222222222222229,-0.005555555555555425,0.13333333333333353,2025H2
000776,2025-07-21,0,bull,ma_bull,two_day_acceleration,current_week,0.07518796992481191,0.04081632653061207,0.12298603651987094,-0.011815252416756072,0.09559613319011828,2025H2
000776,2025-08-12,1,bull,ma_bull,two_day_acceleration,current_week,0.024233432245301723,0.0870425321463899,0.018298714144411532,-0.00642927794263104,0.1152324431256182,2025H2
000776,2025-08-13,2,bull,ma_bull,two_day_acceleration,current_week,0.022882181110029265,0.03164556962025333,-0.0004868549172345471,-0.003894839337877265,0.0978578383641675,2025H2
000776,2025-08-15,4,bull,ma_bull,two_day_acceleration,current_week,0.04962546816479407,0.02434456928838946,-0.014044943820224698,-0.03979400749063655,0.05571161048689155,2025H2
000776,2025-09-12,4,bull,ma_bull,pullback_holds,current_week,-0.038004750593824244,-0.009026128266033329,0.07933491686460803,-0.04893111638954872,0.026603325415677004,2025H2
000776,2025-09-15,0,bull,ma_bull,pullback_holds,current_week,-0.029217719132893394,0.08152686145146082,0.0782280867106504,-0.0565504241281809,0.08152686145146082,2025H2
000776,2025-09-16,1,bull,ma_bull,pullback_holds,current_week,-0.0334905660377357,0.050943396226415194,0.053301886792452846,-0.05566037735849061,0.08773584905660381,2025H2
000776,2025-09-17,2,bull,ma_bull,pullback_holds,current_week,-0.018975332068311257,0.10009487666034156,0.07590132827324458,-0.05028462998102479,0.11669829222011363,2025H2
000776,2025-10-27,0,bull,ma_bull,pullback_holds,current_week,-0.03153347732181422,0.01943844492440605,-0.08596112311015125,-0.052699784017278706,0.0410367170626349,2025H2
000776,2025-11-11,1,bull,ma_bull,pullback_holds,current_week,-0.01521077792264236,-0.08822251195132558,-0.08039982616253805,-0.09256844850065205,0.024771838331160367,2025H2
000776,2025-11-12,2,bull,ma_bull,pullback_holds,current_week,-0.01043478260869557,-0.08304347826086955,-0.0865217391304347,-0.09217391304347833,0.025217391304347858,2025H2
000776,2025-11-13,3,bull,ma_bull,two_day_acceleration,current_week,-0.047413793103448176,-0.09137931034482749,-0.11163793103448272,-0.09999999999999998,0.006465517241379448,2025H2
000776,2025-11-14,4,bull,ma_bull,pullback_holds,current_week,-0.07374890254609301,-0.07199297629499568,-0.08033362598770855,-0.0834064969271292,0.025021949078138706,2025H2
000776,2025-12-08,0,bull,none,pullback_holds,current_week,-0.010204081632652962,0.0018552875695734272,0.07421150278293132,-0.0454545454545453,0.03664192949907252,2025H2
000776,2025-12-19,4,mid,none,shrinking_volume_acceleration,current_week,0.02777777777777768,0.10092592592592586,0.054166666666666474,-0.005555555555555647,0.1157407407407407,2025H2
000776,2026-01-09,4,bull,none,pullback_holds,current_week,0.01120573733751673,0.0,-0.04571940833706856,-0.007171671896010645,0.05244285073957866,2026H1
000776,2026-01-12,0,bull,none,pullback_holds,current_week,-0.014065934065934038,-0.0017582417582416854,-0.04571428571428571,-0.025934065934065886,0.03208791208791206,2026H1
000776,2026-01-14,2,bull,none,pullback_holds,current_week,0.007589285714285632,0.007589285714285632,-0.04017857142857151,-0.010714285714285787,0.024553571428571397,2026H1
000776,2026-01-15,3,bull,none,pullback_holds,current_week,-0.0026490066225166586,0.01147902869757167,-0.0671081677704195,-0.021633554083885342,0.016777041942604765,2026H1
000776,2026-01-16,4,bull,none,pullback_holds,current_week,-0.004017857142857295,0.004017857142857073,-0.05669642857142876,-0.010714285714285787,0.03125,2026H1
000776,2026-01-26,0,bull,none,pullback_holds,current_week,-0.04148278905560465,-0.041924095322153576,-0.09399823477493374,-0.06884377758164162,0.01941747572815533,2026H1
000776,2026-01-27,1,bull,none,pullback_holds,current_week,-0.04755555555555557,-0.039111111111111097,-0.11244444444444446,-0.06222222222222218,0.02666666666666684,2026H1
000776,2026-01-28,2,bull,none,pullback_holds,current_week,-0.039537983118614006,-0.044868947134606874,-0.11505997334517992,-0.06263882718791647,0.026210573078631727,2026H1
000776,2026-01-29,3,bull,none,two_day_acceleration,current_week,-0.05915863277826472,-0.0740578439964944,-0.12050832602979844,-0.07537248028045573,0.0122699386503069,2026H1
000776,2026-01-30,4,bull,none,pullback_holds,current_week,-0.04742729306487703,-0.05458612975391508,-0.1324384787472036,-0.055928411633109576,0.013870246085011084,2026H1
000776,2026-08-05,2,mid,ma_bull,two_day_acceleration,current_week,-0.0028288543140028155,-0.0386610089580387,0.008958038661009082,-0.040075436115040164,0.022630834512022746,2026H2
000776,2026-08-12,2,mid,none,pullback_holds,current_week,-0.03547776726584673,0.0018921475875117721,0.023651844843897818,-0.04446546830652798,0.026017029328287533,2026H2
000776,2026-08-13,3,mid,none,pullback_holds,current_week,-0.04290429042904287,0.017916077322017943,0.024045261669023876,-0.04761904761904767,0.020273455917020344,2026H2
000776,2026-08-17,0,mid,none,shrinking_volume_acceleration,current_week,-0.02457466918714557,0.031190926275992403,-0.031663516068052844,-0.04536862003780717,0.03922495274102089,2026H2
301168,2025-09-15,0,bull,ma_bull,two_day_acceleration,current_week,0.06992665036674817,0.05134474327628369,-0.0488997555012225,-0.020293398533007267,0.1606356968215159,2025H2
301168,2025-11-11,1,bull,ma_bull,two_day_acceleration,current_week,-0.033395176252319025,-0.1036899608328179,-0.04308390022675734,-0.13399299113584828,0.01958359101216245,2025H2
301168,2025-12-08,0,bull,ma_bull,pullback_holds,current_week,0.03155603917301408,0.035473340587595104,-0.031556039173014194,-0.020674646354733484,0.10533188248095748,2025H2
301168,2025-12-22,0,bull,ma_bull,pullback_holds,current_week,-0.022278268179907412,-0.06473308112652376,-0.05989911727616637,-0.07734342160571672,0.02522068095838592,2025H2
301168,2025-12-29,0,bull,ma_bull,pullback_holds,current_week,-0.038669259019226576,0.0071289695398573105,-0.0520630805789587,-0.06459278461870799,0.04147764095917039,2025H2
301168,2025-12-31,2,bull,ma_bull,pullback_holds,current_week,-0.06024607551972838,0.007424692405600286,-0.06279168434450577,-0.08145948239287226,0.02269834535426396,2025H2
301168,2026-01-14,2,bull,none,pullback_holds,current_week,-0.04361770365618989,-0.06179174684626898,-0.0750481077613856,-0.09450502458841137,0.0476801368398545,2026H1
301168,2026-01-15,3,bull,macd_stabilizing,shrinking_volume_acceleration,current_week,-0.04652631578947375,-0.10421052631578942,-0.10168421052631571,-0.11536842105263156,0.03157894736842115,2026H1
301168,2026-02-26,3,bull,none,pullback_holds,current_week,-0.07930720145852332,-0.07976298997265263,0.007292616226071136,-0.11508659981768465,0.015724703737465706,2026H1
301168,2026-02-27,4,bull,none,pullback_holds,current_week,-0.04829347573717202,-0.06454608776410498,0.004643603436266686,-0.09844439284885076,0.022057116322266035,2026H1
301168,2026-04-10,4,mid,none,shrinking_volume_acceleration,current_week,0.0439814814814814,-0.03587962962962976,0.023842592592592693,-0.04351851851851862,0.06273148148148144,2026H1
301168,2026-04-13,0,mid,none,two_day_acceleration,current_week,0.007650765076507637,-0.060531053105310484,-0.016651665166516505,-0.07200720072007194,0.03307830783078325,2026H1
301168,2026-04-15,2,mid,none,shrinking_volume_acceleration,current_week,-0.0072727272727273196,-0.04499999999999993,0.0165909090909091,-0.06431818181818183,0.04340909090909095,2026H1
301168,2026-04-30,3,bull,none,pullback_holds,current_week,0.010215927559786397,0.05525888089157194,-0.027861620617599336,-0.03482702577199903,0.1084281402368239,2026H1
002698,2023-03-01,2,bull,ma_bull,pullback_holds,current_week,-0.052759248029108585,-0.08489993935718632,-0.020618556701031188,-0.09035779260157684,0.006064281382656134,2023H1
002698,2023-03-22,2,mid,macd_stabilizing,pullback_holds,current_week,0.020214782059380765,0.014529374605180001,-0.014529374605180112,-0.025268477574226123,0.05748578648136471,2023H1
002698,2023-03-23,3,bull,macd_stabilizing,pullback_holds,current_week,0.015772870662460692,0.04164037854889613,-0.02208201892744477,-0.019558359621451027,0.05615141955835967,2023H1
002698,2023-03-31,4,bull,macd_stabilizing,shrinking_volume_acceleration,current_week,0.0,-0.022699386503067576,-0.008588957055214785,-0.042944785276073705,0.01840490797546024,2023H1
002698,2023-04-07,4,bull,none,shrinking_volume_acceleration,current_week,-0.052121212121212124,-0.06060606060606055,-0.12242424242424244,-0.06606060606060604,0.0,2023H1
002698,2023-04-17,0,bull,ma_bull,pullback_holds,current_week,-0.02377972465581979,0.01126408010012514,-0.02377972465581979,-0.05506883604505641,0.05944931163954936,2023H1
002698,2023-04-27,3,mid,ma_bull,pullback_holds,current_week,-0.11003039513677804,-0.09118541033434635,-0.023708206686930078,-0.1306990881458966,0.02917933130699102,2023H1
002698,2023-05-18,3,mid,none,two_day_acceleration,current_week,0.010876519513755678,0.022392834293026187,0.010236724248240625,-0.00447856685860526,0.040307101727447225,2023H1
002698,2023-06-20,1,mid,none,two_day_acceleration,current_week,0.08353510895883787,0.147094430992736,0.08898305084745783,-0.03147699757869249,0.22094430992736092,2023H1
002698,2023-07-25,1,mid,ma_bull,pullback_holds,current_week,-0.027685492801771905,0.07032115171650077,0.04485049833887067,-0.04374307862679949,0.10077519379844957,2023H2
002698,2023-08-02,2,bull,ma_bull,two_day_acceleration,current_week,0.06225680933852118,0.022234574763757564,-0.08560311284046707,-0.014452473596442528,0.10505836575875471,2023H2
002698,2023-08-03,3,bull,ma_bull,two_day_acceleration,current_week,0.010615711252653925,0.03290870488322728,-0.11624203821656054,-0.03874734607218688,0.05520169851380041,2023H2
002698,2023-09-11,0,mid,none,pullback_holds,current_week,-0.006090133982947665,-0.032886723507917215,-0.11266747868453109,-0.04141291108404399,0.024969549330085217,2023H2
002698,2023-09-18,0,mid,none,pullback_holds,current_week,-0.02516881522406378,-0.0662983425414364,-0.18784530386740328,-0.07550644567219145,0.014732965009208288,2023H2
002698,2025-03-10,0,bull,ma_bull,two_day_acceleration,current_week,-0.016202531645569618,-0.032405063291139236,-0.24,-0.055189873417721524,0.05063291139240511,2025H1
002698,2025-03-11,1,bull,ma_bull,pullback_holds,current_week,-0.030423940149625905,-0.07830423940149622,-0.23890274314214466,-0.083790523690773,0.034912718204488824,2025H1
002698,2025-03-12,2,bull,ma_bull,shrinking_volume_acceleration,current_week,0.015181194906953799,-0.09402546523016653,-0.23310479921645455,-0.10039177277179234,0.01616062683643471,2025H1
002698,2025-04-30,2,mid,none,two_day_acceleration,current_week,0.0005924170616113944,-0.029028436018957215,-0.10367298578199047,-0.041469194312796165,0.017180094786729994,2025H1
002698,2025-05-12,0,bull,none,shrinking_volume_acceleration,current_week,-0.040398126463700335,-0.08196721311475419,-0.1053864168618267,-0.09133489461358324,0.0005854800936766491,2025H1
002698,2025-05-13,1,bull,none,pullback_holds,current_week,-0.017459361830222675,-0.06983744732089092,-0.07645996387718235,-0.07284768211920523,0.021071643588199906,2025H1
002698,2025-06-04,2,bull,none,shrinking_volume_acceleration,current_week,-0.0013020833333332593,-0.0013020833333332593,0.0032552083333334814,-0.02473958333333326,0.015625,2025H1
002698,2025-06-05,3,bull,none,pullback_holds,current_week,-0.012226512226512276,-0.025740025740025763,-0.006435006435006496,-0.03603603603603611,0.0038610038610038533,2025H1
002698,2025-06-06,4,bull,none,pullback_holds,current_week,-0.025839793281653756,-0.043927648578811374,-0.003229974160206761,-0.04521963824289399,0.007751937984496138,2025H1
002698,2025-06-09,0,bull,none,pullback_holds,current_week,-0.022450288646568284,-0.049390635022450224,-0.015394483643361156,-0.060295060936497724,0.0,2025H1
002698,2025-06-16,0,bull,none,pullback_holds,current_week,-0.027559055118110187,0.019685039370078705,0.06496062992125995,-0.038713910761154824,0.03149606299212593,2025H1
002698,2025-06-17,1,bull,none,pullback_holds,current_week,0.007858546168958869,0.01964636542239684,0.05893909626719074,-0.04060248853962012,0.02946954813359537,2025H1
002698,2025-06-18,2,bull,none,pullback_holds,current_week,0.01305483028720622,0.005874673629242766,0.060052219321149014,-0.04373368146214096,0.026109660574412663,2025H1
002698,2025-06-26,3,bull,none,pullback_holds,current_week,-0.0012936610608021981,0.01487710219922378,0.06403622250970242,-0.012289780077619716,0.023285899094437124,2025H1
002698,2025-06-27,4,bull,none,shrinking_volume_acceleration,current_week,-0.0019404915912031306,0.047865459249676556,0.058861578266494075,-0.012289780077619716,0.06144890038809825,2025H1
601137,2024-05-06,0,bull,ma_bull,shrinking_volume_acceleration,current_week,-0.021528525296017342,-0.05920344456404747,-0.06350914962325083,-0.09687836383207749,0.022066738428417665,2024H1
601137,2024-05-16,3,bull,none,pullback_holds,current_week,0.059544658493870584,-0.005253940455341444,-0.009340338587273789,-0.02043199065966128,0.10449503794512571,2024H1
601137,2024-05-20,0,bull,none,shrinking_volume_acceleration,current_week,0.03240477544059117,-0.010801591813530242,-0.039226833428084196,-0.036384309266628834,0.07561114269471303,2024H1
601137,2024-05-23,3,mid,none,two_day_acceleration,current_week,-0.073913043478261,-0.08695652173913049,-0.15000000000000002,-0.0929347826086957,0.02826086956521734,2024H1
601137,2024-11-12,1,bull,ma_bull,pullback_holds,current_week,-0.0020736132711248745,-0.05702436495593566,-0.07102125453602892,-0.0632452047693105,0.08087091757387266,2024H2
601137,2024-12-09,0,bull,ma_bull,pullback_holds,current_week,-0.041192411924119154,-0.0021680216802167918,0.08075880758807608,-0.06558265582655809,0.0276422764227644,2024H2
601137,2024-12-10,1,bull,ma_bull,pullback_holds,current_week,-0.0022408963585435204,0.03809523809523818,0.09355742296918756,-0.034173669467787104,0.06218487394957983,2024H2
601137,2024-12-11,2,bull,ma_bull,shrinking_volume_acceleration,current_week,-0.03100775193798444,0.04485049833887067,0.08084163898117391,-0.04540420819490565,0.05703211517165019,2024H2
601137,2024-12-17,1,bull,none,pullback_holds,current_week,0.03809523809523818,0.13725490196078427,0.08459383753501393,-0.034173669467787104,0.28739495798319314,2024H2
601137,2024-12-20,4,bull,none,two_day_acceleration,current_week,0.13774403470715835,0.05097613882863339,0.09869848156182215,-0.007592190889370909,0.24620390455531438,2024H2
601137,2024-12-24,1,bull,none,shrinking_volume_acceleration,current_week,0.09375000000000022,0.051724137931034475,0.09698275862068972,-0.012392241379310165,0.23814655172413812,2024H2
601137,2024-12-25,2,bull,none,two_day_acceleration,current_week,0.014963880288957787,0.007223942208462342,0.057791537667698734,-0.02579979360165119,0.1857585139318887,2024H2
601137,2025-01-24,4,mid,ma_bull,shrinking_volume_acceleration,current_week,-0.014563106796116498,0.000970873786407811,0.003883495145631022,-0.06504854368932034,0.03203883495145621,2025H1
601137,2025-02-17,0,bull,ma_bull,pullback_holds,current_week,0.06271268838113753,0.005347593582887722,0.0563928050559066,-0.03694701020904234,0.09722897423432175,2025H1
601137,2025-03-18,1,bull,ma_bull,pullback_holds,current_week,-0.016689847009735748,-0.06815020862308752,-0.2174316179879463,-0.08715808993973106,0.054705609643022735,2025H1
601137,2025-05-20,1,bull,none,two_day_acceleration,current_week,-0.05083829096809089,-0.06381828015143343,-0.07463493780421859,-0.08274743104380755,0.000540832882639064,2025H1
601137,2025-05-29,3,bull,none,pullback_holds,current_week,-0.012401352874859217,-0.028748590755355186,0.0005636978579479646,-0.043968432919955,0.0011273957158961512,2025H1
601137,2025-09-12,4,bull,ma_bull,pullback_holds,current_week,0.004382470119521864,-0.0007968127490040056,-0.09601593625498006,-0.054183266932270935,0.06653386454183252,2025H2
601137,2025-09-22,0,mid,ma_bull,shrinking_volume_acceleration,current_week,-0.022718521370812428,-0.016172506738544423,-0.15479399306892572,-0.0581440123219098,0.04274162495186773,2025H2
601137,2025-09-24,2,bull,ma_bull,shrinking_volume_acceleration,current_week,0.028426791277258667,-0.04244548286604366,-0.14563862928348903,-0.04789719626168221,0.054517133956386354,2025H2
601137,2025-09-25,3,bull,ma_bull,two_day_acceleration,current_week,0.006538461538461604,-0.12769230769230766,-0.15884615384615386,-0.13384615384615384,0.041538461538461524,2025H2
601137,2025-09-30,1,bull,ma_bull,two_day_acceleration,current_week,-0.0003847633705271747,-0.1354367064255484,-0.140438630242401,-0.1442862639476722,0.04193920738745671,2025H2
601137,2025-10-09,3,bull,ma_bull,shrinking_volume_acceleration,current_week,-0.06537438236412019,-0.15659445077917145,-0.1402508551881414,-0.1786393006461422,0.02546560243253504,2025H2
601137,2025-11-07,4,bull,none,pullback_holds,current_week,-0.03829225352112664,-0.09859154929577463,-0.0369718309859155,-0.09947183098591539,0.007042253521126751,2025H2
601137,2025-12-22,0,bull,none,pullback_holds,current_week,0.05867970660146704,0.08557457212713926,0.12273838630806844,-0.0009779951100243878,0.09828850855745719,2025H2
601137,2025-12-30,1,bull,none,shrinking_volume_acceleration,current_week,0.005491990846681727,0.06361556064073226,-0.06178489702517165,-0.023798627002288297,0.09199084668192214,2025H2
601137,2026-01-08,3,bull,none,pullback_holds,current_week,0.06605504587155964,0.06055045871559628,-0.14311926605504588,0.0,0.09449541284403673,2026H1
601137,2026-01-12,0,bull,none,two_day_acceleration,current_week,0.011663066954643586,-0.07861771058315337,-0.17710583153347736,-0.07861771058315337,0.03153347732181411,2026H1
601137,2026-01-21,2,bull,none,pullback_holds,current_week,-0.09500875656742547,-0.1514886164623468,-0.11996497373029769,-0.190893169877408,0.04553415061295962,2026H1
600794,2023-03-01,2,bull,ma_bull,pullback_holds,current_week,-0.024449877750611138,-0.02933985330073341,-0.10513447432762835,-0.05867970660146693,0.007334963325183352,2023H1
600794,2023-03-15,2,mid,ma_bull,pullback_holds,current_week,-0.015151515151515138,-0.07575757575757569,-0.025252525252525304,-0.07575757575757569,0.0,2023H1
600794,2023-03-22,2,mid,none,pullback_holds,current_week,-0.06153846153846143,-0.05384615384615388,-0.043589743589743546,-0.0692307692307692,0.0,2023H1
600794,2023-04-03,0,bull,none,two_day_acceleration,current_week,-0.015706806282722474,-0.005235602094240788,-0.013089005235602191,-0.03926701570680635,0.028795811518324665,2023H1
600794,2023-04-04,1,bull,none,pullback_holds,current_week,0.034574468085106336,0.007978723404255206,0.010638297872340496,-0.02393617021276606,0.04521276595744683,2023H1
600794,2023-04-28,4,bull,none,two_day_acceleration,current_week,-0.002666666666666595,-0.016000000000000014,-0.06133333333333335,-0.03200000000000003,0.02400000000000002,2023H1
600794,2023-05-05,4,bull,none,pullback_holds,current_week,-0.007978723404255428,-0.0292553191489362,-0.06914893617021278,-0.03457446808510645,0.02127659574468077,2023H1
600794,2023-05-15,0,mid,none,pullback_holds,current_week,0.013404825737265424,-0.04289544235924925,-0.04825737265415542,-0.04825737265415542,0.034852546916890104,2023H1
600794,2023-11-06,0,mid,none,pullback_holds,current_week,0.005586592178770999,0.027932960893854775,0.22067039106145248,-0.022346368715083775,0.030726256983240274,2023H2
600794,2023-11-07,1,mid,none,pullback_holds,current_week,0.0,0.03899721448467974,0.1949860724233985,-0.02506963788300831,0.050139275766016844,2023H2
600794,2023-11-08,2,mid,none,pullback_holds,current_week,0.014044943820224587,0.056179775280899014,0.2050561797752808,-0.016853932584269704,0.0702247191011236,2023H2
600794,2023-11-10,4,mid,none,pullback_holds,current_week,0.011204481792717047,0.07282913165266103,0.1736694677871149,-0.0056022408963585235,0.07843137254901955,2023H2
600794,2023-11-13,0,mid,none,pullback_holds,current_week,0.022222222222222143,0.13055555555555554,0.17500000000000004,-0.011111111111111072,0.14444444444444438,2023H2
600794,2023-11-14,1,mid,none,pullback_holds,current_week,0.03611111111111098,0.13611111111111107,0.2055555555555555,-0.008333333333333304,0.14722222222222214,2023H2
600794,2023-11-15,2,mid,none,pullback_holds,current_week,0.04444444444444451,0.2250000000000001,0.20833333333333348,-0.005555555555555536,0.25,2023H2
600794,2023-11-16,3,mid,none,pullback_holds,current_week,0.047091412742382266,0.23545706371191133,0.2049861495844878,-0.008310249307479145,0.24653739612188375,2023H2
600794,2023-11-17,4,mid,none,pullback_holds,current_week,0.06094182825484773,0.23545706371191133,0.20221606648199453,-0.0027700831024930483,0.2825484764542936,2023H2
600794,2024-01-02,1,mid,ma_bull,pullback_holds,current_week,-0.012195121951219523,-0.012195121951219523,-0.08048780487804874,-0.03414634146341455,0.0414634146341466,2024H1
600794,2024-01-03,2,mid,ma_bull,two_day_acceleration,current_week,-0.04057279236276845,-0.05727923627684972,-0.1431980906921242,-0.059665871121718506,0.019093078758949833,2024H1
600794,2024-01-04,3,mid,ma_bull,pullback_holds,current_week,-0.007246376811594013,-0.05072463768115931,-0.14009661835748788,-0.07971014492753614,0.03140096618357502,2024H1
600794,2024-01-25,3,mid,none,pullback_holds,current_week,-0.08717948717948709,-0.18717948717948718,-0.05897435897435899,-0.27179487179487183,0.05384615384615388,2024H1
600794,2024-03-12,1,bull,none,two_day_acceleration,current_week,-0.0027173913043478937,-0.021739130434782594,0.016304347826086918,-0.03260869565217395,0.01902173913043481,2024H1
600794,2024-03-14,3,bull,none,pullback_holds,current_week,0.013698630136986356,-0.024657534246575352,0.00273972602739736,-0.0383561643835616,0.027397260273972712,2024H1
600794,2024-03-15,4,bull,none,shrinking_volume_acceleration,current_week,-0.01897018970189701,-0.013550135501354976,-0.09214092140921404,-0.04878048780487798,0.016260162601626105,2024H1
600794,2024-03-29,4,mid,none,two_day_acceleration,current_week,0.013513513513513375,-0.09459459459459463,-0.013513513513513598,-0.10270270270270265,0.032432432432432545,2024H1
600794,2025-08-05,1,bull,none,pullback_holds,current_week,0.015452538631346657,0.004415011037527394,-0.01103752759381893,-0.015452538631346657,0.03752759381898452,2025H2
600794,2025-08-06,2,bull,none,pullback_holds,current_week,0.0,0.004385964912280604,-0.04166666666666674,-0.021929824561403577,0.030701754385964897,2025H2
600794,2025-08-07,3,bull,none,two_day_acceleration,current_week,-0.032258064516129115,0.038709677419354716,-0.058064516129032406,-0.04086021505376347,0.04946236559139772,2025H2
600794,2025-08-08,4,bull,none,pullback_holds,current_week,-0.013071895424836555,0.03703703703703698,-0.03267973856209139,-0.028322440087145906,0.06318082788671031,2025H2
600794,2025-08-18,0,bull,none,pullback_holds,current_week,0.037280701754385914,-0.004385964912280826,-0.021929824561403577,-0.03289473684210531,0.070175438596491,2025H2
600794,2025-08-19,1,bull,none,pullback_holds,current_week,0.04646017699115035,-0.008849557522123908,0.02433628318584069,-0.0243362831858408,0.07964601769911495,2025H2
600794,2025-08-20,2,bull,none,pullback_holds,current_week,-0.008676789587852451,-0.05206073752711504,-0.013015184381778844,-0.05639913232104121,0.058568329718004186,2025H2
600794,2025-09-12,4,bull,none,pullback_holds,current_week,-0.006711409395973034,-0.0604026845637583,-0.0738255033557047,-0.06935123042505587,0.044742729306487705,2025H2
600794,2025-09-17,2,bull,none,pullback_holds,current_week,-0.05947136563876643,-0.07268722466960353,-0.07709251101321579,-0.08810572687224683,0.0,2025H2
600794,2025-10-10,4,bull,none,pullback_holds,current_week,-0.01670644391408116,-0.004773269689737569,-0.004773269689737569,-0.026252983293556187,0.03341288782816232,2025H2
600794,2025-10-14,1,bull,none,two_day_acceleration,current_week,-0.0187353629976581,-0.023419203747072737,-0.004683840749414636,-0.04449648711943799,0.004683840749414525,2025H2
600794,2025-10-21,1,bull,none,pullback_holds,current_week,0.0,-0.0023980815347721673,-0.0023980815347721673,-0.021582733812949617,0.011990407673860837,2025H2
600794,2025-10-27,0,bull,none,pullback_holds,current_week,0.0024038461538460343,0.019230769230769162,-0.05769230769230771,-0.019230769230769273,0.019230769230769162,2025H2
600794,2025-11-03,0,bull,none,pullback_holds,current_week,0.019230769230769162,0.02644230769230771,-0.050480769230769273,-0.009615384615384581,0.028846153846153966,2025H2
600794,2025-11-04,1,bull,none,pullback_holds,current_week,0.02409638554216853,0.00240963855421672,-0.055421686746988,-0.0072289156626507145,0.031325301204819356,2025H2
600794,2025-11-05,2,bull,none,pullback_holds,current_week,0.0023866348448686736,-0.026252983293556187,-0.0715990453460621,-0.02863961813842486,0.021479713603818507,2025H2
600794,2025-11-06,3,bull,none,pullback_holds,current_week,0.02163461538461542,-0.028846153846153855,-0.08173076923076916,-0.03125,0.028846153846153966,2025H2
600794,2025-11-07,4,bull,none,pullback_holds,current_week,0.016786570743405393,-0.06714628297362102,-0.07434052757793763,-0.0695443645083933,0.026378896882494063,2025H2
600794,2025-11-10,0,bull,none,two_day_acceleration,current_week,0.007075471698113178,-0.07547169811320764,-0.08726415094339623,-0.08490566037735858,0.009433962264151052,2025H2
600794,2025-11-12,2,bull,none,pullback_holds,current_week,-0.026252983293556187,-0.06443914081145596,-0.0954653937947495,-0.07398568019093088,0.021479713603818507,2025H2
600794,2025-11-13,3,bull,none,shrinking_volume_acceleration,current_week,-0.044917257683215195,-0.07801418439716323,-0.12529550827423175,-0.0827423167848701,0.011820330969267046,2025H2
600794,2025-11-14,4,bull,none,pullback_holds,current_week,-0.08470588235294119,-0.07294117647058829,-0.12705882352941178,-0.0894117647058823,0.007058823529411784,2025H2
688166,2024-02-22,3,bull,none,shrinking_volume_acceleration,current_week,0.1578751857355125,0.06983655274888556,0.22622585438335796,-0.027488855869242323,0.25854383358098065,2024H1
688166,2024-02-26,0,bull,none,two_day_acceleration,current_week,0.19080882352941186,0.13455882352941173,0.09632352941176481,-0.006617647058823506,0.24558823529411766,2024H1
688166,2024-03-15,4,bull,none,pullback_holds,current_week,0.03443708609271523,-0.030463576158940353,-0.17218543046357615,-0.07284768211920523,0.13178807947019866,2024H1
688166,2025-04-01,1,mid,ma_bull,shrinking_volume_acceleration,current_week,-0.13325183374083116,-0.054034229828850866,0.18753056234718835,-0.21735941320293406,0.03838630806845966,2025H1
688166,2025-04-24,3,mid,ma_bull,shrinking_volume_acceleration,current_week,0.16079451406952017,0.19650035469378113,0.14778907543154407,-0.014187751241428237,0.24142823362497046,2025H1
688166,2025-05-06,1,mid,ma_bull,shrinking_volume_acceleration,current_week,0.01872357559895299,0.007247835715723738,0.02919267163277639,-0.06764646668008856,0.056976041876384054,2025H1
688166,2025-06-30,0,bull,ma_bull,pullback_holds,current_week,0.03076062639821031,0.1895973154362416,0.9218866517524236,-0.02348993288590595,0.20059656972408657,2025H1
688166,2025-08-25,0,bull,ma_bull,two_day_acceleration,current_week,-0.12702702702702695,-0.15477477477477475,-0.26306306306306304,-0.21621621621621623,0.012612612612612706,2025H2
688166,2025-08-26,1,bull,ma_bull,pullback_holds,current_week,-0.1659963436928703,-0.16819012797074961,-0.32340036563071306,-0.20475319926873858,0.027422303473491727,2025H2
688166,2025-09-01,0,bull,ma_bull,shrinking_volume_acceleration,current_week,-0.03427689140504375,-0.06145136387030359,-0.3881626351003603,-0.10447761194029859,0.008749356664951025,2025H2
688166,2025-09-17,2,bull,none,pullback_holds,current_week,-0.22872340425531912,-0.38755319148936174,-0.4478723404255319,-0.3924468085106383,0.09297872340425539,2025H2
688166,2025-09-18,3,mid,none,two_day_acceleration,current_week,-0.29071878671366014,-0.3950656840756167,-0.4297767809462779,-0.3969881448253765,0.0972978746128379,2025H2
688166,2025-10-27,0,bull,none,two_day_acceleration,current_week,0.05707015630679746,-0.012177390039985525,-0.07615412577244651,-0.03889494729189391,0.08033442384587408,2025H2
688166,2025-11-14,4,bull,none,pullback_holds,current_week,-0.1111313204801746,-0.044379774463441324,-0.03273917788286662,-0.12095307384503462,0.00018188432157151269,2025H2
688166,2025-12-01,0,mid,none,pullback_holds,current_week,-0.019397363465160078,-0.05951035781544267,-0.06346516007532954,-0.06365348399246706,0.006026365348399176,2025H2
688166,2025-12-22,0,bull,none,two_day_acceleration,current_week,-0.00659208949260881,0.07570914902117454,-0.0031961646024770696,-0.027167399121054703,0.08469836196564118,2025H2
688166,2025-12-23,1,bull,none,pullback_holds,current_week,-0.006036217303822977,0.0770623742454728,0.006237424547283599,-0.02012072434607648,0.10342052313883299,2025H2
002149,2023-04-06,3,bull,none,shrinking_volume_acceleration,current_week,0.011574074074073959,-0.003472222222222321,-0.08854166666666674,-0.02777777777777779,0.05208333333333326,2023H1
002149,2023-04-11,1,bull,none,shrinking_volume_acceleration,current_week,-0.016901408450704314,-0.09126760563380287,-0.14197183098591548,-0.11605633802816906,0.02422535211267607,2023H1
002149,2023-05-08,0,bull,ma_bull,shrinking_volume_acceleration,current_week,-0.021026592455164028,-0.01236858379715533,-0.08472479901051333,-0.060606060606060774,0.0,2023H1
002149,2023-05-18,3,mid,none,pullback_holds,current_week,-0.016455696202531622,-0.07658227848101273,-0.031012658227848156,-0.09746835443037982,0.01645569620253151,2023H1
002149,2023-06-15,3,mid,none,shrinking_volume_acceleration,current_week,0.0032873109796185407,0.09533201840894145,0.12689020381328064,-0.013149243918474718,0.1545036160420774,2023H1
002149,2023-06-16,4,mid,none,shrinking_volume_acceleration,current_week,0.01229773462783168,0.10744336569579271,0.12297734627831725,-0.028478964401294604,0.1365695792880257,2023H1
002149,2023-07-28,4,bull,none,pullback_holds,current_week,-0.10544815465729351,-0.10076157000585828,-0.13649677797305215,-0.12712360867018158,0.04393673110720564,2023H2
002149,2024-12-12,3,bull,ma_bull,pullback_holds,current_week,0.07582349285270351,0.09136109384710989,0.1479179614667494,-0.04288377874456184,0.15972653822249838,2024H2
002149,2024-12-16,0,bull,none,shrinking_volume_acceleration,current_week,0.12243589743589767,0.15512820512820502,0.19679487179487198,-0.005769230769230749,0.19615384615384612,2024H2
002149,2025-02-07,4,mid,ma_bull,pullback_holds,current_week,0.0011267605633802358,0.07605633802816913,0.22816901408450718,-0.05633802816901412,0.11549295774647894,2025H1
002149,2025-02-10,0,mid,ma_bull,two_day_acceleration,current_week,-0.03649237472766875,0.04030501089324634,0.16721132897603486,-0.08769063180827885,0.09531590413943358,2025H1
002149,2025-02-13,3,bull,ma_bull,pullback_holds,current_week,0.07388888888888889,0.05444444444444452,0.3022222222222224,-0.06944444444444442,0.11944444444444446,2025H1
002149,2025-02-14,4,bull,ma_bull,pullback_holds,current_week,0.07970604861503672,0.04239683436970032,0.3340870548332391,-0.05313736574335792,0.1390616167326173,2025H1
002149,2025-02-26,2,bull,ma_bull,two_day_acceleration,current_week,0.03333333333333344,0.14102564102564097,0.10871794871794882,-0.058974358974358876,0.19128205128205122,2025H1
002149,2025-03-25,1,mid,ma_bull,pullback_holds,current_week,-0.06705670567056699,-0.09180918091809176,-0.1413141314131412,-0.18991899189918993,0.03870387038703882,2025H1
002149,2025-04-21,0,mid,none,pullback_holds,current_week,-0.050735667174023336,0.0121765601217656,-0.03957382039573831,-0.08117706747843745,0.016742770167427645,2025H1
002149,2025-05-19,0,bull,none,pullback_holds,current_week,-0.019457245263696854,-0.043522785458269375,-0.0783410138248849,-0.0834613415258576,0.015360983102918668,2025H1
002149,2025-06-09,0,bull,none,pullback_holds,current_week,-0.029474812433011865,-0.08520900321543412,0.010718113612004254,-0.12218649517684899,0.004823151125401992,2025H1
002149,2025-06-11,2,bull,none,pullback_holds,current_week,-0.050273224043715925,0.02076502732240426,0.002732240437158584,-0.10491803278688538,0.024590163934426146,2025H1
002149,2025-06-12,3,bull,none,pullback_holds,current_week,-0.09189189189189184,0.013513513513513598,-0.018378378378378413,-0.11459459459459465,0.04594594594594592,2025H1
002149,2025-06-13,4,bull,none,pullback_holds,current_week,-0.08598028477546549,0.05476451259583781,0.003285870755750153,-0.10295728368017543,0.06352683461117192,2025H1
002149,2025-06-27,4,bull,none,shrinking_volume_acceleration,current_week,-0.023316062176165775,-0.050777202072538885,0.07564766839378234,-0.07305699481865291,0.049740932642487135,2025H1
002149,2025-06-30,0,bull,none,two_day_acceleration,current_week,-0.05035246727089626,-0.07804632426988922,0.10070493454179252,-0.09919436052366559,0.020140986908358638,2025H1
002149,2025-07-17,3,bull,none,shrinking_volume_acceleration,current_week,0.05265822784810115,0.07898734177215183,-0.10227848101265824,-0.004556962025316413,0.12506329113924042,2025H2
002149,2025-07-23,2,bull,macd_cross,two_day_acceleration,current_week,0.02163461538461542,-0.029326923076923084,-0.10817307692307687,-0.029807692307692313,0.09903846153846141,2025H2
002149,2025-08-01,4,bull,macd_cross,pullback_holds,current_week,-0.12535885167464123,-0.14019138755980876,-0.11387559808612446,-0.15406698564593313,0.09377990430621996,2025H2
002149,2025-09-25,3,bull,none,two_day_acceleration,current_week,0.03142857142857136,-0.014857142857142791,0.02685714285714269,-0.02857142857142858,0.07885714285714274,2025H2
002149,2025-09-26,4,mid,none,pullback_holds,current_week,0.07981492192018513,-0.0005783689994215413,0.037015615962984416,-0.01677270098322725,0.09196067090803939,2025H2
002149,2025-09-30,1,bull,none,pullback_holds,current_week,0.015686274509803866,-0.02801120448179273,-0.015126050420168013,-0.042577030812325,0.05770308123249279,2025H2
002149,2025-10-27,0,bull,none,pullback_holds,current_week,0.012994350282485856,0.005649717514124353,-0.06779661016949146,-0.01807909604519775,0.06610169491525442,2025H2
002149,2025-10-28,1,bull,none,two_day_acceleration,current_week,-0.01666666666666672,-0.012777777777777777,-0.0855555555555555,-0.0344444444444445,0.04833333333333334,2025H2
002149,2025-10-29,2,bull,none,two_day_acceleration,current_week,-0.05229110512129376,-0.06738544474393526,-0.10242587601078179,-0.07223719676549867,0.0010781671159030282,2025H2
002149,2026-01-08,3,bull,ma_bull,shrinking_volume_acceleration,current_week,-0.12113771229793335,-0.1896869244935544,0.13382443216697348,-0.2741968487824842,0.07693881727030893,2026H1
002149,2026-01-30,4,bull,ma_bull,shrinking_volume_acceleration,current_week,0.04207547169811332,-0.06981132075471685,-0.10188679245283017,-0.11339622641509428,0.09396226415094344,2026H1
002149,2026-02-05,3,mid,ma_bull,shrinking_volume_acceleration,current_week,-0.07407407407407407,-0.03518518518518521,-0.1938888888888889,-0.13870370370370377,0.04166666666666674,2026H1
002149,2026-02-26,3,bull,ma_bull,two_day_acceleration,current_week,-0.011491935483870952,-0.055040322580645284,-0.057661290322580605,-0.06854838709677413,0.15544354838709684,2026H1
002149,2026-02-27,4,bull,ma_bull,two_day_acceleration,current_week,-0.047169811320754595,-0.16191759722757026,-0.04793993068925673,-0.16788602233346173,0.10338852522140951,2026H1
002149,2026-04-17,4,mid,macd_stabilizing,shrinking_volume_acceleration,current_week,0.056376573617952896,0.2745849297573435,0.26053639846743293,-0.008939974457215838,0.2745849297573435,2026H1
002149,2026-05-13,2,bull,ma_bull,shrinking_volume_acceleration,current_week,-0.07830843116328712,-0.12486659551760959,-0.24012806830309508,-0.20490928495197447,0.018943436499466282,2026H1
002149,2026-05-22,4,mid,ma_bull,two_day_acceleration,current_week,-0.18815896188158965,-0.12138415788050827,-0.26182752095160855,-0.2631792376317924,0.0,2026H1
002149,2026-08-07,4,mid,none,shrinking_volume_acceleration,current_week,0.09024999999999994,-0.06699999999999995,-0.15000000000000002,-0.09725000000000006,0.121,2026H2
002149,2026-08-12,2,mid,none,shrinking_volume_acceleration,current_week,-0.07837837837837847,-0.11670761670761665,-0.16117936117936127,-0.13685503685503686,0.10171990171990175,2026H2
603172,2025-08-06,2,bull,ma_bull,shrinking_volume_acceleration,current_week,-0.0051399200456881955,-0.003997715591090856,-0.06396344945745291,-0.03655054254711598,0.02170188463735001,2025H2
603172,2025-08-08,4,bull,ma_bull,shrinking_volume_acceleration,current_week,-0.043380281690140854,-0.033802816901408295,-0.054647887323943545,-0.04957746478873237,0.007887323943662095,2025H2
603172,2025-08-19,1,bull,ma_bull,pullback_holds,current_week,0.022674418604651247,-0.020930232558139528,0.029069767441860517,-0.08604651162790689,0.03837209302325584,2025H2
603172,2025-08-20,2,bull,ma_bull,pullback_holds,current_week,-0.058991981672394056,-0.06128293241695304,0.0068728522336769515,-0.09965635738831613,0.02290950744558984,2025H2
603172,2025-09-08,0,bull,ma_bull,two_day_acceleration,current_week,0.019641825534373325,-0.02310803004043893,0.04217215482380121,-0.03119584055459268,0.03928365106874665,2025H2
603172,2025-09-11,3,bull,ma_bull,shrinking_volume_acceleration,current_week,0.0011441647597254523,-0.008581235697940448,0.035469107551487467,-0.10354691075514877,0.0291762013729977,2025H2
603172,2025-09-12,4,bull,ma_bull,two_day_acceleration,current_week,-0.030388294879009514,-0.005627462014631268,0.03489026449071475,-0.11817670230725941,0.011254924029262758,2025H2
603172,2025-09-25,3,bull,none,pullback_holds,current_week,0.05077899596076163,0.04443162146566637,0.0865551067512984,-0.024812463935372397,0.08944027697634138,2025H2
603172,2025-09-26,4,mid,none,shrinking_volume_acceleration,current_week,0.02795208214489442,0.04905875641756974,0.09184255561893884,-0.02452937820878487,0.07701083856246416,2025H2
603172,2025-09-29,0,bull,ma_bull,two_day_acceleration,current_week,-0.0027639579878385723,0.026533996683250516,0.060807075732449034,-0.04090657822001098,0.04367053620784955,2025H2
603172,2025-10-15,2,bull,ma_bull,two_day_acceleration,current_week,0.008719346049046228,0.00926430517711152,0.06702997275204359,-0.02506811989100821,0.0724795640326974,2025H2
603172,2025-10-20,0,mid,ma_bull,two_day_acceleration,current_week,0.046170559478544426,0.039652362846279265,0.05757740358500807,-0.010320478001086486,0.06898424769147193,2025H2
603172,2025-10-23,3,bull,ma_bull,shrinking_volume_acceleration,current_week,-0.017039403620873306,0.029286474973375887,0.0031948881789136685,-0.0250266240681577,0.05697550585729494,2025H2
603172,2025-10-24,4,bull,ma_bull,two_day_acceleration,current_week,-0.013102725366876289,0.009958071278825864,-0.07704402515723285,-0.040356394129979156,0.040356394129978934,2025H2
603172,2025-11-05,2,bull,ma_bull,pullback_holds,current_week,0.019791666666666874,-0.013541666666666563,-0.030729166666666696,-0.03541666666666665,0.02968750000000009,2025H2
603172,2025-11-06,3,bull,ma_bull,shrinking_volume_acceleration,current_week,0.005184033177812353,-0.023328149300155476,-0.05650596163815447,-0.03991705546915503,0.02488335925349916,2025H2
603172,2025-11-11,1,bull,ma_bull,two_day_acceleration,current_week,-0.0036101083032491488,-0.04177411036616807,-0.03971119133574008,-0.09231562661165549,0.01959773078906646,2025H2
603172,2025-11-12,2,bull,ma_bull,two_day_acceleration,current_week,-0.028219599794766626,-0.06824012314007188,-0.0713186249358646,-0.09697280656747054,0.014366341713699216,2025H2
603172,2025-11-13,3,bull,ma_bull,pullback_holds,current_week,-0.028365136668385804,-0.04951005673027342,-0.08922124806601339,-0.09231562661165549,0.01959773078906646,2025H2
603172,2025-12-08,0,bull,none,pullback_holds,current_week,-0.06758914316125597,-0.02607770090473649,-0.06865353911655137,-0.10697179350718455,0.044172432144757856,2025H2
603172,2025-12-09,1,mid,none,pullback_holds,current_week,-0.0770059235325794,-0.017232094776521323,-0.04684975767366728,-0.09639203015616582,0.056542810985460434,2025H2
603172,2025-12-19,4,mid,none,pullback_holds,current_week,-0.03770491803278697,-0.032786885245901676,0.12021857923497259,-0.0491803278688524,0.0721311475409836,2025H2
603172,2025-12-22,0,bull,macd_stabilizing,pullback_holds,current_week,-0.013079019073569564,-0.04632152588555871,0.13787465940054489,-0.059400544959128054,0.00926430517711152,2025H2
603172,2026-01-05,0,bull,none,pullback_holds,current_week,-0.001116694584031297,0.12395309882747063,0.5801228364042434,-0.03629257398101615,0.1379117811278614,2026H1
603172,2026-01-12,0,bull,none,pullback_holds,current_week,0.12144846796657371,0.17938718662952668,0.47688022284122566,-0.010027855153203369,0.20501392757660164,2026H1
603172,2026-01-14,2,bull,none,two_day_acceleration,current_week,0.1280388978930307,0.1485683414370611,0.39113992436520784,-0.014046461372231311,0.16855753646677463,2026H1
603172,2026-01-16,4,bull,macd_stabilizing,two_day_acceleration,current_week,0.10062893081761004,0.3485324947589097,0.25995807127882586,-0.015199161425576646,0.3485324947589097,2026H1
603172,2026-01-21,2,bull,ma_bull,shrinking_volume_acceleration,current_week,0.01819923371647514,0.34195402298850586,0.19827586206896552,-0.02777777777777768,0.49090038314176243,2026H1
603172,2026-01-23,4,bull,ma_bull,shrinking_volume_acceleration,current_week,0.22523809523809524,0.18333333333333335,0.12095238095238092,-0.033333333333333326,0.48238095238095235,2026H1
603172,2026-01-26,0,bull,ma_bull,two_day_acceleration,current_week,0.32863849765258224,0.2446009389671362,0.06150234741784022,-0.04694835680751175,0.46150234741784035,2026H1
603172,2026-02-10,1,bull,ma_bull,pullback_holds,current_week,0.05344757241942055,-0.07221542227662181,-0.09914320685434519,-0.09424724602203194,0.08323133414932671,2026H1
603172,2026-04-09,3,mid,none,pullback_holds,current_week,0.000945179584120881,-0.01937618147448017,0.03308128544423439,-0.02882797731568998,0.047258979206049156,2026H1
603172,2026-04-10,4,mid,none,pullback_holds,current_week,-0.021146616541353302,-0.017387218045112784,0.03477443609022557,-0.041353383458646586,0.041353383458646586,2026H1
603172,2026-04-13,0,mid,none,two_day_acceleration,current_week,-0.019553072625698387,-0.02001862197392923,0.03258845437616387,-0.05027932960893844,0.03165735567970196,2026H1
603172,2026-04-21,1,bull,none,pullback_holds,current_week,-0.00046948356807519076,0.039906103286385,0.03755868544600949,-0.04225352112676051,0.04976525821596245,2026H1
603172,2026-04-28,1,bull,none,pullback_holds,current_week,0.0374707259953162,0.07494145199063218,-0.07587822014051526,-0.021545667447306793,0.08618266978922717,2026H1
603172,2026-05-06,2,bull,none,two_day_acceleration,current_week,0.003646308113035568,0.05834092980856864,-0.11303555150410216,-0.016408386508659945,0.10938924339106637,2026H1
603172,2026-05-11,0,bull,none,two_day_acceleration,current_week,0.0227770477441962,-0.07008322382829613,-0.19710906701708275,-0.08190976784932114,0.06614104248795427,2026H1
603172,2026-05-15,4,bull,none,two_day_acceleration,current_week,-0.01777777777777767,-0.12311111111111106,-0.15333333333333332,-0.13111111111111107,0.08177777777777773,2026H1
002587,2023-03-24,4,mid,ma_bull,two_day_acceleration,current_week,-0.032394366197183166,-0.07746478873239449,-0.1394366197183099,-0.07887323943661984,0.011267605633802802,2023H1
002587,2023-04-12,2,bull,ma_bull,two_day_acceleration,current_week,-0.0686131386861315,-0.12554744525547445,-0.0948905109489051,-0.14452554744525548,0.007299270072992581,2023H1
002587,2023-05-04,3,bull,none,pullback_holds,current_week,0.037156704361873905,0.024232633279482885,0.1453957996768982,-0.03877221324717284,0.0856219709208399,2023H1
002587,2023-05-08,0,bull,none,pullback_holds,current_week,-0.011164274322169154,-0.009569377990430672,0.10685805422647521,-0.05103668261562999,0.04306220095693769,2023H1
002587,2023-05-11,3,mid,none,two_day_acceleration,current_week,-0.006269592476489061,-0.02037617554858928,0.2711598746081505,-0.06739811912225702,0.025078369905956244,2023H1
002587,2023-07-14,4,mid,ma_bull,pullback_holds,current_week,-0.07862068965517244,-0.08965517241379306,-0.1158620689655172,-0.10758620689655174,0.0,2023H2
002587,2023-08-04,4,bull,none,pullback_holds,current_week,-0.08034433285509324,-0.09899569583931123,-0.012912482065997155,-0.09899569583931123,0.01865136298421821,2023H2
002587,2023-09-04,0,mid,none,shrinking_volume_acceleration,current_week,0.031383737517831856,-0.027104136947218138,0.005706134094151327,-0.04707560627674756,0.08559201141226835,2023H2
002587,2023-12-29,4,mid,ma_bull,shrinking_volume_acceleration,current_week,-0.12574850299401197,-0.20239520958083823,-0.3017964071856287,-0.20958083832335317,0.021556886227544814,2023H2
002587,2025-08-04,0,bull,ma_bull,pullback_holds,current_week,0.00913242009132409,0.028919330289193246,0.007610350076103556,-0.013698630136986245,0.041095890410958846,2025H2
002587,2025-08-05,1,bull,ma_bull,pullback_holds,current_week,0.004559270516717451,0.033434650455927084,-0.03495440729483279,-0.015197568389057725,0.042553191489361764,2025H2
002587,2025-08-06,2,bull,ma_bull,pullback_holds,current_week,-0.003016591251885359,0.045248868778280604,-0.07692307692307687,-0.02262443438914019,0.045248868778280604,2025H2
002587,2025-08-07,3,bull,ma_bull,pullback_holds,current_week,-0.01957831325301218,0.04668674698795172,-0.07831325301204828,-0.02409638554216864,0.06024096385542155,2025H2
002587,2025-08-08,4,bull,ma_bull,pullback_holds,current_week,0.009160305343511421,0.06106870229007644,-0.04885496183206095,-0.010687022900763288,0.07480916030534357,2025H2
002587,2025-08-11,0,bull,ma_bull,pullback_holds,current_week,0.016541353383458635,0.045112781954887105,-0.05563909774436093,-0.025563909774436122,0.05864661654135328,2025H2
002587,2025-08-12,1,bull,ma_bull,pullback_holds,current_week,0.02874432677760952,0.06051437216338873,-0.06505295007564305,-0.01966717095310133,0.06505295007564293,2025H2
002587,2025-08-13,2,bull,ma_bull,pullback_holds,current_week,0.04682779456193353,0.010574018126888296,-0.0558912386706949,-0.02114803625377637,0.06344410876132933,2025H2
002587,2025-08-15,4,bull,ma_bull,pullback_holds,current_week,0.04826546003016596,-0.004524886877827927,-0.05128205128205121,-0.02262443438914019,0.06184012066365008,2025H2
002587,2025-08-18,0,bull,ma_bull,two_day_acceleration,current_week,0.03115727002967361,-0.017804154302670683,-0.07270029673590506,-0.03857566765578635,0.04451038575667643,2025H2
002587,2025-08-20,2,bull,ma_bull,two_day_acceleration,current_week,-0.04017216642754651,-0.12195121951219512,-0.08034433285509324,-0.1262553802008608,0.010043041606886627,2025H2
002587,2025-08-26,1,bull,ma_bull,shrinking_volume_acceleration,current_week,-0.0836940836940836,-0.10822510822510822,-0.12409812409812404,-0.13131313131313116,0.005772005772005873,2025H2
002587,2025-09-29,0,bull,none,pullback_holds,current_week,-0.03565640194489461,-0.012965964343598091,0.04376012965964349,-0.06320907617504046,0.017828200972447306,2025H2
002587,2025-09-30,1,bull,none,pullback_holds,current_week,-0.021069692058346856,-0.00648298217179899,0.04862236628849259,-0.06320907617504046,0.004862236628849326,2025H2
002587,2025-10-22,2,bull,none,pullback_holds,current_week,0.027732463295269127,0.055464926590538255,0.06525285481239806,-0.004893964110929794,0.06525285481239806,2025H2
002587,2025-10-23,3,bull,none,two_day_acceleration,current_week,-0.023474178403755874,0.012519561815336422,0.025039123630672844,-0.028169014084507116,0.021909233176838683,2025H2
002587,2025-11-03,0,bull,none,two_day_acceleration,current_week,0.023510971786833812,0.03291536050156729,0.053291536050156685,-0.004702194357366629,0.03918495297805635,2025H2
002587,2025-11-12,2,bull,macd_cross,shrinking_volume_acceleration,current_week,0.003072196620583778,0.019969278033794335,0.03533026113671278,-0.029185867895545226,0.07066052227342556,2025H2
002587,2025-11-13,3,bull,macd_cross,pullback_holds,current_week,0.006144393241167334,0.02457757296466978,0.007680491551459445,-0.029185867895545226,0.07066052227342556,2025H2
002587,2025-11-14,4,bull,macd_cross,two_day_acceleration,current_week,-0.030581039755351758,0.022935779816513735,-0.006116207951070374,-0.033639143730886834,0.06574923547400613,2025H2
002587,2025-11-17,0,mid,none,shrinking_volume_acceleration,current_week,-0.0060975609756097615,0.024390243902438824,0.0030487804878047697,-0.03658536585365857,0.06249999999999978,2025H2
002587,2025-11-18,1,mid,none,two_day_acceleration,current_week,0.013636363636363669,0.028787878787878807,-0.02121212121212135,-0.042424242424242475,0.05606060606060592,2025H2
002587,2025-12-01,0,mid,none,two_day_acceleration,current_week,0.017910447761193993,-0.017910447761193993,0.0,-0.04477611940298509,0.04477611940298498,2025H2
002587,2026-01-06,1,bull,ma_bull,shrinking_volume_acceleration,current_week,0.005899705014749346,0.026548672566371723,0.016224188790560534,-0.019174041297935096,0.054572271386430726,2026H1
002587,2026-01-09,4,bull,ma_bull,two_day_acceleration,current_week,0.013081395348837122,0.04215116279069764,-0.0029069767441859407,-0.01017441860465107,0.05232558139534893,2026H1
002587,2026-01-12,0,bull,ma_bull,two_day_acceleration,current_week,0.0,-0.0028530670470755526,0.0014265335235379428,-0.02853067047075597,0.032810271041369576,2026H1
002587,2026-01-22,3,bull,ma_bull,pullback_holds,current_week,-0.03708987161198285,-0.012838801711840153,0.021398002853067144,-0.051355206847360835,0.032810271041369576,2026H1
002587,2026-02-03,1,mid,ma_bull,shrinking_volume_acceleration,current_week,0.03801169590643294,0.029239766081871288,0.04678362573099415,-0.005847953216374324,0.0584795321637428,2026H1
002587,2026-02-04,2,mid,ma_bull,pullback_holds,current_week,0.023391812865497075,0.04532163742690076,0.051169590643274976,-0.005847953216374324,0.0584795321637428,2026H1
002587,2026-02-05,3,mid,ma_bull,pullback_holds,current_week,0.005813953488372103,0.04069767441860472,0.04069767441860472,-0.011627906976744207,0.05232558139534893,2026H1
002587,2026-02-06,4,mid,ma_bull,pullback_holds,current_week,0.010101010101010166,-0.010101010101010055,0.038961038961039085,-0.014430014430014348,0.044733044733044736,2026H1
002587,2026-02-11,2,bull,ma_bull,pullback_holds,current_week,0.0185185185185186,-0.0014245014245015675,0.017094017094017033,-0.10113960113960108,0.031339031339031376,2026H1
002587,2026-02-13,4,mid,ma_bull,pullback_holds,current_week,-0.028328611898017053,-0.026912181303116234,-0.08640226628895187,-0.10623229461756378,0.025495750708215192,2026H1
002587,2026-02-24,1,bull,ma_bull,two_day_acceleration,current_week,-0.11018131101813111,-0.00557880055788007,-0.06276150627615062,-0.11994421199442107,0.002789400278940146,2026H1
002587,2026-04-09,3,mid,none,pullback_holds,current_week,-0.019431988041853532,-0.06128550074738415,0.07922272047832579,-0.06576980568011959,0.005979073243647326,2026H1
002587,2026-04-10,4,mid,none,pullback_holds,current_week,-0.004566210045662156,-0.05022831050228316,0.10502283105022814,-0.060882800608828,0.016742770167427645,2026H1
002587,2026-04-20,0,bull,none,pullback_holds,current_week,0.013740458015267354,0.09312977099236641,0.033587786259542174,-0.05801526717557248,0.09770992366412212,2026H1
002587,2026-04-29,2,bull,none,shrinking_volume_acceleration,current_week,0.07363770250368185,0.030927835051546282,0.010309278350515427,0.0,0.09278350515463907,2026H1
002587,2026-04-30,3,bull,macd_stabilizing,two_day_acceleration,current_week,0.021216407355021172,0.0,-0.04667609618104673,-0.026874115983026914,0.04950495049504955,2026H1
002587,2026-05-07,3,bull,none,shrinking_volume_acceleration,current_week,0.0,-0.051820728291316565,-0.053221288515406306,-0.054621848739495826,0.039215686274509665,2026H1
002587,2026-05-27,2,mid,none,pullback_holds,current_week,-0.0429184549356223,-0.0028612303290415086,-0.010014306151645225,-0.061516452074391936,0.044349070100142995,2026H1
002587,2026-06-15,0,bull,none,shrinking_volume_acceleration,current_week,0.054572271386430726,0.1519174041297935,-0.19469026548672574,-0.028023598820059004,0.1519174041297935,2026H1
002587,2026-06-17,2,bull,macd_stabilizing,pullback_holds,current_week,0.00727802037845704,0.04657933042212514,-0.2197962154294032,-0.03056768558951961,0.14701601164483247,2026H1
688566,2023-09-14,3,mid,none,pullback_holds,current_week,0.08718726307808944,0.1470811220621684,-0.04321455648218331,-0.014404852160727732,0.19598180439727075,2023H2
688566,2025-07-03,3,bull,ma_bull,pullback_holds,current_week,0.08800000000000008,0.17454545454545434,0.25090909090909075,-0.0007272727272726875,0.21999999999999997,2025H2
688566,2025-07-16,2,bull,ma_bull,two_day_acceleration,current_week,0.10529758011772383,0.09908436886854144,0.061805101373446636,-0.025179856115107868,0.2063440156965337,2025H2
688566,2025-07-31,3,bull,ma_bull,shrinking_volume_acceleration,current_week,-0.06242707117852975,-0.0679696616102684,0.0568844807467912,-0.09422403733955664,0.02742123687281217,2025H2
688566,2025-08-15,4,bull,ma_bull,shrinking_volume_acceleration,current_week,0.11501988375650063,0.13796267971856846,0.18415417558886515,0.0,0.21137962679718592,2025H2
688566,2025-08-29,4,bull,ma_bull,shrinking_volume_acceleration,current_week,0.0654131355932206,0.025158898305084776,-0.0625,-0.10778601694915257,0.1832627118644068,2025H2
688566,2025-09-05,4,bull,ma_bull,shrinking_volume_acceleration,current_week,-0.03176588294147076,-0.09829914957478736,-0.16958479239619806,-0.1573286643321662,0.008754377188594065,2025H2
688566,2025-10-29,2,bull,none,two_day_acceleration,current_week,-0.014965579167913745,-0.06614785992217909,-0.1272074229272674,-0.07213409158934458,0.07632445375636032,2025H2
688566,2025-12-08,0,bull,none,pullback_holds,current_week,-0.018784153005464543,-0.002732240437158584,0.03654371584699456,-0.04303278688524592,0.01605191256830607,2025H2
688566,2025-12-09,1,mid,none,pullback_holds,current_week,-0.032213845099383076,0.00034270047978068874,0.04180945853324203,-0.039753255654557895,0.010281014393420218,2025H2
688566,2025-12-22,0,bull,none,pullback_holds,current_week,0.012671232876712457,0.03938356164383561,0.014041095890410915,-0.003767123287671259,0.05445205479452064,2025H2
688566,2025-12-23,1,bull,none,pullback_holds,current_week,0.006128702757916216,0.03506979911474306,0.0020429009193054792,-0.009533537623425348,0.04834865509022812,2025H2
688566,2025-12-25,3,bull,none,shrinking_volume_acceleration,current_week,0.02216996976822294,0.025193147463889787,0.010749076251259648,-0.02082633523681554,0.04366812227074246,2025H2
688566,2025-12-31,2,bull,none,two_day_acceleration,current_week,0.030676892297432312,-0.01633877959319785,-0.05101700566855627,-0.02800933644548187,0.036345448482827614,2025H2
688566,2026-01-05,0,bull,none,two_day_acceleration,current_week,0.0032873109796185407,-0.01051939513477973,-0.08678500986193294,-0.04174884944115709,0.021696252465483346,2026H1
688566,2026-01-09,4,bull,none,two_day_acceleration,current_week,-0.047772756617172396,-0.03453841187863138,-0.07811491284699801,-0.05907036797934151,0.0032278889606198735,2026H1
688566,2026-01-20,1,bull,none,pullback_holds,current_week,-0.01578770574403754,-0.061471279811891155,-0.03493449781659386,-0.06852536110178031,0.022841787033926808,2026H1
688566,2026-01-23,4,bull,none,pullback_holds,current_week,-0.04656616415410386,-0.04321608040200997,-0.04321608040200997,-0.07336683417085432,0.02010050251256268,2026H1
688566,2026-01-26,0,bull,none,pullback_holds,current_week,-0.07860696517412935,-0.04941956882255394,-0.05572139303482593,-0.08258706467661703,0.00995024875621886,2026H1
600881,2025-08-11,0,bull,ma_bull,shrinking_volume_acceleration,current_week,0.13089005235602102,0.09424083769633484,0.1361256544502616,-0.010471204188481686,0.23036649214659688,2025H2
600881,2025-08-15,4,bull,ma_bull,shrinking_volume_acceleration,current_week,0.050761421319796884,0.04060913705583746,0.13197969543147203,-0.010152284263959421,0.19289340101522856,2025H2
600881,2025-09-15,0,bull,ma_bull,two_day_acceleration,current_week,-0.10917030567685593,-0.15283842794759828,-0.1659388646288209,-0.17903930131004364,0.03493449781659397,2025H2
600881,2025-10-10,4,bull,none,pullback_holds,current_week,-0.03157894736842104,0.0,-0.0052631578947368585,-0.04210526315789476,0.042105263157894646,2025H2
600881,2025-10-23,3,bull,none,pullback_holds,current_week,-0.03589743589743577,-0.02051282051282044,0.11794871794871797,-0.05128205128205121,0.01025641025641022,2025H2
600881,2025-10-24,4,bull,none,pullback_holds,current_week,-0.005235602094240788,-0.010471204188481686,0.09424083769633484,-0.03141361256544506,0.02617801047120416,2025H2
600881,2025-11-03,0,bull,none,two_day_acceleration,current_week,0.005181347150259086,0.11917098445595875,0.08808290155440424,-0.02072538860103612,0.15025906735751304,2025H2
600881,2025-11-06,3,bull,none,pullback_holds,current_week,0.1361256544502616,0.1413612565445026,0.041884816753926524,-0.010471204188481686,0.16230366492146597,2025H2
600881,2026-01-06,1,bull,none,two_day_acceleration,current_week,0.0052631578947368585,-0.02631578947368418,-0.06315789473684219,-0.03157894736842104,0.02631578947368407,2026H1
600881,2026-01-07,2,bull,none,pullback_holds,current_week,0.0,-0.02659574468085113,-0.037234042553191515,-0.02659574468085113,0.037234042553191404,2026H1
600881,2026-01-08,3,bull,none,pullback_holds,current_week,-0.015873015873015928,-0.021164021164021163,-0.05291005291005291,-0.031746031746031744,0.03174603174603163,2026H1
600881,2026-01-09,4,bull,none,pullback_holds,current_week,-0.010638297872340385,-0.005319148936170248,-0.0478723404255319,-0.02659574468085113,0.037234042553191404,2026H1
600881,2026-01-12,0,bull,none,pullback_holds,current_week,-0.020942408376963373,-0.010471204188481686,-0.04712041884816753,-0.041884816753926746,0.02094240837696315,2026H1
600881,2026-01-26,0,bull,none,pullback_holds,current_week,-0.05820105820105825,-0.03703703703703709,-0.07936507936507942,-0.0634920634920636,0.005291005291005346,2026H1
600881,2026-02-09,0,bull,none,pullback_holds,current_week,-0.01098901098901095,-0.04395604395604402,-0.03296703296703296,-0.0494505494505495,0.0219780219780219,2026H1
600881,2026-02-10,1,bull,none,pullback_holds,current_week,0.0,-0.0710382513661203,-0.05464480874316946,-0.08196721311475419,0.016393442622950838,2026H1
600881,2026-02-11,2,bull,none,pullback_holds,current_week,0.0,-0.05494505494505497,-0.06593406593406603,-0.07692307692307698,0.0219780219780219,2026H1
600881,2026-02-24,1,bull,none,pullback_holds,current_week,-0.033333333333333326,-0.03888888888888897,-0.09999999999999998,-0.06666666666666676,0.03333333333333344,2026H1
600881,2026-02-25,2,bull,none,pullback_holds,current_week,-0.07608695652173925,-0.05978260869565222,-0.08695652173913049,-0.08695652173913049,0.005434782608695565,2026H1
600881,2026-02-26,3,bull,none,pullback_holds,current_week,-0.05494505494505497,-0.0494505494505495,-0.09890109890109888,-0.07692307692307698,0.01098901098901095,2026H1
600881,2026-02-27,4,bull,none,pullback_holds,current_week,-0.027624309392265234,-0.04972375690607744,-0.07734806629834257,-0.07182320441988954,0.005524861878453136,2026H1
002116,2023-03-01,2,bull,ma_bull,pullback_holds,current_week,0.07052896725440805,0.07808564231738035,-0.09319899244332486,-0.016792611251049472,0.14441645675902604,2023H1
002116,2023-03-02,3,bull,ma_bull,two_day_acceleration,current_week,0.022913256955810146,0.00654664484451728,-0.11047463175122751,-0.041734860883797076,0.11538461538461542,2023H1
002116,2023-04-04,1,bull,none,two_day_acceleration,current_week,-0.052028218694885386,0.07319223985890644,0.2821869488536157,-0.07319223985890655,0.10405643738977077,2023H1
002116,2023-04-06,3,bull,none,pullback_holds,current_week,-0.032258064516129004,0.09139784946236551,0.29032258064516125,-0.05824372759856633,0.12186379928315416,2023H1
002116,2023-04-07,4,bull,none,pullback_holds,current_week,0.0027002700270029045,0.05220522052205223,0.262826282628263,-0.05400540054005398,0.12691269126912696,2023H1
002116,2023-04-19,2,bull,macd_stabilizing,two_day_acceleration,current_week,-0.07851239669421484,0.2016528925619836,-0.006611570247933907,-0.08677685950413216,0.2016528925619836,2023H1
002116,2023-05-11,3,mid,ma_bull,shrinking_volume_acceleration,current_week,-0.07525325615050649,-0.1743849493487699,-0.15050651230101297,-0.18668596237337187,0.02749638205499272,2023H1
002116,2023-07-13,3,mid,ma_bull,shrinking_volume_acceleration,current_week,-0.07018927444794942,0.03785488958990535,-0.021293375394321745,-0.07728706624605663,0.07649842271293372,2023H2
002116,2023-07-28,4,bull,ma_bull,shrinking_volume_acceleration,current_week,-0.03092006033182504,-0.08446455505279027,-0.1395173453996983,-0.08521870286576161,0.02714932126696845,2023H2
002116,2023-09-04,0,mid,none,two_day_acceleration,current_week,-0.024617996604414216,-0.05348047538200329,-0.09677419354838701,-0.07300509337860772,0.0,2023H2
002116,2023-09-06,2,mid,none,pullback_holds,current_week,-0.02319587628865971,-0.04209621993127144,-0.07302405498281783,-0.061855670103092786,0.0,2023H2
002116,2023-09-11,0,mid,none,pullback_holds,current_week,-0.02959094865100087,-0.019147084421235916,-0.11575282854656221,-0.04960835509138384,0.011314186248912117,2023H2
002116,2023-09-18,0,mid,none,shrinking_volume_acceleration,current_week,0.01348920863309333,-0.043165467625899345,-0.10341726618705038,-0.05215827338129497,0.08363309352517989,2023H2
002116,2023-09-22,4,mid,none,two_day_acceleration,current_week,0.022827041264266823,-0.10711150131694469,-0.07813871817383677,-0.1132572431957859,0.057945566286216055,2023H2
002116,2025-10-09,3,bull,none,pullback_holds,current_week,0.02766798418972316,0.05138339920948609,0.05335968379446632,-0.01679841897233203,0.05731225296442677,2025H2
002116,2025-10-10,4,bull,none,two_day_acceleration,current_week,0.015841584158415856,0.045544554455445585,0.05841584158415847,-0.014851485148514754,0.05940594059405946,2025H2
002116,2025-10-23,3,bull,none,shrinking_volume_acceleration,current_week,-0.018796992481203145,0.001879699248120259,0.015037593984962516,-0.022556390977443663,0.013157894736842035,2025H2
002116,2025-11-03,0,bull,none,pullback_holds,current_week,0.018921475875118166,0.0756859035004731,0.05203405865657529,-0.0009460737937558861,0.11542100283822143,2025H2
002116,2025-11-06,3,bull,none,pullback_holds,current_week,0.07692307692307687,0.013133208255159623,0.0065666041275798115,-0.0018761726078798668,0.10600375234521575,2025H2
002116,2025-11-07,4,bull,none,pullback_holds,current_week,0.057889822595704965,0.0028011204481792618,0.024276377217553602,-0.006535947712418277,0.10084033613445387,2025H2
002116,2025-11-10,0,bull,none,shrinking_volume_acceleration,current_week,0.0518038852913969,0.01757631822386685,0.0027752081406104967,-0.014801110083256241,0.09065679925994452,2025H2
002116,2025-12-01,0,mid,ma_bull,two_day_acceleration,current_week,-0.023423423423423406,-0.06756756756756754,-0.05585585585585584,-0.07567567567567568,0.013513513513513598,2025H2
002116,2025-12-22,0,bull,none,pullback_holds,current_week,0.0057581573896352545,-0.006717850287907945,0.03646833013435713,-0.0201535508637235,0.020153550863723613,2025H2
002116,2025-12-24,2,bull,none,shrinking_volume_acceleration,current_week,-0.025592417061611528,-0.006635071090047462,0.03127962085308056,-0.03222748815165877,0.007582938388625671,2025H2
002116,2025-12-25,3,bull,none,pullback_holds,current_week,-0.023696682464455,0.0009478672985780978,0.03696682464454959,-0.03222748815165877,0.0028436018957345155,2025H2
002116,2025-12-26,4,bull,none,pullback_holds,current_week,-0.013270142180094813,-0.008530805687203769,0.03696682464454959,-0.03222748815165877,0.0037914691943126133,2025H2
002116,2026-01-06,1,bull,none,pullback_holds,current_week,0.0019157088122607746,0.03544061302682011,0.04406130268199249,-0.011494252873563093,0.03544061302682011,2026H1
002116,2026-01-07,2,bull,none,pullback_holds,current_week,0.008704061895551174,0.044487427466150864,0.07253384912959371,-0.0019342359767891004,0.05222437137330771,2026H1
002116,2026-01-08,3,bull,macd_stabilizing,pullback_holds,current_week,-0.0019102196752626144,0.05348615090735431,0.06303724928366772,-0.012416427889207382,0.05730659025787954,2026H1
002116,2026-01-09,4,bull,macd_stabilizing,pullback_holds,current_week,-0.0038058991436725753,0.03520456707897246,0.039010466222645146,-0.016175071360608917,0.05328258801141783,2026H1
002116,2026-01-12,0,bull,none,two_day_acceleration,current_week,0.01512287334593565,0.03402646502835527,0.04064272211720232,-0.022684310018903586,0.046313799621928275,2026H1
002116,2026-01-19,0,bull,none,two_day_acceleration,current_week,0.019571295433364222,0.005591798695246952,0.02982292637465056,-0.004659832246039164,0.0344827586206895,2026H1
002116,2026-01-22,3,bull,none,two_day_acceleration,current_week,0.0,0.01181818181818195,0.020000000000000018,-0.023636363636363567,0.015454545454545388,2026H1
002116,2026-01-26,0,bull,macd_cross,shrinking_volume_acceleration,current_week,-0.010091743119265972,0.010091743119265972,-0.005504587155963359,-0.014678899082568808,0.02477064220183478,2026H1
002116,2026-01-28,2,bull,macd_cross,two_day_acceleration,current_week,0.010938924339106482,0.005469462169553241,-0.019143117593436676,-0.016408386508659945,0.018231540565177617,2026H1
002116,2026-01-30,4,bull,macd_cross,two_day_acceleration,current_week,-0.0072727272727273196,-0.018181818181818077,0.00454545454545463,-0.019090909090909047,0.015454545454545388,2026H1
002116,2026-02-25,2,bull,ma_bull,pullback_holds,current_week,-0.03603603603603589,0.010810810810810922,-0.07567567567567568,-0.04234234234234224,0.015315315315315381,2026H1
002116,2026-02-26,3,bull,ma_bull,shrinking_volume_acceleration,current_week,-0.03063063063063065,0.002702702702702897,-0.08738738738738727,-0.04234234234234224,0.015315315315315381,2026H1
002116,2026-03-10,1,bull,ma_bull,shrinking_volume_acceleration,current_week,-0.018683274021352392,-0.10053380782918153,-0.05604982206405695,-0.1512455516014234,0.01868327402135228,2026H1
002116,2026-04-10,4,mid,none,pullback_holds,current_week,0.009689922480620172,-0.05813953488372092,-0.061046511627907085,-0.07655038759689936,0.036821705426356655,2026H1
002116,2026-04-15,2,mid,none,pullback_holds,current_week,-0.003827751196172291,-0.06411483253588535,-0.10622009569377999,-0.09090909090909105,0.02392344497607657,2026H1
002116,2026-04-17,4,mid,none,pullback_holds,current_week,-0.06538461538461537,-0.05673076923076925,-0.10576923076923073,-0.08653846153846156,0.01057692307692304,2026H1
002116,2026-04-20,0,bull,none,pullback_holds,current_week,-0.0749279538904899,-0.0566762728146013,-0.13064361191162344,-0.08741594620557158,0.009606147934678066,2026H1
002116,2026-04-21,1,bull,none,pullback_holds,current_week,-0.06833493743984609,-0.051973051010587135,-0.12223291626564003,-0.08565928777670839,0.005774783445620768,2026H1
002116,2026-04-29,2,bull,none,shrinking_volume_acceleration,current_week,0.007164790174002178,-0.04401228249744116,-0.051177072671443224,-0.05220061412487209,0.01535312180143289,2026H1
300773,2023-11-06,0,mid,none,two_day_acceleration,current_week,-0.0005668934240363743,0.01587301587301604,-0.02154195011337867,-0.02777777777777768,0.03174603174603163,2023H2
300773,2023-11-09,3,mid,none,pullback_holds,current_week,0.02814474439977044,0.013785180930499852,-0.024124066628374408,-0.01493394600804121,0.04537622056289492,2023H2
300773,2023-11-17,4,mid,none,pullback_holds,current_week,-0.0398205272013461,-0.03533370723499729,-0.06449803701626489,-0.06618059450364566,0.019068984856982496,2023H2
300773,2023-11-21,1,mid,none,pullback_holds,current_week,-0.03603603603603611,-0.05912162162162171,-0.07713963963963966,-0.06250000000000011,0.014076576576576683,2023H2
300773,2025-02-07,4,mid,none,two_day_acceleration,current_week,0.01681127982646413,0.03850325379609543,-0.011388286334056419,-0.024945770065075923,0.04826464208242953,2025H1
300773,2025-02-12,2,bull,none,shrinking_volume_acceleration,current_week,-0.0340849501835343,-0.020450970110120648,-0.04771893025694807,-0.057157839538542254,0.013633980073413765,2025H1
300773,2025-02-14,4,bull,none,shrinking_volume_acceleration,current_week,0.012156448202959913,-0.07558139534883723,0.012156448202959913,-0.08086680761099374,0.021670190274841516,2025H1
300773,2025-03-07,4,bull,none,pullback_holds,current_week,0.05393505778756191,-0.02476609796367657,-0.20473307649972483,-0.03742432581177768,0.08420473307649967,2025H1
300773,2025-05-06,1,mid,ma_bull,shrinking_volume_acceleration,current_week,-0.018133569217160583,-0.08580274214949124,0.04909332153914203,-0.09907120743034048,0.04245908889871752,2025H1
300773,2025-05-12,0,bull,ma_bull,pullback_holds,current_week,-0.028971962616822444,-0.09953271028037391,0.10700934579439236,-0.11775700934579447,0.1014018691588785,2025H1
300773,2025-05-28,2,mid,ma_bull,two_day_acceleration,current_week,0.24608388074785248,0.1844365841334008,0.6776149570490149,-0.014148559878726541,0.36735725113693807,2025H1
300773,2025-06-20,4,mid,ma_bull,shrinking_volume_acceleration,current_week,0.1481744062389223,0.055299539170506895,0.008507621410847266,-0.006735200283587428,0.27507975895072656,2025H1
300773,2025-07-08,1,bull,ma_bull,pullback_holds,current_week,-0.08794051083090848,-0.1011962495958616,-0.15324927255092136,-0.10733915292596186,0.010022631749111,2025H2
300773,2025-08-11,0,bull,none,pullback_holds,current_week,0.08770614692653678,0.10982008995502257,-0.026986506746626615,-0.006371814092953509,0.18065967016491746,2025H2
300773,2025-08-13,2,bull,none,pullback_holds,current_week,0.07228915662650603,0.02227090178897395,-0.07265425337714493,-0.005111354508944843,0.1500547645125958,2025H2
300773,2025-08-25,0,bull,none,shrinking_volume_acceleration,current_week,-0.01054421768707492,-0.11700680272108843,-0.1435374149659865,-0.1595238095238095,0.029251700680272164,2025H2
300773,2025-09-01,0,bull,ma_bull,two_day_acceleration,current_week,-0.0986111111111111,-0.10486111111111107,-0.14930555555555558,-0.14201388888888888,0.0,2025H2
300773,2025-10-09,3,bull,none,two_day_acceleration,current_week,-0.03886639676113346,-0.039271255060728705,-0.06153846153846154,-0.0680161943319838,0.01781376518218636,2025H2
300773,2025-10-14,1,bull,none,pullback_holds,current_week,-0.02760860738936255,-0.017458384084449885,-0.0592773041006901,-0.06455542021924487,0.0,2025H2
300773,2025-10-15,2,bull,none,pullback_holds,current_week,-0.018961253091508645,0.01607584501236614,-0.048639736191261274,-0.05028854080791434,0.0206100577081616,2025H2
300773,2025-10-27,0,bull,none,two_day_acceleration,current_week,0.0004135649296941324,-0.04218362282878407,-0.09222497932175355,-0.057899090157154665,0.02398676592224991,2025H2
300773,2025-10-28,1,bull,none,pullback_holds,current_week,-0.02672697368421051,-0.047286184210526216,-0.08018092105263153,-0.06332236842105254,0.018092105263157965,2025H2
300773,2025-10-29,2,bull,none,two_day_acceleration,current_week,-0.050061050061050105,-0.060643060643060576,-0.09768009768009767,-0.07285307285307285,0.0,2025H2
300773,2025-10-31,4,bull,none,pullback_holds,current_week,-0.05024916943521596,-0.04858803986710969,-0.08014950166112955,-0.0539867109634552,0.005813953488371881,2025H2
300773,2025-11-13,3,bull,none,pullback_holds,current_week,-0.04731182795698918,-0.0524731182795698,-0.08344086021505381,-0.08645161290322567,0.005161290322580614,2025H2
300773,2025-11-17,0,mid,none,pullback_holds,current_week,-0.04565217391304355,-0.03782608695652179,-0.06913043478260872,-0.0765217391304347,0.008695652173912993,2025H2
300773,2025-11-18,1,mid,none,pullback_holds,current_week,-0.026968247063940853,-0.0574162679425837,-0.02000869943453676,-0.07612005219660722,0.003479773814701881,2025H2
300773,2026-04-22,2,bull,none,shrinking_volume_acceleration,current_week,-0.013868613138686259,0.006934306569343018,-0.033576642335766516,-0.0602189781021899,0.02116788321167884,2026H1
300773,2026-05-06,2,bull,macd_cross,two_day_acceleration,current_week,0.020143884892086295,-0.06510791366906465,-0.1413669064748201,-0.07553956834532383,0.03417266187050361,2026H1
300773,2026-05-12,1,bull,none,two_day_acceleration,current_week,-0.06321428571428567,-0.05249999999999999,-0.19035714285714278,-0.08642857142857141,0.02678571428571419,2026H1
300773,2026-05-26,1,mid,none,pullback_holds,current_week,-0.0906676783004553,-0.13998482549317137,-0.35584218512898325,-0.16540212443095592,0.00948406676782998,2026H1
300773,2026-06-16,1,bull,none,pullback_holds,current_week,-0.3012345679012346,-0.34362139917695467,-0.3930041152263375,-0.3925925925925926,0.02839506172839501,2026H1
300773,2026-06-17,2,bull,none,two_day_acceleration,current_week,-0.327789046653144,-0.37484787018255583,-0.4004056795131846,-0.4012170385395538,0.001217038539553572,2026H1
300773,2026-06-18,3,bull,none,pullback_holds,current_week,-0.08690476190476193,-0.07142857142857151,-0.15773809523809523,-0.12142857142857144,0.08273809523809517,2026H1
002565,2025-05-06,1,mid,ma_bull,shrinking_volume_acceleration,current_week,0.034852546916890104,0.04289544235924936,0.353887399463807,-0.018766756032171594,0.09651474530831106,2025H1
002565,2025-05-08,3,bull,ma_bull,two_day_acceleration,current_week,0.01055408970976246,0.06596306068601576,0.2849604221635884,-0.03430079155672816,0.079155672823219,2025H1
002565,2025-05-16,4,bull,ma_bull,two_day_acceleration,current_week,0.002525252525252597,0.08838383838383845,0.345959595959596,-0.045454545454545414,0.11868686868686873,2025H1
002565,2025-05-22,3,bull,ma_bull,two_day_acceleration,current_week,0.06683168316831689,0.2054455445544554,0.2524752475247525,-0.02970297029702973,0.28712871287128716,2025H1
002565,2025-06-11,2,bull,ma_bull,shrinking_volume_acceleration,current_week,-0.04299065420560755,0.10280373831775691,0.2560747663551399,-0.10093457943925233,0.20373831775700935,2025H1
002565,2025-06-27,4,bull,ma_bull,shrinking_volume_acceleration,current_week,0.0892255892255891,0.0959595959595958,0.1144781144781144,-0.005050505050505083,0.18013468013467993,2025H1
002565,2025-08-01,4,bull,ma_bull,shrinking_volume_acceleration,current_week,0.050561797752809,0.18820224719101142,0.0660112359550562,-0.0449438202247191,0.2752808988764044,2025H2
002565,2025-08-13,2,bull,ma_bull,shrinking_volume_acceleration,current_week,0.015550239234449759,-0.09330143540669844,-0.08133971291866027,-0.09688995215311003,0.0861244019138756,2025H2
002565,2025-08-18,0,bull,ma_bull,shrinking_volume_acceleration,current_week,-0.05868814729574223,-0.13578826237054087,-0.13233601841196774,-0.16225546605293428,0.004602991944764101,2025H2
002565,2025-09-09,1,bull,ma_bull,pullback_holds,current_week,0.012328767123287676,-0.002739726027397249,-0.008219178082191747,-0.04931506849315059,0.11917808219178094,2025H2
002565,2025-09-11,3,bull,ma_bull,pullback_holds,current_week,-0.08510638297872342,-0.09637046307884867,-0.14643304130162704,-0.13141426783479349,0.0,2025H2
002565,2025-09-30,1,bull,none,pullback_holds,current_week,-0.02425876010781669,-0.05660377358490565,0.017520215633423097,-0.08760107816711582,0.043126684636118684,2025H2
002565,2025-11-03,0,bull,none,two_day_acceleration,current_week,0.0784593437945793,0.05420827389443672,0.2596291012838803,-0.0014265335235377208,0.16547788873038516,2025H2
002565,2025-12-29,0,bull,ma_bull,shrinking_volume_acceleration,current_week,0.24265644955300125,0.1839080459770115,0.13793103448275867,-0.016602809706257937,0.49425287356321856,2025H2
002565,2025-12-30,1,bull,ma_bull,two_day_acceleration,current_week,0.22693409742120352,-0.04355300859598843,-0.04297994269340977,-0.054441260744985676,0.34097421203438416,2025H2
002565,2026-01-28,2,bull,ma_bull,shrinking_volume_acceleration,current_week,0.03235124205661477,-0.09127671865973419,-0.17562102830733672,-0.09243212016175606,0.09474292316580013,2026H1
002565,2026-01-30,4,bull,ma_bull,shrinking_volume_acceleration,current_week,0.016184971098266,-0.11734104046242777,-0.1583815028901734,-0.11791907514450872,0.09537572254335247,2026H1
002565,2026-02-06,4,mid,ma_bull,two_day_acceleration,current_week,-0.15166666666666673,-0.11611111111111105,-0.25555555555555554,-0.15222222222222226,0.05277777777777781,2026H1
002565,2026-05-07,3,bull,none,two_day_acceleration,current_week,-0.053608247422680555,-0.15824742268041236,-0.24896907216494857,-0.16082474226804122,0.134020618556701,2026H1
001270,2026-07-01,2,bull,none,shrinking_volume_acceleration,current_week,-0.029935897435897307,-0.2204487179487179,-0.3896153846153846,-0.22115384615384615,0.157948717948718,2026H2
001270,2026-08-07,4,mid,none,shrinking_volume_acceleration,current_week,-0.018333333333333313,-0.13416666666666666,-0.1990833333333334,-0.17433333333333334,0.04691666666666672,2026H2
001270,2026-08-31,0,bull,none,shrinking_volume_acceleration,current_week,-0.05137254901960775,-0.04009803921568633,,-0.08186274509803915,0.001078431372548927,2026H2
002251,2025-05-16,4,bull,ma_bull,pullback_holds,current_week,-0.02622377622377614,-0.05769230769230771,-0.1276223776223775,-0.0629370629370628,0.11013986013986021,2025H1
002251,2025-06-09,0,bull,none,shrinking_volume_acceleration,current_week,-0.049523809523809526,-0.09333333333333338,-0.04380952380952374,-0.11809523809523814,0.024761904761904763,2025H1
002251,2025-07-03,3,bull,none,two_day_acceleration,current_week,0.001980198019802204,-0.01188118811881178,0.003960396039603964,-0.037623762376237546,0.03960396039603964,2025H2
002251,2025-07-04,4,bull,none,pullback_holds,current_week,0.024242424242424176,-0.010101010101010055,-0.008080808080808133,-0.018181818181818188,0.06060606060606055,2025H2
002251,2025-07-07,0,bull,none,shrinking_volume_acceleration,current_week,-0.007968127490039834,-0.02788844621513953,-0.0776892430278886,-0.03784860557768932,0.04581673306772904,2025H2
002251,2025-07-11,4,bull,none,two_day_acceleration,current_week,-0.025844930417495027,0.017892644135188762,-0.05765407554671964,-0.04771371769383703,0.06361829025844945,2025H2
002251,2025-07-28,0,bull,none,shrinking_volume_acceleration,current_week,-0.12310606060606066,-0.08901515151515149,-0.05492424242424243,-0.1515151515151515,0.02651515151515138,2025H2
002251,2025-08-11,0,bull,none,two_day_acceleration,current_week,0.0,0.03742203742203731,0.35343035343035334,-0.022869022869022926,0.054054054054053946,2025H2
002251,2025-08-12,1,bull,none,pullback_holds,current_week,-0.041916167664670656,0.021956087824351433,0.3313373253493015,-0.06187624750498999,0.029940119760479167,2025H2
002251,2025-08-13,2,bull,none,two_day_acceleration,current_week,0.008333333333333304,0.1729166666666666,0.4812500000000002,-0.02083333333333326,0.1729166666666666,2025H2
002251,2025-08-14,3,bull,none,pullback_holds,current_week,0.018867924528301883,0.1970649895178196,0.47169811320754707,-0.014675052410901501,0.27882599580712797,2025H2
002251,2025-08-15,4,bull,none,pullback_holds,current_week,-0.0020790020790022457,0.23284823284823264,0.38253638253638256,-0.020790020790020902,0.28898128898128883,2025H2
002251,2025-08-18,0,bull,none,pullback_holds,current_week,0.043933054393305415,0.2238493723849373,0.41631799163179917,-0.014644351464435212,0.2970711297071129,2025H2
002251,2025-08-20,2,bull,none,pullback_holds,current_week,0.165631469979296,0.16149068322981375,0.2815734989648033,-0.0165631469979296,0.3333333333333335,2025H2
002251,2025-08-21,3,bull,none,pullback_holds,current_week,0.18219461697722572,0.27743271221532084,0.28364389233954457,-0.0165631469979296,0.3333333333333335,2025H2
002251,2025-09-09,1,bull,none,shrinking_volume_acceleration,current_week,0.007692307692307665,-0.16000000000000003,-0.0953846153846154,-0.17384615384615387,0.1200000000000001,2025H2
002251,2025-09-29,0,bull,ma_bull,shrinking_volume_acceleration,current_week,0.04770318021201403,0.026501766784452263,-0.07773851590106018,-0.06360424028268552,0.08303886925795045,2025H2
002251,2025-09-30,1,bull,ma_bull,pullback_holds,current_week,0.04070796460176984,0.02123893805309729,-0.060176991150442394,-0.06194690265486735,0.08495575221238938,2025H2
002251,2025-10-13,0,bull,none,two_day_acceleration,current_week,0.0,0.010619469026548645,-0.04070796460176995,-0.015929203539822967,0.08495575221238938,2025H2
002251,2025-10-14,1,bull,ma_bull,two_day_acceleration,current_week,-0.02023608768971319,-0.06913996627318708,-0.06913996627318708,-0.0809443507588532,0.033726812816188945,2025H2
002251,2025-11-11,1,bull,none,pullback_holds,current_week,0.05081669691470059,-0.02177858439201452,-0.05081669691470048,-0.06352087114337557,0.16152450090744108,2025H2
002251,2025-12-08,0,bull,none,two_day_acceleration,current_week,0.058252427184465994,0.1320388349514563,0.07184466019417468,-0.003883495145631133,0.18058252427184462,2025H2
002251,2025-12-19,4,mid,none,two_day_acceleration,current_week,-0.061433447098976135,-0.061433447098976135,-0.08873720136518781,-0.10068259385665523,0.015358361774743923,2025H2
002249,2024-12-09,0,bull,ma_bull,shrinking_volume_acceleration,current_week,-0.05666666666666664,-0.07833333333333325,-0.046666666666666745,-0.08333333333333337,0.0,2024H2
002249,2024-12-12,3,bull,ma_bull,two_day_acceleration,current_week,-0.03264604810996574,0.0017182130584192379,-0.06872852233676985,-0.054982817869415834,0.010309278350515427,2024H2
002249,2024-12-26,3,bull,ma_bull,shrinking_volume_acceleration,current_week,-0.07413793103448274,-0.06551724137931036,0.012068965517241459,-0.07931034482758625,0.07931034482758625,2024H2
002249,2025-01-24,4,mid,ma_bull,shrinking_volume_acceleration,current_week,0.015306122448979664,-0.013605442176870763,0.1071428571428572,-0.030612244897959107,0.03741496598639471,2025H1
002249,2025-03-07,4,bull,ma_bull,shrinking_volume_acceleration,current_week,0.01859799713876975,0.0028612303290413976,-0.06580829756795425,-0.011444921316165924,0.11301859799713876,2025H1
002249,2025-03-10,0,bull,ma_bull,two_day_acceleration,current_week,0.02844950213371278,-0.008534850640113834,-0.14793741109530578,-0.03413940256045522,0.10668563300142253,2025H1
002249,2025-03-28,4,mid,ma_bull,shrinking_volume_acceleration,current_week,-0.11637347767253048,-0.14208389715832215,-0.11096075778078485,-0.26251691474966177,0.03788903924221909,2025H1
002249,2025-04-30,2,mid,macd_stabilizing,two_day_acceleration,current_week,0.017216642754662947,-0.008608321377331363,-0.0631276901004304,-0.0258249641319942,0.03156384505021537,2025H1
002249,2025-05-08,3,bull,none,shrinking_volume_acceleration,current_week,-0.01285714285714279,-0.0357142857142857,-0.052857142857142825,-0.037142857142857144,0.027142857142857135,2025H1
002249,2025-05-12,0,bull,none,shrinking_volume_acceleration,current_week,-0.036262203626220346,-0.06555090655509066,-0.08228730822873076,-0.07391910739191065,0.002789400278940146,2025H1
002249,2025-06-26,3,bull,none,pullback_holds,current_week,0.0,-0.003044140030441511,0.0426179604261796,-0.015220700152207112,0.0243531202435312,2025H1
002249,2025-06-27,4,bull,none,pullback_holds,current_week,-0.0015267175572518665,0.021374045801526798,0.04274809160305337,-0.012213740458015265,0.033587786259542174,2025H1
002249,2025-07-02,2,bull,none,pullback_holds,current_week,0.0015243902439023849,0.0289634146341462,0.015243902439024293,-0.013719512195122019,0.041158536585365724,2025H2
002249,2025-07-08,1,bull,none,pullback_holds,current_week,0.01501501501501501,0.033033033033033066,0.010510510510510551,-0.022522522522522626,0.03603603603603611,2025H2
002249,2025-07-09,2,bull,none,pullback_holds,current_week,0.03053435114503822,0.03816793893129766,0.06564885496183215,-0.006106870229007688,0.05343511450381677,2025H2
002249,2025-07-10,3,bull,none,pullback_holds,current_week,0.03353658536585358,0.044207317073170715,0.05487804878048763,-0.004573170731707377,0.05182926829268286,2025H2
002249,2025-07-17,3,bull,none,shrinking_volume_acceleration,current_week,0.010324483775811188,-0.03244837758112096,0.15634218289085533,-0.03539823008849563,0.017699115044247815,2025H2
002249,2025-07-23,2,bull,none,pullback_holds,current_week,-0.020588235294117574,0.026470588235294246,0.1926470588235294,-0.038235294117647034,0.026470588235294246,2025H2
002249,2025-07-24,3,bull,none,pullback_holds,current_week,-0.040935672514619825,0.011695906432748648,0.1564327485380117,-0.04385964912280704,0.026315789473684292,2025H2
002249,2025-07-25,4,bull,none,pullback_holds,current_week,-0.03795620437956215,0.013138686131386912,0.15912408759124075,-0.045255474452554845,0.02481751824817513,2025H2
002249,2025-08-08,4,bull,macd_stabilizing,shrinking_volume_acceleration,current_week,0.14942528735632177,0.1408045977011494,0.16954022988505746,-0.005747126436781658,0.21695402298850586,2025H2
002249,2025-08-15,4,bull,ma_bull,shrinking_volume_acceleration,current_week,-0.02457002457002455,0.01597051597051591,0.14004914004913993,-0.03194103194103204,0.07739557739557723,2025H2
002249,2025-08-25,0,bull,ma_bull,two_day_acceleration,current_week,-0.015719467956469058,0.01330108827085863,0.2853688029020558,-0.08343409915356703,0.060459492140266136,2025H2
002249,2025-08-28,3,bull,ma_bull,shrinking_volume_acceleration,current_week,-0.08994082840236672,-0.0011834319526626835,0.3431952662721893,-0.10295857988165669,0.0,2025H2
002249,2025-08-29,4,bull,ma_bull,pullback_holds,current_week,-0.013333333333333308,0.12484848484848476,0.4109090909090909,-0.08121212121212118,0.12484848484848476,2025H2
002249,2025-09-29,0,bull,ma_bull,shrinking_volume_acceleration,current_week,-0.07692307692307698,-0.029585798816567976,0.00591715976331364,-0.143702451394759,0.026204564666103103,2025H2
002249,2025-10-09,3,bull,ma_bull,shrinking_volume_acceleration,current_week,-0.06434782608695655,0.05478260869565221,0.07130434782608708,-0.11913043478260865,0.11391304347826092,2025H2
002249,2025-10-14,1,bull,ma_bull,two_day_acceleration,current_week,0.06296296296296289,0.22592592592592586,0.03888888888888897,-0.062037037037037,0.24537037037037046,2025H2
002249,2025-10-15,2,bull,ma_bull,shrinking_volume_acceleration,current_week,0.1187214611872145,0.1552511415525113,-0.00273972602739736,-0.07488584474885851,0.2283105022831049,2025H2
002249,2025-12-01,0,mid,none,shrinking_volume_acceleration,current_week,-0.011607142857142927,-0.0892857142857143,-0.05892857142857144,-0.09285714285714297,0.036607142857142616,2025H2
002249,2025-12-08,0,bull,none,two_day_acceleration,current_week,-0.07441016333938277,-0.06261343012704168,-0.025408348457350183,-0.10617059891107072,0.009074410163339541,2025H2
002249,2025-12-22,0,bull,none,two_day_acceleration,current_week,0.024295432458697697,0.0437317784256559,0.12925170068027203,-0.022351797862002032,0.10106899902818256,2025H2
002249,2025-12-26,4,bull,none,pullback_holds,current_week,0.031190926275992403,0.02457466918714557,0.03780718336483946,-0.017013232514177634,0.07088846880907362,2025H2
002249,2026-01-06,1,bull,none,two_day_acceleration,current_week,0.0,0.07564575645756455,-0.008302583025830201,-0.02121771217712176,0.08487084870848705,2026H1
002249,2026-01-09,4,bull,none,two_day_acceleration,current_week,0.008137432188065175,0.05967450271247743,-0.022603978300180794,-0.03797468354430378,0.09945750452079571,2026H1
002249,2026-01-12,0,bull,none,two_day_acceleration,current_week,0.000888888888888939,-0.008000000000000007,-0.03111111111111109,-0.05422222222222217,0.08088888888888901,2026H1
002249,2026-01-22,3,bull,none,two_day_acceleration,current_week,-0.10169491525423735,-0.0949152542372882,-0.07711864406779667,-0.11864406779661019,0.007627118644067732,2026H1
002249,2026-02-25,2,bull,none,pullback_holds,current_week,-0.08272058823529416,-0.05698529411764719,-0.14154411764705888,-0.10202205882352955,0.0027573529411764053,2026H1
002249,2026-02-26,3,bull,none,pullback_holds,current_week,-0.05914972273567476,-0.061922365988909434,-0.14417744916820707,-0.09704251386321638,0.008317929759704246,2026H1
002249,2026-02-27,4,bull,none,pullback_holds,current_week,-0.052238805970149294,-0.07089552238805963,-0.13339552238805963,-0.08861940298507476,0.006529850746268773,2026H1
002249,2026-03-10,1,bull,none,shrinking_volume_acceleration,current_week,-0.03891050583657574,-0.09533073929961078,-0.08754863813229563,-0.12159533073929962,0.006809338521400754,2026H1
002249,2026-03-16,0,mid,none,pullback_holds,current_week,-0.10334645669291342,-0.08956692913385833,-0.07677165354330706,-0.1112204724409449,0.003937007874015741,2026H1
002249,2026-04-09,3,mid,none,pullback_holds,current_week,0.013978494623655857,0.0010752688172042113,0.029032258064516148,-0.006451612903225823,0.02473118279569886,2026H1
002249,2026-04-10,4,mid,none,pullback_holds,current_week,0.01943844492440605,-0.004319654427645703,0.03995680345572361,-0.009719222462203025,0.029157667386608965,2026H1
002249,2026-04-14,1,mid,none,pullback_holds,current_week,-0.003171247357294016,-0.058139534883721034,0.04756871035940802,-0.06659619450317134,0.007399577167018778,2026H1
002249,2026-04-15,2,mid,none,pullback_holds,current_week,0.006382978723404209,-0.030851063829787306,0.06063829787234054,-0.0617021276595745,0.01382978723404249,2026H1
002249,2026-04-16,3,mid,none,shrinking_volume_acceleration,current_week,-0.011677282377919207,-0.004246284501061459,0.07961783439490455,-0.06369426751592355,0.011677282377919207,2026H1
002249,2026-04-20,0,bull,none,two_day_acceleration,current_week,-0.02423603793466811,0.011591148577449806,0.037934668071654354,-0.07060063224446789,0.015806111696522684,2026H1
002249,2026-04-22,2,bull,none,pullback_holds,current_week,-0.03801478352692722,0.023231256599788752,0.002111932418162654,-0.06863780359028515,0.05702217529039055,2026H1
002249,2026-04-30,3,bull,none,two_day_acceleration,current_week,0.018085106382978777,0.08191489361702131,-0.09361702127659588,-0.0031914893617021045,0.09042553191489366,2026H1
301373,2025-05-07,2,bull,none,pullback_holds,current_week,-0.00944988187647644,0.0026999662504219035,-0.02699966250421859,-0.02767465406682401,0.01586230172122849,2025H1
301373,2025-05-08,3,bull,none,pullback_holds,current_week,-0.02815013404825739,-0.02278820375335122,-0.030495978552278813,-0.03451742627345833,0.00636729222520116,2025H1
301373,2025-05-09,4,bull,none,pullback_holds,current_week,-0.0027127839945745302,-0.013563919972872207,-0.01186842997626314,-0.023058663953882674,0.01831129196337744,2025H1
301373,2025-05-12,0,bull,ma_bull,pullback_holds,current_week,-0.006382264024185291,-0.02082633523681554,-0.03728585824655695,-0.032247228753778834,0.008733624454148492,2025H1
301373,2025-05-13,1,bull,ma_bull,pullback_holds,current_week,0.008763060330299943,-0.017526120660599886,-0.027974384900573024,-0.029322548028311468,0.01213346814964611,2025H1
301373,2025-05-21,2,bull,ma_bull,pullback_holds,current_week,-0.026936026936026813,-0.02929292929292926,-0.06127946127946127,-0.05589225589225588,0.007407407407407529,2025H1
301373,2025-05-26,0,bull,none,pullback_holds,current_week,-0.013778849466069665,-0.01274543575611442,-0.005167068549776221,-0.034102652428522284,0.011712022046159065,2025H1
301373,2025-06-03,1,bull,none,shrinking_volume_acceleration,current_week,0.003150157507875395,0.0014000700035001756,0.22926146307315354,-0.011200560028001405,0.023801190059502986,2025H1
301373,2025-06-04,2,bull,none,pullback_holds,current_week,-0.0055172413793103114,-0.022758620689655173,0.13724137931034486,-0.032068965517241366,0.008620689655172376,2025H1
301373,2025-06-05,3,bull,none,pullback_holds,current_week,0.00034662045060662727,-0.03362218370883885,0.1587521663778162,-0.03882149046793759,0.013864818024263315,2025H1
301373,2025-06-06,4,bull,none,pullback_holds,current_week,-0.018320082958866113,-0.041825095057034245,0.10784652609747658,-0.04459039059799508,0.011061182163843775,2025H1
301373,2025-06-09,0,bull,none,pullback_holds,current_week,-0.020191649555099223,-0.03696098562628336,0.10540725530458595,-0.05544147843942493,0.0,2025H1
301373,2025-06-24,1,bull,macd_stabilizing,two_day_acceleration,current_week,0.21522491349480943,0.14325259515570932,0.15017301038062292,-0.005882352941176561,0.2584775086505189,2025H1
301373,2025-06-27,4,bull,macd_stabilizing,shrinking_volume_acceleration,current_week,0.09572649572649561,0.14529914529914523,0.14119658119658118,-0.0054700854700854284,0.2434188034188034,2025H1
301373,2025-07-03,3,bull,ma_bull,shrinking_volume_acceleration,current_week,0.024654239326518335,-0.03397474443776294,-0.007817197835237488,-0.04479855682501499,0.024654239326518335,2025H2
301373,2025-08-06,2,bull,ma_bull,two_day_acceleration,current_week,0.04228571428571448,0.039142857142857146,-0.047428571428571376,-0.0008571428571428896,0.1428571428571428,2025H2
301373,2025-08-18,0,bull,ma_bull,two_day_acceleration,current_week,0.0019178082191781964,-0.05397260273972604,-0.05123287671232868,-0.0717808219178081,0.02520547945205487,2025H2
301373,2025-08-25,0,bull,ma_bull,pullback_holds,current_week,-0.04876033057851248,-0.03829201101928381,-0.11239669421487619,-0.09146005509641875,0.017906336088154173,2025H2
301373,2025-09-09,1,bull,ma_bull,pullback_holds,current_week,-0.0065620542082740485,-0.08131241084165486,-0.07988587731811714,-0.10499286733238244,0.012838801711840153,2025H2
301373,2025-10-09,3,bull,none,shrinking_volume_acceleration,current_week,0.008852355358836661,0.031615554852987726,0.04615871008536221,-0.015807777426493863,0.03382864369269689,2025H2
301373,2025-10-10,4,bull,none,two_day_acceleration,current_week,-0.012893081761006342,0.023899371069182385,0.04496855345911954,-0.021069182389937158,0.03553459119496849,2025H2
301373,2025-10-22,2,bull,none,pullback_holds,current_week,0.0356589147286821,0.013953488372093092,-0.0015503875968991832,-0.004961240310077386,0.05302325581395362,2025H2
301373,2025-10-31,4,bull,none,pullback_holds,current_week,0.009416767922235891,0.027339003645200366,-0.05832320777642774,-0.01670716889428936,0.04252733900364514,2025H2
301373,2025-11-10,0,bull,none,shrinking_volume_acceleration,current_week,0.002987750224081376,-0.09142515685688668,-0.06901703017627725,-0.27218404541380337,0.025395876904690917,2025H2
301373,2025-11-11,1,bull,none,two_day_acceleration,current_week,-0.03480071386079697,-0.08744794765020814,-0.08001189767995232,-0.2754312908982748,0.020820939916716297,2025H2
301373,2025-12-01,0,mid,none,pullback_holds,current_week,0.0009637006103437873,-0.0379055573401863,0.07292001284934146,-0.045615162222936045,0.006745904272406067,2025H2
301373,2025-12-19,4,mid,none,pullback_holds,current_week,0.05756097560975615,0.05853658536585349,0.1242276422764228,-0.008780487804878057,0.11609756097560986,2025H2
301373,2025-12-24,2,bull,none,shrinking_volume_acceleration,current_week,-0.008341056533827551,0.06178560395427857,0.09113376583256105,-0.009576768612913011,0.12326227988878591,2025H2
301373,2026-01-05,0,bull,none,pullback_holds,current_week,0.06396786155747836,0.07262051915945622,0.08343634116192833,-0.0030902348578492056,0.12360939431396778,2026H1
301373,2026-01-06,1,bull,none,pullback_holds,current_week,0.03581267217630857,0.05815733088460351,0.06948270584634209,-0.008570554025099542,0.11294765840220378,2026H1
301373,2026-01-07,2,bull,none,two_day_acceleration,current_week,0.0005966587112171684,0.05369928400954649,0.045047732696897214,-0.01044152744630078,0.08472553699283991,2026H1
301373,2026-01-12,0,bull,macd_cross,shrinking_volume_acceleration,current_week,0.006378660481298981,0.012467381849811554,0.046680197158596615,-0.038271962887793554,0.03856190200057985,2026H1
301373,2026-02-10,1,bull,ma_bull,pullback_holds,current_week,0.24957651044607565,0.4006211180124222,1.0892151326933934,-0.000564652738565874,0.4085262563523433,2026H1
301373,2026-05-11,0,bull,ma_bull,shrinking_volume_acceleration,current_week,-0.1172393667469176,-0.0349456482089443,-0.13321660465455598,-0.14642153644123435,0.14977748595608076,2026H1
300592,2023-07-03,0,mid,ma_bull,pullback_holds,current_week,0.017016654598117187,0.02425778421433744,-0.05032585083272989,-0.014844315713251288,0.07929036929761057,2023H2
300592,2023-08-02,2,bull,none,shrinking_volume_acceleration,current_week,-0.006513409961685923,-0.03831417624521072,0.01685823754789273,-0.04176245210727969,0.015325670498084198,2023H2
300592,2023-08-07,0,bull,none,pullback_holds,current_week,0.016209957545349374,-0.05905055962948669,0.044770358934774324,-0.06754148977228869,0.022771130837514475,2023H2
300592,2023-11-10,4,mid,none,pullback_holds,current_week,0.014303228442991367,-0.024519820187985153,0.11156518185533315,-0.03310175725378006,0.06170821413976313,2023H2
300592,2023-11-14,1,mid,none,two_day_acceleration,current_week,-0.0023622047244095112,0.03385826771653533,0.055905511811023434,-0.07598425196850411,0.03897637795275588,2023H2
300592,2023-11-22,2,mid,none,pullback_holds,current_week,0.05461847389558239,0.07751004016064256,0.013253012048192625,-0.05742971887550219,0.14016064257028105,2023H2
300592,2026-08-18,1,bull,none,pullback_holds,current_week,-0.08580246913580236,0.029012345679012563,0.23456790123456805,-0.12283950617283945,0.05308641975308648,2026H2
300592,2026-09-03,3,mid,macd_stabilizing,shrinking_volume_acceleration,current_week,0.09807355516637473,,,-0.03561004086398134,0.2194979568009341,2026H2
301261,2025-03-26,2,mid,ma_bull,shrinking_volume_acceleration,current_week,-0.2486345685236535,-0.2999747920342828,-0.28678262330896576,-0.45265103772792203,0.024283673640870473,2025H1
301261,2025-04-24,3,mid,none,pullback_holds,current_week,0.1691098862436966,0.08279582502638672,-0.046675266799577675,-0.07916031429576642,0.20440952269262347,2025H1
301261,2025-04-25,4,mid,ma_bull,shrinking_volume_acceleration,current_week,0.13358200256440145,0.05618370439445153,-0.07110385825853838,-0.0847418113999302,0.19710922018883315,2025H1
301261,2025-06-25,2,bull,none,pullback_holds,current_week,-0.047716150081566155,0.06742794997281121,0.15089722675367034,-0.08564437194127239,0.13281674823273515,2025H1
301261,2025-07-16,2,bull,none,shrinking_volume_acceleration,current_week,-0.07978260869565224,-0.10739130434782607,-0.11086956521739133,-0.11228260869565221,0.0528260869565218,2025H2
301261,2025-08-05,1,bull,none,pullback_holds,current_week,-0.03500059122620325,0.07248433250561659,0.13432659335461739,-0.05935911079579059,0.12167435260730741,2025H2
301261,2025-08-22,4,bull,none,shrinking_volume_acceleration,current_week,-0.00308783165599269,0.010978956999085243,0.029277218664226945,-0.0535224153705397,0.1944190301921318,2025H2
301261,2025-08-25,0,bull,ma_bull,two_day_acceleration,current_week,-0.013576196402308005,0.0406154542369046,0.030320171965154463,-0.06369498812082808,0.18158162688086876,2025H2
301261,2025-08-26,1,bull,ma_bull,pullback_holds,current_week,0.09671887504287202,0.026294729621584523,0.000914599291185425,-0.053847033268549116,0.1940093746427347,2025H2
301261,2025-09-05,4,bull,ma_bull,shrinking_volume_acceleration,current_week,0.02314445331205084,0.02610876752935809,-0.014593546915973143,-0.020864211606430372,0.1582487743700831,2025H2
301261,2025-11-19,2,mid,none,shrinking_volume_acceleration,current_week,0.06320171565535526,0.07480761952819481,-0.009587485807997842,-0.05828182162230344,0.15428283083133598,2025H2
301261,2025-12-09,1,mid,none,pullback_holds,current_week,-0.07775147928994075,-0.06639053254437866,0.21786982248520714,-0.09254437869822474,0.015976331360946894,2025H2
301261,2026-01-21,2,bull,ma_bull,shrinking_volume_acceleration,current_week,-0.13311024353969136,-0.16350622792340586,-0.18358430935118053,-0.19501766127532993,0.007343372374047252,2026H1
301261,2026-02-03,1,mid,ma_bull,shrinking_volume_acceleration,current_week,0.026818638954073215,-0.016873393675270854,-0.07553916638730573,-0.0314001564420604,0.04425075427422076,2026H1
301261,2026-02-13,4,mid,ma_bull,pullback_holds,current_week,-0.07652838427947606,-0.11462882096069871,-0.17161572052401763,-0.13646288209606983,0.004257641921397326,2026H1
301261,2026-03-10,1,bull,none,shrinking_volume_acceleration,current_week,-0.03501199040767389,-0.08417266187050376,-0.07541966426858515,-0.11019184652278169,0.017745803357314127,2026H1
301261,2026-03-11,2,bull,none,pullback_holds,current_week,-0.003888213851761746,-0.027460510328067955,-0.07205346294046167,-0.09829890643985406,0.026731470230862753,2026H1
301261,2026-03-16,0,mid,none,pullback_holds,current_week,-0.07564867827993671,-0.05554878791570228,-0.06395419661347301,-0.09599220367888894,0.01547082470459249,2026H1
300772,2024-12-02,0,bull,ma_bull,two_day_acceleration,current_week,-0.0743073047858942,-0.0963476070528968,-0.1555415617128464,-0.10327455919395467,0.03904282115869018,2024H2
300772,2025-01-24,4,mid,none,shrinking_volume_acceleration,current_week,-0.028941355674029,-0.037319116527037344,-0.028179741051028273,-0.07616146230007614,0.008377760853008231,2025H1
300772,2025-02-17,0,bull,none,two_day_acceleration,current_week,-0.011829652996845352,0.006309148264984188,-0.028391167192428957,-0.04179810725552047,0.052839116719242796,2025H1
300772,2025-02-24,0,bull,none,pullback_holds,current_week,0.02489959839357425,-0.010441767068273156,0.04658634538152606,-0.026506024096385583,0.07228915662650581,2025H1
300772,2025-02-25,1,bull,none,pullback_holds,current_week,0.004654771140419012,-0.05042668735453848,0.010085337470907563,-0.07447633824670297,0.03568657874321168,2025H1
300772,2025-03-05,2,bull,none,pullback_holds,current_week,-0.0612403100775194,-0.023255813953488413,-0.05813953488372092,-0.07519379844961249,0.015503875968992276,2025H1
300772,2025-03-07,4,bull,none,pullback_holds,current_week,-0.030927835051546282,0.04916732751784303,-0.22680412371134018,-0.05392545598731169,0.09040444091990496,2025H1
300772,2025-03-18,1,bull,none,pullback_holds,current_week,0.038277511961722466,-0.02631578947368418,-0.15390749601275933,-0.047049441786283897,0.0964912280701753,2025H1
300772,2025-03-19,2,bull,none,pullback_holds,current_week,0.033466135458167345,-0.031872509960159334,-0.15936254980079678,-0.047808764940239,0.095617529880478,2025H1
300772,2025-09-19,4,mid,ma_bull,pullback_holds,current_week,0.08106607440310931,0.1737923375902275,0.01277068295391448,-0.03664630760688503,0.2032204330927263,2025H2
300772,2025-12-23,1,bull,ma_bull,pullback_holds,current_week,0.06068890103881919,0.09513395297977056,0.07490431930016417,-0.01968288682340069,0.12083105522143245,2025H2
300772,2025-12-24,2,bull,ma_bull,pullback_holds,current_week,0.02253218884120156,0.07832618025751081,0.08905579399141628,-0.011266094420600892,0.13465665236051505,2025H2
300772,2025-12-25,3,bull,ma_bull,two_day_acceleration,current_week,0.03502352326189251,0.07475169890224787,0.12232096184004182,-0.03659174072138005,0.10559330893883967,2025H2
300772,2026-01-09,4,bull,none,two_day_acceleration,current_week,-0.022567703109327986,0.01805416248746239,-0.06770310932798407,-0.06218655967903719,0.050150451354062264,2026H1
300772,2026-01-12,0,bull,macd_cross,shrinking_volume_acceleration,current_week,-0.030776746458231474,0.04885197850512957,-0.08597948216902773,-0.08646800195407911,0.07132388861748895,2026H1
300772,2026-05-08,4,bull,none,shrinking_volume_acceleration,current_week,-0.06596614127262113,-0.05720957384705194,-0.21657910099241096,-0.07297139521307638,0.009924109748978394,2026H1
300772,2026-05-18,0,bull,none,shrinking_volume_acceleration,current_week,-0.025688073394495525,-0.07217125382263001,-0.22079510703363925,-0.0825688073394496,0.042813455657492394,2026H1
300772,2026-05-19,1,bull,none,two_day_acceleration,current_week,-0.039857227840571,-0.14634146341463405,-0.23973825104104685,-0.14872099940511596,0.011897679952409534,2026H1
300772,2026-05-20,2,bull,none,pullback_holds,current_week,-0.046762589928057485,-0.1606714628297362,-0.2583932853717026,-0.172062350119904,0.004196642685851293,2026H1
300137,2025-05-07,2,bull,none,pullback_holds,current_week,0.03304347826086973,0.019130434782608674,-0.012173913043478257,-0.013913043478260834,0.0939130434782609,2025H1
300137,2025-05-20,1,bull,none,pullback_holds,current_week,-0.05733558178752107,-0.05564924114671155,-0.021922428330522714,-0.08431703204047214,0.00337268128161905,2025H1
300137,2025-06-04,2,bull,none,pullback_holds,current_week,0.0517857142857141,0.03571428571428559,0.03571428571428559,-0.0071428571428571175,0.07321428571428568,2025H1
300137,2025-06-06,4,bull,none,two_day_acceleration,current_week,0.017271157167530138,-0.020725388601036343,-0.01036269430051806,-0.02763385146804842,0.03799654576856648,2025H1
300137,2025-06-11,2,bull,none,shrinking_volume_acceleration,current_week,-0.016949152542372947,-0.011864406779661052,-0.025423728813559365,-0.05084745762711862,0.018644067796609987,2025H1
300137,2025-06-13,4,bull,none,shrinking_volume_acceleration,current_week,-0.03242320819112632,-0.0068259385665528916,-0.027303754266211677,-0.04436860068259385,0.025597269624573205,2025H1
300137,2025-06-17,1,bull,none,two_day_acceleration,current_week,-0.016891891891891886,-0.028716216216216228,-0.03716216216216217,-0.054054054054053946,0.01013513513513531,2025H1
300137,2025-06-23,0,bull,none,pullback_holds,current_week,-0.013816925734024155,-0.017271157167530138,0.024179620034542326,-0.024179620034542215,0.017271157167530138,2025H1
300137,2025-06-24,1,bull,none,pullback_holds,current_week,-0.017094017094017144,-0.011965811965812034,0.011965811965811923,-0.03418803418803418,0.006837606837606591,2025H1
300137,2025-06-25,2,bull,none,pullback_holds,current_week,-0.006849315068493178,-0.015410958904109595,-0.001712328767123239,-0.03253424657534243,0.005136986301369939,2025H1
300137,2025-06-27,4,bull,none,pullback_holds,current_week,-0.02051282051282055,-0.02564102564102566,-0.006837606837606813,-0.03418803418803418,0.0017094017094017033,2025H1
300137,2025-09-10,2,bull,ma_bull,shrinking_volume_acceleration,current_week,-0.0315934065934067,-0.11675824175824179,-0.008241758241758323,-0.15109890109890112,0.006868131868131844,2025H2
300137,2025-09-12,4,bull,ma_bull,pullback_holds,current_week,-0.08039492242595192,-0.08744710860366711,0.07193229901269405,-0.1283497884344147,0.009873060648801113,2025H2
300137,2025-10-09,3,bull,none,two_day_acceleration,current_week,0.03586800573888094,0.12912482065997133,0.15781922525107617,-0.05451936872309904,0.18364418938307026,2025H2
300137,2025-10-15,2,bull,none,two_day_acceleration,current_week,0.13276836158192085,0.1694915254237288,0.18926553672316393,-0.0028248587570620654,0.22175141242937846,2025H2
300137,2025-10-24,4,bull,ma_bull,shrinking_volume_acceleration,current_week,0.061097256857855387,0.007481296758104827,-0.05361596009975056,-0.006234413965087282,0.07855361596009991,2025H2
300137,2025-11-12,2,bull,ma_bull,two_day_acceleration,current_week,-0.039145907473309594,-0.04626334519572939,0.08303677342823268,-0.11506524317912215,0.02016607354685651,2025H2
300137,2025-12-01,0,mid,ma_bull,pullback_holds,current_week,0.08526187576126665,0.09257003654080376,0.21802679658952484,-0.03166869671132777,0.16686967113276485,2025H2
300137,2025-12-23,1,bull,ma_bull,shrinking_volume_acceleration,current_week,-0.04852521408182686,0.04852521408182686,0.0019029495718363432,-0.0770694576593719,0.07992388201712664,2025H2
300137,2026-01-09,4,bull,ma_bull,shrinking_volume_acceleration,current_week,-0.037104072398190024,-0.03438914027149331,-0.10045248868778289,-0.05972850678733033,0.04977375565610842,2026H1
300137,2026-02-11,2,bull,ma_bull,pullback_holds,current_week,0.061165048543689204,0.14271844660194155,0.25825242718446595,-0.020388349514563142,0.1640776699029125,2026H1
300137,2026-07-01,2,bull,none,pullback_holds,current_week,-0.04424276800907534,-0.1310266591038003,-0.3771979580260918,-0.20589903573454338,0.005104934770277847,2026H2
300137,2026-09-01,1,bull,none,pullback_holds,current_week,-0.028522039757994833,-0.139152981849611,,-0.1486603284356094,0.029386343993085484,2026H2
300137,2026-09-02,2,mid,none,pullback_holds,current_week,-0.09831932773109242,,,-0.17226890756302526,0.0008403361344537785,2026H2
300137,2026-09-03,3,mid,none,pullback_holds,current_week,-0.0766550522648084,,,-0.14198606271777015,0.010452961672473782,2026H2
002374,2023-03-27,0,mid,none,pullback_holds,current_week,-0.037117903930131035,-0.0633187772925764,0.004366812227074357,-0.06768558951965054,0.0021834061135370675,2023H1
002374,2025-08-11,0,bull,none,pullback_holds,current_week,-0.035211267605633645,0.0,0.010563380281690238,-0.05633802816901401,0.010563380281690238,2025H2
002374,2025-08-12,1,bull,none,pullback_holds,current_week,-0.003558718861209842,0.010676156583629748,0.021352313167259718,-0.0462633451957295,0.017793594306049654,2025H2
002374,2025-08-19,1,bull,none,two_day_acceleration,current_week,0.021582733812949506,0.050359712230215736,0.10431654676258995,-0.06115107913669082,0.08273381294964022,2025H2
002374,2025-08-21,3,bull,macd_stabilizing,pullback_holds,current_week,-0.04946996466431097,0.03886925795053009,0.09540636042402828,-0.07773851590106018,0.13427561837455837,2025H2
002374,2025-08-22,4,bull,none,pullback_holds,current_week,-0.02135231316725983,0.017793594306049654,0.07117437722419928,-0.07117437722419939,0.14234875444839856,2025H2
002374,2025-09-05,4,bull,macd_stabilizing,pullback_holds,current_week,0.02430555555555558,0.04513888888888906,-0.04513888888888884,-0.0347222222222221,0.13541666666666674,2025H2
002374,2025-09-16,1,bull,ma_bull,two_day_acceleration,current_week,-0.07565789473684215,-0.09539473684210531,-0.0625,-0.10197368421052633,0.07565789473684204,2025H2
002374,2025-10-09,3,bull,none,shrinking_volume_acceleration,current_week,-0.0072202166064981865,0.032490974729241895,0.1407942238267148,-0.05054151624548742,0.03971119133573997,2025H2
002374,2025-10-14,1,bull,none,pullback_holds,current_week,0.007168458781362075,0.0,0.37275985663082434,-0.03584229390681004,0.032258064516129004,2025H2
002374,2025-10-15,2,bull,none,pullback_holds,current_week,0.021505376344086002,-0.01075268817204289,0.5089605734767024,-0.03584229390681004,0.032258064516129004,2025H2
002374,2025-10-21,1,bull,macd_stabilizing,two_day_acceleration,current_week,-0.0035714285714286698,0.19285714285714262,0.32499999999999996,-0.03214285714285725,0.27142857142857135,2025H2
002374,2025-10-22,2,bull,macd_stabilizing,pullback_holds,current_week,-0.03157894736842104,0.16140350877192988,0.23859649122807025,-0.0491228070175439,0.24912280701754375,2025H2
002374,2025-11-17,0,mid,ma_bull,shrinking_volume_acceleration,current_week,-0.13299232736572886,-0.11764705882352944,0.03324808184143224,-0.17391304347826086,0.010230179028132946,2025H2
002374,2025-12-08,0,bull,ma_bull,two_day_acceleration,current_week,0.14447592067988668,0.04532577903682711,0.03682719546742197,-0.05382436260623236,0.21246458923512757,2025H2
002374,2025-12-09,1,mid,ma_bull,pullback_holds,current_week,0.04054054054054057,-0.03513513513513511,0.008108108108108025,-0.09729729729729741,0.1567567567567567,2025H2
002374,2026-01-05,0,bull,ma_bull,shrinking_volume_acceleration,current_week,0.06284153005464477,0.002732240437158362,-0.0710382513661203,-0.019125683060109422,0.07103825136612008,2026H1
002374,2026-01-07,2,bull,ma_bull,pullback_holds,current_week,0.027472527472527597,-0.0494505494505495,-0.013736263736263798,-0.052197802197802234,0.07692307692307687,2026H1
002374,2026-01-08,3,bull,ma_bull,pullback_holds,current_week,0.013477088948787186,-0.059299191374662996,-0.04582210242587603,-0.07008086253369261,0.05660377358490565,2026H1
002374,2026-01-09,4,bull,ma_bull,two_day_acceleration,current_week,-0.03947368421052644,-0.03421052631578958,-0.07631578947368423,-0.0921052631578948,0.03157894736842093,2026H1
002374,2026-02-02,0,mid,none,shrinking_volume_acceleration,current_week,0.06340057636887608,0.11527377521613835,0.008645533141210304,-0.01729106628242072,0.12103746397694515,2026H1
002374,2026-02-04,2,mid,none,two_day_acceleration,current_week,0.025423728813559254,0.0847457627118644,-0.031073446327683607,-0.02259887005649719,0.12429378531073443,2026H1
002374,2026-02-05,3,mid,none,pullback_holds,current_week,0.037142857142857144,0.08857142857142852,-0.03142857142857136,-0.011428571428571455,0.13714285714285723,2026H1
002374,2026-02-06,4,mid,none,pullback_holds,current_week,0.0702247191011236,-0.002808988764044895,-0.014044943820224698,-0.008426966292134797,0.1179775280898876,2026H1
002374,2026-04-09,3,mid,none,pullback_holds,current_week,-0.009230769230769154,-0.0492307692307693,-0.027692307692307683,-0.06769230769230761,0.009230769230769376,2026H1
002374,2026-04-10,4,mid,none,pullback_holds,current_week,-0.006249999999999978,-0.028125000000000067,0.006250000000000089,-0.05312499999999998,0.015625,2026H1
002374,2026-04-20,0,bull,none,pullback_holds,current_week,-0.0062893081761006275,-0.012578616352201255,0.1603773584905659,-0.05031446540880502,0.03144654088050314,2026H1
002374,2026-04-27,0,bull,none,pullback_holds,current_week,0.0,0.028662420382165488,0.10509554140127397,-0.02547770700636942,0.06687898089171984,2026H1
002374,2026-05-13,2,bull,none,two_day_acceleration,current_week,0.17027863777089802,0.08978328173374606,0.04024767801857587,-0.009287925696594312,0.23839009287925705,2026H1
002374,2026-05-25,0,bull,macd_cross,two_day_acceleration,current_week,-0.09473684210526323,-0.08421052631578951,-0.0736842105263158,-0.13157894736842102,0.010526315789473495,2026H1
603861,2023-08-01,1,bull,none,shrinking_volume_acceleration,current_week,-0.026086956521739202,-0.0434782608695653,-0.036956521739130554,-0.0565217391304349,0.011956521739130421,2023H2
603861,2023-08-02,2,bull,none,pullback_holds,current_week,-0.03900325027085583,-0.06283856988082337,-0.03575297941495126,-0.06717226435536305,0.004333694474539351,2023H2
603861,2023-08-03,3,bull,none,pullback_holds,current_week,-0.031590413943355045,-0.034858387799564294,-0.025054466230936656,-0.06862745098039202,0.009803921568627416,2023H2
603861,2023-09-04,0,mid,none,pullback_holds,current_week,0.009153318077803174,-0.016018306636155666,0.009153318077803174,-0.04004576659038894,0.026315789473684292,2023H2
603861,2023-09-11,0,mid,none,pullback_holds,current_week,-0.022727272727272818,-0.02954545454545454,0.1272727272727272,-0.05795454545454548,0.01477272727272716,2023H2
603861,2023-09-12,1,mid,none,pullback_holds,current_week,-0.05749718151071048,-0.03269447576099216,0.08906426155580593,-0.0653889515219842,0.0011273957158961512,2023H2
603861,2023-09-22,4,mid,none,pullback_holds,current_week,0.043325526932084246,0.25761124121779844,0.2646370023419202,-0.004683840749414636,0.25761124121779844,2023H2
603861,2023-11-15,2,mid,ma_bull,two_day_acceleration,current_week,-0.029750479846449185,-0.004798464491362675,0.0748560460652592,-0.04894433781190022,0.06429942418426093,2023H2
603861,2023-11-17,4,mid,ma_bull,two_day_acceleration,current_week,-0.04928909952606653,-0.03696682464454981,-0.006635071090047462,-0.06066350710900481,0.05118483412322261,2023H2
603861,2023-11-20,0,mid,ma_bull,shrinking_volume_acceleration,current_week,-0.07314814814814818,0.035185185185184986,-0.08518518518518514,-0.08240740740740748,0.035185185185184986,2023H2
603861,2024-02-20,1,bull,none,pullback_holds,current_week,0.1479452054794521,0.09452054794520559,0.18493150684931514,-0.004109589041095818,0.17260273972602747,2024H1
603861,2024-02-21,2,bull,none,two_day_acceleration,current_week,0.01866666666666683,0.09066666666666667,0.1586666666666665,-0.009333333333333416,0.1413333333333333,2024H1
603861,2024-02-22,3,bull,none,shrinking_volume_acceleration,current_week,0.03795811518324599,0.056282722513088856,0.14397905759162288,-0.015706806282722474,0.12041884816753923,2024H1
603861,2024-02-23,4,bull,none,two_day_acceleration,current_week,0.030379746835442978,0.032911392405063244,0.08354430379746836,-0.048101265822784844,0.08354430379746836,2024H1
603861,2025-04-01,1,mid,ma_bull,shrinking_volume_acceleration,current_week,-0.1333333333333333,-0.10937499999999989,-0.07916666666666661,-0.21354166666666663,0.009374999999999911,2025H1
603861,2025-05-08,3,bull,none,shrinking_volume_acceleration,current_week,-0.02699784017278617,-0.018358531317494542,0.009719222462202914,-0.028077753779697567,0.006479481641468832,2025H1
603861,2025-05-09,4,bull,none,pullback_holds,current_week,-0.006528835690968293,-0.028291621327529937,0.029379760609358208,-0.030467899891186034,0.01414581066376508,2025H1
603861,2025-05-19,0,bull,none,pullback_holds,current_week,-0.018458197611292082,-0.006514657980456029,0.006514657980455807,-0.034744842562432154,0.0662323561346363,2025H1
603861,2025-05-20,1,bull,none,shrinking_volume_acceleration,current_week,0.0032292787944026013,-0.0032292787944027124,-0.0032292787944027124,-0.04305705059203446,0.05705059203444551,2025H1
603861,2025-05-21,2,bull,none,pullback_holds,current_week,0.016339869281045694,0.0185185185185186,-0.013071895424836555,-0.031590413943355045,0.06971677559912859,2025H1
603861,2025-05-26,0,bull,none,pullback_holds,current_week,0.008820286659316334,0.03197353914002199,0.03528114663726578,-0.009922822491730932,0.08269018743109147,2025H1
603861,2025-05-27,1,mid,none,two_day_acceleration,current_week,-0.020105820105820293,0.002116402116401961,-0.0031746031746032743,-0.03809523809523818,0.03915343915343916,2025H1
603861,2025-05-29,3,bull,none,shrinking_volume_acceleration,current_week,-0.010582010582010692,-0.015873015873015928,0.03703703703703698,-0.03809523809523818,0.012698412698412653,2025H1
603861,2025-06-09,0,bull,none,two_day_acceleration,current_week,-0.017951425554382228,-0.03907074973600855,0.028511087645195277,-0.06230200633579719,0.010559662090813049,2025H1
603861,2025-06-10,1,bull,none,pullback_holds,current_week,-0.00855614973262031,0.004278074866310266,0.06310160427807476,-0.0502673796791443,0.02352941176470602,2025H1
603861,2025-06-11,2,bull,none,shrinking_volume_acceleration,current_week,-0.025263157894736876,-0.008421052631578996,0.06105263157894747,-0.0652631578947368,0.0,2025H1
603861,2025-06-23,0,bull,macd_stabilizing,shrinking_volume_acceleration,current_week,0.08223684210526305,0.06798245614035081,0.12280701754385959,-0.0010964912280703176,0.12499999999999978,2025H1
603861,2025-06-24,1,bull,macd_stabilizing,two_day_acceleration,current_week,0.052183173588924436,0.05857294994675177,0.09265175718849838,-0.007454739084132078,0.09265175718849838,2025H1
603861,2025-06-26,3,bull,macd_stabilizing,pullback_holds,current_week,0.04930332261521975,0.06323687031082526,0.08145766345123251,0.0,0.105037513397642,2025H1
603861,2025-07-07,0,bull,none,pullback_holds,current_week,0.05675954592363275,0.05675954592363275,0.021671826625387025,-0.0020639834881320818,0.10010319917440658,2025H2
603861,2025-07-08,1,bull,none,two_day_acceleration,current_week,0.014084507042253502,0.03219315895372232,0.004024144869215318,-0.021126760563380143,0.07243460764587528,2025H2
603861,2025-07-10,3,bull,none,pullback_holds,current_week,0.028282828282828243,0.019191919191919204,0.003030303030302939,-0.01717171717171717,0.07676767676767682,2025H2
603861,2025-07-11,4,bull,none,pullback_holds,current_week,0.030769230769230882,0.02358974358974364,0.01333333333333342,0.0,0.09333333333333327,2025H2
603861,2025-07-16,2,bull,ma_bull,shrinking_volume_acceleration,current_week,-0.015810276679841917,-0.029644268774703608,-0.013833992094861691,-0.03656126482213451,0.02667984189723316,2025H2
603861,2025-07-17,3,bull,ma_bull,two_day_acceleration,current_week,-0.006889763779527547,-0.04330708661417315,-0.047244094488189003,-0.049212598425196874,0.014763779527559029,2025H2
603861,2025-07-18,4,bull,ma_bull,pullback_holds,current_week,-0.01868239921337267,-0.03539823008849552,-0.020648967551622377,-0.05014749262536866,0.0137659783677484,2025H2
603861,2025-08-05,1,bull,ma_bull,pullback_holds,current_week,-0.0010030090270811698,0.02306920762286868,0.06519558676028092,-0.034102306920762215,0.03811434302908712,2025H2
603861,2025-08-06,2,bull,ma_bull,two_day_acceleration,current_week,-0.01090188305252715,0.020812685827552135,0.009910802775024763,-0.04558969276511393,0.02378592666005952,2025H2
603861,2025-08-07,3,bull,ma_bull,pullback_holds,current_week,-0.007179487179487243,0.04923076923076919,0.04923076923076919,-0.012307692307692242,0.06153846153846154,2025H2
603861,2025-08-08,4,bull,ma_bull,pullback_holds,current_week,0.012195121951219523,0.03353658536585358,0.059959349593496025,-0.021341463414634054,0.05182926829268286,2025H2
603861,2025-08-11,0,bull,ma_bull,pullback_holds,current_week,0.03033367037411505,0.025278058645096024,0.05965621840242674,-0.02628918099089983,0.046511627906976605,2025H2
603861,2025-08-12,1,bull,ma_bull,pullback_holds,current_week,0.030303030303030276,0.048484848484848575,0.048484848484848575,-0.027272727272727226,0.06464646464646462,2025H2
603861,2025-08-13,2,bull,ma_bull,pullback_holds,current_week,0.03206412825651306,0.009018036072144353,0.02004008016032066,-0.0350701402805611,0.05611222444889785,2025H2
603861,2025-09-02,1,bull,ma_bull,two_day_acceleration,current_week,-0.01236917221693612,0.057088487155090295,0.004757373929590969,-0.050428163653663094,0.0941960038058991,2025H2
603861,2025-09-15,0,bull,ma_bull,shrinking_volume_acceleration,current_week,-0.02456778889899902,-0.031847133757961776,0.16378525932666066,-0.06733393994540493,0.023657870791628843,2025H2
603861,2025-09-16,1,bull,ma_bull,shrinking_volume_acceleration,current_week,-0.04954954954954949,-0.048648648648648596,0.09729729729729741,-0.07657657657657657,0.013513513513513598,2025H2
603861,2025-09-29,0,bull,ma_bull,two_day_acceleration,current_week,0.023474178403755763,0.20093896713615034,0.1812206572769952,-0.029107981220657275,0.26760563380281677,2025H2
603861,2025-09-30,1,bull,ma_bull,pullback_holds,current_week,0.12687969924812026,0.14473684210526305,0.24060150375939848,-0.02819548872180455,0.26879699248120303,2025H2
603861,2025-10-14,1,bull,ma_bull,two_day_acceleration,current_week,0.1777163904235728,0.09208103130755063,0.34346224677716397,-0.0009208103130754486,0.24309392265193375,2025H2
603861,2025-10-17,4,mid,ma_bull,shrinking_volume_acceleration,current_week,-0.0074875207986688785,0.0,0.0981697171381033,-0.03993344425956724,0.12312811980033289,2025H2
603861,2025-11-03,0,bull,ma_bull,two_day_acceleration,current_week,0.15308641975308634,0.07736625514403284,-0.03292181069958855,-0.0008230452674896638,0.219753086419753,2025H2
603861,2025-11-04,1,bull,ma_bull,two_day_acceleration,current_week,0.19102040816326538,0.029387755102040725,-0.05551020408163265,-0.0016326530612245094,0.209795918367347,2025H2
603861,2025-12-08,0,bull,none,pullback_holds,current_week,0.017241379310344973,0.022413793103448265,0.11982758620689671,-0.04827586206896539,0.042241379310344884,2025H2
603861,2025-12-22,0,bull,none,two_day_acceleration,current_week,0.012448132780082943,0.07800829875518667,0.2630705394190871,-0.0016597510373443924,0.10954356846473035,2025H2
603861,2025-12-25,3,bull,macd_stabilizing,shrinking_volume_acceleration,current_week,0.019920318725099584,0.036653386454183146,0.21992031872509954,-0.04143426294820718,0.07569721115537842,2025H2
603861,2026-01-07,2,bull,macd_cross,two_day_acceleration,current_week,0.08275328692962103,0.177107501933488,0.3789636504253675,-0.022428460943542117,0.24516627996906437,2026H1
603861,2026-01-09,4,bull,macd_cross,two_day_acceleration,current_week,0.09774436090225547,0.12481203007518804,0.2533834586466166,-0.049624060150375904,0.21052631578947367,2026H1
603861,2026-01-26,0,bull,ma_bull,two_day_acceleration,current_week,0.19477124183006533,0.08562091503267966,0.2941176470588236,-0.05555555555555558,0.3137254901960784,2026H1
603861,2026-02-26,3,bull,ma_bull,two_day_acceleration,current_week,0.15498357064622104,0.0657174151150055,-0.08817086527929918,-0.025191675794085433,0.23932092004381156,2026H1
603861,2026-04-21,1,bull,none,pullback_holds,current_week,-0.018697225572979592,0.00603136308805774,-0.033172496984318456,-0.06332931242460804,0.10977080820265384,2026H1
603861,2026-04-22,2,bull,none,pullback_holds,current_week,-0.027843601895734538,-0.008886255924170583,-0.05509478672985768,-0.07997630331753547,0.09004739336492906,2026H1
603861,2026-04-23,3,bull,none,two_day_acceleration,current_week,-0.0711785297549592,-0.03033838973162195,-0.1073512252042007,-0.09393232205367552,0.0350058343057178,2026H1
603861,2026-05-06,2,bull,none,shrinking_volume_acceleration,current_week,0.055828220858895605,0.017791411042944683,0.008588957055214674,-0.05828220858895716,0.08834355828220875,2026H1
603861,2026-05-08,4,bull,none,pullback_holds,current_week,-0.06662665066026408,-0.037815126050420145,0.0798319327731094,-0.07863145258103243,0.06482593037214901,2026H1
603861,2026-05-11,0,bull,none,pullback_holds,current_week,-0.035693039857227715,-0.05116002379535978,0.0886377156454492,-0.08685306365258771,0.04342653182629386,2026H1
002112,2023-03-06,0,bull,ma_bull,two_day_acceleration,current_week,0.028806584362139898,-0.028806584362139898,0.06666666666666665,-0.0864197530864198,0.17695473251028804,2023H1
002112,2023-05-11,3,mid,none,two_day_acceleration,current_week,0.07249255213505457,0.09235352532274077,-0.028798411122145096,-0.026812313803376342,0.13505461767626614,2023H1
002112,2023-05-22,0,mid,none,two_day_acceleration,current_week,-0.046532846715328424,-0.04379562043795626,0.04288321167883202,-0.08029197080291972,0.013686131386861256,2023H1
002112,2023-08-08,1,bull,ma_bull,two_day_acceleration,current_week,-0.08791208791208782,-0.09890109890109888,-0.08537616229923917,-0.12933220625528308,0.010143702451394843,2023H2
002112,2023-09-18,0,mid,none,shrinking_volume_acceleration,current_week,-0.029116465863453955,0.028112449799196693,-0.05421686746987964,-0.03915662650602414,0.032128514056224855,2023H2
002112,2025-03-10,0,bull,ma_bull,shrinking_volume_acceleration,current_week,0.0525641025641026,-0.029487179487179382,-0.23910256410256403,-0.0641025641025641,0.1134615384615385,2025H1
002112,2025-03-13,3,bull,ma_bull,pullback_holds,current_week,-0.004244996967859294,-0.10915706488781096,-0.22801697998787152,-0.11461491813220148,0.0533656761673742,2025H1
002112,2025-03-14,4,bull,ma_bull,shrinking_volume_acceleration,current_week,-0.08466548253404382,-0.1391355831853167,-0.2267613972764949,-0.1403197158081706,0.02841918294849033,2025H1
002112,2025-05-26,0,bull,none,shrinking_volume_acceleration,current_week,-0.03421461897356137,-0.004665629860031051,-0.023328149300155476,-0.03965785381026432,0.015552099533437058,2025H1
002112,2025-06-09,0,bull,none,shrinking_volume_acceleration,current_week,-0.03723816912335143,-0.05430566330488762,0.0426687354538402,-0.08766485647788991,0.003103180760279267,2025H1
002112,2025-06-18,2,bull,none,shrinking_volume_acceleration,current_week,0.025060630557800945,0.05092966855295056,0.10994341147938558,-0.04931285367825389,0.07679870654810017,2025H1
002112,2025-06-24,1,bull,none,two_day_acceleration,current_week,0.03974562798092207,0.12241653418124021,0.10095389507154207,-0.003974562798092163,0.1359300476947536,2025H1
002112,2025-06-26,3,bull,none,pullback_holds,current_week,0.0538827258320127,0.10935023771790808,0.06814580031695705,-0.0031695721077654726,0.1711568938193344,2025H1
002112,2025-06-30,0,bull,none,two_day_acceleration,current_week,0.03703703703703698,0.0717592592592593,0.01620370370370372,-0.00462962962962965,0.14043209876543217,2025H1
002112,2025-07-07,0,bull,none,two_day_acceleration,current_week,0.013129102844638973,0.009482129832239172,-0.036469730123997124,-0.022611232676878257,0.07804522246535384,2025H2
002112,2025-07-22,1,bull,none,pullback_holds,current_week,-0.05503931379556826,-0.046461758398856357,0.002859185132237485,-0.0757684060042888,0.012151536812008645,2025H2
002112,2025-11-07,4,bull,ma_bull,shrinking_volume_acceleration,current_week,-0.043589743589743546,-0.17051282051282057,-0.1544871794871795,-0.1743589743589743,0.05769230769230771,2025H2
002112,2025-12-23,1,bull,macd_stabilizing,two_day_acceleration,current_week,-0.008142116950407119,0.13101406365655088,0.6121391561806071,-0.024426350851221357,0.24352331606217614,2025H2
002112,2025-12-24,2,bull,macd_stabilizing,two_day_acceleration,current_week,-0.03703703703703698,0.13652868554829345,0.7400145243282499,-0.042846768336964436,0.22004357298474964,2025H2
002112,2026-01-09,4,bull,macd_cross,shrinking_volume_acceleration,current_week,0.2489055659787367,0.49843652282676687,0.5891181988742964,-0.03064415259537212,0.5115697310819263,2026H1
002112,2026-01-22,3,bull,ma_bull,shrinking_volume_acceleration,current_week,-0.04409090909090907,0.050000000000000044,0.12318181818181828,-0.12909090909090903,0.16727272727272724,2026H1
002112,2026-02-25,2,bull,ma_bull,pullback_holds,current_week,-0.05447154471544713,0.08333333333333326,-0.01585365853658538,-0.13821138211382122,0.16056910569105698,2026H1
002112,2026-04-10,4,mid,none,pullback_holds,current_week,0.029807692307692424,-0.03750000000000009,0.11009615384615379,-0.043269230769230727,0.0822115384615385,2026H1
002112,2026-04-14,1,mid,none,two_day_acceleration,current_week,-0.003719200371920084,-0.06276150627615074,-0.040446304044630454,-0.10971641097164109,0.04649000464900044,2026H1
002112,2026-04-28,1,bull,none,two_day_acceleration,current_week,0.0553041729512318,0.03770739064856721,-0.07993966817496223,-0.008044243338360957,0.16892911010558076,2026H1
002112,2026-05-08,4,bull,none,pullback_holds,current_week,-0.025955639452571955,-0.09296838131193974,-0.16611609249646053,-0.1170363378952336,0.09721566776781487,2026H1
002112,2026-06-18,3,bull,none,shrinking_volume_acceleration,current_week,-0.05335628227194489,-0.05737234652897305,-0.21055651176133106,-0.09925415949512328,0.06597819850831921,2026H1
300340,2025-05-08,3,bull,none,shrinking_volume_acceleration,current_week,0.010183299389002087,0.0010183299389001643,0.3340122199592668,-0.014256619144602856,0.05804480651731159,2025H1
300340,2025-05-12,0,bull,none,two_day_acceleration,current_week,-0.029069767441860517,-0.04554263565891481,0.8275193798449612,-0.05523255813953487,0.006782945736434121,2025H1
300340,2025-08-07,3,bull,none,pullback_holds,current_week,-0.03014492753623188,0.04869565217391303,-0.13913043478260867,-0.0371014492753623,0.19999999999999996,2025H2
300340,2025-08-08,4,bull,none,two_day_acceleration,current_week,-0.0361581920903955,0.04011299435028248,-0.10508474576271187,-0.06158192090395476,0.1694915254237288,2025H2
300340,2025-08-18,0,bull,none,two_day_acceleration,current_week,0.04126074498567345,-0.1260744985673352,-0.1472779369627506,-0.16962750716332375,0.18624641833810895,2025H2
300340,2025-09-30,1,bull,none,pullback_holds,current_week,0.019858156028368823,-0.06382978723404242,0.05319148936170204,-0.10567375886524821,0.07801418439716312,2025H2
300340,2025-10-09,3,bull,none,two_day_acceleration,current_week,-0.03983228511530401,-0.058700209643605894,0.020964360587002018,-0.11879804332634525,0.06219426974143949,2025H2
300340,2025-10-14,1,bull,none,pullback_holds,current_week,-0.05795053003533568,-0.0381625441696114,0.042402826855123754,-0.08339222614840991,0.07420494699646651,2025H2
300340,2025-10-28,1,bull,none,pullback_holds,current_week,0.04996326230712733,0.08376193975018364,0.02792064658339455,-0.016899338721528157,0.11021307861866281,2025H2
300340,2025-10-29,2,bull,none,pullback_holds,current_week,0.08473338203067926,0.06793279766252747,-0.02118334550766976,-0.010226442658874957,0.10737764791818849,2025H2
688318,2025-01-24,4,mid,none,pullback_holds,current_week,0.04477795546807717,0.03628982654693069,-0.0711649649403372,-0.06507565506212332,0.07356378398326968,2025H1
688318,2025-04-21,0,mid,none,shrinking_volume_acceleration,current_week,-0.006968135297960476,0.01001669449081799,-0.026420846338099824,-0.03825215939609505,0.10328808884372487,2025H1
688318,2025-04-22,1,mid,none,pullback_holds,current_week,-0.03568853640951708,-0.03201153568853654,-0.06056236481614996,-0.04470079307858699,0.09589041095890405,2025H1
688318,2025-04-23,2,mid,none,pullback_holds,current_week,-0.017391304347826098,0.013043478260869712,-0.05275362318840582,-0.03985507246376807,0.10144927536231885,2025H1
688318,2025-04-24,3,mid,none,pullback_holds,current_week,0.024026875045643603,0.010005112101073577,-0.05163222084276631,-0.03235229679398233,0.1100562331118089,2025H1
688318,2025-04-25,4,mid,none,pullback_holds,current_week,0.024425811155668997,0.05082026977761567,-0.061903025884068597,-0.033904484141450975,0.10827561064527891,2025H1
688318,2025-10-09,3,bull,ma_bull,shrinking_volume_acceleration,current_week,-0.08984520123839002,-0.11851393188854475,-0.14105263157894743,-0.15783281733746135,0.024767801857585203,2025H2
688318,2025-11-10,0,bull,none,shrinking_volume_acceleration,current_week,-0.05862743677078053,-0.0674686571490688,-0.014638741937821664,-0.1008044061163853,0.0,2025H2
688318,2026-01-16,4,bull,macd_cross,shrinking_volume_acceleration,current_week,-0.03624349219062861,-0.10105459885195556,-0.16239487384861828,-0.10292350820985174,0.006607929515418665,2026H1
301109,2025-02-17,0,bull,none,pullback_holds,current_week,0.11834319526627235,0.07218934911242614,0.33254437869822495,-0.020118343195266286,0.2514792899408287,2025H1
301109,2025-02-21,4,bull,macd_stabilizing,pullback_holds,current_week,0.0761061946902657,0.13864306784660774,0.2401179941002951,-0.0005899705014748013,0.2477876106194692,2025H1
301109,2025-04-25,4,mid,ma_bull,shrinking_volume_acceleration,current_week,0.0478515625,0.02587890625,0.0166015625,-0.02001953125,0.0537109375,2025H1
301109,2025-05-06,1,mid,none,two_day_acceleration,current_week,-0.00884132154490469,-0.016286644951140183,0.0139599813866913,-0.050721265704979035,0.004187994416007479,2025H1
301109,2025-05-12,0,bull,ma_bull,shrinking_volume_acceleration,current_week,-0.045011600928074214,-0.030626450116009285,0.001856148491879317,-0.05336426914153125,0.0013921113689094877,2025H1
301109,2025-05-20,1,bull,ma_bull,two_day_acceleration,current_week,-0.019876952200662434,0.031235210601041175,-0.28916232844297207,-0.02650260293421669,0.04117368670137256,2025H1
301109,2025-05-21,2,bull,ma_bull,pullback_holds,current_week,-0.000480076812290009,0.036005760921747454,-0.2914066250600097,-0.012481997119539234,0.056168987037926055,2025H1
301109,2025-05-22,3,bull,ma_bull,pullback_holds,current_week,0.0024154589371980784,0.03623188405797095,-0.28743961352657,-0.006280193236714915,0.06280193236714982,2025H1
301109,2025-05-28,2,mid,ma_bull,pullback_holds,current_week,0.040000000000000036,0.146987951807229,-0.29831325301204814,-0.004819277108433662,0.16722891566265052,2025H1
301109,2025-05-29,3,bull,ma_bull,pullback_holds,current_week,0.03273952816562353,0.11940298507462699,-0.28358208955223874,-0.00577756379393346,0.16610495907558986,2025H1
301109,2025-05-30,4,mid,ma_bull,pullback_holds,current_week,0.028283796740172562,0.09827420901246398,-0.2866730584851389,-0.007670182166826467,0.1610738255033557,2025H1
301109,2025-06-03,1,bull,ma_bull,two_day_acceleration,current_week,0.003719200371919973,-0.29149232914923295,-0.3031148303114831,-0.30172013017201305,0.12598791259879105,2025H1
301109,2025-07-04,4,bull,none,pullback_holds,current_week,0.0159893404397069,0.01065956029313786,-0.07928047968021312,-0.005996002664890088,0.0479680213191207,2025H2
301109,2025-07-10,3,bull,none,shrinking_volume_acceleration,current_week,-0.013698630136986245,-0.06784083496412263,-0.07893020221787339,-0.08349641226353555,0.0065231572080886036,2025H2
301109,2025-07-11,4,bull,none,pullback_holds,current_week,-0.002629848783694988,-0.07034845496383957,-0.0696909927679159,-0.07626561472715321,0.014464168310322156,2025H2
301109,2025-07-22,1,bull,none,pullback_holds,current_week,-0.07326732673267322,-0.06864686468646874,-0.057425742574257366,-0.09768976897689774,0.011221122112211157,2025H2
603187,2025-10-28,1,bull,ma_bull,pullback_holds,current_week,-0.06486486486486487,0.014864864864864824,0.016891891891891886,-0.07500000000000007,0.023648648648648685,2025H2
603187,2025-11-10,0,bull,none,two_day_acceleration,current_week,0.07794015309672919,0.0438413361169101,0.025052192066805867,-0.009742519137091232,0.09464161447459984,2025H2
603187,2025-12-22,0,bull,ma_bull,two_day_acceleration,current_week,0.03403141361256545,0.010471204188481575,0.08835078534031404,-0.0019633507853403787,0.06282722513089012,2025H2
603187,2026-01-05,0,bull,ma_bull,pullback_holds,current_week,0.0012714558169102386,0.04958677685950419,-0.022886204704386515,-0.021614748887476165,0.061665607120152455,2026H1
603187,2026-01-12,0,bull,ma_bull,pullback_holds,current_week,0.04758883248730972,0.027918781725888353,0.019035532994923887,-0.020304568527918843,0.05964467005076135,2026H1
603187,2026-01-13,1,bull,ma_bull,two_day_acceleration,current_week,0.009276437847866248,-0.013605442176870763,0.0024737167594310883,-0.045145330859616695,0.03277674706246114,2026H1
603187,2026-01-15,3,bull,ma_bull,pullback_holds,current_week,0.040983606557376984,-0.009457755359394748,0.038461538461538325,-0.023959646910466592,0.05296343001261028,2026H1
603187,2026-01-21,2,bull,ma_bull,shrinking_volume_acceleration,current_week,-0.043425814234016924,-0.06634499396863702,-0.004825090470446436,-0.08926417370325701,0.003618817852834688,2026H1
603187,2026-02-11,2,bull,ma_bull,two_day_acceleration,current_week,0.005484460694698434,0.031078610603290757,-0.019500304692260828,-0.030469226081657474,0.05179768433881793,2026H1
603187,2026-03-03,1,bull,ma_bull,two_day_acceleration,current_week,0.026187576126674772,-0.01705237515225344,-0.14372716199756397,-0.028014616321559105,0.05115712545675999,2026H1
603187,2026-03-05,3,mid,ma_bull,two_day_acceleration,current_week,-0.004764740917212573,-0.04169148302561043,-0.1447290053603335,-0.04943418701608093,0.02799285288862441,2026H1
603187,2026-04-15,2,mid,none,pullback_holds,current_week,0.018893387314439902,-0.020917678812415685,-0.10121457489878538,-0.03441295546558698,0.0668016194331984,2026H1
603187,2026-04-16,3,mid,none,shrinking_volume_acceleration,current_week,-0.003913894324853229,-0.08806262230919759,-0.14090019569471623,-0.08806262230919759,0.03131115459882583,2026H1
603187,2026-04-21,1,bull,none,shrinking_volume_acceleration,current_week,-0.048312375909993266,-0.015221707478490942,-0.1184645929847783,-0.07809397749834546,0.025148908007941895,2026H1
603187,2026-04-22,2,bull,none,pullback_holds,current_week,-0.03907284768211916,-0.023178807947019875,-0.1311258278145695,-0.07748344370860927,0.025827814569536534,2026H1
603187,2026-05-08,4,bull,none,pullback_holds,current_week,-0.06827309236947787,-0.10843373493975894,-0.14123159303882193,-0.1352074966532798,0.006024096385542244,2026H1
603682,2023-09-04,0,mid,ma_bull,shrinking_volume_acceleration,current_week,-0.041538461538461524,-0.03538461538461535,-0.11692307692307691,-0.06615384615384612,0.0015384615384614886,2023H2
603682,2023-09-18,0,mid,none,pullback_holds,current_week,-0.02861685214626386,-0.08744038155802858,-0.08267090620031792,-0.09220985691573924,0.006359300476947549,2023H2
603682,2023-09-22,4,mid,none,two_day_acceleration,current_week,-0.08439490445859876,-0.09235668789808915,-0.07324840764331209,-0.1019108280254778,0.0031847133757960666,2023H2
603682,2023-11-09,3,mid,none,pullback_holds,current_week,0.005084745762711673,0.04067796610169494,0.02033898305084758,-0.016949152542372947,0.04406779661016946,2023H2
603682,2023-11-10,4,mid,none,pullback_holds,current_week,0.005102040816326481,0.04251700680272119,-0.018707482993197133,-0.00340136054421758,0.05102040816326525,2023H2
603682,2023-11-15,2,mid,none,pullback_holds,current_week,0.027118644067796627,0.015254237288135464,0.0016949152542371504,-0.006779661016949157,0.047457627118643986,2023H2
603682,2023-11-16,3,mid,none,pullback_holds,current_week,0.042444821731748794,0.01018675721561979,0.0,-0.001697792869269965,0.04923599320882843,2023H2
603682,2023-11-17,4,mid,none,pullback_holds,current_week,0.03547297297297303,0.013513513513513598,0.020270270270270396,-0.006756756756756799,0.04391891891891886,2023H2
603682,2023-11-23,3,mid,none,two_day_acceleration,current_week,-0.029363784665579096,-0.017944535073409318,-0.0032626427406198255,-0.04078303425774876,0.00815660685154973,2023H2
603682,2025-05-06,1,mid,none,shrinking_volume_acceleration,current_week,-0.005415162454873723,0.023465703971119023,0.08303249097472931,-0.025270758122743597,0.03790613718411562,2025H1
603682,2025-05-12,0,bull,none,pullback_holds,current_week,0.010830324909747446,-0.0072202166064981865,0.03790613718411562,-0.02166064981949456,0.03790613718411562,2025H1
603682,2025-05-13,1,bull,none,pullback_holds,current_week,0.025316455696202445,0.00723327305605781,0.047016274864376095,-0.019891500904159143,0.039783001808318286,2025H1
603682,2025-05-19,0,bull,none,shrinking_volume_acceleration,current_week,-0.019607843137254943,0.06951871657753994,-0.0035650623885918886,-0.033868092691622165,0.1336898395721926,2025H1
603682,2025-06-24,1,bull,ma_bull,two_day_acceleration,current_week,0.02678571428571419,0.0517857142857141,0.08928571428571419,-0.017857142857142905,0.0535714285714286,2025H1
603682,2025-06-27,4,bull,ma_bull,pullback_holds,current_week,0.019366197183098732,0.05457746478873249,0.0651408450704225,-0.005281690140845008,0.07746478873239449,2025H1
603682,2025-07-03,3,bull,ma_bull,shrinking_volume_acceleration,current_week,0.04655172413793118,0.04482758620689675,0.024137931034482918,-0.012068965517241237,0.06034482758620707,2025H2
603682,2025-07-09,2,bull,ma_bull,two_day_acceleration,current_week,0.0117647058823529,0.01680672268907557,0.025210084033613578,-0.036974789915966366,0.04033613445378159,2025H2
603682,2025-07-16,2,bull,ma_bull,shrinking_volume_acceleration,current_week,0.004983388704318914,0.009966777408637828,0.019933554817275656,-0.008305647840531671,0.028239202657807327,2025H2
603682,2025-07-17,3,bull,ma_bull,two_day_acceleration,current_week,0.0066225165562914245,-0.01655629139072845,-0.0066225165562914245,-0.021523178807946963,0.024834437086092676,2025H2
603682,2025-07-28,0,bull,ma_bull,pullback_holds,current_week,-0.014802631578947345,0.016447368421052655,0.03782894736842102,-0.03125000000000011,0.019736842105263275,2025H2
603682,2025-07-30,2,bull,ma_bull,pullback_holds,current_week,0.0049423393739704835,0.011532125205930832,0.01812191103789118,-0.029654036243822124,0.028006589785831926,2025H2
603682,2025-08-05,1,bull,ma_bull,pullback_holds,current_week,0.018151815181518094,0.02970297029702973,-0.014851485148514976,-0.01320132013201325,0.037953795379537913,2025H2
603682,2025-08-06,2,bull,ma_bull,pullback_holds,current_week,0.0032679738562091387,0.03758169934640532,-0.04738562091503273,-0.02287581699346397,0.0490196078431373,2025H2
603682,2025-08-07,3,bull,ma_bull,pullback_holds,current_week,-0.011532125205930832,0.054365733113673764,-0.02471169686985175,-0.014827018121911006,0.05766062602965394,2025H2
603682,2025-08-08,4,bull,ma_bull,shrinking_volume_acceleration,current_week,-0.013008130081300862,0.034146341463414664,-0.03577235772357734,-0.027642276422764178,0.047154471544715415,2025H2
603682,2025-08-11,0,bull,ma_bull,two_day_acceleration,current_week,-0.012924071082390909,0.01938610662358653,-0.03392568659127626,-0.03392568659127626,0.04038772213247177,2025H2
603682,2025-08-18,0,bull,ma_bull,pullback_holds,current_week,0.03104575163398704,-0.017973856209150374,0.004901960784313708,-0.04738562091503273,0.05228758169934644,2025H2
603682,2025-08-19,1,bull,ma_bull,two_day_acceleration,current_week,0.022400000000000198,-0.04480000000000006,0.0032000000000000917,-0.06720000000000004,0.030399999999999983,2025H2
603682,2025-08-26,1,bull,ma_bull,shrinking_volume_acceleration,current_week,-0.06718750000000007,-0.0625,-0.11250000000000004,-0.10000000000000009,0.004687499999999956,2025H2
603682,2025-09-08,0,bull,ma_bull,pullback_holds,current_week,0.026711185308848195,-0.02170283806343909,-0.035058430717863076,-0.03338898163606008,0.048414023372287174,2025H2
603682,2025-09-10,2,bull,ma_bull,pullback_holds,current_week,0.023026315789473673,-0.047697368421052655,-0.0625,-0.09868421052631571,0.03289473684210531,2025H2
603682,2025-09-11,3,bull,ma_bull,pullback_holds,current_week,-0.024311183144246296,-0.07455429497568877,-0.08103727714748787,-0.11183144246353316,0.017828200972447306,2025H2
603682,2025-09-12,4,bull,ma_bull,pullback_holds,current_week,-0.0453074433656957,-0.07766990291262132,-0.06310679611650483,-0.11326860841423936,0.016181229773462924,2025H2
603682,2025-09-29,0,bull,none,two_day_acceleration,current_week,0.008726003490401313,0.03490401396160547,0.05061082024432806,-0.03664921465968585,0.03490401396160547,2025H2
603682,2025-10-14,1,bull,none,pullback_holds,current_week,0.025951557093425448,0.03114186851211076,0.0726643598615917,-0.02076124567474047,0.05709342560553643,2025H2
603682,2025-10-21,1,bull,none,two_day_acceleration,current_week,0.005059021922428464,0.01517706576728517,0.06408094435075906,-0.030354131534569895,0.030354131534570117,2025H2
603682,2025-11-03,0,bull,none,pullback_holds,current_week,0.03523489932885915,0.06879194630872476,0.06208053691275173,-0.010067114093959662,0.08053691275167796,2025H2
603682,2025-11-12,2,bull,none,two_day_acceleration,current_week,-0.009584664536741117,-0.04472843450479225,0.0718849840255591,-0.06709265175718848,0.028753993610223683,2025H2
603682,2025-11-14,4,bull,macd_cross,two_day_acceleration,current_week,-0.06973058637083995,-0.020602218700475516,0.007923930269413626,-0.07448494453248822,0.014263074484944571,2025H2
603682,2025-12-01,0,mid,none,two_day_acceleration,current_week,0.033280507131537185,0.020602218700475516,0.047543581616481756,-0.04754358161648187,0.13629160063391432,2025H2
603682,2026-01-05,0,bull,ma_bull,two_day_acceleration,current_week,0.029850746268656803,0.052238805970149294,0.0029850746268655914,-0.04477611940298509,0.17611940298507456,2026H1
603682,2026-04-30,3,bull,macd_cross,shrinking_volume_acceleration,current_week,0.10520231213872844,0.012716763005780285,0.06242774566473974,-0.07630057803468204,0.1248554913294797,2026H1
688275,2026-01-05,0,bull,none,pullback_holds,current_week,-0.037644913377621436,-0.05379705614172192,-0.047805132213103896,-0.07515956753940334,0.055099648300117376,2026H1
688275,2026-01-06,1,bull,none,two_day_acceleration,current_week,-0.055239327296248364,-0.07296248382923676,0.008926261319534223,-0.08150064683053038,0.02199223803363526,2026H1
688275,2026-01-19,0,bull,none,shrinking_volume_acceleration,current_week,-0.010266666666666646,-0.025333333333333208,0.08973333333333344,-0.07333333333333336,0.04239999999999999,2026H1
688275,2026-01-21,2,bull,none,pullback_holds,current_week,0.00993103448275856,0.08413793103448297,0.14482758620689662,-0.04137931034482756,0.08551724137931038,2026H1
688275,2026-01-22,3,bull,none,pullback_holds,current_week,0.030783964974688827,0.07333424545081413,0.21069913804898066,-0.0491175263373923,0.1065809276234777,2026H1
688275,2026-02-26,3,bull,ma_bull,pullback_holds,current_week,0.136789582572715,0.3508579773640015,0.4591700133868808,0.0,0.3630278690519655,2026H1
688275,2026-03-16,0,mid,ma_bull,shrinking_volume_acceleration,current_week,0.01857142857142846,0.010267857142857162,0.17839285714285702,-0.0691964285714286,0.13517857142857137,2026H1
688275,2026-05-06,2,bull,ma_bull,shrinking_volume_acceleration,current_week,-0.017743979721166148,-0.07053231939163496,-0.15443599493029148,-0.11660329531051972,0.04385297845373892,2026H1
688275,2026-05-15,4,bull,ma_bull,shrinking_volume_acceleration,current_week,-0.007179487179487021,-0.08512820512820507,-0.14352136752136746,-0.10598290598290594,0.0364444444444445,2026H1
688275,2026-06-17,2,bull,none,shrinking_volume_acceleration,current_week,-0.004623513870541607,-0.08769998532217815,-0.3876412740349332,-0.12916483193894024,0.08160868927051235,2026H1
688275,2026-08-10,0,mid,none,two_day_acceleration,current_week,0.06541129831516357,0.08089692765113976,-0.11880574826560952,-0.05141228939544096,0.12462834489593666,2026H2
688275,2026-08-17,0,mid,none,shrinking_volume_acceleration,current_week,0.014534883720930258,-0.07999999999999996,-0.19744186046511636,-0.11604651162790702,0.055581395348837326,2026H2
600030,2023-08-03,3,bull,none,two_day_acceleration,current_week,0.008000000000000007,-0.04200000000000004,-0.11199999999999999,-0.0623999999999999,0.04400000000000004,2023H2
600030,2023-09-11,0,mid,ma_bull,pullback_holds,current_week,-0.016437139049311433,-0.027099067081297168,-0.024877832074633566,-0.03731674811195018,0.006219458018658308,2023H2
600030,2023-09-12,1,mid,ma_bull,pullback_holds,current_week,-0.018716577540107027,-0.02049910873440286,-0.025846702317290582,-0.03431372549019607,0.009358288770053624,2023H2
600030,2023-09-18,0,mid,none,pullback_holds,current_week,-0.010840108401083959,-0.03206865401987358,-0.023486901535682003,-0.04742547425474253,0.023035230352303593,2023H2
600030,2023-12-28,3,mid,none,two_day_acceleration,current_week,-0.026561731431382296,-0.03984259714707339,0.024594195769798377,-0.052631578947368474,0.01032956222331527,2023H2
600030,2023-12-29,4,mid,none,pullback_holds,current_week,-0.047105004906771164,-0.04416094210009802,0.00981354268891077,-0.0549558390578998,0.0009813542688912325,2023H2
600030,2024-11-01,4,mid,ma_bull,pullback_holds,current_week,0.24526954659050348,0.11138878971795774,0.09782220635487326,0.0,0.302749018207783,2024H2
600030,2024-12-04,2,bull,ma_bull,pullback_holds,current_week,0.02084690553745938,-0.013355048859934882,-0.10586319218241047,-0.025732899022801292,0.07491856677524433,2024H2
600030,2024-12-06,4,bull,ma_bull,pullback_holds,current_week,-0.023434991974317865,-0.026003210272873223,-0.13130016051364368,-0.040770465489566754,0.05939004815409299,2024H2
600030,2024-12-30,0,bull,none,pullback_holds,current_week,-0.11038322961021951,-0.0926957091385523,-0.1172617097936457,-0.14313789715034397,0.0013101867016049873,2024H2
600030,2025-02-06,3,mid,none,pullback_holds,current_week,0.028153564899451533,0.019744058500914097,0.02376599634369292,-0.004387568555758725,0.04826325411334542,2025H1
600030,2025-02-07,4,mid,none,two_day_acceleration,current_week,0.0028409090909091717,0.010653409090909172,-0.02059659090909083,-0.024857954545454475,0.01669034090909083,2025H1
600030,2025-02-14,4,bull,none,shrinking_volume_acceleration,current_week,-0.00140350877192974,-0.04105263157894734,-0.015087719298245594,-0.04210526315789476,0.006315789473684275,2025H1
600030,2025-03-24,0,mid,none,shrinking_volume_acceleration,current_week,-0.025000000000000022,-0.09926470588235292,-0.07794117647058818,-0.125,0.0007352941176470562,2025H1
600030,2025-04-25,4,mid,none,pullback_holds,current_week,0.018650793650793807,0.07420634920634916,0.008730158730158921,-0.00952380952380949,0.10079365079365088,2025H1
600030,2025-10-23,3,bull,none,pullback_holds,current_week,0.004399323181049075,-0.012182741116751217,-0.04230118443316411,-0.02131979695431474,0.03654822335025365,2025H2
600030,2025-10-24,4,bull,macd_stabilizing,two_day_acceleration,current_week,-0.02876033057851246,-0.04132231404958675,-0.09752066115702474,-0.04396694214876029,0.0125619834710744,2025H2
600030,2025-10-29,2,bull,ma_bull,two_day_acceleration,current_week,-0.037429612454455086,-0.042729380589599186,-0.08578999668764486,-0.04571050016561773,0.0013249420337859696,2025H2
600030,2025-11-10,0,bull,none,pullback_holds,current_week,-0.03578732106339466,-0.06646216768916158,-0.021813224267211995,-0.07089297886843893,0.002044989775051187,2025H2
600030,2025-11-11,1,bull,none,pullback_holds,current_week,-0.0292397660818714,-0.05503955968352259,-0.018575851393188847,-0.06226350189198482,0.0017199862401100496,2025H2
600030,2025-11-13,3,bull,none,pullback_holds,current_week,-0.022452504317789224,-0.04732297063903268,-0.022797927461139955,-0.05837651122625209,0.0003454231433506205,2025H2
600030,2025-12-01,0,mid,none,pullback_holds,current_week,0.037599421547360734,0.03217642805495302,0.0462762111352133,-0.02313810556760665,0.05061460592913969,2025H2
600030,2025-12-08,0,bull,none,two_day_acceleration,current_week,0.0010518934081347187,0.004558204768583485,0.03436185133239844,-0.015427769985974726,0.022089761570827537,2025H2
600030,2025-12-19,4,mid,none,pullback_holds,current_week,0.016771488469601747,0.054856743535988794,-0.01991614255765195,-0.002445842068483639,0.05695317959468893,2025H2
600030,2026-01-06,1,bull,none,two_day_acceleration,current_week,-0.054948692485931816,-0.07149950347567036,-0.07414763323402851,-0.08308507116848729,0.0,2026H1
600030,2026-01-12,0,bull,none,pullback_holds,current_week,-0.03258232235701908,-0.027036395147313708,-0.027383015597920224,-0.03986135181975747,0.010398613518197708,2026H1
600030,2026-01-26,0,bull,macd_stabilizing,pullback_holds,current_week,-0.008187967248130978,-0.0010679957280169683,-0.045923816304734744,-0.013883944464222142,0.01815592737629057,2026H1
600030,2026-01-27,1,bull,none,pullback_holds,current_week,0.0028684116170669682,0.007171029042667643,-0.0627465041233417,-0.006812477590534272,0.02545715310147001,2026H1
600030,2026-01-28,2,bull,macd_stabilizing,pullback_holds,current_week,0.017204301075268713,0.005017921146953208,-0.06057347670250901,-0.007168458781362075,0.02508960573476693,2026H1
600030,2026-01-29,3,bull,macd_stabilizing,two_day_acceleration,current_week,-0.00736842105263158,-0.02210526315789474,-0.07263157894736838,-0.027719298245614032,0.0035087719298245723,2026H1
600030,2026-01-30,4,bull,macd_stabilizing,pullback_holds,current_week,0.0024919900320399258,-0.016731933072267724,-0.07867568529725888,-0.016731933072267724,0.01815592737629057,2026H1
301310,2025-08-01,4,bull,ma_bull,pullback_holds,current_week,0.052263065766441574,0.05676419104776187,-0.015503875968992387,-0.008002000500125006,0.1102775693923479,2025H2
301310,2025-08-04,0,bull,ma_bull,two_day_acceleration,current_week,0.057496360989810924,0.1271227559437167,-0.037603105288694705,-0.005822416302765476,0.15235322658903439,2025H2
301310,2025-08-05,1,bull,ma_bull,shrinking_volume_acceleration,current_week,0.016478342749529196,0.08709981167608283,-0.0402542372881356,-0.030131826741996215,0.11817325800376643,2025H2
301310,2025-08-15,4,bull,ma_bull,pullback_holds,current_week,-0.03469435921642672,-0.07080481472740152,-0.01652112343639356,-0.09841869247108792,0.12107623318385663,2025H2
301310,2025-09-02,1,bull,ma_bull,two_day_acceleration,current_week,-0.014947683109118093,0.04534130543099146,0.08221225710014934,-0.06327852516193322,0.05007473841554555,2025H2
301310,2025-09-05,4,bull,ma_bull,pullback_holds,current_week,0.04698492462311554,0.02060301507537665,0.17211055276381892,-0.014572864321608203,0.061306532663316426,2025H2
301310,2025-09-25,3,bull,macd_stabilizing,two_day_acceleration,current_week,0.10219512195121938,0.10024390243902448,0.056097560975609806,-0.007317073170731603,0.15073170731707308,2025H2
301310,2025-10-13,0,bull,ma_bull,two_day_acceleration,current_week,-0.03608470181503898,-0.061797752808988804,-0.0814606741573034,-0.06849611063094208,0.019446845289541992,2025H2
301310,2025-10-16,3,bull,ma_bull,two_day_acceleration,current_week,-0.04409517572582411,-0.052826893691333754,-0.07378301680855714,-0.08316961362148012,0.0065487884741322056,2025H2
301310,2025-11-18,1,mid,none,pullback_holds,current_week,-0.034546719220959976,-0.03663343380477624,0.031300718757245605,-0.06097843728263397,0.014375144910734994,2025H2
301310,2025-11-19,2,mid,none,pullback_holds,current_week,-0.021507917749940986,-0.017253604348853813,0.052942566769085264,-0.04277948475537707,0.009926731269203515,2025H2
301310,2025-12-01,0,mid,none,pullback_holds,current_week,0.035697057404727284,0.09479015918958034,0.03810902074288469,-0.011095031355523366,0.10467920887602511,2025H2
301310,2025-12-08,0,bull,none,two_day_acceleration,current_week,0.05902939804013063,0.045730284647690134,-0.009566028931404458,-0.001633224451703219,0.06882874475034995,2025H2
301310,2025-12-09,1,mid,none,two_day_acceleration,current_week,0.004970628106642616,0.007681879801174851,-0.035246272028919945,-0.021012200632625433,0.03502033438770913,2025H2
301310,2026-01-12,0,bull,none,pullback_holds,current_week,-0.010042036431573975,-0.05254553946753848,-0.08173750583839323,-0.06982718355908457,0.012143858010275732,2026H1
301310,2026-01-22,3,bull,none,pullback_holds,current_week,-0.06710931942138953,-0.05952098648328186,-0.06426369456959924,-0.08845150580981753,0.02323926962295464,2026H1
301310,2026-01-23,4,bull,none,pullback_holds,current_week,-0.05659483779303809,-0.0762491120056833,-0.08051148472649783,-0.08974662562159619,0.0014207909069381408,2026H1
301310,2026-02-09,0,bull,none,pullback_holds,current_week,0.01044053985230442,-0.05118411000763956,-0.04125286478227663,-0.053221288515406195,0.018334606569900602,2026H1
301310,2026-02-25,2,bull,none,pullback_holds,current_week,-0.05445292620865139,0.009923664122137188,-0.07913486005089077,-0.06157760814249369,0.02188295165394405,2026H1
301310,2026-02-26,3,bull,none,pullback_holds,current_week,-0.036132315521628544,-0.011704834605598013,-0.07302798982188308,-0.06157760814249369,0.02188295165394405,2026H1
301310,2026-02-27,4,bull,none,pullback_holds,current_week,-0.014570552147239124,-0.009202453987730008,-0.07183026584867058,-0.05725971370143135,0.026584867075664764,2026H1
301310,2026-06-02,1,mid,none,shrinking_volume_acceleration,current_week,-0.051029543419874535,0.10474485228290087,0.5819158460161147,-0.10564010743061769,0.11339898537749948,2026H1
301310,2026-08-21,4,mid,none,shrinking_volume_acceleration,current_week,-0.019009216589861655,0.057987711213517645,,-0.09773425499231947,0.16167434715821827,2026H2
301310,2026-09-01,1,bull,none,pullback_holds,current_week,0.07520677053279479,-0.035391421427197645,,-0.04020003846893638,0.1636853241007885,2026H2
301310,2026-09-02,2,mid,none,shrinking_volume_acceleration,current_week,0.04223004260048158,,,-0.07575476940174108,0.1205778847934802,2026H2
301310,2026-09-03,3,mid,none,two_day_acceleration,current_week,-0.000535714285714306,,,-0.10892857142857149,0.0803571428571428,2026H2
301310,2026-09-09,2,bull,none,shrinking_volume_acceleration,current_week,,,,-0.11915269196822598,0.018534863195057483,2026H2
002030,2025-11-05,2,bull,none,two_day_acceleration,current_week,0.02739726027397249,0.02130898021308969,-0.0182648401826484,-0.009132420091324311,0.091324200913242,2025H2
002030,2025-11-06,3,bull,none,pullback_holds,current_week,0.04441041347626351,0.02297090352220521,-0.019908116385911168,-0.003062787136294043,0.09800918836140893,2025H2
002030,2025-11-10,0,bull,none,two_day_acceleration,current_week,0.026785714285714413,-0.029761904761904656,-0.044642857142857095,-0.05208333333333326,0.06696428571428581,2025H2
002030,2025-11-13,3,bull,none,two_day_acceleration,current_week,-0.01764705882352946,-0.02941176470588225,-0.09999999999999998,-0.06323529411764706,0.05441176470588238,2025H2
002030,2025-12-01,0,mid,none,pullback_holds,current_week,-0.025796661608497695,-0.07132018209408186,-0.08649468892260992,-0.08649468892260992,0.003034901365705611,2025H2
002030,2026-01-07,2,bull,none,pullback_holds,current_week,0.06168831168831157,0.012987012987013102,0.05032467532467533,-0.0032467532467531646,0.09902597402597402,2026H1
002030,2026-01-09,4,bull,none,two_day_acceleration,current_week,-0.035493827160493874,-0.016975308641975384,-0.00462962962962965,-0.04475308641975306,0.044753086419753174,2026H1
300740,2023-09-04,0,mid,ma_bull,pullback_holds,current_week,-0.02999491611591254,-0.04321301474326389,-0.12709710218607018,-0.07473309608540935,0.002541942043721157,2023H2
300740,2023-09-18,0,mid,none,pullback_holds,current_week,0.0,-0.08767268862911792,-0.10095642933049942,-0.12114771519659939,0.05313496280552599,2023H2
300740,2023-09-19,1,mid,none,pullback_holds,current_week,-0.00533333333333319,-0.07093333333333329,-0.10239999999999994,-0.11786666666666668,0.0570666666666666,2023H2
300740,2023-11-06,0,mid,none,two_day_acceleration,current_week,-0.011288180610889764,0.08233731739707828,0.07304116865869847,-0.019920318725099695,0.08565737051792843,2023H2
300740,2023-11-08,2,mid,none,pullback_holds,current_week,0.007838014369693003,0.06270411495754402,0.045068582625734877,-0.03592423252775967,0.12671456564337036,2023H2
300740,2023-11-15,2,mid,none,pullback_holds,current_week,0.05993485342019533,0.08990228013029311,0.07426710097719891,-0.004560260586319087,0.12377850162866455,2023H2
300740,2023-11-16,3,mid,none,two_day_acceleration,current_week,0.0673940949935814,0.051989730423620095,0.0706033376123234,-0.01412066752246477,0.10718870346598197,2023H2
300740,2023-11-20,0,mid,none,two_day_acceleration,current_week,0.006119951040391758,-0.011015911872705009,-0.005507955936352449,-0.020807833537331732,0.05569155446756424,2023H2
300740,2023-11-23,3,mid,none,shrinking_volume_acceleration,current_week,-0.015024038461538436,-0.024038461538461453,0.005408653846153744,-0.052283653846153855,0.015624999999999778,2023H2
300740,2023-12-28,3,mid,none,pullback_holds,current_week,-0.018181818181818188,0.053939393939393954,-0.041818181818181754,-0.033939393939393936,0.056363636363636394,2023H2
300740,2023-12-29,4,mid,none,two_day_acceleration,current_week,-0.031325301204819245,0.07469879518072275,-0.10481927710843386,-0.03975903614457843,0.0843373493975903,2023H2
300740,2024-05-09,3,bull,ma_bull,two_day_acceleration,current_week,-0.0723192019950124,-0.12369077306733167,-0.16957605985037416,-0.1296758104738155,0.02493765586034913,2024H1
300740,2024-06-04,1,mid,none,pullback_holds,current_week,-0.03259604190919663,-0.0867287543655414,-0.17345750873108257,-0.08905704307334106,0.016880093131548257,2024H1
300740,2025-09-17,2,bull,ma_bull,pullback_holds,current_week,-0.021798365122615793,-0.0004541326067211138,0.015440508628519423,-0.0563124432334241,0.04813805631244339,2025H2
300740,2025-11-10,0,bull,none,two_day_acceleration,current_week,0.006603773584905603,-0.09905660377358483,-0.031132075471698162,-0.10566037735849054,0.0778301886792454,2025H2
300740,2025-11-14,4,bull,none,pullback_holds,current_week,-0.10320781032078119,-0.04649000464900044,-0.018131101813110173,-0.11854951185495122,0.0622966062296606,2025H2
300740,2025-12-09,1,mid,none,pullback_holds,current_week,0.07885657959586001,0.05273533760473148,0.1936914736323312,-0.00936421882700822,0.13799901429275518,2025H2
300740,2025-12-19,4,mid,none,shrinking_volume_acceleration,current_week,-0.005481955230698943,0.08725445408862487,0.11603471904979434,-0.031064412973960676,0.11740520785746922,2025H2
300740,2026-01-08,3,bull,macd_cross,two_day_acceleration,current_week,0.043783560512185016,0.0020652622883106098,-0.027261462205700138,-0.008261049153242439,0.1420900454357703,2026H1
300740,2026-02-03,1,mid,ma_bull,shrinking_volume_acceleration,current_week,0.03869565217391302,0.027391304347825995,-0.060434782608695725,-0.006086956521739184,0.08652173913043493,2026H1
300740,2026-02-05,3,mid,ma_bull,pullback_holds,current_week,0.02868150684931514,0.04323630136986312,-0.10616438356164382,-0.011986301369862895,0.06977739726027399,2026H1
300740,2026-02-11,2,bull,ma_bull,two_day_acceleration,current_week,-0.02079002079002079,-0.04116424116424122,-0.1401247401247402,-0.057796257796257855,0.02494802494802495,2026H1
300740,2026-04-22,2,bull,none,shrinking_volume_acceleration,current_week,0.09324208725406335,0.14670658682634752,0.10436270316509844,-0.015397775876817787,0.21171941830624474,2026H1
300740,2026-04-29,2,bull,macd_cross,shrinking_volume_acceleration,current_week,0.05137254901960797,-0.0011764705882353343,-0.02274509803921565,-0.012156862745097974,0.11098039215686284,2026H1
300740,2026-05-06,2,bull,none,shrinking_volume_acceleration,current_week,0.04633204633204624,0.032046332046332004,-0.055984555984556095,-0.027413127413127403,0.09382239382239388,2026H1
300740,2026-05-07,3,bull,none,two_day_acceleration,current_week,-0.0026676829268292845,-0.028963414634146423,-0.10518292682926833,-0.040015243902439046,0.07964939024390238,2026H1
300740,2026-05-12,1,bull,none,shrinking_volume_acceleration,current_week,-0.027624309392265234,-0.051197053406998205,-0.13664825046040519,-0.0865561694290976,0.028360957642725504,2026H1
300740,2026-05-25,0,bull,ma_bull,pullback_holds,current_week,-0.02883865939204977,-0.10210444271239283,-0.1453624318004677,-0.11925175370226027,0.014419329696024885,2026H1
300740,2026-05-26,1,mid,ma_bull,pullback_holds,current_week,-0.04418604651162794,-0.09147286821705425,-0.19496124031007755,-0.12403100775193798,0.0019379844961240345,2026H1
600556,2025-09-08,0,bull,ma_bull,pullback_holds,current_week,0.04615384615384621,-0.00576923076923086,0.07884615384615379,-0.011538461538461608,0.06730769230769229,2025H2
600556,2025-09-12,4,bull,ma_bull,shrinking_volume_acceleration,current_week,-0.020484171322160183,0.05400372439478596,0.08938547486033532,-0.08938547486033532,0.14711359404096824,2025H2
600556,2025-09-15,0,bull,ma_bull,two_day_acceleration,current_week,-0.05828779599271405,0.04371584699453557,0.06375227686703089,-0.10928961748633892,0.12204007285974505,2025H2
600556,2025-09-29,0,bull,ma_bull,shrinking_volume_acceleration,current_week,-0.015789473684210464,0.024561403508771784,0.16666666666666674,-0.05789473684210522,0.05964912280701751,2025H2
600556,2025-10-17,4,mid,ma_bull,two_day_acceleration,current_week,-0.04753820033955847,0.05432937181663844,0.2003395585738541,-0.06960950764006779,0.09168081494057723,2025H2
600556,2025-11-17,0,mid,ma_bull,two_day_acceleration,current_week,-0.11310344827586216,-0.0772413793103448,-0.20827586206896553,-0.17103448275862076,0.10206896551724132,2025H2
600556,2026-01-08,3,bull,macd_cross,two_day_acceleration,current_week,0.18309859154929575,0.05492957746478866,0.10281690140845057,-0.005633802816901401,0.33098591549295775,2026H1
600556,2026-02-02,0,mid,ma_bull,shrinking_volume_acceleration,current_week,0.01645569620253151,-0.055696202531645644,-0.1594936708860759,-0.0810126582278482,0.06455696202531636,2026H1
600556,2026-02-03,1,mid,ma_bull,shrinking_volume_acceleration,current_week,0.04683544303797449,-0.05443037974683551,-0.17721518987341778,-0.0810126582278482,0.06455696202531636,2026H1
600556,2026-02-12,3,bull,ma_bull,shrinking_volume_acceleration,current_week,-0.07653061224489788,-0.15688775510204078,-0.23341836734693877,-0.20408163265306123,0.01658163265306123,2026H1
600556,2026-04-14,1,mid,none,two_day_acceleration,current_week,0.0,-0.054313099041533475,-0.05271565495207664,-0.060702875399361034,0.02076677316293951,2026H1
600556,2026-04-21,1,bull,none,pullback_holds,current_week,-0.048231511254019255,0.0112540192926045,-0.12540192926045002,-0.06270096463022501,0.032154340836012985,2026H1
600556,2026-04-22,2,bull,none,pullback_holds,current_week,-0.03703703703703698,0.004830917874396157,-0.140096618357488,-0.06119162640901765,0.033816425120772875,2026H1
600556,2026-05-19,1,bull,none,two_day_acceleration,current_week,-0.12353923205342243,-0.12854757929883143,-0.1669449081803005,-0.1585976627712855,0.0033388981636059967,2026H1
300674,2025-02-12,2,bull,none,shrinking_volume_acceleration,current_week,0.2576561861984483,0.14863209473254368,0.10943242139648834,-0.016741527153940394,0.3879134340547161,2025H1
300674,2025-02-21,4,bull,none,shrinking_volume_acceleration,current_week,-0.1342123056119,-0.0250169033130494,-0.15077755240027046,-0.1480730223123733,0.029073698444895157,2025H1
300674,2025-03-05,2,bull,ma_bull,pullback_holds,current_week,-0.015579710144927539,-0.04275362318840581,-0.12644927536231887,-0.061956521739130466,0.09347826086956523,2025H1
300674,2025-04-25,4,mid,none,pullback_holds,current_week,0.06089604175728569,0.03479773814702036,-0.06916050456720313,-0.022618529795563447,0.12179208351457138,2025H1
300674,2025-05-06,1,mid,none,two_day_acceleration,current_week,-0.07051792828685255,-0.11075697211155378,-0.07211155378486067,-0.1262948207171315,0.027490039840637248,2025H1
300674,2025-06-18,2,bull,none,shrinking_volume_acceleration,current_week,-0.005667729365922747,-0.02727594757350338,0.037548707049238406,-0.1363797378675169,0.12646121147715195,2025H1
300674,2025-07-10,3,bull,ma_bull,pullback_holds,current_week,0.02786485545106232,-0.03901079763148729,-0.10449320794148376,-0.06304423545802851,0.09717868338557989,2025H2
300674,2025-07-29,1,bull,ma_bull,pullback_holds,current_week,-0.05842048323115767,-0.05481428056256765,0.02344031734583485,-0.0847457627118644,0.007212405337179817,2025H2
300674,2025-08-12,1,bull,none,pullback_holds,current_week,0.06854531607006864,0.08073115003808073,-0.03960396039603975,-0.013328255902513408,0.11424219345011433,2025H2
300674,2025-08-13,2,bull,none,pullback_holds,current_week,0.0658198614318708,0.045804464973056236,-0.028098537336412654,-0.0019245573518090753,0.12625096227867605,2025H2
300674,2025-08-19,1,bull,macd_stabilizing,two_day_acceleration,current_week,0.027516292541636345,-0.05213613323678501,-0.061911658218682164,-0.05467052860246202,0.05937726285300515,2025H2
300674,2025-08-21,3,bull,macd_stabilizing,two_day_acceleration,current_week,0.0010928961748635224,-0.08925318761384338,-0.06921675774134783,-0.10273224043715845,0.06593806921675793,2025H2
300674,2025-08-25,0,bull,none,two_day_acceleration,current_week,-0.01964912280701747,-0.09438596491228057,-0.11649122807017542,-0.13578947368421057,0.026666666666666616,2025H2
300674,2025-09-17,2,bull,none,pullback_holds,current_week,-0.04736440030557676,-0.03055767761650119,-0.09014514896867831,-0.08670741023682194,0.006493506493506551,2025H2
300674,2025-09-25,3,bull,none,pullback_holds,current_week,-0.025137470542026752,-0.06362922230950518,-0.058915946582875134,-0.07501963864886096,0.00471327572662994,2025H2
300674,2025-09-29,0,bull,none,pullback_holds,current_week,-0.03843106180665623,-0.05309033280507136,-0.07923930269413626,-0.06695721077654526,0.010301109350237647,2025H2
300674,2025-09-30,1,bull,none,pullback_holds,current_week,-0.019475357710651786,-0.07193958664546896,-0.08982511923688385,-0.07273449920508734,0.013513513513513598,2025H2
300674,2025-10-09,3,bull,none,pullback_holds,current_week,-0.03681710213776723,-0.05700712589073642,-0.09105304829770389,-0.08986539984164688,0.0,2025H2
300674,2025-10-27,0,bull,none,pullback_holds,current_week,-0.011189390799834165,-0.04019892250310808,-0.06589307915457931,-0.0621632822213013,0.022793203481143776,2025H2
300674,2025-10-28,1,bull,none,pullback_holds,current_week,-0.040066088393225896,-0.06319702602230493,-0.06815365551425034,-0.06526228831061553,0.019413465510119687,2025H2
300674,2025-10-29,2,bull,none,pullback_holds,current_week,-0.05954825462012314,-0.061601642710472304,-0.07679671457905546,-0.07802874743326493,0.001232032854209253,2025H2
002862,2023-03-01,2,bull,ma_bull,two_day_acceleration,current_week,-0.052019583843329276,-0.0611995104039168,-0.036107711138310905,-0.09547123623011011,0.014687882496940086,2023H1
002862,2023-03-02,3,bull,ma_bull,pullback_holds,current_week,-0.04428044280442811,-0.0811808118081182,-0.0362853628536286,-0.09102091020910208,0.007380073800737907,2023H1
002862,2023-03-23,3,bull,none,pullback_holds,current_week,0.004487179487179471,0.06217948717948718,0.13846153846153864,-0.03012820512820502,0.08653846153846145,2023H1
002862,2023-03-27,0,mid,none,pullback_holds,current_week,0.10026212319790306,0.0937090432503278,0.13826998689384018,-0.005897771952817821,0.12254259501965925,2023H1
002862,2023-03-28,1,mid,none,pullback_holds,current_week,0.04807692307692313,0.08846153846153859,0.09294871794871806,-0.027564102564102577,0.09807692307692295,2023H1
002862,2023-03-30,3,mid,none,pullback_holds,current_week,0.052063492063492145,0.07301587301587298,0.10412698412698407,-0.007619047619047525,0.09650793650793643,2023H1
002862,2023-04-07,4,bull,none,shrinking_volume_acceleration,current_week,0.019915509957754818,0.07181653590826809,0.14544357272178643,-0.01870850935425461,0.10561255280627635,2023H1
002862,2023-04-11,1,bull,ma_bull,shrinking_volume_acceleration,current_week,0.043738765727980855,0.040742959856201244,0.12462552426602747,-0.008388256440982622,0.09766327142001185,2023H1
002862,2023-04-12,2,bull,ma_bull,two_day_acceleration,current_week,0.0690672963400234,0.006493506493506551,0.12337662337662336,-0.023022432113341207,0.0814639905548995,2023H1
002862,2023-04-18,1,bull,ma_bull,shrinking_volume_acceleration,current_week,-0.0034423407917383297,0.04704532415375784,0.09466437177280573,-0.059093516924842326,0.051061388410786,2023H1
002862,2023-07-11,1,mid,none,pullback_holds,current_week,-0.008130081300812941,0.028184281842818404,-0.009756097560975618,-0.05257452574525734,0.05962059620596216,2023H2
002862,2023-07-14,4,mid,none,two_day_acceleration,current_week,-0.0010934937124110755,0.020229633679606396,-0.03499179879715675,-0.01968288682340069,0.06889010388190275,2023H2
002862,2023-07-27,3,mid,ma_bull,pullback_holds,current_week,-0.00910551687198724,-0.041242635243706416,-0.07070166041778259,-0.05838243170862345,0.011247991430101578,2023H2
002862,2023-07-28,4,bull,ma_bull,pullback_holds,current_week,-0.011260053619303045,-0.0536193029490617,-0.09544235924932976,-0.05737265415549597,0.012332439678284013,2023H2
002862,2023-09-11,0,mid,none,pullback_holds,current_week,-0.006976744186046324,-0.04534883720930216,-0.04709302325581388,-0.06395348837209291,0.005813953488372103,2023H2
002862,2024-12-13,4,bull,ma_bull,shrinking_volume_acceleration,current_week,-0.19124999999999992,-0.21250000000000002,-0.25750000000000006,-0.32000000000000006,0.02124999999999999,2024H2
002862,2025-01-24,4,mid,none,shrinking_volume_acceleration,current_week,-0.08737373737373744,-0.18686868686868685,-0.29393939393939394,-0.22449494949494953,0.04999999999999982,2025H1
002862,2025-02-11,1,mid,ma_bull,two_day_acceleration,current_week,-0.1663013698630137,-0.14164383561643834,-0.22219178082191782,-0.1717808219178082,0.029589041095890334,2025H1
002862,2025-03-10,0,bull,none,shrinking_volume_acceleration,current_week,0.08543069833392414,-0.03509393831974483,-0.239276852180078,-0.0680609712867778,0.11662531017369715,2025H1
002862,2025-03-19,2,bull,none,shrinking_volume_acceleration,current_week,-0.12935483870967734,-0.09096774193548385,-0.2548387096774193,-0.15645161290322573,0.0,2025H1
002862,2025-03-20,3,bull,none,pullback_holds,current_week,-0.0532203389830509,-0.10203389830508469,-0.22610169491525423,-0.11355932203389818,0.015593220338983027,2025H1
002862,2025-04-02,2,mid,none,pullback_holds,current_week,-0.17567070929805217,-0.15104740904079383,-0.0775450202131569,-0.29033443586916585,0.01764057331863289,2025H1
600838,2023-03-01,2,bull,none,pullback_holds,current_week,0.01615271659324513,-0.038179148311306976,-0.04111600587371511,-0.052863436123348095,0.03377386196769461,2023H1
600838,2023-03-02,3,bull,none,pullback_holds,current_week,0.01179941002949847,-0.04424778761061943,0.001474926253687281,-0.04867256637168138,0.03834808259587019,2023H1
600838,2023-03-06,0,bull,none,two_day_acceleration,current_week,-0.035816618911174825,-0.07306590257879664,-0.03008595988538676,-0.07593123209169061,0.007163323782234832,2023H1
600838,2023-03-08,2,mid,none,shrinking_volume_acceleration,current_week,-0.05890804597701149,-0.04454022988505746,-0.04454022988505746,-0.07327586206896552,0.0,2023H1
600838,2023-03-22,2,mid,none,pullback_holds,current_week,-0.012102874432677768,0.00605143721633894,-0.030257186081694476,-0.016641452344931973,0.03933434190620266,2023H1
600838,2024-01-04,3,mid,ma_bull,pullback_holds,current_week,0.02149178255372952,-0.07585335018963335,-0.17446270543615672,-0.10872313527180788,0.06194690265486735,2024H1
600838,2024-02-21,2,bull,none,two_day_acceleration,current_week,-0.016417910447761197,-0.04477611940298509,-0.005970149253731294,-0.05820895522388059,0.04626865671641789,2024H1
600838,2024-03-12,1,bull,none,two_day_acceleration,current_week,-0.004518072289156683,-0.03313253012048201,0.09337349397590344,-0.04969879518072284,0.013554216867469826,2024H1
600838,2024-03-18,0,bull,none,pullback_holds,current_week,-0.03308270676691738,-0.009022556390977488,-0.03157894736842104,-0.05563909774436093,0.012030075187969835,2024H1
600838,2024-03-20,2,bull,none,pullback_holds,current_week,-0.05555555555555558,0.0030030030030030463,-0.07357357357357364,-0.05705705705705699,0.010510510510510551,2024H1
600838,2024-12-16,0,bull,ma_bull,shrinking_volume_acceleration,current_week,-0.18181818181818177,-0.11818181818181805,-0.24181818181818182,-0.21818181818181825,0.0,2024H2
600838,2024-12-30,0,bull,ma_bull,pullback_holds,current_week,-0.1203319502074689,-0.13485477178423244,-0.1680497925311204,-0.20954356846473032,0.10995850622406644,2024H2
600838,2024-12-31,1,mid,ma_bull,pullback_holds,current_week,-0.11017838405036717,-0.11122770199370402,-0.14480587618048257,-0.2004197271773347,0.12277019937040934,2024H2
600838,2025-02-07,4,mid,none,pullback_holds,current_week,0.030156815440289586,0.016887816646562026,-0.008443908323281124,-0.010856453558504398,0.0820265379975873,2025H1
600838,2025-02-12,2,bull,none,shrinking_volume_acceleration,current_week,-0.04252873563218407,-0.016091954022988575,-0.02873563218390829,-0.057471264367816244,0.02183908045977012,2025H1
600838,2025-02-24,0,bull,none,pullback_holds,current_week,-0.01773049645390079,-0.02009456264775411,-0.015366430260047359,-0.03427895981087481,0.05910165484633567,2025H1
600838,2025-02-25,1,bull,none,pullback_holds,current_week,-0.014201183431952535,-0.007100591715976212,-0.02130177514792897,-0.03313609467455614,0.06035502958579908,2025H1
600838,2025-02-26,2,bull,none,pullback_holds,current_week,-0.029205607476635476,-0.012850467289719725,-0.02336448598130858,-0.04556074766355145,0.04672897196261694,2025H1
600838,2025-02-27,3,bull,none,two_day_acceleration,current_week,-0.044520547945205324,-0.03995433789954339,-0.0513698630136985,-0.06735159817351599,0.006849315068493178,2025H1
600838,2025-03-12,2,bull,none,pullback_holds,current_week,0.015366430260047137,-0.011820330969267268,-0.021276595744680993,-0.029550827423167836,0.0791962174940899,2025H1
600838,2025-03-13,3,bull,none,pullback_holds,current_week,0.013048635824436605,-0.014234875444839812,0.0011862396204032066,-0.02609727164887299,0.08303677342823268,2025H1
600838,2025-03-17,0,bull,none,two_day_acceleration,current_week,-0.06404494382022474,-0.09887640449438206,-0.04269662921348327,-0.10224719101123592,0.003370786516853963,2025H1
600838,2025-10-15,2,bull,none,pullback_holds,current_week,0.040380047505938155,0.051068883610451365,0.07719714964370561,-0.02494061757719701,0.08669833729216148,2025H2
600838,2025-10-21,1,bull,macd_stabilizing,two_day_acceleration,current_week,0.04789719626168232,0.028037383177570208,0.07009345794392519,-0.002336448598130758,0.0689252336448598,2025H2
600838,2025-10-31,4,bull,none,shrinking_volume_acceleration,current_week,0.0,0.029445073612684114,0.027180067950169917,-0.01245753114382775,0.04869762174405423,2025H2
600838,2025-11-10,0,bull,ma_bull,two_day_acceleration,current_week,0.007717750826901959,-0.018743109151047377,-0.011025358324145529,-0.061742006615215006,0.02094818081587646,2025H2
600838,2025-11-13,3,bull,ma_bull,shrinking_volume_acceleration,current_week,-0.018681318681318726,-0.014285714285714124,-0.03956043956043953,-0.06483516483516483,0.01758241758241752,2025H2
600838,2025-11-19,2,mid,none,pullback_holds,current_week,-0.02076502732240426,0.006557377049180468,0.0010928961748633004,-0.06994535519125689,0.02732240437158473,2025H2
600838,2025-12-01,0,mid,none,two_day_acceleration,current_week,-0.03131749460043187,-0.07127429805615548,0.2278617710583155,-0.08747300215982723,0.010799136069114423,2025H2
600838,2025-12-08,0,bull,none,pullback_holds,current_week,-0.04017857142857151,0.2834821428571428,0.4062499999999998,-0.056919642857143016,0.3616071428571428,2025H2
600838,2025-12-09,1,mid,ma_bull,two_day_acceleration,current_week,-0.03816793893129766,0.3107960741548528,0.5114503816793892,-0.07851690294438396,0.37949836423118866,2025H2
600838,2025-12-29,0,bull,ma_bull,two_day_acceleration,current_week,0.1454545454545455,0.20454545454545459,0.1527272727272726,-0.07545454545454544,0.4054545454545455,2025H2
600838,2026-04-21,1,bull,none,pullback_holds,current_week,-0.041041041041041004,-0.03803803803803807,-0.14614614614614618,-0.06006006006006004,0.002002002002001957,2026H1
600838,2026-04-27,0,bull,none,two_day_acceleration,current_week,-0.028717948717948638,-0.0707692307692307,-0.14358974358974363,-0.0789743589743589,0.009230769230769154,2026H1
600838,2026-05-08,4,bull,none,pullback_holds,current_week,-0.07772020725388595,-0.11606217616580317,-0.17098445595854928,-0.13056994818652845,0.002072538860103501,2026H1
002208,2025-02-07,4,mid,none,two_day_acceleration,current_week,0.17533432392273407,0.1679049034175335,0.10846953937592851,-0.0014858841010402246,0.276374442793462,2025H1
002208,2025-02-10,0,mid,none,shrinking_volume_acceleration,current_week,0.12949640287769792,0.1079136690647482,0.031654676258992875,-0.0330935251798562,0.2359712230215827,2025H1
002208,2025-02-11,1,mid,none,pullback_holds,current_week,0.18463810930576052,0.10782865583456425,0.041358936484490405,-0.005908419497784312,0.2688330871491875,2025H1
002208,2025-02-13,3,bull,none,two_day_acceleration,current_week,0.09116022099447507,0.03867403314917128,-0.058011049723756924,-0.024861878453038666,0.18646408839778994,2025H1
002208,2025-02-18,1,bull,none,two_day_acceleration,current_week,-0.03969270166453276,0.006402048655569814,-0.1011523687580026,-0.05377720870678615,0.08834827144686286,2025H1
002208,2025-03-05,2,bull,none,pullback_holds,current_week,-0.10362694300518138,-0.10103626943005173,-0.1567357512953368,-0.14119170984455953,0.01683937823834203,2025H1
002208,2025-03-06,3,bull,none,pullback_holds,current_week,-0.11543450064850835,-0.11024643320363159,-0.15045395590142674,-0.1400778210116732,0.0,2025H1
002208,2025-09-30,1,bull,ma_bull,shrinking_volume_acceleration,current_week,0.295536791314837,0.8564535585042219,0.4234016887816645,-0.043425814234016924,0.8624849215922796,2025H2
002208,2025-11-12,2,bull,ma_bull,shrinking_volume_acceleration,current_week,0.27543859649122804,-0.06403508771929833,0.04210526315789487,-0.07894736842105265,0.27543859649122804,2025H2
002208,2025-12-09,1,mid,none,pullback_holds,current_week,-0.14067796610169492,-0.06864406779661025,0.12627118644067803,-0.15762711864406787,0.03474576271186436,2025H2
002208,2025-12-23,1,bull,none,pullback_holds,current_week,0.030219780219780334,0.21703296703296715,0.41666666666666674,-0.01098901098901095,0.2664835164835164,2025H2
002208,2025-12-26,4,bull,none,pullback_holds,current_week,0.15254237288135575,0.15075825156110612,0.29170383586083837,-0.03657448706512045,0.278322925958965,2025H2
002208,2026-01-07,2,bull,ma_bull,shrinking_volume_acceleration,current_week,-0.018677042801556465,0.2334630350194553,0.067704280155642,-0.03735408560311271,0.3011673151750973,2026H1
002208,2026-03-10,1,bull,ma_bull,shrinking_volume_acceleration,current_week,-0.025608994378513494,-0.1942535915053092,-0.2560899437851344,-0.23485321673953785,0.03560274828232357,2026H1
002208,2026-03-11,2,bull,ma_bull,shrinking_volume_acceleration,current_week,-0.019512195121951015,-0.20609756097560972,-0.27439024390243894,-0.25304878048780477,0.010975609756097793,2026H1
002208,2026-04-13,0,mid,none,shrinking_volume_acceleration,current_week,0.006504065040650486,0.025203252032520274,0.6097560975609755,-0.016260162601626105,0.06260162601626007,2026H1
002208,2026-04-16,3,mid,none,pullback_holds,current_week,0.0024038461538460343,0.10096153846153855,1.0128205128205128,-0.022435897435897356,0.14262820512820507,2026H1
002208,2026-04-17,4,mid,none,two_day_acceleration,current_week,0.005600000000000049,0.11359999999999992,1.0703999999999998,-0.02399999999999991,0.14080000000000004,2026H1
002208,2026-04-28,1,bull,none,two_day_acceleration,current_week,0.11611374407582953,0.6398104265402844,0.3475513428120063,-0.004739336492891044,0.7180094786729858,2026H1
002208,2026-04-29,2,bull,none,shrinking_volume_acceleration,current_week,0.14121258633921707,0.7528779739063698,0.323867996930161,-0.013814274750575728,0.7528779739063698,2026H1
002208,2026-08-18,1,bull,none,pullback_holds,current_week,-0.08695652173913049,-0.08347826086956511,-0.16782608695652168,-0.1269565217391303,0.012173913043478368,2026H2
002278,2023-09-11,0,mid,ma_bull,pullback_holds,current_week,0.0034423407917383297,-0.005163511187607606,0.032702237521514466,-0.024096385542168752,0.008605851979345935,2023H2
002278,2023-09-12,1,mid,ma_bull,pullback_holds,current_week,-0.008605851979346046,-0.001721170395869276,0.013769363166953319,-0.024096385542168752,0.008605851979345935,2023H2
002278,2023-09-18,0,mid,ma_bull,pullback_holds,current_week,-0.013651877133105783,0.030716723549488067,-0.03071672354948818,-0.027303754266211677,0.06143344709897591,2023H2
002278,2023-09-22,4,mid,ma_bull,pullback_holds,current_week,0.02051282051282044,0.022222222222222143,0.008547008547008517,-0.02051282051282055,0.06324786324786302,2023H2
002278,2023-11-13,0,mid,ma_bull,two_day_acceleration,current_week,0.0016501650165017256,-0.021452145214521545,-0.041254125412541254,-0.031353135313531455,0.004950495049504955,2023H2
002278,2023-11-15,2,mid,ma_bull,pullback_holds,current_week,-0.008305647840531671,0.0033222591362125353,-0.01661129568106323,-0.024916943521594792,0.01661129568106312,2023H2
002278,2023-11-16,3,mid,ma_bull,pullback_holds,current_week,0.005008347245408995,0.0016694490818029983,-0.006677796327211993,-0.02003338898163609,0.02170283806343898,2023H2
002278,2023-11-17,4,mid,ma_bull,pullback_holds,current_week,-0.01331114808652245,-0.004991680532445808,-0.004991680532445808,-0.02329450915141429,0.01830282861896837,2023H2
002278,2023-11-23,3,mid,ma_bull,pullback_holds,current_week,-0.0016638935108153063,-0.014975041597337757,-0.01830282861896826,-0.02329450915141429,0.01830282861896837,2023H2
002278,2023-12-29,4,mid,none,pullback_holds,current_week,-0.006779661016949157,0.0016949152542371504,-0.11016949152542377,-0.008474576271186418,0.033898305084745894,2023H2
002278,2024-01-02,1,mid,macd_stabilizing,two_day_acceleration,current_week,-0.008291873963515717,-0.018242122719734688,-0.15920398009950243,-0.03316749585406309,0.011608623548922115,2024H1
002278,2024-01-04,3,mid,macd_stabilizing,shrinking_volume_acceleration,current_week,-0.016474464579901205,-0.06425041186161462,-0.23887973640856675,-0.08896210873146626,0.0049423393739704835,2024H1
002278,2025-04-25,4,mid,ma_bull,shrinking_volume_acceleration,current_week,0.06479217603911991,0.05012224938875298,0.08924205378973116,-0.06968215158924196,0.11980440097799527,2025H1
002278,2025-05-15,3,bull,none,two_day_acceleration,current_week,-0.08160919540229894,0.05057471264367819,0.06896551724137923,-0.09540229885057483,0.0954022988505745,2025H1
002278,2025-05-30,4,mid,ma_bull,shrinking_volume_acceleration,current_week,0.0,0.0043715846994534235,-0.024043715846994607,-0.0491803278688524,0.12021857923497259,2025H1
002278,2025-06-17,1,bull,ma_bull,shrinking_volume_acceleration,current_week,-0.07526881720430123,-0.011827956989247435,-0.003225806451613078,-0.14193548387096777,0.013978494623655857,2025H1
002278,2025-07-01,1,bull,ma_bull,two_day_acceleration,current_week,-0.042532146389713144,-0.08308605341246289,-0.04451038575667654,-0.10583580613254184,0.09990108803165199,2025H2
002278,2025-07-21,0,bull,ma_bull,pullback_holds,current_week,0.07948442534908695,0.039742212674543476,0.16648764769065516,-0.03007518796992492,0.13533834586466154,2025H2
002278,2025-07-22,1,bull,ma_bull,two_day_acceleration,current_week,0.01684210526315799,0.05052631578947375,0.10631578947368414,-0.049473684210526336,0.11263157894736842,2025H2
002278,2025-08-01,4,bull,ma_bull,pullback_holds,current_week,0.050579557428872546,0.09062170706006323,0.13909378292939945,-0.01685985247629085,0.11169652265542673,2025H2
002278,2025-08-14,3,bull,ma_bull,two_day_acceleration,current_week,0.1497487437185927,0.09346733668341711,0.008040201005024894,-0.004020100502512669,0.17386934673366827,2025H2
002278,2025-08-15,4,bull,ma_bull,two_day_acceleration,current_week,0.07596153846153841,0.039423076923077005,-0.03076923076923077,-0.013461538461538525,0.12307692307692308,2025H2
002278,2025-09-18,3,mid,ma_bull,pullback_holds,current_week,-0.09460737937559127,-0.10028382213812681,0.3661305581835381,-0.13150425733207194,0.02081362346263016,2025H2
002278,2025-09-19,4,mid,ma_bull,pullback_holds,current_week,-0.069238377843719,-0.0722057368941641,0.5707220573689418,-0.10979228486646875,0.005934718100890191,2025H2
002278,2025-10-10,4,bull,none,pullback_holds,current_week,0.027746947835738167,0.6026637069922309,0.36293007769145413,-0.0011098779134295356,0.655937846836848,2025H2
002278,2025-10-14,1,bull,none,pullback_holds,current_week,0.18248945147679319,0.5147679324894514,0.28481012658227844,-0.028481012658227778,0.6751054852320675,2025H2
002278,2025-10-15,2,bull,none,pullback_holds,current_week,0.28840125391849525,0.38557993730407514,0.35318704284221525,-0.037617554858934144,0.6593521421107629,2025H2
002278,2025-10-16,3,bull,none,two_day_acceleration,current_week,0.4273684210526316,0.3073684210526315,0.3347368421052632,-0.030526315789473624,0.671578947368421,2025H2
002278,2025-11-13,3,bull,ma_bull,pullback_holds,current_week,-0.08885298869143787,-0.10096930533117932,-0.07108239095315028,-0.12924071082390964,0.020193861066235774,2025H2
002278,2025-12-08,0,bull,ma_bull,two_day_acceleration,current_week,0.023333333333333428,-0.02083333333333337,0.02833333333333332,-0.08166666666666667,0.04083333333333328,2025H2
002278,2025-12-26,4,bull,macd_stabilizing,two_day_acceleration,current_week,0.030969845150774278,0.24286878565607184,0.07497962510187439,-0.0032599837000814036,0.29421352893235553,2025H2
002278,2025-12-30,1,bull,ma_bull,two_day_acceleration,current_week,-0.012403100775193798,0.046511627906976605,0.07751937984496116,-0.05193798449612408,0.2310077519379845,2025H2
002278,2026-01-26,0,bull,ma_bull,two_day_acceleration,current_week,-0.049624060150375904,0.06766917293233088,0.14436090225563913,-0.06541353383458659,0.09022556390977443,2026H1
002278,2026-02-09,0,bull,ma_bull,shrinking_volume_acceleration,current_week,0.008468595624558928,0.07410021171489056,-0.09880028228652082,-0.05786873676781934,0.16443189837685246,2026H1
002278,2026-04-21,1,bull,none,pullback_holds,current_week,-0.09114583333333326,-0.06770833333333326,-0.1605902777777778,-0.1050347222222221,0.1015625,2026H1
002278,2026-04-22,2,bull,none,pullback_holds,current_week,-0.09590235396687008,-0.027898866608544015,-0.18744551002615517,-0.10113339145597211,0.10636442894507403,2026H1
300159,2023-07-03,0,mid,none,pullback_holds,current_week,-0.02614379084967322,-0.009803921568627416,0.16993464052287588,-0.07189542483660138,0.02287581699346397,2023H2
300159,2023-07-25,1,mid,none,shrinking_volume_acceleration,current_week,0.1437699680511182,0.06709265175718859,0.057507987220447365,-0.0031948881789136685,0.26837060702875415,2023H2
300159,2023-08-04,4,bull,ma_bull,shrinking_volume_acceleration,current_week,-0.04692082111436957,-0.08211143695014667,-0.0997067448680351,-0.08504398826979476,0.0058651026392961825,2023H2
300159,2025-02-13,3,bull,none,two_day_acceleration,current_week,0.012500000000000178,0.2791666666666668,0.13749999999999996,-0.04166666666666652,0.3750000000000002,2025H1
300159,2025-02-19,2,bull,none,shrinking_volume_acceleration,current_week,0.2250000000000001,0.11250000000000004,-0.22499999999999998,-0.029166666666666563,0.3750000000000002,2025H1
300159,2025-08-11,0,bull,ma_bull,two_day_acceleration,current_week,-0.06876790830945567,-0.07736389684813749,-0.1260744985673352,-0.09455587392550147,0.008595988538681931,2025H2
300159,2025-08-19,1,bull,none,shrinking_volume_acceleration,current_week,-0.006134969325153339,-0.039877300613497035,-0.11656441717791421,-0.052147239263803824,0.14417177914110413,2025H2
300159,2025-11-12,2,bull,macd_cross,shrinking_volume_acceleration,current_week,-0.057926829268292845,-0.012195121951219523,-0.0030487804878049918,-0.10975609756097571,0.0914634146341462,2025H2
300159,2026-01-07,2,bull,ma_bull,shrinking_volume_acceleration,current_week,0.03134796238244508,0.034482758620689724,-0.00940438871473348,-0.021943573667711602,0.08463949843260199,2026H1
300159,2026-02-24,1,bull,none,pullback_holds,current_week,0.01948051948051943,0.025974025974025983,-0.045454545454545525,-0.009740259740259716,0.10064935064935066,2026H1
300159,2026-02-25,2,bull,none,pullback_holds,current_week,-0.0031847133757962887,0.0,-0.03821656050955413,-0.0286624203821656,0.07961783439490455,2026H1
300159,2026-04-09,3,mid,none,pullback_holds,current_week,0.10000000000000009,0.06774193548387086,0.3129032258064517,-0.009677419354838679,0.12903225806451601,2026H1
300159,2026-04-10,4,mid,none,two_day_acceleration,current_week,0.09740259740259738,0.10389610389610393,0.3474025974025974,0.0,0.13636363636363624,2026H1
300159,2026-04-15,2,mid,none,two_day_acceleration,current_week,0.030864197530864113,0.05246913580246915,0.33024691358024705,0.0,0.14814814814814814,2026H1
300159,2026-05-13,2,bull,ma_bull,shrinking_volume_acceleration,current_week,0.0024038461538460343,-0.09134615384615385,-0.05769230769230771,-0.11057692307692302,0.06730769230769229,2026H1
300159,2026-08-26,2,mid,none,pullback_holds,current_week,0.030201342281879207,0.030201342281879207,,-0.010067114093959662,0.07718120805369133,2026H2
300159,2026-08-27,3,mid,none,pullback_holds,current_week,0.029900332225913484,0.0033222591362125353,,-0.009966777408637939,0.06644518272425248,2026H2
300159,2026-08-31,0,bull,none,shrinking_volume_acceleration,current_week,-0.012903225806451646,-0.05161290322580647,,-0.06129032258064515,0.03548387096774186,2026H2
300159,2026-09-01,1,bull,none,two_day_acceleration,current_week,-0.025316455696202556,-0.08860759493670889,,-0.08860759493670889,0.009493670886075778,2026H2
300159,2026-09-03,3,mid,none,shrinking_volume_acceleration,current_week,-0.02265372168284785,,,-0.06796116504854366,0.016181229773462924,2026H2
600259,2025-05-08,3,bull,ma_bull,shrinking_volume_acceleration,current_week,0.1068821689259647,0.15354535974973937,0.3819082377476537,-0.034150156412929955,0.21584984358706993,2025H1
600259,2025-05-19,0,bull,ma_bull,shrinking_volume_acceleration,current_week,0.04226020892687554,0.12298195631528985,0.3613485280151949,-0.010208926875593494,0.12298195631528985,2025H1
600259,2025-07-01,1,bull,ma_bull,pullback_holds,current_week,0.04685382381413361,0.04724104549854791,0.22284607938044543,-0.049757986447241054,0.17134559535333982,2025H2
600259,2025-07-02,2,bull,ma_bull,pullback_holds,current_week,0.008445297504798388,0.03838771593090207,0.18848368522072945,-0.0579654510556622,0.1612284069097889,2025H2
600259,2025-07-03,3,bull,ma_bull,pullback_holds,current_week,0.04454131918119786,0.0386656557998486,0.1626231993934799,-0.06974981046247153,0.1467020470053071,2025H2
600259,2025-07-07,0,bull,ma_bull,shrinking_volume_acceleration,current_week,0.07914230019493163,0.11695906432748537,0.2023391812865496,-0.00019493177387919225,0.1793372319688109,2025H2
600259,2025-07-21,0,bull,ma_bull,shrinking_volume_acceleration,current_week,0.17730496453900724,0.09361702127659566,0.11578014184397167,-0.0015957446808509967,0.21382978723404267,2025H2
600259,2025-07-22,1,bull,ma_bull,two_day_acceleration,current_week,0.08877779693156373,0.037752111704878466,0.10187898638165849,-0.015514566454059575,0.1801413549388038,2025H2
600259,2025-07-28,0,bull,ma_bull,shrinking_volume_acceleration,current_week,-0.05107692307692313,-0.046923076923076845,0.02030769230769236,-0.10846153846153839,0.008769230769230862,2025H2
600259,2025-08-11,0,bull,ma_bull,pullback_holds,current_week,0.028436018957346043,0.08383722830527884,0.026311488805360383,-0.05948684425559725,0.11129269488478521,2025H2
600259,2025-08-22,4,bull,ma_bull,two_day_acceleration,current_week,0.11725731895223412,-0.025731895223420675,-0.1346687211093991,-0.07241910631741144,0.15963020030816644,2025H2
600259,2025-10-27,0,bull,none,two_day_acceleration,current_week,-0.0828797190517998,-0.06602282704126439,-0.01703248463564533,-0.10798946444249335,0.04214223002633877,2025H2
600259,2025-10-30,3,bull,none,pullback_holds,current_week,-0.09239036228115793,-0.08563009187034143,-0.09880395215808624,-0.12497833246663193,0.00017334026694415527,2025H2
600259,2025-12-25,3,bull,none,shrinking_volume_acceleration,current_week,0.06338553318419082,0.31692766592095456,0.5764354958985831,-0.0026099925428784143,0.31692766592095456,2025H2
600259,2025-12-26,4,bull,none,two_day_acceleration,current_week,0.05167118337850041,0.2990063233965674,0.44986449864498645,0.0,0.3546522131887986,2025H2
600259,2026-01-06,1,bull,none,two_day_acceleration,current_week,0.21043771043771065,0.25555555555555554,0.40387205387205394,-0.010101010101010055,0.34478114478114463,2026H1
600259,2026-01-28,2,bull,ma_bull,shrinking_volume_acceleration,current_week,0.00478527607361956,0.03472392638036803,0.13865030674846612,-0.08576687116564408,0.10453987730061343,2026H1
600259,2026-02-11,2,bull,ma_bull,two_day_acceleration,current_week,0.0984848484848484,0.0984848484848484,-0.025331439393939448,-0.022017045454545414,0.32919034090909083,2026H1
600259,2026-04-30,3,bull,ma_bull,pullback_holds,current_week,0.16626768226332977,-0.027203482045701888,-0.0874863982589772,-0.04787812840043526,0.19695321001088129,2026H1
600259,2026-05-08,4,bull,ma_bull,shrinking_volume_acceleration,current_week,-0.02889711028897113,-0.12938706129387056,-0.06089391060893912,-0.14508549145085492,0.09989001099890005,2026H1
300168,2023-08-02,2,bull,none,pullback_holds,current_week,-0.006660323501427201,-0.06374881065651761,-0.03996194100856332,-0.06850618458610835,0.04662226450999052,2023H2
300168,2023-08-03,3,bull,none,pullback_holds,current_week,-0.015180265654648917,-0.04554079696394686,-0.04079696394686916,-0.08444022770398485,0.04364326375711558,2023H2
300168,2023-08-04,4,bull,none,two_day_acceleration,current_week,-0.05865921787709505,-0.10800744878957169,-0.05027932960893844,-0.10800744878957169,0.014897579143389184,2023H2
300168,2025-04-02,2,mid,none,pullback_holds,current_week,-0.10285006195786861,-0.10408921933085502,-0.058240396530359284,-0.20693928128872363,0.02230483271375472,2025H1
300168,2025-04-03,3,mid,none,pullback_holds,current_week,-0.04249667994687922,-0.04515272244355906,-0.013280212483399834,-0.15006640106241698,0.02257636122177953,2025H1
300168,2025-04-30,2,mid,none,two_day_acceleration,current_week,-0.007978723404255428,-0.025265957446808596,-0.04521276595744694,-0.049202127659574435,0.0292553191489362,2025H1
300168,2025-05-08,3,bull,none,shrinking_volume_acceleration,current_week,-0.026631158455392767,-0.04260985352862845,-0.01597869507323557,-0.047936085219706936,0.009320905459387463,2025H1
300168,2025-05-26,0,bull,none,shrinking_volume_acceleration,current_week,0.0027932960893854997,0.023743016759776525,0.030726256983240274,-0.013966480446927276,0.05027932960893855,2025H1
300168,2025-05-30,4,mid,none,pullback_holds,current_week,0.05070422535211261,0.021126760563380254,0.08028169014084496,0.0,0.05915492957746471,2025H1
000031,2023-08-03,3,bull,ma_bull,two_day_acceleration,current_week,-0.05446623093681913,-0.065359477124183,-0.14814814814814814,-0.08714596949891051,0.002178649237472907,2023H2
000031,2023-09-04,0,mid,ma_bull,shrinking_volume_acceleration,current_week,-0.022842639593908642,-0.03807106598984766,-0.09137055837563446,-0.050761421319796884,0.002538071065989911,2023H2
000031,2023-11-07,1,mid,none,pullback_holds,current_week,-0.017191977077363862,-0.04011461318051579,-0.10888252148997146,-0.07449856733524363,0.017191977077363862,2023H2
000031,2023-11-09,3,mid,none,pullback_holds,current_week,-0.03188405797101457,0.008695652173912993,-0.07246376811594202,-0.06376811594202902,0.023188405797101463,2023H2
000031,2023-11-13,0,mid,none,shrinking_volume_acceleration,current_week,-0.038235294117647034,-0.00588235294117645,-0.07647058823529407,-0.04999999999999993,0.038235294117647145,2023H2
000031,2023-11-14,1,mid,none,pullback_holds,current_week,-0.026162790697674354,-0.03488372093023251,-0.07267441860465118,-0.061046511627906974,0.026162790697674465,2023H2
000031,2023-11-21,1,mid,none,two_day_acceleration,current_week,-0.008955223880596996,-0.07164179104477619,-0.09253731343283589,-0.07164179104477619,0.0537313432835822,2023H2
000031,2023-11-22,2,mid,none,pullback_holds,current_week,-0.04117647058823515,-0.07058823529411762,-0.12352941176470589,-0.08823529411764697,0.038235294117647145,2023H2
000031,2023-11-23,3,mid,none,shrinking_volume_acceleration,current_week,-0.07736389684813749,-0.08309455587392556,-0.1260744985673352,-0.11174785100286533,0.011461318051575908,2023H2
000031,2025-09-01,0,bull,ma_bull,pullback_holds,current_week,-0.030674846625766916,0.042944785276073594,0.0030674846625766694,-0.05828220858895705,0.06134969325153361,2025H2
000031,2025-09-09,1,bull,ma_bull,shrinking_volume_acceleration,current_week,0.078125,-0.01562500000000011,0.009374999999999911,-0.03125,0.08437500000000009,2025H2
000031,2025-09-12,4,bull,ma_bull,two_day_acceleration,current_week,-0.0235294117647058,-0.05882352941176461,-0.055882352941176494,-0.08823529411764697,0.020588235294117796,2025H2
000031,2025-09-16,1,bull,ma_bull,shrinking_volume_acceleration,current_week,-0.08430232558139539,-0.04069767441860461,-0.005813953488372103,-0.09883720930232553,0.005813953488372103,2025H2
000031,2025-09-29,0,bull,ma_bull,shrinking_volume_acceleration,current_week,-0.021406727828746086,0.03363914373088672,-0.09785932721712531,-0.05504587155963303,0.03363914373088672,2025H2
000031,2025-10-13,0,bull,ma_bull,pullback_holds,current_week,-0.006191950464396245,-0.003095975232198067,-0.04643962848297212,-0.018575851393188847,0.07120743034055721,2025H2
000031,2025-10-15,2,bull,ma_bull,pullback_holds,current_week,0.06211180124223592,0.01863354037267073,0.03416149068322971,-0.02795031055900632,0.07453416149068315,2025H2
000031,2025-10-16,3,bull,ma_bull,pullback_holds,current_week,0.03692307692307706,-0.06153846153846143,0.01846153846153853,-0.06153846153846143,0.06461538461538452,2025H2
000031,2025-11-17,0,mid,none,two_day_acceleration,current_week,-0.07647058823529407,-0.08823529411764697,-0.16176470588235292,-0.10588235294117643,0.002941176470588225,2025H2
000031,2026-01-06,1,bull,none,pullback_holds,current_week,0.0,0.12068965517241392,0.27241379310344827,-0.024137931034482696,0.12068965517241392,2026H1
000031,2026-01-07,2,bull,none,pullback_holds,current_week,0.024390243902439046,0.13588850174216027,0.3170731707317074,-0.013937282229965153,0.15679442508710806,2026H1
000031,2026-01-09,4,bull,none,pullback_holds,current_week,0.006896551724137945,0.15172413793103456,0.28620689655172415,-0.024137931034482696,0.21379310344827585,2026H1
000031,2026-01-14,2,bull,none,two_day_acceleration,current_week,0.11643835616438358,0.16095890410958913,0.226027397260274,-0.03082191780821908,0.20547945205479445,2026H1
000031,2026-01-16,4,bull,none,pullback_holds,current_week,0.14383561643835607,0.3390410958904111,0.2226027397260275,-0.03082191780821908,0.40410958904109573,2026H1
000031,2026-01-19,0,bull,none,shrinking_volume_acceleration,current_week,0.09459459459459474,0.23310810810810811,0.18581081081081097,-0.010135135135135087,0.3851351351351351,2026H1
000031,2026-04-09,3,mid,none,pullback_holds,current_week,-0.006849315068493178,-0.010273972602739656,0.06506849315068486,-0.023972602739726012,0.047945205479452024,2026H1
000031,2026-04-13,0,mid,none,pullback_holds,current_week,-0.020134228187919434,-0.02684563758389269,-0.030201342281879096,-0.05033557046979864,0.02684563758389258,2026H1
000031,2026-04-14,1,mid,none,two_day_acceleration,current_week,-0.04290429042904298,-0.05280528052805289,-0.05610561056105623,-0.06600660066006603,0.0,2026H1
000031,2026-04-27,0,bull,none,pullback_holds,current_week,0.03780068728522323,-0.0068728522336769515,-0.12714776632302405,-0.020618556701030966,0.08934707903780059,2026H1
000031,2026-05-08,4,bull,none,shrinking_volume_acceleration,current_week,-0.07741935483870976,-0.14838709677419348,-0.14516129032258074,-0.16129032258064513,0.022580645161290214,2026H1
001218,2025-08-11,0,bull,ma_bull,shrinking_volume_acceleration,current_week,-0.03304524656837837,-0.02389425521098132,0.01881037112353834,-0.039654295882053936,0.009150991357397054,2025H2
001218,2025-08-19,1,bull,ma_bull,pullback_holds,current_week,0.011886304909560774,0.02532299741602051,0.05943152454780365,-0.07183462532299745,0.046511627906976605,2025H2
001218,2025-08-20,2,bull,ma_bull,pullback_holds,current_week,-0.03448275862068961,-0.018528049408131686,0.04271744724652615,-0.07565620174987131,0.042202779207411334,2025H2
001218,2025-08-21,3,bull,ma_bull,pullback_holds,current_week,-0.0441705187467899,-0.006676938880328609,0.017976373908577425,-0.07755521314843339,0.04006163328197232,2025H2
001218,2025-08-22,4,bull,ma_bull,pullback_holds,current_week,-0.005175983436853104,0.008799171842650111,0.0331262939958592,-0.07039337474120078,0.048136645962732816,2025H2
001218,2025-10-09,3,bull,ma_bull,two_day_acceleration,current_week,0.0014492753623189802,0.07391304347826089,0.13285024154589364,-0.048309178743961345,0.08647342995169094,2025H2
001218,2025-10-14,1,bull,ma_bull,shrinking_volume_acceleration,current_week,0.059672762271414825,0.15640038498556308,0.1352261790182867,-0.011549566891241647,0.19730510105871013,2025H2
001218,2025-10-16,3,bull,ma_bull,shrinking_volume_acceleration,current_week,0.07287644787644787,0.10859073359073368,0.13416988416988418,-0.008687258687258725,0.20077220077220082,2025H2
001218,2025-10-23,3,bull,ma_bull,shrinking_volume_acceleration,current_week,-0.033249158249158306,-0.013047138047138196,-0.02735690235690247,-0.04966329966329963,0.047138047138046923,2025H2
001218,2025-12-19,4,mid,none,shrinking_volume_acceleration,current_week,-0.0021920210434018816,0.007014467338886554,0.12275317843051292,-0.010083296799649144,0.028934677772906703,2025H2
001218,2025-12-29,0,bull,none,shrinking_volume_acceleration,current_week,-0.0012970168612190802,0.023346303501945664,0.056204063986165176,-0.0198875918720276,0.035451794206658116,2025H2
001218,2026-01-05,0,bull,none,pullback_holds,current_week,0.01251078515962023,0.07333908541846412,0.12338222605694571,-0.012942191544434878,0.0780845556514238,2026H1
001218,2026-01-06,1,bull,none,pullback_holds,current_week,0.02386117136659438,0.11106290672451191,0.15618221258134501,-0.004772234273318854,0.11106290672451191,2026H1
001218,2026-01-07,2,bull,none,pullback_holds,current_week,0.026452732003469315,0.10581092801387681,0.12402428447528191,-0.005203816131829853,0.11058109280138773,2026H1
001218,2026-01-08,3,bull,none,pullback_holds,current_week,0.03513281919451594,0.10025706940874035,0.10025706940874035,-0.015852613538988924,0.1118251928020566,2026H1
001218,2026-01-09,4,bull,macd_stabilizing,two_day_acceleration,current_week,0.04377980060684883,0.10143042912873868,0.11833550065019516,0.0,0.12483745123537049,2026H1
001218,2026-01-22,3,bull,ma_bull,shrinking_volume_acceleration,current_week,-0.04244548286604366,0.0,0.01985981308411211,-0.05529595015576316,0.07398753894081,2026H1
001218,2026-02-24,1,bull,ma_bull,two_day_acceleration,current_week,-0.05189393939393938,-0.008712121212121282,-0.06590909090909103,-0.07121212121212128,0.01477272727272716,2026H1
001218,2026-02-27,4,bull,ma_bull,pullback_holds,current_week,-0.006069802731411222,-0.006069802731411222,-0.06942336874051591,-0.06980273141122917,0.01669195751138086,2026H1
001218,2026-03-16,0,mid,ma_bull,two_day_acceleration,current_week,-0.10675216899283291,-0.05281026027914004,-0.04903809883062993,-0.112787627310449,0.05130139569973591,2026H1
001218,2026-04-08,2,mid,none,shrinking_volume_acceleration,current_week,0.0015929908403027326,0.03026682596575081,0.11071286340103548,-0.019115890083632014,0.03305455993628037,2026H1
001218,2026-04-09,3,mid,none,pullback_holds,current_week,0.02327447833065799,-0.0329052969502408,0.1219903691813804,-0.0465489566613162,0.04093097913322641,2026H1
001218,2026-04-10,4,mid,none,pullback_holds,current_week,0.005122143420015934,-0.04058313632781707,0.10914105594956669,-0.06461780929866023,0.022064617809298692,2026H1
001218,2026-04-20,0,bull,none,two_day_acceleration,current_week,-0.04286276051907201,0.0739284309870234,0.0019661816751868066,-0.06763664962642546,0.15178922532441996,2026H1
001218,2026-04-21,1,bull,none,shrinking_volume_acceleration,current_week,-0.05877773452705337,0.061502530167380165,0.009342156481120911,-0.0770727909692488,0.1401323472168159,2026H1
001218,2026-04-22,2,bull,none,two_day_acceleration,current_week,-0.02560124127230412,0.08184639255236625,-0.0027152831652443865,-0.08029480217222651,0.13615205585725354,2026H1
001218,2026-05-13,2,bull,ma_bull,shrinking_volume_acceleration,current_week,-0.06778476589797344,-0.1464011180992314,-0.14709993011879807,-0.15129280223619856,0.00034940600978328185,2026H1
001218,2026-06-02,1,mid,ma_bull,pullback_holds,current_week,-0.040300276570525595,-0.019359936783879927,-0.07625444488344535,-0.05926511260371403,0.019359936783879927,2026H1
001218,2026-06-22,0,bull,none,pullback_holds,current_week,-0.08646464646464647,-0.010909090909090868,-0.13333333333333341,-0.11838383838383837,0.06060606060606055,2026H1
001218,2026-06-23,1,bull,none,shrinking_volume_acceleration,current_week,-0.12146555157307848,-0.041816009557944955,-0.1557148546395858,-0.13102349661489443,0.045400238948626104,2026H1
001218,2026-06-24,2,bull,none,pullback_holds,current_week,-0.04920699471329815,-0.052460349735664824,-0.16266775111834075,-0.11264741764945096,0.06750711671411147,2026H1
600062,2023-05-18,3,mid,ma_bull,pullback_holds,current_week,-0.03432137285491421,-0.02860114404576186,-0.10140405616224646,-0.05356214248569946,0.027561102444097818,2023H1
600062,2024-05-20,0,bull,ma_bull,shrinking_volume_acceleration,current_week,-0.04111986001749768,-0.07874015748031504,-0.07961504811898512,-0.08705161854768151,0.0008748906386701893,2024H1
600062,2024-05-27,0,mid,ma_bull,two_day_acceleration,current_week,-0.03747714808043878,-0.015539305301645379,-0.09186471663619733,-0.04616087751371112,0.008683729433272447,2024H1
600062,2024-06-04,1,mid,ma_bull,shrinking_volume_acceleration,current_week,-0.008360427310729168,-0.03576405016256379,-0.12726428239665588,-0.03947979563399917,0.025081281932187505,2024H1
600062,2024-07-18,3,mid,none,two_day_acceleration,current_week,-0.018784530386740328,0.02099447513812147,0.05524861878453047,-0.034254143646408886,0.048618784530386705,2024H2
600062,2024-09-24,1,mid,none,pullback_holds,current_week,0.17751196172248784,0.1004784688995215,0.060765550239234356,-0.011961722488038284,0.25119617224880386,2024H2
600062,2024-09-25,2,bull,none,pullback_holds,current_week,0.13131313131313127,0.10822510822510822,0.038961038961039085,-0.006734006734006592,0.25781625781625794,2024H2
600062,2024-09-26,3,bull,none,shrinking_volume_acceleration,current_week,0.06715395157606197,0.041571493832800455,-0.031064412973960676,-0.012334399269072649,0.19460941068981286,2024H2
600062,2024-10-24,3,bull,ma_bull,shrinking_volume_acceleration,current_week,-0.11031879194630867,-0.07382550335570459,-0.07382550335570459,-0.11577181208053688,0.006711409395973256,2024H2
600062,2024-11-07,3,bull,ma_bull,pullback_holds,current_week,-0.01800990544799652,-0.005853219270598786,-0.08149482215218362,-0.048626744709590386,0.01846015308419635,2024H2
600062,2024-11-08,4,bull,ma_bull,pullback_holds,current_week,-0.0018441678192715472,-0.041032733978792146,-0.04011065006915637,-0.04287690179806358,0.042876901798063694,2024H2
600062,2024-11-13,2,bull,ma_bull,pullback_holds,current_week,0.02583025830258312,-0.02629151291512921,-0.04243542435424341,-0.058579335793357945,0.04335793357933593,2024H2
600062,2024-11-14,3,bull,ma_bull,pullback_holds,current_week,0.018450184501845213,-0.03736162361623607,-0.030904059040590348,-0.058579335793357945,0.04335793357933593,2024H2
600062,2024-11-20,2,bull,none,two_day_acceleration,current_week,-0.05123595505617984,-0.06786516853932578,-0.09842696629213488,-0.08269662921348309,0.011235955056179803,2024H2
600062,2024-12-02,0,bull,none,pullback_holds,current_week,-0.03556387459054755,-0.05942910622367803,-0.05100608329433787,-0.06504445484323818,0.0,2024H2
600062,2024-12-12,3,bull,none,pullback_holds,current_week,-0.04297994269340988,-0.05300859598853869,-0.08739255014326652,-0.06876790830945567,0.0,2024H2
600062,2024-12-27,4,bull,none,pullback_holds,current_week,-0.010934393638170947,-0.06013916500994043,-0.038270377733598426,-0.06461232604373757,0.02137176938369789,2024H2
600062,2024-12-30,0,bull,none,pullback_holds,current_week,-0.04635108481262329,-0.04536489151873779,-0.047337278106508895,-0.07199211045364895,0.0034516765285996787,2024H2
600062,2025-01-27,0,mid,none,pullback_holds,current_week,0.0030785017957926097,-0.04412519240636237,-0.015392508978963604,-0.04925602873268342,0.010774756285274467,2025H1
601958,2023-03-06,0,bull,ma_bull,two_day_acceleration,current_week,-0.04446119065561416,-0.13413715146948002,-0.16352675207234368,-0.13715146948002999,0.020346646571213434,2023H1
601958,2023-03-13,0,mid,ma_bull,shrinking_volume_acceleration,current_week,-0.09313338595106546,-0.10812943962115229,-0.13259668508287292,-0.11917916337805834,0.007892659826361559,2023H1
601958,2023-04-11,1,bull,none,pullback_holds,current_week,-0.024347826086956514,-0.037391304347826115,-0.11043478260869566,-0.07913043478260873,0.02086956521739136,2023H1
601958,2023-04-14,4,bull,none,shrinking_volume_acceleration,current_week,-0.009025270758122761,0.011732851985559734,-0.04602888086642598,-0.04422382671480152,0.05956678700361007,2023H1
601958,2023-04-27,3,mid,none,shrinking_volume_acceleration,current_week,-0.013550135501355087,-0.03794037940379402,-0.01806684733513997,-0.07859078590785895,0.025293586269195867,2023H1
601958,2023-04-28,4,bull,none,pullback_holds,current_week,-0.012612612612612484,-0.047747747747747704,-0.018918918918918837,-0.08108108108108092,0.022522522522522515,2023H1
601958,2024-10-23,2,bull,ma_bull,pullback_holds,current_week,-0.02270663033605813,0.04904632152588562,-0.0036330608537692433,-0.03269754768392363,0.06721162579473217,2024H2
601958,2024-10-25,4,bull,ma_bull,pullback_holds,current_week,0.005424954792043524,0.04159132007233257,-0.04068716094032554,-0.037070524412296524,0.07414104882459305,2024H2
601958,2024-10-28,0,bull,ma_bull,pullback_holds,current_week,0.0017873100983021306,0.02323503127792681,-0.055406613047363606,-0.04825737265415542,0.06166219839142095,2024H2
601958,2025-07-30,2,bull,ma_bull,two_day_acceleration,current_week,0.02290679304897325,0.05292259083728279,0.15086887835703,-0.01500789889415477,0.06319115323854674,2025H2
601958,2025-08-13,2,bull,ma_bull,two_day_acceleration,current_week,0.041260315078769816,0.09302325581395343,0.16129032258064524,-0.011252813203300849,0.16204051012753196,2025H2
601958,2025-08-26,1,bull,ma_bull,two_day_acceleration,current_week,0.1584880636604773,0.04177718832891242,-0.03050397877984079,-0.04442970822281167,0.19031830238726788,2025H2
601958,2025-08-28,3,bull,ma_bull,shrinking_volume_acceleration,current_week,0.03691275167785246,0.05771812080536898,-0.006040268456375841,-0.006711409395973145,0.2046979865771812,2025H2
601958,2025-09-05,4,bull,ma_bull,shrinking_volume_acceleration,current_week,-0.007384615384615434,-0.0873846153846154,-0.019076923076923102,-0.100923076923077,0.01538461538461533,2025H2
601958,2025-09-29,0,bull,ma_bull,two_day_acceleration,current_week,-0.00792602377807139,-0.03500660501981512,-0.05680317040951122,-0.04887714663143994,0.07992073976221925,2025H2
601958,2025-09-30,1,bull,ma_bull,two_day_acceleration,current_week,-0.039622641509434064,-0.1012578616352201,-0.09371069182389935,-0.10943396226415092,0.028301886792452935,2025H2
601958,2025-10-13,0,bull,ma_bull,shrinking_volume_acceleration,current_week,-0.0963930348258707,-0.0746268656716419,-0.07773631840796025,-0.1337064676616917,0.0024875621890547706,2025H2
601958,2025-10-27,0,bull,none,two_day_acceleration,current_week,0.005372733378106176,-0.004029550033579632,-0.08260577568838146,-0.061114842175956974,0.047683008730691645,2025H2
601958,2025-10-28,1,bull,none,pullback_holds,current_week,-0.0383838383838383,-0.02020202020202011,-0.06666666666666665,-0.05858585858585852,0.05050505050505061,2025H2
601958,2025-10-31,4,bull,none,pullback_holds,current_week,-0.022621423819028763,-0.010645375914837052,-0.0738522954091817,-0.06986027944111783,0.009314703925482393,2025H2
601958,2025-11-10,0,bull,none,pullback_holds,current_week,-0.02483221476510067,-0.08322147651006717,-0.04093959731543617,-0.09395973154362414,0.018120805369127524,2025H2
601958,2025-11-13,3,bull,none,two_day_acceleration,current_week,-0.03564223268325495,-0.07397444519166119,-0.055817081371889676,-0.09213180901143248,0.014122394082044298,2025H2
601958,2025-11-14,4,bull,none,pullback_holds,current_week,-0.0873655913978495,-0.06451612903225812,-0.04771505376344087,-0.092741935483871,0.005376344086021501,2025H2
601958,2025-12-01,0,mid,none,two_day_acceleration,current_week,0.011323425336164261,0.026185421089879535,0.08067940552016983,-0.015569709837225831,0.038924274593064245,2025H2
601958,2025-12-19,4,mid,none,two_day_acceleration,current_week,0.04318488529014841,0.13022941970310398,0.2989203778677463,-0.006072874493927127,0.13022941970310398,2025H2
601958,2025-12-23,1,bull,none,two_day_acceleration,current_week,0.005242463958060384,0.0950196592398429,0.2595019659239841,-0.034731323722149376,0.12909567496723473,2025H2
601958,2025-12-25,3,bull,none,shrinking_volume_acceleration,current_week,0.059096945551128766,0.20849933598937564,0.45551128818061093,-0.007968127490039945,0.2536520584329349,2025H2
601958,2025-12-26,4,bull,none,two_day_acceleration,current_week,0.07028753993610226,0.15335463258785942,0.3948881789137382,-0.04536741214057516,0.2063897763578273,2025H2
601958,2026-01-05,0,bull,none,two_day_acceleration,current_week,0.12207151664611593,0.19913686806411834,0.152281134401973,-0.008631319358816114,0.25215782983970403,2026H1
601958,2026-01-19,0,bull,ma_bull,shrinking_volume_acceleration,current_week,0.1183673469387756,-0.046428571428571486,0.08061224489795915,-0.05765306122448988,0.24234693877551017,2026H1
601958,2026-03-04,2,mid,ma_bull,shrinking_volume_acceleration,current_week,-0.1313320825515948,-0.21575984990619135,-0.2821763602251408,-0.22851782363977502,0.0056285178236397115,2026H1
601958,2026-04-10,4,mid,none,pullback_holds,current_week,0.043617021276595835,0.046276595744680904,0.24361702127659557,-0.007978723404255206,0.10957446808510629,2026H1
601958,2026-04-14,1,mid,none,two_day_acceleration,current_week,0.026652998462326938,-0.04715530497180942,0.07842132239876975,-0.059456688877498776,0.06919528446950274,2026H1
601958,2026-04-15,2,mid,none,pullback_holds,current_week,0.07914046121593277,0.03825995807127858,0.12997903563941282,-0.0382599580712788,0.09329140461215912,2026H1
601958,2026-04-16,3,mid,none,shrinking_volume_acceleration,current_week,-0.0035897435897436214,0.004102564102564266,0.07641025641025645,-0.058974358974358876,0.06974358974358963,2026H1
601958,2026-04-20,0,bull,none,two_day_acceleration,current_week,-0.04195804195804198,0.043456543456543484,0.05494505494505497,-0.08341658341658331,0.06193806193806206,2026H1
601958,2026-04-22,2,bull,none,two_day_acceleration,current_week,-0.04530120481927713,0.02361445783132532,0.017831325301204792,-0.11566265060240954,0.02795180722891577,2026H1
601958,2026-04-24,4,bull,none,pullback_holds,current_week,0.05002552322613574,0.19346605410923945,0.2460438999489536,-0.06329760081674318,0.22511485451761093,2026H1
601958,2026-05-11,0,bull,ma_bull,two_day_acceleration,current_week,-0.005076142131979822,-0.025380710659898553,-0.040147669589293944,-0.07014305491462847,0.10752191970466063,2026H1
601958,2026-05-18,0,bull,none,shrinking_volume_acceleration,current_week,-0.017674418604651132,0.07906976744186034,0.3055813953488373,-0.06139534883720932,0.24883720930232567,2026H1
601958,2026-05-21,3,mid,none,two_day_acceleration,current_week,0.24883720930232567,0.07395348837209292,0.28837209302325584,-0.042790697674418565,0.24883720930232567,2026H1
601958,2026-07-01,2,bull,ma_bull,pullback_holds,current_week,-0.20821220930232565,-0.2169331395348837,-0.2325581395348837,-0.22747093023255804,0.03561046511627919,2026H2
002190,2025-07-03,3,bull,ma_bull,pullback_holds,current_week,-0.0349688262401735,-0.029818378964489023,-0.062076443480618027,-0.06776904310111143,0.011114123068582282,2025H2
002190,2025-07-04,4,bull,ma_bull,pullback_holds,current_week,-0.01949478308621644,-0.014552443712246066,-0.07193849533223518,-0.05573860516199891,0.02416254805052187,2025H2
002190,2025-08-05,1,bull,none,pullback_holds,current_week,0.030808366308648916,0.03589598643301284,0.36630864895421134,-0.007914075749010818,0.1531938948558509,2025H2
002190,2025-08-18,0,bull,none,pullback_holds,current_week,0.4627964022894524,0.3630417007358955,0.10629599345870822,-0.01880621422730988,0.6017988552739169,2025H2
002190,2025-10-27,0,bull,ma_bull,pullback_holds,current_week,-0.03014842300556575,-0.06725417439703152,-0.04243970315398882,-0.07745825602968448,0.07142857142857162,2025H2
002190,2025-10-28,1,bull,ma_bull,two_day_acceleration,current_week,-0.060411899313501105,-0.08054919908466829,-0.07894736842105265,-0.08970251716247146,0.01830663615560635,2025H2
002190,2025-10-29,2,bull,ma_bull,pullback_holds,current_week,-0.061855670103092675,-0.1030927835051546,-0.09667812142038945,-0.11088201603665515,0.0,2025H2
002190,2025-12-25,3,bull,none,two_day_acceleration,current_week,0.012955465587044523,0.11039136302294184,-0.0010796221322538768,-0.014844804318488669,0.1384615384615384,2025H2
002190,2025-12-26,4,bull,none,pullback_holds,current_week,0.025503355704697972,0.0405369127516777,-0.0021476510067113264,-0.020134228187919434,0.13234899328859062,2025H2
002190,2025-12-29,0,bull,none,two_day_acceleration,current_week,-0.0018716577540106583,0.028877005347593743,-0.019251336898395643,-0.024064171122994638,0.12780748663101615,2025H2
002190,2026-01-05,0,bull,none,two_day_acceleration,current_week,0.1029490616621982,0.04343163538873984,-0.0525469168900804,-0.0061662198391422285,0.13083109919571023,2026H1
002190,2026-01-06,1,bull,none,two_day_acceleration,current_week,0.0125391849529779,-0.007053291536050277,-0.0650470219435737,-0.031609195402298895,0.10188087774294674,2026H1
603819,2023-06-13,1,mid,macd_stabilizing,pullback_holds,current_week,0.09302325581395343,0.11295681063122909,0.0750830564784053,-0.005980066445182675,0.1295681063122922,2023H1
603819,2023-06-15,3,mid,macd_cross,two_day_acceleration,current_week,0.049511400651465864,0.0697068403908796,0.04169381107491854,-0.009771986970683932,0.10749185667752448,2023H1
603819,2023-06-19,0,mid,none,two_day_acceleration,current_week,0.06472081218274117,0.04187817258883264,0.017131979695431454,-0.011421319796954266,0.07868020304568524,2023H1
603819,2023-07-26,2,mid,ma_bull,pullback_holds,current_week,-0.004331683168316891,-0.033415841584158334,-0.19183168316831678,-0.03527227722772275,0.026608910891089188,2023H2
603819,2023-07-27,3,mid,ma_bull,pullback_holds,current_week,0.0025141420490257804,-0.017598994343180352,-0.17724701445631674,-0.032683846637335034,0.042740414833438045,2023H2
603819,2023-07-28,4,bull,ma_bull,pullback_holds,current_week,-0.012445550715619147,-0.030491599253266943,-0.18979464841319238,-0.042314872433105166,0.032358431860609826,2023H2
603819,2025-06-03,1,bull,none,shrinking_volume_acceleration,current_week,-0.001386001386001312,-0.06237006237006226,-0.0790020790020789,-0.10533610533610527,0.006237006237006293,2025H1
603819,2025-06-24,1,bull,none,two_day_acceleration,current_week,-0.011895910780669205,0.015613382899628103,0.07211895910780663,-0.023048327137546454,0.0527881040892193,2025H1
603819,2025-06-27,4,bull,none,pullback_holds,current_week,0.021804511278195493,0.08270676691729317,0.11503759398496238,-0.012030075187969946,0.09323308270676689,2025H1
603819,2025-07-17,3,bull,none,shrinking_volume_acceleration,current_week,-0.019372077488310047,-0.167000668002672,-0.19572478289913153,-0.18102872411489646,0.024048096192384794,2025H2
603819,2025-07-24,3,bull,none,pullback_holds,current_week,-0.1517006802721088,-0.14489795918367354,-0.13605442176870752,-0.17959183673469392,0.03401360544217691,2025H2
603819,2025-08-04,0,bull,none,shrinking_volume_acceleration,current_week,0.012882447665056418,0.0008051529790660261,-0.0024154589371979673,-0.03864734299516914,0.028180354267310692,2025H2
603819,2025-08-18,0,bull,none,pullback_holds,current_week,0.016090104585679832,-0.0032180209171358554,-0.03057119871279157,-0.04183427192276745,0.04183427192276756,2025H2
603819,2025-08-19,1,bull,none,pullback_holds,current_week,0.013643659711075395,-0.03049759229534521,-0.011235955056179803,-0.044141252006420606,0.0393258426966292,2025H2
603819,2025-08-21,3,bull,none,two_day_acceleration,current_week,-0.027602523659305933,-0.06388012618296524,-0.05599369085173489,-0.07649842271293361,0.021293375394321856,2025H2
603819,2025-08-22,4,bull,none,pullback_holds,current_week,-0.032488114104595844,-0.03724247226624411,-0.0705229793977813,-0.07210776545166409,0.0261489698890649,2025H2
603819,2025-08-25,0,bull,none,pullback_holds,current_week,-0.019002375296912177,-0.020585906571654822,-0.08076009501187653,-0.07284243863816309,0.025336500395882755,2025H2
603819,2025-08-26,1,bull,none,pullback_holds,current_week,-0.04505928853754948,-0.035573122529644174,-0.09169960474308303,-0.07430830039525682,0.02371541501976293,2025H2
603819,2026-03-10,1,bull,ma_bull,two_day_acceleration,current_week,-0.06058282208588961,-0.11273006134969332,0.02300613496932513,-0.16947852760736204,0.0007668711656441118,2026H1
603819,2026-03-12,3,bull,ma_bull,pullback_holds,current_week,-0.040720438527799496,-0.01566170712607673,0.05794831636648401,-0.15191855912294439,0.017227877838684513,2026H1
688283,2023-09-05,1,mid,none,pullback_holds,current_week,0.049693251533742266,0.07208588957055229,-0.0013803680981595567,-0.010736196319018454,0.1042944785276072,2023H2
688283,2023-09-18,0,mid,ma_bull,two_day_acceleration,current_week,-0.009208633093525154,-0.052086330935251834,-0.1594244604316547,-0.05294964028776972,0.03309352517985609,2023H2
688283,2023-11-15,2,mid,none,shrinking_volume_acceleration,current_week,-0.0214455917394758,-0.03574265289912626,-0.013820492454328925,-0.05464654487688647,0.025575853852263686,2023H2
688283,2023-11-17,4,mid,none,shrinking_volume_acceleration,current_week,-0.04671857619577302,-0.022723661210869217,-0.024948355315429827,-0.05434609883998098,0.02590179564595596,2023H2
688283,2025-11-10,0,bull,none,two_day_acceleration,current_week,0.00391920410009039,0.02472113355441663,0.15737111848055463,-0.03466988242387692,0.05155260777811277,2025H2
688283,2025-11-13,3,bull,macd_stabilizing,two_day_acceleration,current_week,0.014705882352941124,-0.006764705882352895,0.11676470588235288,-0.051764705882352935,0.08499999999999996,2025H2
688283,2025-12-31,2,bull,ma_bull,two_day_acceleration,current_week,0.166501240694789,0.1662531017369726,0.33622828784119085,-0.03473945409429291,0.30645161290322553,2025H2
688283,2026-01-07,2,bull,ma_bull,shrinking_volume_acceleration,current_week,0.10006746120980448,0.011693276366089522,0.08275241736001804,-0.017989655947829974,0.18394423206656163,2026H1
688283,2026-01-27,1,bull,ma_bull,shrinking_volume_acceleration,current_week,-0.027088897367417042,-0.07954979015642882,-0.09729111026325832,-0.1016787485692483,0.13143838229683324,2026H1
688283,2026-02-09,0,bull,ma_bull,two_day_acceleration,current_week,0.008214786615908576,-0.0522941294329794,-0.15507914245642163,-0.056100981767181035,0.05770386696052876,2026H1
688283,2026-02-24,1,bull,ma_bull,two_day_acceleration,current_week,-0.05908096280087527,-0.07877461706783373,-0.22160334195345133,-0.12114581261189583,0.050129301770439616,2026H1
688283,2026-04-09,3,mid,none,pullback_holds,current_week,0.05201427842937267,0.20601733809280987,0.20525242223355433,-0.01504334523202433,0.21443141254462028,2026H1
688283,2026-04-10,4,mid,none,pullback_holds,current_week,0.11020408163265305,0.17040816326530606,0.19464285714285712,-0.014540816326530592,0.21505102040816326,2026H1
688283,2026-04-14,1,mid,none,shrinking_volume_acceleration,current_week,0.10384521185402895,0.0230222875336763,0.1445015919666912,-0.02302228753367619,0.22385500857212826,2026H1
688283,2026-04-21,1,bull,none,shrinking_volume_acceleration,current_week,-0.05283446712018136,0.0,0.025623582766439945,-0.11723356009070296,0.13310657596371867,2026H1
688283,2026-05-20,2,bull,none,two_day_acceleration,current_week,-0.16514505984986816,-0.24467437614120502,-0.27348346520592404,-0.28180158247108944,0.002231689997971076,2026H1
688426,2025-09-30,1,bull,ma_bull,pullback_holds,current_week,0.03787327021121634,-0.006190823015295055,0.028040786598688916,-0.1383831026948289,0.06737072104879838,2025H2
688426,2025-10-09,3,bull,ma_bull,pullback_holds,current_week,-0.004279600570613273,0.023537803138373725,0.02639087018544939,-0.15620542082738942,0.05135520684736106,2025H2
688426,2025-10-10,4,bull,ma_bull,pullback_holds,current_week,0.03840417598806867,0.0738255033557047,0.07755406413124533,-0.1178225205070843,0.11521252796420578,2025H2
688426,2025-10-13,0,bull,ma_bull,pullback_holds,current_week,-0.03140437544107266,-0.003881439661256203,0.034227240649259194,-0.1651376146788991,0.0553987297106564,2025H2
688426,2025-10-16,3,bull,ma_bull,pullback_holds,current_week,0.02499999999999991,-0.013214285714285734,0.026071428571428523,-0.15500000000000003,0.06821428571428578,2025H2
688426,2025-10-17,4,mid,ma_bull,pullback_holds,current_week,0.021276595744680993,0.018085106382978777,0.1063829787234043,-0.1609929078014184,0.06063829787234054,2025H2
688426,2025-11-19,2,mid,ma_bull,shrinking_volume_acceleration,current_week,-0.1446153846153846,-0.19446153846153846,-0.24861538461538457,-0.20399999999999996,0.03600000000000003,2025H2
688426,2026-01-14,2,bull,none,two_day_acceleration,current_week,-0.0021505376344086446,-0.017921146953404965,-0.08853046594982084,-0.05519713261648751,0.019713261648745428,2026H1
688426,2026-01-16,4,bull,none,shrinking_volume_acceleration,current_week,0.03774289985052315,-0.004857997010463522,-0.07884902840059793,-0.015321375186846065,0.0631539611360239,2026H1
688426,2026-02-25,2,bull,none,pullback_holds,current_week,-0.11215686274509806,-0.09176470588235297,-0.19843137254901955,-0.1286274509803922,0.0007843137254901489,2026H1
688426,2026-02-27,4,bull,none,pullback_holds,current_week,-0.07399999999999995,-0.08920000000000006,-0.19120000000000004,-0.11120000000000008,0.0,2026H1
688426,2026-03-10,1,bull,none,shrinking_volume_acceleration,current_week,-0.04914529914529919,-0.13076923076923086,-0.11581196581196584,-0.18034188034188048,0.017094017094017033,2026H1
300907,2023-11-10,4,mid,none,shrinking_volume_acceleration,current_week,0.02069275753486277,-0.0062977957714800414,-0.03733693207377409,-0.014844804318488447,0.03868645973909124,2023H2
300907,2023-11-13,0,mid,none,two_day_acceleration,current_week,0.029082774049216997,0.004474272930648615,-0.03266219239373602,-0.020134228187919434,0.03310961968680082,2023H2
300907,2023-11-15,2,mid,macd_cross,shrinking_volume_acceleration,current_week,-0.01904340124003545,0.01727192205491579,-0.03587245349867152,-0.030115146147032812,0.03631532329495135,2023H2
300907,2023-11-16,3,mid,none,pullback_holds,current_week,0.008988764044943753,0.013932584269662929,-0.02696629213483137,-0.01573033707865157,0.05168539325842714,2023H2
300907,2023-12-28,3,mid,macd_stabilizing,two_day_acceleration,current_week,0.02771362586605064,0.007390300230946778,-0.12101616628175527,-0.0055427251732101945,0.050808314087759765,2023H2
300907,2023-12-29,4,mid,macd_stabilizing,shrinking_volume_acceleration,current_week,-0.02582368655387368,-0.05431878895814779,-0.19545859305431879,-0.05520926090828149,0.01291184327693684,2023H2
300907,2025-02-07,4,mid,none,pullback_holds,current_week,-0.0192738682205289,0.02196324518153303,0.034065441506051064,-0.04392649036306573,0.02689376961004042,2025H1
300907,2025-02-10,0,mid,none,shrinking_volume_acceleration,current_week,-0.015950376606114314,0.018165706690296934,0.050509525919361975,-0.054940186087726994,0.029242357111209483,2025H1
300907,2025-02-12,2,bull,none,pullback_holds,current_week,-0.029242357111209594,0.028356225077536656,0.20070890562693844,-0.054940186087726994,0.04563579973416054,2025H1
300907,2025-02-17,0,bull,macd_stabilizing,pullback_holds,current_week,0.03606853020739398,0.0054102795311090635,0.2903516681695222,-0.03832281334535603,0.06627592425608664,2025H1
300907,2025-02-19,2,bull,none,shrinking_volume_acceleration,current_week,0.053563322741715824,0.04176123467998183,0.2678166137085791,-0.008624602814344184,0.07353608715388105,2025H1
300907,2025-02-26,2,bull,macd_cross,two_day_acceleration,current_week,-0.011627906976744207,0.1670973298880276,0.16881998277347132,-0.05081826012058566,0.33505598621877697,2025H1
300907,2025-03-10,0,bull,ma_bull,two_day_acceleration,current_week,0.2137404580152671,0.11407972858354531,-0.11620016963528423,-0.006785411365564098,0.35920271416454597,2025H1
300907,2025-05-06,1,mid,macd_stabilizing,two_day_acceleration,current_week,0.1397718011409943,0.1124694376528117,0.030154849225753955,-0.022004889975550057,0.2624286878565607,2025H1
300907,2025-06-06,4,bull,ma_bull,pullback_holds,current_week,0.1564000000000001,0.011200000000000099,0.08119999999999994,-0.0043999999999999595,0.25560000000000005,2025H1
300907,2025-06-25,2,bull,ma_bull,pullback_holds,current_week,-0.0029772981019725586,-0.00409378489021206,-0.0037216226274656705,-0.01525865277260885,0.048753256419798996,2025H1
300907,2025-06-26,3,bull,ma_bull,pullback_holds,current_week,0.015207715133531252,-0.02336795252225521,-0.004821958456973308,-0.030786350148368058,0.02188427299703255,2025H1
300907,2025-06-27,4,bull,ma_bull,shrinking_volume_acceleration,current_week,-0.0055187637969094094,-0.026857983811626185,-0.00735835172921262,-0.04488594554819714,0.013612950699043447,2025H1
300907,2025-07-14,0,bull,ma_bull,pullback_holds,current_week,0.007448789571694592,0.09162011173184359,0.19106145251396645,-0.027932960893854775,0.09795158286778394,2025H2
300907,2025-07-16,2,bull,ma_bull,pullback_holds,current_week,-0.002236302646291599,0.23108460678345133,0.2169213566902719,-0.011926947446887826,0.26202012672381647,2025H2
300907,2025-07-17,3,bull,ma_bull,pullback_holds,current_week,-0.004083147735708947,0.24313288789903487,0.3552338530066814,-0.015961395694135128,0.25686711210096513,2025H2
300907,2025-07-21,0,bull,ma_bull,pullback_holds,current_week,0.08354898336414052,0.23105360443622902,0.4107208872458412,-0.019963031423290145,0.29722735674676537,2025H2
300907,2025-07-25,4,bull,ma_bull,pullback_holds,current_week,0.2419825072886297,0.14176384839650158,0.4905247813411078,-0.005102040816326592,0.27879008746355693,2025H2
300907,2025-08-01,4,bull,ma_bull,shrinking_volume_acceleration,current_week,-0.07526564344746167,0.15112160566706012,0.06050767414403779,-0.07910271546635195,0.19539551357733176,2025H2
300907,2025-09-08,0,bull,ma_bull,pullback_holds,current_week,-0.02552467385138968,0.11996596710153162,-0.0507657402155417,-0.04112308564946099,0.1996596710153149,2025H2
300907,2025-09-18,3,mid,ma_bull,two_day_acceleration,current_week,-0.05482182905556943,-0.10291552454522812,-0.17742337403438835,-0.11836531273361572,0.0032394717169199616,2025H2
300907,2025-11-04,1,bull,none,shrinking_volume_acceleration,current_week,-0.09018718094157685,-0.09841179807146905,-0.14974475326148606,-0.11003970504821325,0.0255246738513899,2025H2
300907,2025-12-25,3,bull,none,two_day_acceleration,current_week,0.003361344537815114,0.028235294117647136,0.04638655462184871,-0.02554621848739491,0.03025210084033625,2025H2
300907,2025-12-30,1,bull,none,two_day_acceleration,current_week,0.010360962566844822,-0.0030080213903743713,-0.021390374331550777,-0.02874331550802134,0.02874331550802145,2025H2
300907,2025-12-31,2,bull,none,pullback_holds,current_week,0.020552560646900142,0.02796495956873324,-0.004716981132075526,-0.02088948787061984,0.040431266846361114,2025H2
300907,2026-01-05,0,bull,none,shrinking_volume_acceleration,current_week,0.018648018648018683,0.024642024642024696,-0.022644022644022654,-0.01665001665001664,0.031968031968031996,2026H1
300907,2026-01-21,2,bull,none,shrinking_volume_acceleration,current_week,-0.05333759182369857,-0.03609070584477814,-0.010859150431172138,-0.0769722133503673,0.01820504631108255,2026H1
300907,2026-01-23,4,bull,none,shrinking_volume_acceleration,current_week,-0.07048458149779746,-0.03807426054122087,-0.05978602894902463,-0.09062303335431088,0.003146633102580232,2026H1
300907,2026-06-30,1,bull,ma_bull,shrinking_volume_acceleration,current_week,-0.07831866355308059,-0.12879468295311658,-0.3319561702892043,-0.14891323872821982,0.1359798814442248,2026H1
300907,2026-08-07,4,mid,none,pullback_holds,current_week,0.23213850280419424,0.2509144111192394,0.23213850280419424,-0.04267251889782975,0.28895391367959045,2026H2
300907,2026-08-18,1,bull,macd_cross,shrinking_volume_acceleration,current_week,-0.03436893203883484,0.006213592233009768,0.000970873786407811,-0.07165048543689312,0.058252427184465994,2026H2
300907,2026-09-02,2,mid,ma_bull,pullback_holds,current_week,0.030586401714397082,,,-0.037989479836352924,0.05980907851159167,2026H2
300907,2026-09-08,1,mid,ma_bull,pullback_holds,current_week,-0.01715919923736886,,,-0.05853193517635846,0.03717826501429933,2026H2
300907,2026-09-09,2,bull,ma_bull,shrinking_volume_acceleration,current_week,,,,-0.05978674790555982,0.022467631378522368,2026H2
002172,2023-04-27,3,mid,none,pullback_holds,current_week,0.017142857142857126,0.020000000000000018,-0.014285714285714235,-0.014285714285714235,0.06000000000000005,2023H1
002172,2023-04-28,4,bull,none,pullback_holds,current_week,0.011331444759206777,0.019830028328611915,-0.016997167138810165,-0.005665722379603388,0.05099150141643061,2023H1
002172,2023-11-20,0,mid,ma_bull,two_day_acceleration,current_week,-0.009779951100244544,0.012224938875305513,-0.041564792176039145,-0.024449877750611138,0.05867970660146704,2023H2
002172,2023-11-23,3,mid,ma_bull,shrinking_volume_acceleration,current_week,-0.007299270072992803,-0.014598540145985495,-0.051094890510948954,-0.02919708029197088,0.01703163017031617,2023H2
002172,2025-06-04,2,bull,ma_bull,shrinking_volume_acceleration,current_week,0.18798955613577006,0.09138381201044377,0.023498694516971286,-0.028720626631853707,0.3289817232375978,2025H1
002172,2025-06-12,3,bull,ma_bull,shrinking_volume_acceleration,current_week,-0.1348314606741573,-0.14157303370786511,-0.11460674157303374,-0.16629213483146077,0.14382022471910094,2025H1
002172,2025-07-01,1,bull,ma_bull,two_day_acceleration,current_week,0.0,-0.01526717557251911,0.027989821882951516,-0.03053435114503822,0.03816793893129766,2025H2
002172,2025-07-10,3,bull,ma_bull,pullback_holds,current_week,-0.007499999999999951,0.010000000000000009,0.06000000000000005,-0.04749999999999999,0.020000000000000018,2025H2
002172,2025-07-11,4,bull,ma_bull,pullback_holds,current_week,-0.005050505050505083,0.01515151515151536,0.08080808080808088,-0.037878787878787845,0.025252525252525304,2025H2
002172,2025-07-14,0,bull,none,shrinking_volume_acceleration,current_week,0.007537688442210921,0.017587939698492372,0.07788944723618085,-0.042713567839196,0.025125628140703515,2025H2
002172,2025-07-17,3,bull,none,two_day_acceleration,current_week,0.015075376884422065,0.0201005025125629,0.03266331658291466,-0.02010050251256279,0.0678391959798994,2025H2
002172,2025-07-23,2,bull,none,pullback_holds,current_week,0.017676767676767735,0.07323232323232332,0.08080808080808088,0.0,0.09090909090909105,2025H2
002172,2025-07-31,3,bull,none,two_day_acceleration,current_week,0.04433497536945796,0.012315270935960632,0.03201970443349755,-0.009852216748768461,0.08374384236453203,2025H2
002172,2025-08-01,4,bull,none,two_day_acceleration,current_week,0.054187192118226424,0.022167487684729092,0.0197044334975367,-0.009852216748768461,0.08374384236453203,2025H2
002172,2025-08-04,0,bull,none,two_day_acceleration,current_week,0.007042253521126751,-0.021126760563380254,0.0023474178403757318,-0.039906103286385,0.032863849765258246,2025H2
002172,2025-08-18,0,bull,ma_bull,pullback_holds,current_week,0.028915662650602414,0.028915662650602414,0.01927710843373487,-0.026506024096385583,0.09638554216867457,2025H2
002172,2025-08-19,1,bull,ma_bull,two_day_acceleration,current_week,0.0,-0.01869158878504673,-0.03738317757009346,-0.05607476635514019,0.06308411214953269,2025H2
002172,2025-09-08,0,bull,ma_bull,two_day_acceleration,current_week,-0.10570824524312894,-0.13319238900634267,-0.11627906976744196,-0.15010570824524305,0.09936575052854124,2025H2
002172,2025-10-10,4,bull,none,pullback_holds,current_week,0.0,0.051980198019802026,0.11633663366336622,-0.00990099009900991,0.06435643564356441,2025H2
002172,2025-10-20,0,mid,none,pullback_holds,current_week,0.03398058252427183,0.06310679611650483,0.11650485436893221,-0.004854368932038944,0.06310679611650483,2025H2
002172,2025-10-21,1,bull,none,pullback_holds,current_week,0.036144578313252795,0.055421686746987886,0.07951807228915664,-0.002409638554217053,0.057831325301204606,2025H2
002172,2025-10-22,2,bull,macd_stabilizing,two_day_acceleration,current_week,0.009411764705882453,0.03529411764705892,0.030588235294117583,-0.007058823529411784,0.040000000000000036,2025H2
002172,2025-10-31,4,bull,none,pullback_holds,current_week,0.05128205128205132,0.07459207459207473,0.0,-0.002331002331002252,0.09557109557109555,2025H2
002172,2025-11-03,0,bull,ma_bull,two_day_acceleration,current_week,0.045977011494252595,0.05747126436781613,-0.020689655172413945,-0.0045977011494253706,0.08045977011494254,2025H2
002172,2025-11-05,2,bull,ma_bull,two_day_acceleration,current_week,0.050000000000000044,-0.00454545454545463,-0.022727272727272818,-0.015909090909090984,0.06818181818181812,2025H2
002172,2025-11-06,3,bull,ma_bull,two_day_acceleration,current_week,0.03571428571428559,-0.033482142857142905,-0.0535714285714286,-0.04241071428571441,0.049107142857142794,2025H2
002172,2025-11-11,1,bull,ma_bull,shrinking_volume_acceleration,current_week,-0.0344827586206895,-0.09267241379310343,-0.11422413793103436,-0.11853448275862066,0.012931034482758674,2025H2
002172,2025-11-13,3,bull,ma_bull,shrinking_volume_acceleration,current_week,-0.06479481641468676,-0.0820734341252699,-0.14038876889848806,-0.1166306695464363,0.015118790496760237,2025H2
002172,2025-12-19,4,mid,none,pullback_holds,current_week,-0.012048192771084487,-0.002409638554217053,0.04337349397590362,-0.050602409638554335,0.016867469879517927,2025H2
002172,2026-01-07,2,bull,none,pullback_holds,current_week,0.125925925925926,0.08888888888888902,0.08641975308641991,-0.0024691358024691024,0.14814814814814836,2026H1
002172,2026-01-08,3,bull,none,pullback_holds,current_week,0.08108108108108114,0.09090909090909083,0.08353808353808345,-0.002457002457002422,0.14250614250614246,2026H1
002172,2026-01-09,4,bull,none,two_day_acceleration,current_week,0.028708133971291794,0.06698564593301448,0.06220095693779926,-0.007177033492822837,0.1124401913875599,2026H1
002172,2026-02-04,2,mid,macd_cross,pullback_holds,current_week,0.011389521640091216,0.02505694760820054,-0.03189066059225509,-0.006833712984054552,0.06150341685649208,2026H1
002172,2026-02-05,3,mid,macd_cross,pullback_holds,current_week,-0.006818181818181834,0.027272727272727337,-0.02954545454545454,-0.00909090909090915,0.05909090909090908,2026H1
002172,2026-02-06,4,mid,macd_cross,two_day_acceleration,current_week,-0.024553571428571508,-0.03125000000000011,-0.049107142857143016,-0.0379464285714286,0.0401785714285714,2026H1
002172,2026-02-24,1,bull,ma_bull,two_day_acceleration,current_week,-0.07894736842105265,-0.03289473684210531,-0.15789473684210542,-0.09210526315789491,0.021929824561403466,2026H1
002172,2026-02-27,4,bull,ma_bull,shrinking_volume_acceleration,current_week,0.0022421524663676085,-0.04260089686098645,-0.08520179372197312,-0.07174887892376691,0.004484304932735439,2026H1
002172,2026-04-08,2,mid,none,pullback_holds,current_week,-0.047381546134663166,-0.05985037406483784,-0.04488778054862841,-0.06733167082294256,0.009975062344139696,2026H1
002186,2023-04-10,0,bull,none,two_day_acceleration,current_week,0.02202937249666226,-0.11348464619492649,-0.2009345794392523,-0.11548731642189591,0.08878504672897192,2023H1
002186,2023-04-18,1,bull,none,shrinking_volume_acceleration,current_week,-0.2047803617571059,-0.20607235142118863,-0.22028423772609818,-0.21770025839793283,0.053617571059431324,2023H1
002186,2023-05-08,0,bull,none,shrinking_volume_acceleration,current_week,-0.019433198380566785,-0.0032388663967610754,-0.0008097165991902688,-0.051821862348178094,0.0,2023H1
002186,2023-05-15,0,mid,none,shrinking_volume_acceleration,current_week,0.013168724279835509,-0.04855967078189294,0.036213991769547205,-0.05020576131687238,0.053497942386831365,2023H1
002186,2023-05-22,0,mid,none,two_day_acceleration,current_week,-0.06774193548387097,-0.004838709677419395,0.024193548387096753,-0.07499999999999996,0.032258064516129004,2023H1
002186,2025-05-06,1,mid,none,shrinking_volume_acceleration,current_week,0.004752851711026684,0.019961977186311763,0.01711026615969602,-0.016159695817490438,0.02186311787072248,2025H1
002186,2025-05-08,3,bull,none,pullback_holds,current_week,-0.018814675446848672,-0.009407337723424392,-0.0018814675446849893,-0.026340545625588074,0.015992474129821188,2025H1
002186,2025-05-13,1,bull,none,pullback_holds,current_week,0.018026565464895672,-0.0018975332068312811,0.02941176470588225,-0.02561669829222024,0.024667931688804545,2025H1
002186,2025-05-14,2,bull,none,pullback_holds,current_week,0.023832221163012424,-0.0038131553860819567,0.026692087702573808,-0.02097235462345093,0.029551954242135414,2025H1
002186,2025-05-19,0,bull,none,pullback_holds,current_week,-0.010446343779677014,0.003798670465337217,-0.006647673314339797,-0.024691358024691357,0.025641025641025772,2025H1
002186,2025-05-20,1,bull,macd_stabilizing,two_day_acceleration,current_week,-0.014981273408239737,0.0018726591760300781,-0.028089887640449285,-0.03838951310861427,0.011235955056179803,2025H1
002186,2025-05-22,3,bull,none,pullback_holds,current_week,-0.0037914691943128354,0.005687203791469031,-0.03791469194312802,-0.026540284360189625,0.023696682464454888,2025H1
002186,2025-08-28,3,bull,ma_bull,two_day_acceleration,current_week,-0.11801242236024834,-0.13181504485852313,-0.20013802622498278,-0.15665976535541748,0.04209799861973762,2025H2
002186,2025-10-15,2,bull,none,pullback_holds,current_week,0.020335985853227267,0.010610079575596787,0.10786914235190093,-0.017683465959328126,0.03183023872679036,2025H2
002186,2025-10-16,3,bull,none,pullback_holds,current_week,0.03839285714285712,0.009821428571428426,0.11964285714285716,-0.00803571428571448,0.041964285714285676,2025H2
002186,2025-10-20,0,mid,none,shrinking_volume_acceleration,current_week,0.014951627088830355,0.020228671943711474,0.08091468777484612,-0.0070360598065083435,0.02638522427440626,2025H2
002186,2025-10-22,2,bull,none,pullback_holds,current_week,-0.0078125,0.01909722222222232,0.06076388888888906,-0.01996527777777768,0.02430555555555558,2025H2
002186,2025-10-23,3,bull,macd_stabilizing,shrinking_volume_acceleration,current_week,-0.028350515463917536,0.03951890034364247,0.0077319587628865705,-0.030068728522336774,0.03951890034364247,2025H2
002186,2025-10-24,4,bull,none,pullback_holds,current_week,0.005240174672489051,0.12052401746724883,-0.013100436681222738,-0.013973799126637543,0.1353711790393013,2025H2
002186,2025-10-28,1,bull,none,pullback_holds,current_week,0.007819287576020795,0.11815812337098186,0.02693310165073859,-0.019113814074717572,0.1485664639443962,2025H2
002186,2025-10-31,4,bull,none,pullback_holds,current_week,0.11468288444830588,0.06342311033883585,0.052128583840139076,-0.005212858384013752,0.1485664639443962,2025H2
002186,2025-11-03,0,bull,none,pullback_holds,current_week,0.10738831615120281,0.05584192439862545,0.03865979381443285,-0.00945017182130592,0.13573883161512024,2025H2
002186,2025-11-04,1,bull,none,pullback_holds,current_week,0.11139896373057012,0.05354058721934374,0.050949913644214195,-0.002590673575129432,0.14162348877374797,2025H2
002186,2025-11-06,3,bull,none,two_day_acceleration,current_week,0.0032000000000000917,-0.06159999999999999,-0.060799999999999965,-0.06319999999999992,0.057600000000000096,2025H2
002186,2025-12-22,0,bull,macd_cross,shrinking_volume_acceleration,current_week,-0.06138933764135701,-0.03877221324717284,-0.013731825525040375,-0.07512116316639739,0.0040387722132471104,2025H2
002186,2026-01-06,1,bull,none,pullback_holds,current_week,0.005912162162162282,0.03378378378378377,0.012668918918918859,-0.01266891891891897,0.07939189189189211,2026H1
002186,2026-01-07,2,bull,macd_stabilizing,pullback_holds,current_week,0.024472573839662504,0.0303797468354432,0.016033755274261763,-0.013502109704641385,0.07848101265822804,2026H1
002186,2026-01-08,3,bull,none,pullback_holds,current_week,0.02441077441077444,0.03367003367003374,0.034511784511784604,-0.007575757575757569,0.07575757575757569,2026H1
002186,2026-01-09,4,bull,macd_stabilizing,pullback_holds,current_week,0.042052144659377566,0.034482758620689724,0.010092514718250456,-0.003364171572750263,0.07485281749369221,2026H1
002186,2026-01-13,1,bull,ma_bull,pullback_holds,current_week,0.029436501261564274,0.007569386038688064,0.0361648444070648,-0.005887300252312877,0.07485281749369221,2026H1
002186,2026-02-05,3,mid,ma_bull,two_day_acceleration,current_week,-0.04901960784313719,-0.05065359477124176,-0.10784313725490202,-0.06372549019607843,0.01225490196078427,2026H1
603686,2023-11-08,2,mid,macd_cross,shrinking_volume_acceleration,current_week,-0.018867924528301994,-0.06289308176100639,-0.07097933513027865,-0.07816711590296499,0.018867924528301883,2023H2
603686,2024-01-02,1,mid,none,two_day_acceleration,current_week,-0.024644549763033208,-0.029383886255924252,-0.14218009478672988,-0.04454976303317537,0.0606635071090047,2024H1
603686,2025-03-17,0,bull,ma_bull,two_day_acceleration,current_week,0.1464401294498383,0.2184466019417477,-0.04288025889967628,-0.008899676375404453,0.2216828478964401,2025H1
603686,2025-03-19,2,bull,ma_bull,two_day_acceleration,current_week,0.06755695208169676,0.13432835820895517,-0.10054988216810679,-0.010212097407698462,0.22388059701492535,2025H1
603686,2025-05-08,3,bull,none,shrinking_volume_acceleration,current_week,-0.013452914798206206,0.035127055306427346,0.16591928251121058,-0.02840059790732441,0.14200298953662194,2025H1
603686,2025-05-16,4,bull,none,pullback_holds,current_week,0.02788244159758868,0.3413715146948004,0.12283345892991715,-0.012810851544837965,0.3413715146948004,2025H1
603686,2025-05-23,4,bull,ma_bull,pullback_holds,current_week,0.30307467057101034,0.14787701317715962,0.08199121522693997,-0.009516837481698293,0.36896046852122977,2025H1
603686,2025-07-10,3,bull,ma_bull,pullback_holds,current_week,0.046746683512318477,0.03853442830069498,0.11244472520530624,-0.013897662665824262,0.08654453569172449,2025H2
603686,2025-07-17,3,bull,ma_bull,shrinking_volume_acceleration,current_week,-0.008443908323281124,-0.045838359469240086,0.08082026537997589,-0.05126658624849223,0.03739445114595874,2025H2
603686,2025-07-18,4,bull,ma_bull,two_day_acceleration,current_week,-0.03803393797542409,-0.014043300175541118,0.15330602691632533,-0.07957870099473374,0.0064365125804564105,2025H2
603686,2025-07-30,2,bull,ma_bull,pullback_holds,current_week,0.07710989678202806,0.1123254401942928,0.16211293260473592,-0.04493017607771699,0.13418336369156036,2025H2
603686,2025-08-06,2,bull,ma_bull,shrinking_volume_acceleration,current_week,0.03502824858757059,0.07627118644067798,0.09717514124293802,-0.023728813559321882,0.1644067796610169,2025H2
603686,2025-08-13,2,bull,ma_bull,two_day_acceleration,current_week,0.02972972972972987,0.034594594594594685,0.03513513513513522,-0.03243243243243232,0.114054054054054,2025H2
603686,2025-09-02,1,bull,ma_bull,two_day_acceleration,current_week,0.015739769150052485,0.04512067156348398,0.14690451206715638,-0.03462749213011529,0.0692549842602308,2025H2
603686,2025-09-04,3,mid,ma_bull,pullback_holds,current_week,0.0015906680805939377,0.11452810180275708,0.2587486744432663,-0.024390243902438935,0.11452810180275708,2025H2
603686,2025-09-05,4,bull,ma_bull,pullback_holds,current_week,-0.026771653543307128,0.2136482939632547,0.3081364829396327,-0.034120734908136385,0.2136482939632547,2025H2
603686,2025-10-15,2,bull,ma_bull,shrinking_volume_acceleration,current_week,-0.0016227180527383922,0.03732251521298169,0.3630831643002028,-0.09290060851926984,0.08154158215010132,2025H2
603686,2025-11-13,3,bull,ma_bull,shrinking_volume_acceleration,current_week,-0.17044776119402982,-0.2116417910447761,-0.18149253731343273,-0.2579104477611941,0.09164179104477621,2025H2
603686,2026-01-12,0,bull,ma_bull,two_day_acceleration,current_week,-0.08631578947368423,-0.11228070175438598,-0.10912280701754384,-0.12701754385964914,0.00070175438596487,2026H1
603686,2026-02-02,0,mid,none,two_day_acceleration,current_week,0.049173553719008334,-0.023966942148760273,-0.14214876033057844,-0.03677685950413223,0.08884297520661155,2026H1
300021,2023-11-13,0,mid,none,pullback_holds,current_week,0.02254098360655754,0.016393442622950838,-0.010245901639344246,-0.006147540983606481,0.026639344262294973,2023H2
300021,2023-11-14,1,mid,none,pullback_holds,current_week,0.010204081632652962,0.020408163265306145,-0.01224489795918382,-0.00612244897959191,0.02857142857142847,2023H2
300021,2023-11-15,2,mid,none,two_day_acceleration,current_week,-0.004048582995951455,0.006072874493926905,-0.020242914979757165,-0.012145748987854366,0.020242914979756943,2023H2
300021,2023-11-16,3,mid,none,pullback_holds,current_week,0.010204081632652962,0.006122448979591688,-0.00612244897959191,-0.004081632653061273,0.02857142857142847,2023H2
300021,2023-11-17,4,mid,none,pullback_holds,current_week,0.0040567951318459805,0.0020283975659229903,-0.014198782961460377,-0.008113590263691739,0.022312373225152227,2023H2
300021,2023-11-20,0,mid,none,two_day_acceleration,current_week,-0.008000000000000007,-0.006000000000000005,-0.04800000000000004,-0.02200000000000002,0.008000000000000007,2023H2
300021,2023-11-21,1,mid,none,pullback_holds,current_week,0.014198782961460488,-0.0040567951318457585,-0.030425963488843744,-0.008113590263691739,0.022312373225152227,2023H2
300021,2023-11-23,3,mid,none,pullback_holds,current_week,-0.002024291497975894,-0.002024291497975894,-0.03441295546558698,-0.012145748987854366,0.020242914979756943,2023H2
300021,2025-05-19,0,bull,ma_bull,pullback_holds,current_week,0.043749999999999956,-0.01666666666666672,-0.04583333333333328,-0.025000000000000022,0.060416666666666785,2025H1
300021,2025-05-20,1,bull,ma_bull,two_day_acceleration,current_week,0.0060975609756097615,-0.05081300813008127,-0.08130081300812997,-0.060975609756097504,0.03455284552845517,2025H1
300021,2025-05-22,3,bull,ma_bull,pullback_holds,current_week,-0.004098360655737654,-0.030737704918032627,-0.05942622950819676,-0.05327868852459017,0.04303278688524581,2025H1
300021,2025-05-23,4,bull,ma_bull,pullback_holds,current_week,-0.0020790020790022457,-0.012474012474012586,-0.06652806652806653,-0.03950103950103956,0.05821205821205799,2025H1
300021,2025-05-29,3,bull,ma_bull,shrinking_volume_acceleration,current_week,-0.05964214711729621,-0.08349900596421467,-0.07952286282306165,-0.08548707753479123,0.011928429423459175,2025H1
300021,2025-06-09,0,bull,ma_bull,pullback_holds,current_week,-0.02748414376321351,-0.05073995771670192,0.012684989429175397,-0.07188160676532784,0.016913319238900604,2025H1
300021,2025-06-10,1,bull,ma_bull,pullback_holds,current_week,-0.029661016949152463,-0.052966101694915224,0.019067796610169552,-0.06991525423728817,0.019067796610169552,2025H1
300021,2025-06-11,2,bull,ma_bull,pullback_holds,current_week,-0.05439330543933052,-0.05648535564853563,0.0,-0.08158995815899595,0.0,2025H1
300021,2025-06-12,3,bull,ma_bull,pullback_holds,current_week,-0.06765327695560264,-0.05496828752642724,0.014799154334038,-0.07188160676532784,0.010570824524312794,2025H1
300021,2025-07-03,3,bull,none,two_day_acceleration,current_week,-0.026369168356997985,-0.04665314401622711,0.2819472616632861,-0.05476673427991874,0.08924949290060868,2025H2
300021,2025-07-25,4,bull,ma_bull,two_day_acceleration,current_week,-0.10328638497652587,-0.12676056338028174,-0.1580594679186229,-0.15962441314554,0.09859154929577452,2025H2
300021,2025-09-10,2,bull,none,pullback_holds,current_week,0.0,-0.03891050583657574,-0.05836575875486383,-0.07198443579766522,0.01945525291828809,2025H2
300021,2025-09-11,3,bull,none,pullback_holds,current_week,-0.021359223300970953,-0.05436893203883497,-0.07766990291262144,-0.0737864077669903,0.01747572815533971,2025H2
300021,2025-09-15,0,bull,none,pullback_holds,current_week,-0.04061895551257255,-0.05415860735009681,-0.048355899419729176,-0.07736943907156668,0.013539651837524147,2025H2
300021,2025-09-16,1,bull,none,pullback_holds,current_week,-0.06525911708253351,-0.06909788867562372,-0.0575815738963531,-0.08445297504798455,0.0,2025H2
300021,2025-09-17,2,bull,none,pullback_holds,current_week,-0.04077669902912617,-0.05048543689320406,-0.04854368932038833,-0.0737864077669903,0.0,2025H2
300021,2025-10-09,3,bull,none,pullback_holds,current_week,-0.010224948875255602,0.002044989775051187,-0.010224948875255602,-0.02862985685071573,0.024539877300613577,2025H2
300021,2025-10-10,4,bull,none,pullback_holds,current_week,-0.020618556701031077,0.006185567010309256,0.004123711340206171,-0.020618556701031077,0.03298969072164937,2025H2
300021,2025-10-13,0,bull,none,pullback_holds,current_week,-0.026156941649899346,-0.01609657947686116,-0.012072434607645843,-0.044265593561368166,0.008048289738430636,2025H2
300021,2025-10-27,0,bull,none,pullback_holds,current_week,0.006185567010309256,0.012371134020618513,-0.039175257731958846,-0.039175257731958846,0.04536082474226788,2025H2
300021,2025-11-03,0,bull,none,two_day_acceleration,current_week,-0.010080645161290258,0.0,-0.038306451612903136,-0.032258064516129115,0.022177419354838745,2025H2
300021,2025-11-04,1,bull,none,pullback_holds,current_week,0.027027027027026973,0.012474012474012364,-0.016632016632016633,-0.0020790020790022457,0.03534303534303529,2025H2
300021,2025-11-05,2,bull,none,pullback_holds,current_week,0.004106776180698102,-0.012320328542094416,-0.04106776180698157,-0.02053388090349073,0.022587268993840004,2025H2
300021,2025-11-06,3,bull,none,pullback_holds,current_week,0.0,-0.030487804878048697,-0.06300813008130068,-0.0325203252032521,0.012195121951219523,2025H2
300021,2025-11-07,4,bull,none,pullback_holds,current_week,0.014373716632443578,-0.04928131416837789,-0.04722792607802884,-0.04928131416837789,0.022587268993840004,2025H2
000758,2023-04-10,0,bull,none,pullback_holds,current_week,0.07948243992606274,0.009242144177449063,0.001848428835489857,-0.020332717190388205,0.08872458410351203,2023H1
000758,2023-04-11,1,bull,none,two_day_acceleration,current_week,0.04496402877697836,-0.04496402877697836,-0.07194244604316558,-0.05755395683453246,0.059352517985611364,2023H1
000758,2023-05-10,2,mid,macd_stabilizing,pullback_holds,current_week,-0.06690777576853524,-0.14647377938517192,-0.139240506329114,-0.15009041591320071,0.005424954792043524,2023H1
000758,2023-06-16,4,mid,none,two_day_acceleration,current_week,-0.029166666666666563,-0.002083333333333326,0.01041666666666674,-0.060416666666666674,0.029166666666666785,2023H1
000758,2025-02-07,4,mid,none,two_day_acceleration,current_week,-0.011904761904761862,-0.017857142857142794,0.007936507936507908,-0.039682539682539764,0.011904761904762085,2025H1
000758,2025-02-24,0,bull,macd_stabilizing,pullback_holds,current_week,-0.0060606060606061,0.030303030303030276,0.05656565656565671,-0.02626262626262621,0.04444444444444429,2025H1
000758,2025-02-26,2,bull,macd_stabilizing,pullback_holds,current_week,-0.004032258064516014,0.04435483870967727,0.058467741935483986,-0.028225806451612878,0.07056451612903247,2025H1
000758,2025-03-04,1,mid,macd_stabilizing,pullback_holds,current_week,0.05040322580645151,0.04233870967741926,0.01814516129032251,-0.016129032258064502,0.07056451612903247,2025H1
000758,2025-03-05,2,bull,macd_stabilizing,pullback_holds,current_week,0.04225352112676051,0.04024144869215296,0.012072434607645954,-0.008048289738430636,0.06841046277666019,2025H1
000758,2025-03-06,3,bull,macd_stabilizing,pullback_holds,current_week,0.038076152304609145,0.04008016032064132,0.006012024048096309,-0.004008016032064243,0.06412825651302612,2025H1
000758,2025-03-07,4,bull,macd_stabilizing,two_day_acceleration,current_week,0.01764705882352935,0.0117647058823529,-0.11372549019607847,-0.013725490196078494,0.04117647058823537,2025H1
000758,2025-03-24,0,mid,ma_bull,pullback_holds,current_week,-0.04761904761904767,-0.13333333333333341,-0.10476190476190472,-0.16380952380952385,0.026666666666666616,2025H1
000758,2025-04-24,3,mid,none,pullback_holds,current_week,0.017057569296375252,0.04051172707889106,0.017057569296375252,-0.019189765458422103,0.05330490405117261,2025H1
000758,2025-04-25,4,mid,none,pullback_holds,current_week,0.017057569296375252,0.04690831556503183,0.017057569296375252,-0.019189765458422103,0.05330490405117261,2025H1
000758,2025-07-23,2,bull,ma_bull,shrinking_volume_acceleration,current_week,-0.0032573289902281255,-0.03420195439739426,0.03257328990227992,-0.05211726384364823,0.11563517915309451,2025H2
000758,2025-08-20,2,bull,ma_bull,two_day_acceleration,current_week,0.05714285714285716,0.05238095238095242,0.06666666666666665,-0.01904761904761909,0.1539682539682541,2025H2
000758,2025-08-28,3,bull,ma_bull,shrinking_volume_acceleration,current_week,-0.04692082111436957,-0.008797653958944385,-0.07917888563049857,-0.06451612903225812,0.06598240469208205,2025H2
000758,2025-09-29,0,bull,ma_bull,two_day_acceleration,current_week,0.12597200622083982,0.08087091757387266,-0.004665629860031051,-0.0015552099533436836,0.22550544323483668,2025H2
000758,2025-10-27,0,bull,ma_bull,pullback_holds,current_week,-0.06204906204906202,-0.059163059163059084,-0.14862914862914856,-0.09379509379509376,0.00721500721500723,2025H2
000758,2025-11-11,1,bull,none,pullback_holds,current_week,-0.044546850998463894,-0.07834101382488479,-0.06298003072196612,-0.10599078341013812,0.03686635944700467,2025H2
000758,2025-11-12,2,bull,none,pullback_holds,current_week,-0.0444104134762634,-0.09341500765696786,-0.06278713629402755,-0.10872894333843797,0.03369065849923425,2025H2
000758,2025-11-13,3,bull,ma_bull,two_day_acceleration,current_week,-0.05580693815987936,-0.105580693815988,-0.09653092006033182,-0.12217194570135737,0.007541478129713397,2025H2
000758,2025-11-14,4,bull,ma_bull,pullback_holds,current_week,-0.11145038167938925,-0.07938931297709917,-0.07938931297709917,-0.11145038167938925,0.0015267175572519776,2025H2
000758,2025-12-19,4,mid,none,two_day_acceleration,current_week,0.04669887278582929,0.10950080515297911,0.1690821256038646,-0.006441223832528209,0.1223832528180353,2025H2
000758,2025-12-23,1,bull,none,two_day_acceleration,current_week,0.023659305993690927,0.07886435331230279,0.21608832807570977,-0.017350157728706517,0.11514195583596232,2025H2
000758,2025-12-31,2,bull,none,two_day_acceleration,current_week,0.0492537313432837,0.05671641791044779,0.18208955223880596,-0.017910447761193993,0.09104477611940309,2025H2
000758,2026-01-09,4,bull,none,two_day_acceleration,current_week,-0.005617977528089901,0.1362359550561798,0.026685393258427004,-0.03651685393258419,0.1573033707865168,2026H1
000758,2026-01-19,0,bull,none,shrinking_volume_acceleration,current_week,0.22377622377622375,0.0,0.07972027972027962,-0.03356643356643363,0.33286713286713265,2026H1
000758,2026-01-20,1,bull,none,two_day_acceleration,current_week,0.13296398891966765,0.04155124653739617,0.17590027700831024,-0.011080332409972193,0.3199445983379501,2026H1
000758,2026-01-21,2,bull,none,two_day_acceleration,current_week,0.22448979591836715,0.039455782312925125,0.16326530612244894,-0.02857142857142858,0.29659863945578224,2026H1
000758,2026-04-09,3,mid,none,pullback_holds,current_week,0.008823529411764675,0.01911764705882346,0.10588235294117654,-0.022058823529411686,0.06617647058823528,2026H1
000758,2026-04-10,4,mid,none,pullback_holds,current_week,0.03731343283582089,0.032835820895522394,0.12537313432835817,-0.007462686567164201,0.08208955223880587,2026H1
000758,2026-04-13,0,mid,none,shrinking_volume_acceleration,current_week,0.01434720229555242,-0.00430416068866557,0.06169296987087525,-0.04160688665710188,0.04017216642754673,2026H1
000758,2026-04-14,1,mid,none,two_day_acceleration,current_week,0.02034883720930236,-0.01017441860465107,0.027616279069767602,-0.029069767441860517,0.053779069767441845,2026H1
000758,2026-04-20,0,bull,none,two_day_acceleration,current_week,-0.015602836879432536,0.06241134751773059,-0.04680851063829783,-0.04680851063829783,0.06808510638297882,2026H1
000758,2026-04-30,3,bull,none,pullback_holds,current_week,0.06970128022759603,-0.004267425320056972,-0.02560455192034139,-0.03271692745376964,0.10810810810810811,2026H1
000758,2026-05-11,0,bull,none,two_day_acceleration,current_week,-0.07911802853437089,-0.08690012970168615,-0.1867704280155641,-0.12970168612191957,0.0077821011673151474,2026H1
000758,2026-05-13,2,bull,none,shrinking_volume_acceleration,current_week,-0.07569721115537853,-0.10358565737051795,-0.15537848605577687,-0.11022576361221781,0.01859229747675961,2026H1
000758,2026-05-26,1,mid,none,pullback_holds,current_week,-0.03656821378340358,-0.10126582278481011,-0.005625879043600568,-0.13502109704641352,0.02250351617440227,2026H1
000758,2026-06-03,2,mid,none,two_day_acceleration,current_week,-0.08489208633093526,0.0014388489208632116,-0.05755395683453246,-0.1151079136690647,0.03884892086330938,2026H1
000061,2023-09-11,0,mid,ma_bull,two_day_acceleration,current_week,-0.025936599423631246,-0.02017291066282434,-0.05475504322766567,-0.04755043227665712,0.015850144092218965,2023H2
000061,2023-09-12,1,mid,none,pullback_holds,current_week,-0.014450867052023031,-0.013005780346820761,-0.049132947976878616,-0.044797687861271585,0.013005780346820872,2023H2
000061,2023-09-14,3,mid,none,pullback_holds,current_week,-0.020467836257309857,0.007309941520468044,-0.0657894736842104,-0.033625730994152,0.024853801169590684,2023H2
000061,2023-11-06,0,mid,none,pullback_holds,current_week,-0.004615384615384688,0.012307692307692353,0.05846153846153834,-0.01692307692307682,0.020000000000000018,2023H2
000061,2023-11-07,1,mid,none,pullback_holds,current_week,-0.016641452344931973,-0.004538577912254205,0.036308623298033416,-0.033282904689863835,0.010590015128592922,2023H2
000061,2023-11-15,2,mid,none,pullback_holds,current_week,0.03840245775729656,0.03840245775729656,0.043010752688172005,-0.009216589861751112,0.05222734254992334,2023H2
000061,2023-11-20,0,mid,none,pullback_holds,current_week,0.031722054380664666,0.0392749244712991,0.012084592145015227,-0.007552870090634434,0.0453172205438066,2023H2
000061,2023-11-21,1,mid,none,pullback_holds,current_week,0.027314112291350723,0.03945371775417317,0.012139605462822445,-0.0015174506828528056,0.054628224582701,2023H2
000061,2024-01-02,1,mid,none,pullback_holds,current_week,-0.030864197530864224,-0.0277777777777779,-0.07870370370370383,-0.05092592592592593,0.015432098765431945,2024H1
000061,2024-01-03,2,mid,none,pullback_holds,current_week,-0.03379416282642089,-0.05837173579109056,-0.10291858678955457,-0.05837173579109056,0.010752688172043001,2024H1
000061,2024-01-04,3,mid,none,pullback_holds,current_week,-0.0395738203957382,-0.08675799086757996,-0.1278538812785388,-0.11719939117199396,0.0015220700152207556,2024H1
000061,2024-01-26,4,mid,none,pullback_holds,current_week,-0.10985460420032322,0.001615508885298933,-0.00646203554119551,-0.19224555735056548,0.056542810985460434,2024H1
000061,2025-04-01,1,mid,none,pullback_holds,current_week,0.1439749608763694,0.07511737089201875,-0.007824726134585402,-0.009389671361502372,0.2003129890453832,2025H1
000061,2025-04-03,3,mid,none,two_day_acceleration,current_week,0.0314371257485031,-0.010479041916167553,-0.026946107784431073,-0.0479041916167664,0.14820359281437123,2025H1
000061,2025-10-10,4,bull,ma_bull,two_day_acceleration,current_week,0.012345679012345734,0.09506172839506188,0.029629629629629672,-0.012345679012345623,0.15925925925925943,2025H2
000061,2025-10-13,0,bull,ma_bull,pullback_holds,current_week,-0.023809523809523947,0.08690476190476204,0.0011904761904761862,-0.030952380952380953,0.11785714285714288,2025H2
000061,2025-10-14,1,bull,ma_bull,two_day_acceleration,current_week,0.059929494712103404,-0.012925969447708519,0.08695652173913038,-0.04347826086956508,0.10340775558166881,2025H2
000061,2025-10-23,3,bull,none,shrinking_volume_acceleration,current_week,-0.05986696230598665,-0.0687361419068735,0.1274944567627494,-0.08093126385809302,0.022172949002217335,2025H2
000061,2025-11-14,4,bull,ma_bull,shrinking_volume_acceleration,current_week,-0.034782608695652084,-0.07729468599033806,-0.10821256038647331,-0.09951690821256032,0.049275362318840665,2025H2
000061,2025-12-01,0,mid,ma_bull,pullback_holds,current_week,-0.03416149068322982,0.050724637681159424,0.054865424430641685,-0.06314699792960654,0.050724637681159424,2025H2
000061,2025-12-19,4,mid,ma_bull,shrinking_volume_acceleration,current_week,0.040752351097178785,0.0553814002089863,0.03552769070010453,-0.0052246603970742544,0.12539184952978055,2025H2
000061,2025-12-29,0,bull,ma_bull,two_day_acceleration,current_week,-0.009861932938855955,-0.019723865877712132,-0.06903353057199224,-0.04536489151873779,0.062130177514792884,2025H2
000061,2026-02-24,1,bull,none,pullback_holds,current_week,0.0065430752453654595,0.004362050163577047,-0.11668484187568162,-0.04580152671755722,0.04471101417666312,2026H1
000061,2026-02-25,2,bull,none,pullback_holds,current_week,-0.006535947712418166,0.016339869281045694,-0.1241830065359476,-0.04684095860566451,0.04357298474945548,2026H1
000061,2026-02-26,3,bull,none,pullback_holds,current_week,-0.027502750275027465,0.025302530253025424,-0.12541254125412538,-0.037403740374037375,0.053905390539053855,2026H1
000061,2026-02-27,4,bull,none,pullback_holds,current_week,0.018640350877193068,0.010964912280701622,-0.14802631578947367,-0.040570175438596645,0.05043859649122795,2026H1
000061,2026-03-02,0,bull,none,pullback_holds,current_week,-0.02032085561497321,-0.016042780748662944,-0.19999999999999996,-0.06417112299465233,0.024598930481283476,2026H1
000061,2026-03-03,1,bull,none,pullback_holds,current_week,-0.0032467532467531646,-0.023809523809523836,-0.2012987012987013,-0.053030303030303094,0.03463203463203457,2026H1
000061,2026-04-08,2,mid,none,shrinking_volume_acceleration,current_week,0.00137174211248281,0.028806584362139898,0.012345679012345734,-0.024691358024691357,0.03840877914952001,2026H1
000061,2026-04-14,1,mid,none,pullback_holds,current_week,0.014804845222072816,-0.025572005383580065,-0.0713324360699864,-0.036339165545087426,0.018842530282638048,2026H1
000061,2026-04-15,2,mid,none,pullback_holds,current_week,0.025991792065663377,0.019151846785225635,-0.0861833105335158,-0.02051983584131334,0.035567715458276306,2026H1
000061,2026-04-16,3,mid,none,shrinking_volume_acceleration,current_week,0.02452316076294281,0.005449591280654031,-0.0831062670299727,-0.024523160762942697,0.03133514986376018,2026H1
000061,2026-04-17,4,mid,none,two_day_acceleration,current_week,0.005412719891745521,0.018944519621109546,-0.09878213802435731,-0.0311231393775373,0.02976995940460081,2026H1
000061,2026-04-21,1,bull,none,two_day_acceleration,current_week,-0.03208556149732622,-0.008021390374331583,-0.12700534759358295,-0.042780748663101664,0.017379679144384985,2026H1
000061,2026-04-23,3,bull,none,shrinking_volume_acceleration,current_week,-0.013368983957219305,-0.0401069518716578,-0.12433155080213909,-0.042780748663101664,0.017379679144384985,2026H1
000061,2026-04-29,2,bull,none,shrinking_volume_acceleration,current_week,-0.005390835579514808,-0.09973045822102433,-0.11051212938005384,-0.10646900269541781,0.025606469002695365,2026H1
301111,2025-08-01,4,bull,ma_bull,two_day_acceleration,current_week,-0.0054555373704310295,-0.04528096017457728,-0.0916530278232408,-0.06219312602291327,0.06437534097108566,2025H2
301111,2025-08-18,0,bull,ma_bull,pullback_holds,current_week,-0.011280315848843703,-0.041173152848279826,-0.06486181613085162,-0.10377890580936266,0.022560631697687406,2025H2
301111,2025-08-19,1,bull,ma_bull,pullback_holds,current_week,-0.01179775280898876,-0.061797752808988804,-0.053370786516853896,-0.10730337078651686,0.0050561797752808335,2025H2
301111,2025-08-25,0,bull,ma_bull,pullback_holds,current_week,-0.035734543391945484,-0.02212138400453756,-0.09699376063528076,-0.0986954055587067,0.013045944412932498,2025H2
301111,2025-08-26,1,bull,ma_bull,pullback_holds,current_week,-0.05382436260623247,-0.045892351274787635,-0.10481586402266296,-0.09971671388101988,0.0028328611898016387,2025H2
301111,2025-11-11,1,bull,none,shrinking_volume_acceleration,current_week,0.006655574043261225,0.019412090959511907,0.3161397670549084,-0.07931225734886294,0.08153078202995001,2025H2
301111,2025-11-12,2,bull,none,two_day_acceleration,current_week,-0.042048517520215656,0.18921832884097034,0.26307277628032333,-0.10512129380053903,0.18921832884097034,2025H2
301111,2025-11-14,4,bull,none,shrinking_volume_acceleration,current_week,-0.09546925566343045,0.2319309600863,0.1488673139158576,-0.1046386192017259,0.4277238403451995,2025H2
301111,2026-01-09,4,bull,none,two_day_acceleration,current_week,0.03368121442125216,0.034629981024667744,0.025142314990512116,-0.01755218216318788,0.20872865275142316,2026H1
301111,2026-01-16,4,bull,none,pullback_holds,current_week,0.009722222222222188,-0.06620370370370365,0.04166666666666652,-0.08194444444444438,0.13425925925925908,2026H1
301111,2026-01-28,2,bull,none,shrinking_volume_acceleration,current_week,-0.08191584601611457,0.0214861235452104,-0.0734109221128022,-0.11235452103849586,0.08146821844225616,2026H1
301111,2026-02-12,3,bull,ma_bull,shrinking_volume_acceleration,current_week,-0.004380201489268543,-0.07271134472185725,-0.17564607971966717,-0.11957950065703027,0.03854577310556273,2026H1
301111,2026-04-27,0,bull,none,two_day_acceleration,current_week,0.08324496288441141,0.28048780487804903,0.47401908801696724,-0.015376458112407176,0.3393425238600214,2026H1
301111,2026-05-06,2,bull,none,shrinking_volume_acceleration,current_week,0.18406729341909944,0.2736269173676398,0.37753587333003447,-0.009896091044037547,0.3800098960910441,2026H1
301111,2026-05-13,2,bull,macd_cross,shrinking_volume_acceleration,current_week,0.04591629418935406,0.16212921576594885,0.12555871596911827,-0.053230394148719995,0.24664770418529058,2026H1
301111,2026-07-01,2,bull,ma_bull,shrinking_volume_acceleration,current_week,-0.16122913505311076,-0.171092564491654,-0.32776934749620645,-0.21851289833080423,0.06980273141122906,2026H2
301111,2026-08-06,3,mid,none,two_day_acceleration,current_week,0.04256410256410259,0.11641025641025649,0.1430769230769231,-0.014358974358974375,0.2641025641025643,2026H2
301111,2026-08-07,4,mid,none,two_day_acceleration,current_week,-0.0073135056070210425,0.05948317893710375,0.0980009751340809,-0.04631886884446623,0.20185275475377873,2026H2
002996,2025-09-08,0,bull,ma_bull,pullback_holds,current_week,0.024836601307189454,-0.06405228758169934,0.027450980392156765,-0.07973856209150332,0.045751633986928164,2025H2
002996,2025-09-09,1,bull,ma_bull,pullback_holds,current_week,0.012953367875647714,-0.09455958549222787,0.02849740932642497,-0.10492227979274604,0.0362694300518136,2025H2
002996,2025-09-11,3,bull,ma_bull,pullback_holds,current_week,-0.05032258064516126,-0.08387096774193536,-0.032258064516129004,-0.10838709677419356,0.032258064516129004,2025H2
002996,2025-10-15,2,bull,macd_cross,shrinking_volume_acceleration,current_week,-0.03148614609571787,0.00881612090680095,0.057934508816120944,-0.06045340050377834,0.03400503778337538,2025H2
002996,2025-10-30,3,bull,ma_bull,two_day_acceleration,current_week,0.04523227383863082,0.03422982885085579,-0.08679706601466997,-0.0317848410757946,0.06356968215158942,2025H2
002996,2025-12-22,0,bull,none,pullback_holds,current_week,0.013513513513513375,0.05270270270270272,0.11216216216216224,-0.020270270270270285,0.07837837837837847,2025H2
002996,2025-12-23,1,bull,none,pullback_holds,current_week,0.01084010840108407,0.05420054200542013,0.1355013550135502,-0.017615176151761558,0.08130081300813008,2025H2
002996,2025-12-24,2,bull,none,pullback_holds,current_week,0.02857142857142847,0.07346938775510203,0.16870748299319716,-0.013605442176870874,0.08571428571428563,2025H2
002996,2025-12-25,3,bull,none,pullback_holds,current_week,0.02422611036339184,0.05652759084791392,0.16150740242261108,-0.014804845222072593,0.07402422611036341,2025H2
002996,2025-12-26,4,bull,none,two_day_acceleration,current_week,0.028833551769331667,0.026212319790301475,0.12057667103538683,-0.0406290956749672,0.04587155963302769,2025H2
002996,2026-01-09,4,bull,none,two_day_acceleration,current_week,-0.008805031446540879,0.08050314465408803,0.007547169811320753,-0.035220125786163514,0.08679245283018866,2026H1
002996,2026-01-19,0,bull,none,shrinking_volume_acceleration,current_week,0.0667490729295428,0.006180469715698411,-0.014833127317676165,-0.014833127317676165,0.13226205191594564,2026H1
002996,2026-01-21,2,bull,macd_cross,shrinking_volume_acceleration,current_week,0.08282582216808776,-0.0036540803897686658,-0.012180267965895442,-0.02192448233861166,0.11571254567600486,2026H1
002996,2026-01-22,3,bull,macd_cross,two_day_acceleration,current_week,0.053507728894173434,-0.05945303210463737,-0.01189060642092743,-0.06539833531510109,0.08917954815695595,2026H1
002996,2026-01-23,4,bull,macd_cross,two_day_acceleration,current_week,-0.022067363530778095,-0.06968641114982577,-0.0557491289198605,-0.10336817653890817,0.06387921022067378,2026H1
002996,2026-04-14,1,mid,none,two_day_acceleration,current_week,-0.006702412868632712,-0.004021447721179627,-0.04959785522788207,-0.04289544235924925,0.01608579088471851,2026H1
002996,2026-04-29,2,bull,none,shrinking_volume_acceleration,current_week,0.0026631158455392434,-0.05858854860186413,-0.06924101198402122,-0.08122503328894803,0.02130492676431417,2026H1
002996,2026-05-06,2,bull,none,two_day_acceleration,current_week,-0.021080368906455926,-0.04743083003952564,-0.09486166007905139,-0.09090909090909083,0.010540184453228019,2026H1
002996,2026-05-08,4,bull,none,shrinking_volume_acceleration,current_week,-0.06587615283267456,-0.03820816864295129,-0.14229249011857714,-0.09090909090909083,0.010540184453228019,2026H1
600381,2025-08-20,2,bull,ma_bull,shrinking_volume_acceleration,current_week,0.013100436681222627,0.13755458515283836,0.10262008733624439,-0.0393013100436681,0.21179039301310043,2025H2
600381,2025-08-28,3,bull,ma_bull,shrinking_volume_acceleration,current_week,0.04210526315789487,0.03157894736842115,0.06315789473684208,-0.012631578947368327,0.1684210526315788,2025H2
600381,2025-09-16,1,bull,ma_bull,two_day_acceleration,current_week,-0.025000000000000022,-0.05576923076923079,0.04807692307692313,-0.07307692307692304,0.013461538461538414,2025H2
600381,2025-09-19,4,mid,ma_bull,pullback_holds,current_week,-0.008080808080808133,-0.07070707070707061,0.018181818181818077,-0.07474747474747478,0.05454545454545445,2025H2
600381,2025-10-17,4,mid,ma_bull,pullback_holds,current_week,0.055776892430278835,-0.02788844621513953,-0.059760956175298974,-0.08764940239043828,0.1633466135458166,2025H2
600381,2025-11-11,1,bull,ma_bull,pullback_holds,current_week,-0.037422037422037535,-0.04573804573804585,-0.04573804573804585,-0.0852390852390853,0.01039501039501034,2025H2
600381,2025-11-13,3,bull,ma_bull,pullback_holds,current_week,-0.05833333333333324,-0.07499999999999984,-0.07499999999999984,-0.08333333333333326,0.004166666666666874,2025H2
600381,2025-12-31,2,bull,none,pullback_holds,current_week,-0.09589041095890405,-0.05022831050228305,-0.19863013698630128,-0.12557077625570767,0.006849315068493178,2025H2
600381,2026-01-16,4,bull,none,pullback_holds,current_week,0.012048192771084265,-0.1542168674698795,-0.2722891566265061,-0.1542168674698795,0.06265060240963849,2026H1
600381,2026-01-23,4,bull,none,pullback_holds,current_week,-0.17021276595744683,-0.29314420803782504,-0.3191489361702129,-0.3356973995271868,0.0,2026H1
300675,2023-11-08,2,mid,none,two_day_acceleration,current_week,-0.001941747572815622,0.055016181229773364,-0.009708737864077666,-0.02977346278317161,0.07313915857605191,2023H2
300675,2023-11-10,4,mid,none,pullback_holds,current_week,0.027851458885941538,0.021883289124668526,-0.018567639257294433,0.0,0.09946949602122035,2023H2
300675,2023-11-16,3,mid,none,pullback_holds,current_week,0.030342156229825834,-0.02453195610071024,0.010329244673983329,-0.034215622982569305,0.07036797934151084,2023H2
300675,2023-11-17,4,mid,none,shrinking_volume_acceleration,current_week,-0.004521963824289377,-0.007751937984496138,0.007105943152454719,-0.03359173126614989,0.07105943152454786,2023H2
300675,2023-11-20,0,mid,none,two_day_acceleration,current_week,-0.02866242038216571,0.006369426751592355,-0.0197452229299363,-0.04713375796178343,0.056050955414012726,2023H2
300675,2025-03-11,1,bull,macd_stabilizing,pullback_holds,current_week,0.020103761348897464,-0.05252918287937747,-0.14396887159533067,-0.07392996108949412,0.035019455252918386,2025H1
300675,2025-03-12,2,bull,macd_stabilizing,pullback_holds,current_week,0.032450331125827736,-0.007947019867549643,-0.10794701986754962,-0.05430463576158928,0.05695364238410594,2025H1
300675,2025-03-14,4,bull,macd_stabilizing,pullback_holds,current_week,0.013123359580052396,-0.04986876640419946,-0.1148293963254593,-0.06299212598425186,0.047244094488189115,2025H1
300675,2025-04-22,1,mid,none,two_day_acceleration,current_week,-0.02558635394456288,0.014214641080312562,-0.014214641080312673,-0.04335465529495375,0.03766879886282859,2025H1
300675,2025-09-15,0,bull,none,shrinking_volume_acceleration,current_week,-0.027116402116402094,0.025793650793650702,0.08465608465608443,-0.03373015873015883,0.04828042328042326,2025H2
300675,2025-09-16,1,bull,none,pullback_holds,current_week,-0.005944517833553542,0.017173051519154603,0.14134742404227207,-0.03500660501981512,0.04689564068692209,2025H2
300675,2025-09-17,2,bull,none,pullback_holds,current_week,0.00591715976331364,-0.0039447731755424265,0.3635765943458251,-0.039447731755424154,0.04207758053911892,2025H2
300675,2025-09-25,3,bull,none,pullback_holds,current_week,0.003285151116951379,0.05256241787122207,0.1281208935611038,-0.040078843626806915,0.08278580814717484,2025H2
300675,2025-10-13,0,bull,macd_stabilizing,two_day_acceleration,current_week,0.023974763406940047,0.13690851735015763,0.07886435331230301,-0.037223974763406886,0.41514195583596214,2025H2
300675,2025-10-15,2,bull,macd_stabilizing,pullback_holds,current_week,0.11627906976744184,0.09431524547803627,0.1246770025839794,-0.014211886304909549,0.4489664082687337,2025H2
300675,2025-10-17,4,mid,ma_bull,two_day_acceleration,current_week,0.18866749688667506,0.06911581569115843,0.0965130759651307,-0.004358655043586457,0.3966376089663761,2025H2
300675,2025-11-03,0,bull,ma_bull,two_day_acceleration,current_week,-0.022857142857142798,0.0,-0.0028571428571428914,-0.044571428571428595,0.05657142857142872,2025H2
300675,2025-11-04,1,bull,ma_bull,pullback_holds,current_week,0.020606754436176544,-0.015455065827132186,-0.017172295363480083,-0.04293073840870065,0.05838580423583295,2025H2
300675,2025-11-05,2,bull,ma_bull,pullback_holds,current_week,-0.032777777777777795,-0.06277777777777771,-0.0672222222222223,-0.07111111111111112,0.004444444444444473,2025H2
300675,2025-11-06,3,bull,ma_bull,pullback_holds,current_week,-0.0011527377521614035,-0.02420749279538914,-0.059942363112392094,-0.036311239193083766,0.04207492795389056,2025H2
300675,2025-12-01,0,mid,ma_bull,pullback_holds,current_week,-0.04833141542002306,-0.0966628308400459,-0.08918296892980426,-0.1104718066743382,0.0,2025H2
300675,2026-01-05,0,bull,none,pullback_holds,current_week,0.021410579345088054,0.027707808564231717,0.01700251889168758,-0.018891687657430767,0.047229219143576806,2026H1
300675,2026-01-06,1,bull,none,two_day_acceleration,current_week,0.029522613065326775,0.03015075376884413,0.04271356783919611,-0.021356783919597944,0.04459798994974862,2026H1
300675,2026-01-12,0,bull,none,two_day_acceleration,current_week,0.004926108374384119,0.011083743842364546,0.03571428571428559,-0.014778325123152802,0.025862068965517127,2026H1
300675,2026-01-15,3,bull,none,pullback_holds,current_week,0.017199017199017064,0.008599508599508532,0.010442260442260265,-0.02518427518427524,0.039312039312039415,2026H1
300675,2026-01-16,4,bull,none,pullback_holds,current_week,0.028054862842892936,0.028054862842892936,0.029925187032419087,-0.010598503740648302,0.054862842892768215,2026H1
300675,2026-02-06,4,mid,none,shrinking_volume_acceleration,current_week,-0.019584569732937762,-0.07774480712166176,-0.045697329376854556,-0.08783382789317506,0.011275964391691318,2026H1
300675,2026-02-24,1,bull,none,two_day_acceleration,current_week,-0.10588235294117643,-0.05999999999999994,-0.12941176470588234,-0.12470588235294111,0.0023529411764704466,2026H1
300675,2026-02-25,2,bull,none,pullback_holds,current_week,-0.10083532219570412,-0.05429594272076388,-0.08711217183770892,-0.11217183770883055,0.005369928400954738,2026H1
300675,2026-03-10,1,bull,none,shrinking_volume_acceleration,current_week,-0.010572139303482664,-0.07960199004975133,-0.05597014925373145,-0.14303482587064675,0.025497512437810954,2026H1
300675,2026-05-12,1,bull,none,two_day_acceleration,current_week,-0.02004860267314712,-0.0990279465370596,-0.16767922235722965,-0.10874848116646418,0.014580801944106936,2026H1
300675,2026-05-13,2,bull,none,pullback_holds,current_week,-0.03164942178940955,-0.1205112598904442,-0.1752891052951917,-0.13755325623858794,0.0066950699939134495,2026H1
300675,2026-05-18,0,bull,none,pullback_holds,current_week,-0.06740196078431371,-0.0894607843137255,-0.1825980392156863,-0.14460784313725483,0.013480392156862697,2026H1
000050,2024-02-29,3,bull,none,shrinking_volume_acceleration,current_week,-0.030534351145038108,-0.014176663031624792,-0.10468920392584502,-0.03598691384950925,0.02399127589967298,2024H1
000050,2024-03-11,0,bull,none,pullback_holds,current_week,-0.004362050163576825,-0.07851690294438396,-0.13413304252998903,-0.08069792802617237,0.01526717557251911,2024H1
000050,2024-03-12,1,bull,none,pullback_holds,current_week,-0.01847826086956539,-0.09239130434782628,-0.1467391304347826,-0.10108695652173927,0.011956521739130421,2024H1
000050,2024-03-13,2,bull,none,pullback_holds,current_week,-0.024918743228602436,-0.12892741061755142,-0.14951245937161428,-0.13109425785482132,0.004333694474539351,2024H1
000050,2024-03-15,4,bull,none,pullback_holds,current_week,-0.04699453551912569,-0.09726775956284162,-0.1693989071038251,-0.12459016393442623,0.013114754098360493,2024H1
000050,2025-08-01,4,bull,ma_bull,pullback_holds,current_week,0.019565217391304346,0.033695652173912904,0.10760869565217379,-0.008695652173913104,0.06521739130434767,2025H2
000050,2025-08-04,0,bull,ma_bull,pullback_holds,current_week,0.04623655913978486,0.026881720430107503,0.08172043010752694,-0.0010752688172043223,0.053763440860215006,2025H2
000050,2025-08-05,1,bull,ma_bull,two_day_acceleration,current_week,0.03397027600849256,0.00849256900212314,0.0424628450106157,-0.009554140127388533,0.04033970276008492,2025H2
000050,2025-08-08,4,bull,ma_bull,pullback_holds,current_week,0.009554140127388422,0.04883227176220806,0.05944798301486198,-0.0031847133757960666,0.06263269639065805,2025H2
000050,2025-08-14,3,bull,ma_bull,pullback_holds,current_week,0.025396825396825307,0.08783068783068759,0.033862433862433594,-0.006349206349206438,0.0888888888888888,2025H2
000050,2025-08-15,4,bull,ma_bull,pullback_holds,current_week,0.034554973821989465,0.06701570680628266,0.020942408376963373,-0.015706806282722585,0.07853403141361248,2025H2
000050,2025-08-18,0,bull,ma_bull,pullback_holds,current_week,0.02617801047120416,0.05340314136125657,0.012565445026177846,-0.015706806282722585,0.07853403141361248,2025H2
000050,2025-08-21,3,bull,ma_bull,pullback_holds,current_week,0.05544147843942504,-0.017453798767967155,-0.005133470225872738,-0.035934291581108835,0.05749486652977409,2025H2
000050,2025-08-26,1,bull,ma_bull,shrinking_volume_acceleration,current_week,-0.02093718843469583,-0.054835493519441614,-0.001994017946161497,-0.06380857427716835,0.026919242273180544,2025H2
000050,2025-09-22,0,mid,ma_bull,two_day_acceleration,current_week,-0.0010000000000000009,-0.05899999999999994,-0.04499999999999993,-0.06099999999999994,0.03499999999999992,2025H2
000050,2025-09-25,3,bull,ma_bull,two_day_acceleration,current_week,-0.02259332023575622,-0.10903732809430255,-0.04616895874263249,-0.1110019646365421,0.011787819253438192,2025H2
000050,2025-09-26,4,mid,ma_bull,pullback_holds,current_week,-0.01816347124117046,-0.07568113017154388,0.0,-0.08678102926337028,0.03128153380423826,2025H2
000050,2025-10-10,4,bull,ma_bull,pullback_holds,current_week,-0.0591286307053942,-0.01556016597510379,0.01763485477178417,-0.06120331950207469,0.025933609958506132,2025H2
000050,2025-11-07,4,bull,macd_stabilizing,pullback_holds,current_week,-0.03153611393692779,-0.11902339776195314,-0.05493387589013221,-0.11902339776195314,0.004069175991861851,2025H2
000050,2025-12-01,0,mid,none,two_day_acceleration,current_week,-0.004314994606256617,-0.0442286947141316,-0.04099244875943897,-0.050701186623516636,0.01833872707659112,2025H2
000050,2025-12-29,0,bull,none,pullback_holds,current_week,0.048532731376975446,0.14446952595936802,0.16478555304740428,-0.003386004514672636,0.19525959367945833,2025H2
000050,2025-12-31,2,bull,none,pullback_holds,current_week,0.13510520487264688,0.1196013289036546,0.07419712070874884,-0.006644518272425071,0.1727574750830565,2025H2
000050,2026-02-24,1,bull,ma_bull,pullback_holds,current_week,-0.04183673469387761,-0.04183673469387761,-0.18877551020408168,-0.08979591836734702,0.03673469387755102,2026H1
000050,2026-02-25,2,bull,ma_bull,two_day_acceleration,current_week,-0.08183632734530921,-0.05688622754491002,-0.19760479041916157,-0.1097804391217565,0.0139720558882237,2026H1
002556,2025-07-21,0,bull,ma_bull,two_day_acceleration,current_week,-0.0016611295681063787,-0.024916943521594792,-0.04651162790697683,-0.036544850498339,0.023255813953488413,2025H2
002556,2025-07-24,3,bull,ma_bull,shrinking_volume_acceleration,current_week,-0.04723127035830621,-0.0423452768729643,-0.04723127035830621,-0.05537459283387636,0.0032573289902280145,2025H2
002556,2025-08-11,0,bull,none,pullback_holds,current_week,-0.03691275167785235,-0.021812080536912748,-0.052013422818791843,-0.0453020134228187,0.006711409395973256,2025H2
002556,2025-08-12,1,bull,none,pullback_holds,current_week,-0.035175879396984966,-0.018425460636515845,-0.05695142378559459,-0.04690117252931314,0.005025125628140836,2025H2
002556,2025-08-13,2,bull,none,pullback_holds,current_week,-0.030201342281879096,-0.03523489932885904,-0.057046979865771785,-0.0453020134228187,0.006711409395973256,2025H2
002556,2025-08-21,3,bull,none,pullback_holds,current_week,-0.02564102564102566,-0.04615384615384621,-0.04957264957264962,-0.06495726495726506,0.00512820512820511,2025H2
002556,2025-08-22,4,bull,none,pullback_holds,current_week,-0.020547945205479423,-0.044520547945205435,-0.03424657534246578,-0.06335616438356162,0.006849315068493178,2025H2
002556,2025-08-26,1,bull,none,pullback_holds,current_week,-0.04429301533219754,-0.040885860306643984,-0.0732538330494037,-0.0681431005110733,0.0017035775127767216,2025H2
002556,2025-09-16,1,bull,none,pullback_holds,current_week,-0.03716814159292037,-0.03362831858407089,0.012389380530973382,-0.05663716814159292,0.001769911504424737,2025H2
002556,2025-09-30,1,bull,none,pullback_holds,current_week,0.021897810218978186,0.04379562043795615,0.062043795620437825,-0.010948905109489093,0.04744525547445244,2025H2
002556,2025-10-09,3,bull,none,pullback_holds,current_week,0.0072727272727273196,0.056363636363636394,0.07454545454545447,-0.014545454545454528,0.06000000000000005,2025H2
002556,2025-10-10,4,bull,none,pullback_holds,current_week,0.02752293577981657,0.06055045871559628,0.09541284403669725,-0.005504587155963359,0.07155963302752277,2025H2
002556,2025-10-14,1,bull,none,pullback_holds,current_week,0.023381294964028854,0.03776978417266186,0.0953237410071941,-0.00899280575539585,0.050359712230215736,2025H2
002556,2025-10-15,2,bull,none,pullback_holds,current_week,0.021428571428571352,0.03750000000000009,0.10892857142857126,-0.016071428571428736,0.042857142857142705,2025H2
002556,2025-10-20,0,mid,none,shrinking_volume_acceleration,current_week,0.015789473684210575,0.03157894736842093,0.10000000000000009,-0.00877192982456132,0.04210526315789487,2025H2
002556,2025-10-23,3,bull,none,two_day_acceleration,current_week,0.005136986301369939,0.011986301369863117,0.03595890410958913,-0.022260273972602773,0.051369863013698724,2025H2
002556,2025-10-30,3,bull,none,two_day_acceleration,current_week,0.00339558573853993,0.08488964346349759,-0.025466893039049143,-0.03056027164685904,0.10526315789473695,2025H2
002556,2025-11-04,1,bull,macd_cross,pullback_holds,current_week,0.06654991243432562,0.07705779334500873,0.028021015761821477,0.0,0.14010507880910672,2025H2
002556,2025-11-05,2,bull,none,pullback_holds,current_week,0.0670103092783505,0.04982817869415812,0.01718213058419238,-0.0068728522336769515,0.11855670103092764,2025H2
002556,2025-11-06,3,bull,macd_cross,two_day_acceleration,current_week,0.08121827411167515,0.02368866328257191,-0.013536379018612488,-0.0033840947546531774,0.10152284263959377,2025H2
002556,2025-11-10,0,bull,none,two_day_acceleration,current_week,0.029556650246305605,-0.054187192118226646,-0.014778325123152691,-0.07224958949096871,0.06896551724137923,2025H2
002556,2025-11-13,3,bull,none,two_day_acceleration,current_week,-0.02889245585874811,-0.07865168539325851,-0.07223113964687,-0.0930979133226324,0.025682182985553803,2025H2
002556,2025-12-19,4,mid,none,two_day_acceleration,current_week,0.028523489932885893,0.021812080536912637,0.04530201342281881,-0.008389261744966459,0.05369127516778538,2025H2
002556,2025-12-25,3,bull,none,two_day_acceleration,current_week,-0.008291873963515717,0.011608623548922115,0.06467661691542292,-0.011608623548922115,0.041459369817578695,2025H2
002556,2026-01-06,1,bull,ma_bull,pullback_holds,current_week,-0.0033003300330033403,0.028052805280528004,0.03300330033003296,-0.01980198019801982,0.03135313531353123,2026H1
002556,2026-01-07,2,bull,ma_bull,pullback_holds,current_week,0.0066334991708125735,0.036484245439469376,0.04975124378109452,-0.01492537313432829,0.03814262023217241,2026H1
002556,2026-01-09,4,bull,ma_bull,pullback_holds,current_week,-0.014802631578947345,0.047697368421052655,0.03453947368421062,-0.023026315789473673,0.05263157894736836,2026H1
002556,2026-01-12,0,bull,ma_bull,pullback_holds,current_week,0.011513157894736947,0.05592105263157898,0.06085526315789469,-0.023026315789473673,0.06414473684210531,2026H1
002556,2026-01-15,3,bull,ma_bull,two_day_acceleration,current_week,0.03571428571428559,0.06980519480519476,0.03409090909090917,-0.0357142857142857,0.07629870129870131,2026H1
002556,2026-01-19,0,bull,ma_bull,shrinking_volume_acceleration,current_week,0.04390243902439028,0.001626016260162677,0.060162601626016166,-0.003252032520325243,0.08943089430894302,2026H1
002556,2026-01-22,3,bull,ma_bull,two_day_acceleration,current_week,0.03291536050156729,-0.02037617554858928,0.053291536050156685,-0.03605015673981182,0.050156739811912265,2026H1
002556,2026-01-29,3,bull,ma_bull,two_day_acceleration,current_week,-0.03993855606758834,-0.021505376344086002,0.07373271889400934,-0.055299539170506784,0.043010752688172005,2026H1
002556,2026-02-09,0,bull,ma_bull,two_day_acceleration,current_week,-0.0045801526717556,0.009160305343511421,0.018320610687022842,-0.04427480916030535,0.03969465648854964,2026H1
002556,2026-02-10,1,bull,ma_bull,pullback_holds,current_week,0.024502297090352343,0.03369065849923425,0.013782542113323082,-0.04134762633996947,0.04287901990811638,2026H1
002556,2026-02-27,4,bull,ma_bull,shrinking_volume_acceleration,current_week,0.03555555555555556,0.029629629629629672,-0.06518518518518512,-0.03555555555555556,0.08000000000000007,2026H1
002556,2026-04-08,2,mid,none,pullback_holds,current_week,-0.016286644951140183,0.021172638436482094,-0.030944625407166138,-0.02931596091205224,0.06514657980456007,2026H1
002556,2026-04-09,3,mid,none,pullback_holds,current_week,0.03104575163398704,0.02777777777777768,-0.05392156862745101,-0.02614379084967322,0.06862745098039214,2026H1
002556,2026-04-10,4,mid,none,pullback_holds,current_week,0.04567699836867867,0.09624796084828713,-0.05220228384991832,-0.027732463295269127,0.12398042414355648,2026H1
601997,2024-11-04,0,bull,ma_bull,pullback_holds,current_week,0.004966887417218624,0.04470198675496695,-0.0016556291390728006,-0.009933774834437026,0.07781456953642385,2024H2
601997,2024-11-05,1,bull,ma_bull,pullback_holds,current_week,-0.011437908496732097,0.02777777777777768,-0.004901960784313819,-0.02287581699346397,0.06372549019607843,2024H2
601997,2024-11-06,2,bull,ma_bull,pullback_holds,current_week,0.008278145695364225,0.0281456953642385,0.0033112582781458233,-0.009933774834437026,0.07781456953642385,2024H2
601997,2024-11-08,4,bull,ma_bull,pullback_holds,current_week,-0.030645161290322687,-0.03548387096774186,-0.012903225806451646,-0.03709677419354851,0.050000000000000044,2024H2
601997,2024-11-21,3,bull,ma_bull,pullback_holds,current_week,-0.025889967637540368,-0.021035598705501646,-0.0307443365695792,-0.0453074433656957,0.0016181229773464256,2024H2
601997,2024-12-03,1,bull,ma_bull,pullback_holds,current_week,0.01317957166392092,-0.011532125205930832,-0.011532125205930832,-0.014827018121911006,0.036243822075782584,2024H2
601997,2024-12-04,2,bull,ma_bull,pullback_holds,current_week,0.013245033112582849,0.0,-0.03642384105960261,-0.009933774834437026,0.041390728476821126,2024H2
601997,2024-12-06,4,bull,ma_bull,pullback_holds,current_week,-0.008183306055646433,-0.02782324058919805,-0.04746317512274956,-0.029459901800327426,0.029459901800327204,2024H2
601997,2024-12-09,0,bull,none,pullback_holds,current_week,-0.03039999999999987,-0.04799999999999993,-0.0623999999999999,-0.05120000000000002,0.006399999999999961,2024H2
601997,2024-12-10,1,bull,ma_bull,pullback_holds,current_week,-0.024390243902439046,-0.021138211382113803,-0.04878048780487798,-0.03577235772357734,0.006504065040650486,2024H2
601997,2024-12-12,3,bull,ma_bull,pullback_holds,current_week,-0.026016260162601612,-0.016260162601626105,-0.07317073170731714,-0.03577235772357734,0.0,2024H2
601997,2024-12-24,1,bull,none,pullback_holds,current_week,-0.0066225165562914245,-0.03145695364238399,-0.04966887417218535,-0.054635761589403975,0.024834437086092676,2024H2
601997,2024-12-25,2,bull,ma_bull,pullback_holds,current_week,-0.041186161449752845,-0.04612850082372322,-0.03953871499176276,-0.05930807248764425,0.01976935749588149,2024H2
601997,2024-12-26,3,bull,ma_bull,pullback_holds,current_week,-0.046280991735537125,-0.057851239669421406,-0.03140495867768589,-0.057851239669421406,0.023140495867768784,2024H2
601997,2024-12-27,4,bull,ma_bull,pullback_holds,current_week,-0.03960396039603964,-0.06765676567656764,-0.02640264026402639,-0.07425742574257432,0.021452145214521323,2024H2
601997,2024-12-30,0,bull,ma_bull,two_day_acceleration,current_week,-0.04404567699836859,-0.06199021207177813,-0.047308319738988636,-0.08482871125611735,0.00978792822185981,2024H2
601997,2025-01-27,0,mid,macd_stabilizing,two_day_acceleration,current_week,-0.011824324324324231,-0.008445945945945943,-0.027027027027027084,-0.023648648648648574,0.0016891891891892552,2025H1
601997,2025-02-11,1,mid,none,pullback_holds,current_week,0.0034188034188034067,-0.02051282051282055,-0.013675213675213738,-0.022222222222222365,0.013675213675213627,2025H1
601997,2025-02-12,2,bull,macd_stabilizing,pullback_holds,current_week,-0.0017094017094018144,-0.010256410256410331,-0.010256410256410331,-0.022222222222222365,0.013675213675213627,2025H1
601997,2025-02-13,3,bull,none,pullback_holds,current_week,-0.0034188034188035177,-0.010256410256410331,-0.006837606837606813,-0.022222222222222365,0.013675213675213627,2025H1
601997,2025-02-14,4,bull,none,pullback_holds,current_week,-0.008547008547008628,-0.018803418803418848,0.006837606837606591,-0.022222222222222365,0.013675213675213627,2025H1
601997,2025-02-18,1,bull,macd_stabilizing,pullback_holds,current_week,-0.022184300341296925,-0.017064846416382395,0.006825938566553003,-0.023890784982935287,0.005119453924914641,2025H1
601997,2025-03-04,1,mid,none,pullback_holds,current_week,0.0,0.022530329289428108,0.019064124783362058,-0.006932409012131768,0.029462738301559765,2025H1
601997,2025-03-05,2,bull,macd_stabilizing,pullback_holds,current_week,-0.0034423407917384408,0.0206540447504302,0.025817555938037806,-0.013769363166953541,0.022375215146299476,2025H1
601997,2025-03-06,3,bull,macd_stabilizing,pullback_holds,current_week,0.0017241379310346527,0.018965517241379404,0.03275862068965529,-0.012068965517241237,0.02758620689655178,2025H1
601997,2025-03-07,4,bull,macd_stabilizing,pullback_holds,current_week,0.01903114186851207,0.01730103806228378,-0.03287197231833916,-0.00865051903114189,0.03114186851211076,2025H1
601997,2025-03-14,4,bull,none,two_day_acceleration,current_week,-0.001697792869269965,-0.003395585738539819,-0.032258064516129004,-0.008488964346349714,0.011884550084889645,2025H1
601997,2025-03-24,0,mid,none,pullback_holds,current_week,-0.0033840947546531774,-0.03384094754653133,-0.006768189509306244,-0.07275803722504226,0.013536379018612488,2025H1
601997,2025-03-25,1,mid,none,pullback_holds,current_week,-0.010101010101010166,-0.045454545454545525,-0.02020202020202022,-0.07744107744107742,0.008417508417508435,2025H1
601997,2025-03-26,2,mid,none,pullback_holds,current_week,0.010169491525423568,-0.03389830508474578,-0.006779661016949157,-0.07118644067796609,0.015254237288135464,2025H1
601997,2025-03-27,3,mid,none,pullback_holds,current_week,0.011824324324324342,-0.042229729729729715,0.006756756756756799,-0.07432432432432423,0.011824324324324342,2025H1
601997,2025-03-31,0,mid,none,pullback_holds,current_week,-0.028911564625850317,-0.022108843537414935,-0.00340136054421758,-0.0680272108843537,0.018707482993197244,2025H1
601997,2025-04-01,1,mid,none,pullback_holds,current_week,-0.0357142857142857,-0.015306122448979553,-0.018707482993197133,-0.0680272108843537,0.018707482993197244,2025H1
601997,2025-04-02,2,mid,none,pullback_holds,current_week,-0.04201680672268904,-0.025210084033613467,-0.031932773109243806,-0.0789915966386554,0.006722689075630228,2025H1
601997,2025-04-22,1,mid,none,pullback_holds,current_week,-0.0017035775127768327,0.01192504258943794,0.023850085178875657,-0.022146507666098825,0.027257240204429323,2025H1
601997,2025-04-25,4,mid,none,two_day_acceleration,current_week,-0.028475711892797295,0.011725293132328396,0.011725293132328396,-0.038525963149078635,0.01340033500837512,2025H1
601997,2025-05-08,3,bull,macd_stabilizing,pullback_holds,current_week,0.022108843537415046,0.03061224489795933,0.005102040816326481,0.0,0.03741496598639471,2025H1
601997,2025-05-14,2,bull,ma_bull,two_day_acceleration,current_week,-0.0033112582781456013,0.0,0.004966887417218624,-0.018211920529801362,0.013245033112582849,2025H1
601997,2025-05-16,4,bull,ma_bull,pullback_holds,current_week,0.00670016750418756,0.021775544388609847,0.0201005025125629,-0.00335008375209378,0.025125628140703515,2025H1
601997,2025-05-23,4,bull,ma_bull,pullback_holds,current_week,0.01666666666666683,-0.011666666666666714,0.036666666666666625,-0.021666666666666612,0.04833333333333334,2025H1
601997,2025-05-28,2,mid,ma_bull,pullback_holds,current_week,0.018242122719734688,0.0066334991708125735,0.05970149253731338,-0.026533996683250405,0.04311774461028195,2025H1
601997,2025-07-01,1,bull,ma_bull,shrinking_volume_acceleration,current_week,0.047169811320754595,0.08176100628930816,0.014150943396226356,-0.0015723270440251014,0.12893081761006275,2025H2
601997,2025-07-07,0,bull,ma_bull,shrinking_volume_acceleration,current_week,0.050974512743628075,-0.0014992503748125774,-0.0419790104947525,-0.010494752623688042,0.07646176911544234,2025H2
601997,2025-07-10,3,bull,ma_bull,two_day_acceleration,current_week,-0.04558404558404561,-0.06695156695156701,-0.07977207977207978,-0.06980056980056981,0.022792022792022637,2025H2
601997,2025-07-14,0,bull,ma_bull,shrinking_volume_acceleration,current_week,-0.05531914893617018,-0.06950354609929066,-0.09503546099290783,-0.07801418439716312,0.0028368794326241176,2025H2
601997,2025-08-05,1,bull,ma_bull,two_day_acceleration,current_week,-0.018404907975460127,-0.030674846625766916,-0.05521472392638038,-0.04754601226993871,0.0015337423312882237,2025H2
601997,2025-08-06,2,bull,ma_bull,pullback_holds,current_week,-0.015479876160990669,-0.020123839009287936,-0.06346749226006199,-0.03869969040247678,0.006191950464396356,2025H2
601997,2025-08-07,3,bull,ma_bull,pullback_holds,current_week,-0.020123839009287936,-0.009287925696594312,-0.05882352941176472,-0.03869969040247678,0.006191950464396356,2025H2
601997,2025-08-08,4,bull,ma_bull,pullback_holds,current_week,-0.020280811232449292,-0.009360374414976502,-0.060842433697347875,-0.03120124804992197,0.0031201248049921304,2025H2
601997,2025-08-18,0,bull,none,shrinking_volume_acceleration,current_week,0.023771790808240878,-0.02694136291600635,-0.05388272583201281,-0.030110935023771823,0.02535657686212356,2025H2
601997,2025-08-19,1,bull,none,pullback_holds,current_week,0.0031746031746031633,-0.022222222222222143,-0.05555555555555547,-0.03174603174603163,0.026984126984126888,2025H2
601997,2025-08-20,2,bull,none,pullback_holds,current_week,-0.026856240126382325,-0.04423380726698267,-0.06161137440758291,-0.04739336492890989,0.02211690363349117,2025H2
601997,2025-08-21,3,bull,none,pullback_holds,current_week,-0.03442879499217533,-0.04851330203442883,-0.08294209702660416,-0.0657276995305166,0.012519561815336422,2025H2
601997,2025-08-22,4,bull,none,pullback_holds,current_week,-0.025196850393700787,-0.051968503937007915,-0.0771653543307087,-0.05984251968503951,0.018897637795275424,2025H2
601997,2025-09-29,0,bull,none,pullback_holds,current_week,0.025817555938037806,0.029259896729776136,0.06884681583476748,-0.012048192771084376,0.03958691910499135,2025H2
601997,2025-10-09,3,bull,none,pullback_holds,current_week,0.03993055555555558,0.05208333333333348,0.0746527777777779,-0.003472222222222099,0.05555555555555558,2025H2
601997,2025-10-10,4,bull,none,pullback_holds,current_week,0.03119584055459268,0.0433275563258233,0.06932409012131702,-0.005199306759098854,0.05719237435008662,2025H2
601997,2025-10-13,0,bull,none,pullback_holds,current_week,0.022222222222222143,0.029059829059828957,0.058119658119658135,-0.005128205128205221,0.042735042735042805,2025H2
601997,2025-10-14,1,bull,none,two_day_acceleration,current_week,0.005042016806722671,0.003361344537815114,0.04537815126050404,-0.010084033613445453,0.025210084033613578,2025H2
601997,2025-10-15,2,bull,none,pullback_holds,current_week,0.01517706576728517,-0.005059021922428242,0.04721753794266448,-0.006745362563237767,0.028667790893760703,2025H2
601997,2025-10-20,0,mid,none,shrinking_volume_acceleration,current_week,0.005008347245408995,0.023372287145241977,0.02170283806343898,-0.016694490818030094,0.03505843071786319,2025H2
601997,2025-10-24,4,bull,none,pullback_holds,current_week,0.009966777408637828,0.02491694352159457,-0.006644518272425293,-0.021594684385382146,0.03654485049833878,2025H2
601997,2025-11-04,1,bull,none,shrinking_volume_acceleration,current_week,0.0,-0.025723472668810143,-0.022508038585209,-0.02893890675241151,0.008038585209003246,2025H2
601997,2025-11-06,3,bull,none,shrinking_volume_acceleration,current_week,0.0,-0.004846526655896688,-0.024232633279483107,-0.024232633279483107,0.01292407108239102,2025H2
603823,2023-03-30,3,mid,none,two_day_acceleration,current_week,-0.12718846549948515,-0.1627188465499485,-0.17868177136972196,-0.17816683831101965,0.01750772399588052,2023H1
603823,2023-03-31,4,bull,none,pullback_holds,current_week,-0.14344685242518052,-0.14860681114551078,-0.18472652218782237,-0.17647058823529405,0.01031991744066052,2023H1
603823,2023-06-15,3,mid,none,two_day_acceleration,current_week,-0.20466666666666666,-0.18200000000000005,-0.18800000000000006,-0.26,0.09066666666666667,2023H1
603823,2023-06-16,4,mid,none,pullback_holds,current_week,-0.19028340080971662,-0.15384615384615385,-0.17476383265856954,-0.2510121457489879,0.10391363022941968,2023H1
603823,2025-03-06,3,bull,none,shrinking_volume_acceleration,current_week,-0.008780487804878057,-0.0039024390243901363,0.0409756097560976,-0.023414634146341484,0.039024390243902474,2025H1
603823,2025-03-24,0,mid,none,pullback_holds,current_week,0.009900990099010132,-0.08712871287128698,0.0108910891089109,-0.1188118811881187,0.07524752475247531,2025H1
603823,2025-03-25,1,mid,none,two_day_acceleration,current_week,0.00764087870105068,-0.11556829035339067,-0.018147086914995336,-0.2015281757402102,0.0372492836676217,2025H1
603823,2025-04-03,3,mid,ma_bull,two_day_acceleration,current_week,-0.0813492063492064,-0.050595238095238027,0.052579365079365115,-0.1706349206349207,0.01388888888888884,2025H1
603823,2025-05-08,3,bull,none,two_day_acceleration,current_week,-0.0337078651685393,-0.041198501872659166,0.10018726591760307,-0.04400749063670406,0.01872659176029967,2025H1
603823,2025-05-20,1,bull,ma_bull,pullback_holds,current_week,0.015340364333652934,0.09683604985618399,0.07670182166826467,-0.024928092042185934,0.09683604985618399,2025H1
603823,2025-05-21,2,bull,ma_bull,two_day_acceleration,current_week,-0.02167766258246928,0.1602262016965128,0.1639962299717248,-0.041470311027332674,0.1856738925541943,2025H1
603823,2025-07-15,1,bull,ma_bull,two_day_acceleration,current_week,0.0007122507122507837,-0.07763532763532766,-0.024216524216524205,-0.0883190883190883,0.03347578347578328,2025H2
603823,2025-07-17,3,bull,ma_bull,pullback_holds,current_week,-0.018745493871665575,-0.08868060562364821,-0.0418168709444845,-0.09012256669069929,0.046142754145638065,2025H2
603823,2025-08-05,1,bull,ma_bull,pullback_holds,current_week,0.06780982073265784,0.07326578332034295,0.2533125487139518,-0.014029618082618822,0.088074824629774,2025H2
603823,2025-08-06,2,bull,ma_bull,pullback_holds,current_week,0.05352986811481775,0.06283941039565555,0.13886733902249793,-0.018619084561675714,0.0830100853374709,2025H2
603823,2025-08-07,3,bull,ma_bull,pullback_holds,current_week,0.043990573448546844,0.08641005498821674,0.14375490966221527,-0.00628436763550666,0.10447761194029859,2025H2
603823,2025-08-14,3,bull,none,pullback_holds,current_week,0.039068369646882095,0.12997746055597292,0.048835462058602674,-0.003005259203606392,0.1682945154019535,2025H2
603823,2025-08-19,1,bull,none,shrinking_volume_acceleration,current_week,0.09182935647143897,0.1626898047722345,-0.010122921185827916,-0.02747650036153282,0.17353579175704992,2025H2
603823,2025-08-28,3,bull,ma_bull,shrinking_volume_acceleration,current_week,-0.03384207033842068,-0.07365627073656267,-0.031187790311877905,-0.10418049104180493,0.0769741207697412,2025H2
603823,2025-09-29,0,bull,ma_bull,two_day_acceleration,current_week,0.08238446081714668,0.024782317481580884,0.2987273945077027,-0.008037508372404467,0.1500334896182185,2025H2
603823,2025-10-28,1,bull,ma_bull,pullback_holds,current_week,0.29008649367930794,0.10844976713240184,0.09980039920159678,-0.03725881570192946,0.29008649367930794,2025H2
603823,2026-01-06,1,bull,none,pullback_holds,current_week,0.039166140240050495,0.2002526847757422,0.07201516108654449,-0.019583070120025248,0.23183828174352494,2026H1
603823,2026-01-07,2,bull,none,pullback_holds,current_week,0.07414448669201512,0.2034220532319393,0.08618504435994923,-0.01647655259822567,0.23574144486692017,2026H1
603823,2026-01-08,3,bull,none,pullback_holds,current_week,0.10076530612244916,0.22066326530612246,0.0714285714285714,-0.010204081632653073,0.24362244897959195,2026H1
603823,2026-01-22,3,bull,ma_bull,shrinking_volume_acceleration,current_week,-0.05088265835929384,-0.12772585669781933,-0.07995846313603339,-0.1365524402907582,0.04776739356178594,2026H1
603823,2026-01-23,4,bull,ma_bull,two_day_acceleration,current_week,-0.10144927536231885,-0.07646176911544234,-0.13743128435782104,-0.16941529235382313,0.007996001999000413,2026H1
603823,2026-02-25,2,bull,ma_bull,two_day_acceleration,current_week,-0.04561003420752552,0.01425313568985187,-0.09806157354618006,-0.06898517673888238,0.054161915621436796,2026H1
603823,2026-02-27,4,bull,ma_bull,pullback_holds,current_week,0.045220377790498256,-0.03377218088151113,-0.11505437893531756,-0.06525472238122476,0.05838580423583295,2026H1
603823,2026-04-08,2,mid,none,two_day_acceleration,current_week,-0.029487179487179382,0.0692307692307692,0.15897435897435908,-0.04679487179487174,0.07499999999999996,2026H1
603823,2026-04-10,4,mid,none,pullback_holds,current_week,0.06176084099868584,0.07687253613666223,0.2825229960578186,-0.022996057818659654,0.10183968462549275,2026H1
603823,2026-04-17,4,mid,none,two_day_acceleration,current_week,0.025015634771732298,0.0694183864915574,0.47529706066291433,-0.012507817385866149,0.07129455909943716,2026H1
603823,2026-04-21,1,bull,none,shrinking_volume_acceleration,current_week,-0.0042787286063570296,0.06662591687041575,0.4168704156479217,-0.034841075794620924,0.11063569682151608,2026H1
603823,2026-04-22,2,bull,none,shrinking_volume_acceleration,current_week,-0.025547445255474588,0.0997566909975669,0.5510948905109487,-0.03953771289537711,0.12530413625304138,2026H1
603823,2026-04-24,4,bull,none,shrinking_volume_acceleration,current_week,0.054254007398273796,0.20345252774352662,0.6491985203452528,-0.02651048088779273,0.23921085080147986,2026H1
603823,2026-05-18,0,bull,none,shrinking_volume_acceleration,current_week,0.23188405797101463,0.3560386473429953,1.1328502415458939,0.0,0.3719806763285025,2026H1
603823,2026-05-22,4,mid,none,shrinking_volume_acceleration,current_week,0.05848195769390285,0.22853587722936552,1.1310659477395273,-0.054334301119867257,0.27747822480298634,2026H1
603823,2026-06-03,2,mid,ma_bull,two_day_acceleration,current_week,0.3930366116295765,0.6826992103374014,1.1974156496769561,-0.06568557071069625,0.7315147164393396,2026H1
603823,2026-06-15,0,bull,ma_bull,shrinking_volume_acceleration,current_week,0.1887952630380323,0.2427693008426326,0.5140059212024595,-0.03142792074698253,0.2990207242086085,2026H1
603823,2026-08-07,4,mid,ma_bull,pullback_holds,current_week,0.05876211782252039,0.1595824011931395,-0.21312453392990305,-0.0442953020134228,0.38478747203579444,2026H2
301215,2025-03-10,0,bull,macd_stabilizing,shrinking_volume_acceleration,current_week,0.013675213675213627,-0.013675213675213738,-0.13333333333333341,-0.03418803418803418,0.04615384615384599,2025H1
301215,2025-03-12,2,bull,macd_stabilizing,pullback_holds,current_week,0.011884550084889645,0.005093378607809784,-0.09337860780984719,-0.04074702886247872,0.039049235993208864,2025H1
301215,2025-03-14,4,bull,macd_stabilizing,pullback_holds,current_week,0.0016920473773265332,-0.015228426395939021,-0.0930626057529611,-0.04399323181049064,0.035532994923857864,2025H1
301215,2025-03-20,3,bull,none,pullback_holds,current_week,-0.028286189683860208,-0.02662229617304479,-0.11314475873544094,-0.05990016638935103,0.009983361064891838,2025H1
301215,2025-03-21,4,mid,none,pullback_holds,current_week,-0.016891891891891886,-0.16891891891891897,-0.09459459459459452,-0.1976351351351351,0.008445945945945832,2025H1
301215,2025-08-05,1,bull,ma_bull,pullback_holds,current_week,0.02384737678855342,0.015898251192368873,0.015898251192368873,-0.0015898251192368873,0.0349761526232113,2025H2
301215,2025-08-06,2,bull,ma_bull,two_day_acceleration,current_week,0.009360374414976613,0.012480499219968744,-0.03120124804992197,-0.020280811232449292,0.015600624024960874,2025H2
301215,2025-08-11,0,bull,ma_bull,two_day_acceleration,current_week,-0.012326656394452962,0.0030816640986131016,-0.02157164869029271,-0.03235747303543912,0.015408320493066174,2025H2
301215,2025-08-18,0,bull,ma_bull,pullback_holds,current_week,0.018779342723004522,0.0015649452269170805,0.010954616588419341,-0.018779342723004744,0.04381846635367759,2025H2
301215,2025-08-19,1,bull,ma_bull,pullback_holds,current_week,0.026479750778816147,-0.004672897196261627,0.006230529595015577,-0.024922118380062308,0.0389408099688473,2025H2
301215,2025-08-21,3,bull,ma_bull,pullback_holds,current_week,0.012422360248447228,-0.04037267080745355,0.21118012422360244,-0.05434782608695665,0.03571428571428559,2025H2
301215,2025-08-22,4,bull,ma_bull,pullback_holds,current_week,-0.01075268817204289,-0.03379416282642089,0.056835637480798784,-0.06451612903225801,0.02457757296466978,2025H2
301215,2025-08-28,3,bull,ma_bull,pullback_holds,current_week,-0.057926829268292845,-0.015243902439024515,0.012195121951219523,-0.07164634146341475,0.0060975609756097615,2025H2
301215,2025-09-11,3,bull,ma_bull,pullback_holds,current_week,0.20930232558139528,0.029457364341085368,-0.03100775193798455,-0.013953488372092981,0.21085271317829468,2025H2
301215,2025-09-15,0,bull,ma_bull,pullback_holds,current_week,0.06366459627329202,0.04968944099378869,-0.004658385093167738,-0.004658385093167738,0.21273291925465831,2025H2
301215,2025-09-16,1,bull,ma_bull,pullback_holds,current_week,0.08229813664596253,0.03416149068322971,-0.0031055900621118626,-0.004658385093167738,0.21273291925465831,2025H2
301215,2025-09-17,2,bull,ma_bull,two_day_acceleration,current_week,0.04103343465045595,0.03647416413373872,-0.0227963525835867,0.0,0.18693009118541037,2025H2
301215,2025-10-10,4,bull,ma_bull,pullback_holds,current_week,-0.02037617554858928,0.009404388714733702,0.05485893416927912,-0.021943573667711602,0.042319749216300995,2025H2
301215,2025-10-27,0,bull,none,pullback_holds,current_week,0.04608294930875578,0.04608294930875578,0.003072196620583778,-0.009216589861751112,0.06451612903225801,2025H2
301215,2025-10-28,1,bull,none,pullback_holds,current_week,0.02739726027397249,0.0426179604261796,-0.0015220700152206446,-0.0182648401826484,0.0547945205479452,2025H2
301215,2025-10-29,2,bull,none,pullback_holds,current_week,0.022556390977443552,0.022556390977443552,-0.021052631578947434,-0.010526315789473717,0.042105263157894646,2025H2
301215,2025-11-03,0,bull,none,two_day_acceleration,current_week,0.002945508100147265,-0.0176730486008837,-0.027982326951399017,-0.022091310751104487,0.020618556701030855,2025H2
301215,2025-11-05,2,bull,none,shrinking_volume_acceleration,current_week,-0.001468428781204234,-0.0396475770925111,-0.052863436123348095,-0.04552129221732748,0.017621145374449254,2025H2
301215,2025-11-07,4,bull,none,pullback_holds,current_week,0.0014880952380953438,-0.04910714285714268,-0.0401785714285714,-0.05357142857142849,0.026785714285714413,2025H2
301215,2025-12-01,0,mid,ma_bull,pullback_holds,current_week,-0.021308980213089912,-0.0517503805175038,0.03805175038051756,-0.05936073059360736,0.0015220700152207556,2025H2
301215,2026-01-05,0,bull,ma_bull,pullback_holds,current_week,0.059854014598540006,0.05693430656934306,-0.00583941605839422,-0.004379562043795637,0.07299270072992692,2026H1
301215,2026-01-08,3,bull,ma_bull,shrinking_volume_acceleration,current_week,-0.0014285714285714457,0.03285714285714292,-0.0014285714285714457,-0.01285714285714279,0.050000000000000044,2026H1
301215,2026-01-14,2,bull,ma_bull,pullback_holds,current_week,0.030000000000000027,0.011428571428571344,0.024285714285714244,-0.010000000000000009,0.05571428571428583,2026H1
301215,2026-01-16,4,bull,ma_bull,pullback_holds,current_week,0.047008547008547064,-0.012820512820512886,0.019943019943019946,-0.028490028490028463,0.05270655270655267,2026H1
301215,2026-01-19,0,bull,ma_bull,two_day_acceleration,current_week,-0.012465373961218829,-0.056786703601107935,0.008310249307479367,-0.056786703601107935,0.023545706371191244,2026H1
301215,2026-01-21,2,bull,ma_bull,shrinking_volume_acceleration,current_week,-0.02613480055020634,-0.03163686382393405,0.009628610729023324,-0.06327372764786798,0.016506189821182904,2026H1
301215,2026-02-04,2,mid,ma_bull,two_day_acceleration,current_week,0.01846590909090917,0.04261363636363624,-0.05397727272727271,-0.019886363636363535,0.05397727272727271,2026H1
301215,2026-02-05,3,mid,ma_bull,pullback_holds,current_week,0.03151862464183375,0.044412607449856756,-0.054441260744985676,-0.011461318051575908,0.0630372492836675,2026H1
301215,2026-02-06,4,mid,ma_bull,pullback_holds,current_week,0.01849217638691325,-0.004267425320056972,-0.06258890469416789,-0.009957325746799417,0.05547652916073953,2026H1
301215,2026-02-10,1,bull,ma_bull,pullback_holds,current_week,0.014064697609001309,-0.07172995780590719,-0.0857946554149086,-0.08016877637130804,0.043600562587904346,2026H1
301215,2026-02-13,4,mid,ma_bull,pullback_holds,current_week,-0.03314917127071826,-0.08425414364640893,-0.20027624309392267,-0.10220994475138123,0.024861878453038555,2026H1
301215,2026-02-24,1,bull,ma_bull,shrinking_volume_acceleration,current_week,-0.07300275482093654,-0.06611570247933873,-0.1776859504132231,-0.10468319559228645,0.02203856749311295,2026H1
301215,2026-04-09,3,mid,none,pullback_holds,current_week,0.01806239737274229,0.02791461412151075,0.034482758620689724,-0.009852216748768461,0.04761904761904767,2026H1
301215,2026-04-10,4,mid,none,pullback_holds,current_week,0.02471169686985175,0.02635914332784184,0.05271828665568368,-0.00658978583196046,0.05107084019769359,2026H1
301215,2026-04-15,2,mid,none,pullback_holds,current_week,0.025974025974025983,0.012987012987013102,-0.0032467532467531646,-0.008116883116883078,0.03571428571428559,2026H1
301215,2026-04-16,3,mid,none,shrinking_volume_acceleration,current_week,0.014586709886547755,0.01296596434359798,0.0016207455429497752,-0.008103727714748765,0.034035656401944836,2026H1
301215,2026-04-20,0,bull,none,two_day_acceleration,current_week,0.0015923566878981443,0.031847133757961776,-0.031847133757961776,-0.0207006369426751,0.05095541401273884,2026H1
301215,2026-04-24,4,bull,none,pullback_holds,current_week,0.01760000000000006,0.022400000000000198,-0.04799999999999993,-0.015999999999999903,0.05600000000000005,2026H1
301215,2026-04-27,0,bull,none,pullback_holds,current_week,0.031847133757961776,-0.006369426751592355,-0.04458598726114649,-0.0207006369426751,0.05095541401273884,2026H1
301215,2026-04-30,3,bull,none,pullback_holds,current_week,0.004784688995215225,-0.014354066985646008,-0.06698564593301437,-0.03508771929824572,0.05263157894736836,2026H1
600961,2024-02-27,1,bull,ma_bull,pullback_holds,current_week,0.06308169596690782,0.04343329886246128,0.13133402275077555,-0.058945191313340306,0.2150982419855223,2024H1
600961,2024-03-27,2,mid,ma_bull,pullback_holds,current_week,0.1518867924528302,0.12735849056603787,-0.0009433962264150386,-0.0018867924528301883,0.21037735849056616,2024H1
600961,2024-05-28,1,mid,none,pullback_holds,current_week,-0.03648269410664162,-0.05144995322731516,-0.10570626753975665,-0.09260991580916733,0.13657623947614606,2024H1
600961,2025-07-02,2,bull,ma_bull,two_day_acceleration,current_week,-0.041884816753926746,-0.028795811518324665,0.02617801047120416,-0.04624781849912751,0.028795811518324665,2025H2
600961,2025-08-05,1,bull,ma_bull,pullback_holds,current_week,0.0461144321093081,0.05123825789923142,0.29547395388556774,-0.01110162254483349,0.1093082835183603,2025H2
600961,2025-08-06,2,bull,ma_bull,pullback_holds,current_week,0.04830508474576267,0.0991525423728814,0.26186440677966094,-0.01864406779661021,0.13813559322033897,2025H2
600961,2025-08-07,3,bull,ma_bull,pullback_holds,current_week,0.03862300587741396,0.07556675062972285,0.19731318219983196,-0.004198152812762479,0.12762384550797656,2025H2
600961,2025-08-08,4,bull,ma_bull,two_day_acceleration,current_week,0.04579517069109085,0.06494587843463795,0.20732722731057462,-0.006661115736885881,0.11823480432972522,2025H2
600961,2025-08-12,1,bull,ma_bull,shrinking_volume_acceleration,current_week,0.01651527663088359,0.12551610239471533,0.23699421965317935,-0.014863748967795187,0.1445086705202312,2025H2
600961,2025-08-15,4,bull,ma_bull,shrinking_volume_acceleration,current_week,0.012668250197941378,0.07046714172604895,0.2866191607284243,-0.04196357878068102,0.09738717339667446,2025H2
600961,2025-09-05,4,bull,ma_bull,shrinking_volume_acceleration,current_week,0.11377655928718311,-0.011651816312542862,0.1823166552433173,-0.030843043180260432,0.11377655928718311,2025H2
600961,2025-09-09,1,bull,ma_bull,two_day_acceleration,current_week,0.042349726775956276,0.050546448087431806,0.15437158469945333,-0.03415300546448086,0.10997267759562845,2025H2
600961,2025-09-25,3,bull,ma_bull,pullback_holds,current_week,0.10402684563758391,0.05570469798657718,0.04832214765100673,-0.01744966442953022,0.22953020134228197,2025H2
600961,2025-10-15,2,bull,ma_bull,shrinking_volume_acceleration,current_week,-0.11190053285968027,-0.06867969212551805,-0.10894020130254589,-0.14446417998815864,0.01243339253996445,2025H2
600961,2025-10-27,0,bull,ma_bull,two_day_acceleration,current_week,-0.02472348731294738,-0.018217306441119185,-0.05595315549772295,-0.08132726089785292,0.05139882888744296,2025H2
600961,2025-10-30,3,bull,ma_bull,pullback_holds,current_week,-0.052863436123347984,-0.01132787916928879,-0.07614852108244186,-0.11139081183134047,0.01195720578980497,2025H2
600961,2025-11-11,1,bull,none,pullback_holds,current_week,-0.042412193505632745,-0.021868787276342005,-0.0437375745526839,-0.05434062292909214,0.049039098740887965,2025H2
600961,2025-11-20,3,mid,none,pullback_holds,current_week,-0.018060200668896464,-0.006020066889632192,0.06956521739130439,-0.04548494983277607,0.04882943143812701,2025H2
600961,2025-12-22,0,bull,ma_bull,shrinking_volume_acceleration,current_week,-0.009732360097323589,0.06143552311435507,0.24513381995133798,-0.04987834549878345,0.09428223844282235,2025H2
600961,2025-12-23,1,bull,ma_bull,two_day_acceleration,current_week,-0.039145907473309594,0.011269276393831573,0.18208778173190976,-0.0735468564650058,0.06702253855278784,2025H2
600961,2026-01-14,2,bull,ma_bull,two_day_acceleration,current_week,0.0894092602448111,0.33901011176157536,0.09898882384246965,-0.03618946248004251,0.33901011176157536,2026H1
600961,2026-04-09,3,mid,none,pullback_holds,current_week,0.10087719298245612,0.5986842105263157,0.662828947368421,-0.033442982456140524,0.6419956140350875,2026H1
600961,2026-04-10,4,mid,none,pullback_holds,current_week,0.25155807365439076,0.712181303116147,0.6645892351274785,-0.0011331444759208331,0.7609065155807364,2026H1
600961,2026-04-13,0,mid,none,shrinking_volume_acceleration,current_week,0.32280892759934665,0.5819270549809472,0.6477953184540011,-0.013064779531845483,0.7147523135547087,2026H1
600961,2026-05-11,0,bull,ma_bull,shrinking_volume_acceleration,current_week,-0.06580645161290322,-0.11483870967741927,-0.2661290322580645,-0.17000000000000004,0.04258064516129023,2026H1
002788,2023-03-02,3,bull,none,pullback_holds,current_week,-0.01969365426695835,-0.01969365426695835,0.007658643326039494,-0.05908096280087538,0.004376367614879584,2023H1
002788,2023-03-03,4,bull,none,pullback_holds,current_week,-0.029670329670329676,-0.009890109890109855,0.024175824175824312,-0.05494505494505497,0.007692307692307665,2023H1
002788,2023-03-13,0,mid,none,shrinking_volume_acceleration,current_week,0.007874015748031482,0.03487064116985383,0.02474690663667034,-0.032620922384702045,0.07311586051743535,2023H1
002788,2023-03-16,3,mid,macd_stabilizing,pullback_holds,current_week,0.04008908685968815,0.025612472160356337,0.03229398663697092,-0.010022271714921982,0.062360801781737196,2023H1
002788,2023-03-17,4,mid,macd_stabilizing,pullback_holds,current_week,0.02986725663716805,0.030973451327433565,0.05088495575221219,-0.015486725663716894,0.055309734513274256,2023H1
002788,2023-03-21,1,mid,none,shrinking_volume_acceleration,current_week,0.02622950819672143,0.021857923497267784,0.021857923497267784,-0.006557377049180357,0.04262295081967227,2023H1
002788,2023-03-23,3,bull,macd_cross,two_day_acceleration,current_week,-0.016025641025640858,0.007478632478632452,-0.026709401709401726,-0.02350427350427342,0.019230769230769384,2023H1
002788,2023-04-06,3,bull,ma_bull,two_day_acceleration,current_week,-0.01590668080593849,-0.022269353128313796,0.014846235418876086,-0.04878048780487798,0.019088016967126142,2023H1
002788,2023-05-04,3,bull,ma_bull,shrinking_volume_acceleration,current_week,-0.01926977687626774,-0.016227180527383256,-0.018255578093306246,-0.03346855983772823,0.015212981744421983,2023H1
002788,2023-07-27,3,mid,macd_stabilizing,pullback_holds,current_week,0.009414225941422494,-0.01778242677824271,-0.03661087866108781,-0.05857740585774063,0.025104602510460206,2023H2
002788,2023-09-04,0,mid,none,shrinking_volume_acceleration,current_week,-0.004171011470281427,0.012513034410844837,0.02502606882168923,-0.027111574556829998,0.020855057351407913,2023H2
002788,2023-09-14,3,mid,macd_stabilizing,shrinking_volume_acceleration,current_week,0.0020811654526535772,0.055150884495317465,-0.015608740894901052,-0.006243496357960288,0.060353798126951075,2023H2
002788,2023-11-21,1,mid,macd_stabilizing,pullback_holds,current_week,0.007314524555903867,-0.030303030303030387,-0.06792058516196453,-0.030303030303030387,0.02298850574712641,2023H2
002788,2023-11-22,2,mid,macd_stabilizing,pullback_holds,current_week,-0.009365244536940653,-0.030176899063475426,-0.07284079084287198,-0.04058272632674287,0.01873048907388153,2023H2
002788,2025-08-05,1,bull,ma_bull,pullback_holds,current_week,0.006896551724137723,0.009195402298850297,-0.02298850574712652,-0.02298850574712652,0.013793103448275668,2025H2
002788,2025-08-11,0,bull,ma_bull,pullback_holds,current_week,-0.012643678160919714,0.00804597701149401,-0.014942528735632288,-0.02298850574712652,0.019540229885057547,2025H2
002788,2025-08-13,2,bull,ma_bull,pullback_holds,current_week,0.0034285714285713365,-0.020571428571428574,-0.02857142857142858,-0.02857142857142858,0.01942857142857135,2025H2
002788,2025-08-22,4,bull,ma_bull,pullback_holds,current_week,-0.03420752565564411,-0.02850627137970352,-0.06385404789053573,-0.05587229190421894,0.01710376282782211,2025H2
002788,2025-09-08,0,bull,none,pullback_holds,current_week,-0.023310023310023187,-0.05244755244755239,-0.03962703962703962,-0.05594405594405605,0.002331002331002363,2025H2
002788,2025-09-29,0,bull,none,pullback_holds,current_week,0.01104294478527601,0.02822085889570558,0.07116564417177917,-0.018404907975460127,0.02944785276073625,2025H2
002788,2025-10-15,2,bull,none,pullback_holds,current_week,0.0072202166064982976,0.016847172081829065,0.24789410348977148,-0.013237063778580138,0.02767749699157651,2025H2
002788,2025-10-16,3,bull,none,pullback_holds,current_week,0.02048192771084345,0.018072289156626287,0.28072289156626495,-0.012048192771084487,0.028915662650602414,2025H2
002788,2025-10-23,3,bull,none,shrinking_volume_acceleration,current_week,-0.0035377358490567,0.10023584905660377,0.15448113207547176,-0.015330188679245405,0.15094339622641506,2025H2
002788,2025-10-29,2,bull,none,pullback_holds,current_week,0.050947867298578364,0.2286729857819907,0.18246445497630348,-0.005924170616113611,0.2867298578199051,2025H2
002788,2025-10-30,3,bull,none,pullback_holds,current_week,0.1041420118343197,0.25798816568047367,0.16331360946745566,-0.005917159763313529,0.28520710059171606,2025H2
002788,2025-10-31,4,bull,none,two_day_acceleration,current_week,0.11874272409778808,0.3608847497089638,0.1268917345750873,-0.010477299185098987,0.3608847497089638,2025H2
002788,2025-11-12,2,bull,ma_bull,two_day_acceleration,current_week,-0.04330708661417315,-0.017716535433070835,0.08661417322834652,-0.09251968503937003,0.20866141732283472,2025H2
002788,2025-11-13,3,bull,ma_bull,two_day_acceleration,current_week,-0.07466918714555759,-0.07088846880907373,-0.005671077504725952,-0.12854442344045358,0.1606805293005673,2025H2
002788,2026-05-07,3,bull,none,pullback_holds,current_week,-0.04314002828854313,-0.1357850070721358,-0.16265912305516272,-0.13790664780763795,0.10608203677510608,2026H1
002788,2026-05-11,0,bull,none,two_day_acceleration,current_week,-0.09791666666666665,-0.1645833333333333,-0.20833333333333337,-0.17222222222222228,0.08611111111111103,2026H1
002788,2026-06-03,2,mid,none,pullback_holds,current_week,-0.04657070279424225,-0.07281964436917865,-0.09483488569009324,-0.07620660457239625,0.021168501270110163,2026H1
300252,2023-05-08,0,bull,none,shrinking_volume_acceleration,current_week,-0.08396226415094332,-0.06603773584905659,0.01226415094339628,-0.11792452830188682,0.009433962264151052,2023H1
300252,2023-06-16,4,mid,ma_bull,shrinking_volume_acceleration,current_week,-0.04483925549915391,-0.071912013536379,-0.16666666666666674,-0.09390862944162437,0.05245346869712342,2023H1
300252,2023-08-01,1,bull,none,pullback_holds,current_week,-0.05483870967741933,-0.08709677419354844,-0.08709677419354844,-0.09677419354838712,0.012903225806451424,2023H2
300252,2023-08-02,2,bull,none,pullback_holds,current_week,-0.0614886731391584,-0.09600862998921234,-0.05825242718446588,-0.09708737864077654,0.016181229773462924,2023H2
300252,2023-08-03,3,bull,none,pullback_holds,current_week,-0.054171180931744334,-0.06825568797399795,-0.04983748645720487,-0.10075839653304441,0.020585048754062862,2023H2
300252,2023-08-04,4,bull,none,pullback_holds,current_week,-0.07351351351351343,-0.10162162162162158,-0.08432432432432424,-0.10378378378378372,0.00108108108108107,2023H2
300252,2025-03-13,3,bull,ma_bull,two_day_acceleration,current_week,-0.021008403361344574,-0.061344537815126055,-0.19495798319327728,-0.0756302521008404,0.09327731092436964,2025H1
300252,2025-03-17,0,bull,ma_bull,two_day_acceleration,current_week,-0.03627370156636445,-0.12201154163231664,-0.21104699093157464,-0.1607584501236604,0.054410552349546615,2025H1
300252,2025-05-08,3,bull,none,shrinking_volume_acceleration,current_week,-0.027724665391969494,-0.03824091778202676,-0.0248565965583174,-0.0449330783938815,0.04780114722753348,2025H1
300252,2025-05-12,0,bull,none,two_day_acceleration,current_week,-0.022325581395348904,-0.07069767441860464,-0.035348837209302264,-0.10139534883720924,0.006511627906976791,2025H1
300252,2025-05-20,1,bull,none,pullback_holds,current_week,-0.043646944713870095,-0.030067895247332777,0.04170708050436467,-0.06304558680892336,0.005819592628516057,2025H1
300252,2025-06-03,1,bull,none,shrinking_volume_acceleration,current_week,0.04853387259858444,0.04853387259858444,0.14155712841253787,-0.007077856420626971,0.0778564206268959,2025H1
300252,2025-06-04,2,bull,none,pullback_holds,current_week,0.034136546184738936,0.07831325301204806,0.11646586345381515,-0.014056224899598457,0.0843373493975903,2025H1
300252,2025-06-05,3,bull,none,two_day_acceleration,current_week,0.023483365949119372,0.019569471624266033,0.11056751467710368,-0.013698630136986356,0.05675146771037176,2025H1
300252,2025-06-06,4,bull,none,pullback_holds,current_week,-0.0029354207436400603,0.08512720156555775,0.0714285714285714,-0.013698630136986356,0.10469667318982379,2025H1
300252,2025-06-09,0,bull,none,shrinking_volume_acceleration,current_week,0.012682926829268304,0.0819512195121952,0.08292682926829276,-0.01658536585365855,0.10146341463414643,2025H1
300252,2025-06-10,1,bull,none,two_day_acceleration,current_week,0.006796116504854455,0.0883495145631068,0.12524271844660184,-0.01650485436893201,0.12135922330097082,2025H1
300252,2025-06-19,3,mid,none,pullback_holds,current_week,0.0646718146718146,0.09555984555984565,0.12741312741312738,-0.019305019305019266,0.14189189189189189,2025H1
300252,2025-06-24,1,bull,macd_cross,two_day_acceleration,current_week,0.0107430617726052,0.03760071620411809,0.03043867502238129,-0.03401969561324969,0.05908683974932849,2025H1
300252,2025-07-11,4,bull,none,pullback_holds,current_week,0.036771300448430466,0.007174887892376747,0.09596412556053813,-0.011659192825112186,0.06098654708520179,2025H2
300252,2025-07-17,3,bull,ma_bull,two_day_acceleration,current_week,-0.03084832904884316,0.009425878320479919,0.04370179948586106,-0.045415595544130216,0.054841473864610135,2025H2
300252,2025-08-12,1,bull,ma_bull,two_day_acceleration,current_week,0.1392,0.13440000000000007,-0.05920000000000003,-0.025600000000000067,0.17840000000000011,2025H2
300252,2025-08-29,4,bull,ma_bull,pullback_holds,current_week,-0.1261516654854713,0.14316087880935502,0.031183557760453562,-0.16725726435152366,0.22466335931963166,2025H2
300252,2025-10-13,0,bull,ma_bull,shrinking_volume_acceleration,current_week,-0.06386066763425258,-0.03555878084179975,-0.0079825834542816,-0.100145137880987,0.010159651669085612,2025H2
300252,2025-10-29,2,bull,none,two_day_acceleration,current_week,-0.002960769800147922,-0.022945965951147174,-0.0754996299037749,-0.04367135455218352,0.041450777202072686,2025H2
300252,2025-11-04,1,bull,none,pullback_holds,current_week,0.03776435045317217,-0.024169184290030232,0.0022658610271901747,-0.031722054380664666,0.06268882175226587,2025H2
300252,2025-11-05,2,bull,none,pullback_holds,current_week,-0.016393442622950727,-0.049925484351713845,0.005216095380029762,-0.06333830104321903,0.04843517138599118,2025H2
300252,2025-11-06,3,bull,none,two_day_acceleration,current_week,-0.020771513353115667,-0.05712166172106825,-0.005192878338278972,-0.06750741839762608,0.04376854599406532,2025H2
300252,2025-12-01,0,mid,none,shrinking_volume_acceleration,current_week,0.0490196078431373,0.023378582202111753,0.09049773755656121,-0.019607843137254832,0.07466063348416285,2025H2
300252,2026-01-05,0,bull,macd_cross,two_day_acceleration,current_week,0.19959541469993258,0.02157788267026306,-0.015509103169251581,-0.02090357383681729,0.22589345920431558,2026H1
300252,2026-02-09,0,bull,ma_bull,two_day_acceleration,current_week,0.01602136181575431,-0.010680907877169576,-0.07743658210947935,-0.03337783711615483,0.09746328437917229,2026H1
300252,2026-02-13,4,mid,ma_bull,pullback_holds,current_week,0.07336417713152676,-0.07799074686054197,-0.18374091209517518,-0.10641110376734975,0.08658294778585596,2026H1
300252,2026-02-25,2,bull,ma_bull,pullback_holds,current_week,-0.03282994090610636,-0.008535784635587684,-0.11030860144451737,-0.11227839789888383,0.07944845699277736,2026H1
300252,2026-03-02,0,bull,none,two_day_acceleration,current_week,-0.1514598540145985,-0.12834549878345503,-0.19768856447688576,-0.17761557177615583,0.0,2026H1
300252,2026-04-14,1,mid,none,two_day_acceleration,current_week,0.05063291139240489,0.04078762306610417,0.1378340365682138,-0.028832630098452938,0.09423347398030946,2026H1
300252,2026-05-11,0,bull,none,two_day_acceleration,current_week,-0.012121212121212088,-0.020606060606060628,-0.019999999999999907,-0.08787878787878789,0.08424242424242423,2026H1
300252,2026-05-15,4,bull,none,pullback_holds,current_week,-0.014223871366728646,-0.08410636982065556,0.02473716759431044,-0.0983302411873841,0.0315398886827456,2026H1
300812,2023-04-03,0,bull,ma_bull,two_day_acceleration,current_week,-0.06335403726708078,-0.04761904761904767,-0.28322981366459643,-0.09979296066252585,0.033954451345755476,2023H1
300812,2023-04-06,3,bull,ma_bull,shrinking_volume_acceleration,current_week,-0.11740890688259109,-0.059109311740890624,-0.30485829959514166,-0.11983805668016179,0.0012145748987855143,2023H1
300812,2023-04-17,0,bull,ma_bull,pullback_holds,current_week,-0.13364847443059735,-0.238504512247529,-0.16158143532445202,-0.2501074344649764,0.026643747314138322,2023H1
300812,2023-04-20,3,bull,ma_bull,pullback_holds,current_week,-0.24860455130957493,-0.2627737226277371,-0.07041648776298826,-0.2674967797337914,0.0038643194504079936,2023H1
300812,2023-08-08,1,bull,none,pullback_holds,current_week,-0.05731922398589073,-0.07539682539682546,0.0057319223985889955,-0.10493827160493818,0.0,2023H2
300812,2023-12-28,3,mid,ma_bull,two_day_acceleration,current_week,-0.01988238588630642,-0.11565387846541586,-0.00588070568468213,-0.12713525623074762,0.3293195183422011,2023H2
300812,2024-03-12,1,bull,none,two_day_acceleration,current_week,0.05899999999999994,-0.08799999999999997,-0.18733333333333335,-0.11066666666666669,0.06666666666666665,2024H1
300812,2024-03-18,0,bull,none,two_day_acceleration,current_week,-0.06040268456375841,-0.06543624161073824,-0.24093959731543624,-0.15067114093959721,0.0738255033557047,2024H1
300812,2025-11-04,1,bull,ma_bull,pullback_holds,current_week,0.02104472003006408,-0.06839534009770765,0.08079669297256675,-0.07553551296505068,0.09883502442690717,2025H2
300812,2025-11-07,4,bull,ma_bull,pullback_holds,current_week,-0.07192660550458718,-0.18091743119266057,-0.023119266055045884,-0.18862385321100916,0.07302752293577996,2025H2
300812,2025-12-19,4,mid,ma_bull,pullback_holds,current_week,0.03330970942593914,0.02374202693125449,0.038625088589652856,-0.04642097802976608,0.11233167965981572,2025H2
300812,2026-01-08,3,bull,ma_bull,pullback_holds,current_week,-0.03379310344827591,0.0193103448275862,0.03275862068965507,-0.06344827586206891,0.04724137931034478,2026H1
300812,2026-01-09,4,bull,ma_bull,two_day_acceleration,current_week,-0.03647925033467203,0.011378848728246238,0.08534136546184734,-0.09103078982597046,0.013052208835341306,2026H1
300812,2026-01-21,2,bull,ma_bull,shrinking_volume_acceleration,current_week,-0.004641909814323664,0.035809018567639406,0.5102785145888595,-0.07990716180371349,0.07990716180371349,2026H1
300812,2026-02-02,0,mid,ma_bull,two_day_acceleration,current_week,0.0658194851743239,0.44802867383512535,0.352557836428804,-0.06451612903225812,0.5242750081459759,2026H1
300812,2026-04-16,3,mid,none,shrinking_volume_acceleration,current_week,-0.07943022694350554,-0.15451472718493475,-0.024384355383872514,-0.1767262192177692,0.061805890873974034,2026H1
300812,2026-04-20,0,bull,none,pullback_holds,current_week,-0.06743002544529275,0.011450381679389166,0.003816793893129722,-0.1323155216284988,0.04173027989821865,2026H1
300812,2026-05-14,3,bull,ma_bull,two_day_acceleration,current_week,-0.018656716417910446,0.0942786069651742,-0.28930348258706473,-0.07089552238805974,0.1166666666666667,2026H1
300812,2026-05-15,4,bull,ma_bull,two_day_acceleration,current_week,-0.003351687814220794,-0.037586784773761095,-0.36964328465405794,-0.10581757242039747,0.08235575772085224,2026H1
300812,2026-05-28,3,mid,ma_bull,shrinking_volume_acceleration,current_week,-0.40382882882882887,-0.3565315315315315,-0.39009009009009,-0.452027027027027,0.018243243243243334,2026H1
300565,2025-10-23,3,bull,none,two_day_acceleration,current_week,-0.012765957446808529,0.01191489361702125,0.029787234042553123,-0.014468085106382977,0.028936170212765955,2025H2
300565,2025-11-03,0,bull,none,pullback_holds,current_week,0.02527379949452402,0.0336983993260318,0.08845829823083395,-0.021061499578770015,0.03959561920808752,2025H2
300565,2025-11-04,1,bull,none,pullback_holds,current_week,0.021331058020477744,0.03668941979522189,0.10665529010238917,-0.008532423208191142,0.05290102389078499,2025H2
300565,2025-11-06,3,bull,none,pullback_holds,current_week,0.011794439764111209,0.019376579612468303,0.049705139005897125,-0.01347935973041281,0.04296545914069072,2025H2
300565,2025-11-10,0,bull,none,two_day_acceleration,current_week,0.00738916256157629,-0.04844006568144499,0.07224958949096894,-0.0714285714285714,0.016420361247947435,2025H2
300565,2025-11-14,4,bull,none,pullback_holds,current_week,-0.06172839506172845,0.053497942386831365,-0.016460905349794164,-0.06913580246913575,0.11934156378600824,2025H2
300565,2025-11-17,0,mid,none,shrinking_volume_acceleration,current_week,-0.05772357723577237,0.05040650406504055,-0.028455284552845517,-0.08048780487804874,0.1056910569105689,2025H2
300565,2025-11-18,1,mid,none,pullback_holds,current_week,0.06480721903199349,0.06398687448728468,-0.014766201804757961,-0.0721903199343723,0.11566858080393772,2025H2
300565,2025-12-08,0,bull,none,two_day_acceleration,current_week,-0.0807692307692307,-0.028461538461538427,-0.021538461538461506,-0.10692307692307701,0.015384615384615552,2025H2
300565,2025-12-19,4,mid,none,pullback_holds,current_week,0.0304243394715773,0.03522818254603677,0.008006405124099336,-0.021617293835068052,0.054443554843875086,2025H2
300565,2026-01-12,0,bull,ma_bull,two_day_acceleration,current_week,-0.04132841328413284,-0.048708487084870855,-0.040590405904059046,-0.08634686346863463,0.0,2026H1
300565,2026-05-06,2,bull,none,pullback_holds,current_week,0.0852713178294573,0.15658914728682172,-0.006976744186046546,-0.007751937984496138,0.26279069767441854,2026H1
300565,2026-05-07,3,bull,none,two_day_acceleration,current_week,0.1547256097560974,0.08003048780487787,-0.009146341463414753,-0.02286585365853666,0.24161585365853644,2026H1
600617,2026-01-05,0,bull,none,pullback_holds,current_week,0.03459119496855334,0.00943396226415083,-0.022012578616352307,-0.02515723270440251,0.04402515723270439,2026H1
600617,2026-01-06,1,bull,none,pullback_holds,current_week,0.006153846153846176,-0.006153846153846176,-0.03692307692307695,-0.0461538461538461,0.02153846153846173,2026H1
600617,2026-01-07,2,bull,none,pullback_holds,current_week,0.018927444794952786,0.018927444794952786,0.018927444794952786,-0.02208201892744477,0.04731861198738185,2026H1
600617,2026-01-08,3,bull,none,pullback_holds,current_week,-0.009316770186335477,0.03726708074534146,-0.024844720496894457,-0.037267080745341685,0.05900621118012417,2026H1
600617,2026-01-12,0,bull,none,two_day_acceleration,current_week,-0.027272727272727337,0.009090909090909038,-0.036363636363636376,-0.06060606060606066,0.033333333333333215,2026H1
600617,2026-01-20,1,bull,none,pullback_holds,current_week,-0.021406727828746086,-0.042813455657492394,-0.01834862385321101,-0.05504587155963303,0.042813455657492394,2026H1
600617,2026-01-26,0,bull,none,shrinking_volume_acceleration,current_week,-0.06606606606606613,-0.04504504504504503,0.11111111111111116,-0.07207207207207211,0.02102102102102088,2026H1
600617,2026-02-25,2,bull,none,pullback_holds,current_week,0.12149532710280386,0.06542056074766345,0.3489096573208723,-0.028037383177570097,0.23364485981308403,2026H1
600617,2026-02-26,3,bull,none,pullback_holds,current_week,0.09935897435897445,0.1314102564102564,0.35576923076923084,0.0,0.26923076923076916,2026H1
600617,2026-02-27,4,bull,none,shrinking_volume_acceleration,current_week,0.045592705167173175,0.05167173252279622,0.31914893617021267,-0.003039513677811523,0.20364741641337392,2026H1
600617,2026-03-06,4,bull,none,shrinking_volume_acceleration,current_week,-0.05722070844686644,0.08719346049046339,-0.09264305177111709,-0.114441416893733,0.08719346049046339,2026H1
600617,2026-04-30,3,bull,macd_stabilizing,two_day_acceleration,current_week,-0.0332409972299168,0.06094182825484773,0.011080332409972415,-0.03878116343490301,0.06648199445983383,2026H1
600617,2026-06-03,2,mid,ma_bull,pullback_holds,current_week,-0.11452513966480449,-0.16201117318435754,-0.22067039106145248,-0.17318435754189943,0.008379888268156277,2026H1
300464,2025-08-08,4,bull,ma_bull,pullback_holds,current_week,0.01971326164874565,0.07706093189964158,0.0017921146953405742,-0.016129032258064502,0.11648745519713266,2025H2
300464,2025-09-08,0,bull,ma_bull,two_day_acceleration,current_week,-0.03298611111111105,-0.02256944444444442,0.510416666666667,-0.06770833333333326,0.05208333333333348,2025H2
300464,2025-09-15,0,bull,ma_bull,pullback_holds,current_week,0.010771992818671361,0.1579892280071813,0.2728904847396767,-0.07360861759425497,0.17594254937163356,2025H2
300464,2025-09-17,2,bull,ma_bull,pullback_holds,current_week,-0.045060658578856216,0.4540727902946273,0.20103986135181962,-0.10571923743500866,0.5147313691507798,2025H2
300464,2025-09-24,2,bull,none,shrinking_volume_acceleration,current_week,0.5254545454545456,0.3090909090909091,0.2727272727272727,-0.009090909090909038,0.5890909090909091,2025H2
300464,2025-09-25,3,bull,macd_stabilizing,two_day_acceleration,current_week,0.42832469775474946,0.2331606217616582,0.2711571675302247,-0.017271157167530138,0.5094991364421417,2025H2
300464,2025-11-10,0,bull,ma_bull,shrinking_volume_acceleration,current_week,0.002631578947368318,-0.048684210526315774,-0.05657894736842117,-0.07894736842105265,0.11842105263157876,2025H2
300464,2025-12-08,0,bull,none,two_day_acceleration,current_week,-0.04596100278551518,-0.06267409470752083,-0.12116991643454034,-0.11559888579387179,0.03760445682451263,2025H2
300464,2026-01-05,0,bull,none,shrinking_volume_acceleration,current_week,0.036106750392464804,0.012558869701726927,0.06436420722135017,-0.025117739403453743,0.10047095761381475,2026H1
300464,2026-01-06,1,bull,none,two_day_acceleration,current_week,0.020376175548589393,0.0,0.0658307210031348,-0.026645768025078342,0.0987460815047021,2026H1
300464,2026-01-08,3,bull,none,pullback_holds,current_week,0.004687499999999956,0.0234375,0.057812500000000044,-0.02968750000000009,0.09531249999999991,2026H1
300464,2026-01-09,4,bull,none,pullback_holds,current_week,-0.007716049382716195,0.04938271604938271,0.04629629629629628,-0.04166666666666674,0.08179012345678993,2026H1
300464,2026-01-12,0,bull,none,two_day_acceleration,current_week,-0.028614457831325324,-0.015060240963855498,0.05873493975903599,-0.06475903614457845,0.055722891566264865,2026H1
300464,2026-01-13,1,bull,none,pullback_holds,current_week,-0.016949152542372947,0.04776579352850541,0.08782742681047773,-0.04314329738058553,0.08012326656394442,2026H1
300464,2026-02-27,4,bull,none,two_day_acceleration,current_week,0.011235955056179803,0.0632022471910112,0.07162921348314599,-0.042134831460674094,0.0814606741573034,2026H1
300464,2026-05-07,3,bull,ma_bull,pullback_holds,current_week,0.04358655043586568,0.16811955168119574,0.11955168119551685,-0.00996264009962633,0.22291407222914095,2026H1
300464,2026-05-11,0,bull,ma_bull,two_day_acceleration,current_week,0.039379474940334225,0.13007159904534604,-0.04415274463007168,-0.03818615751789978,0.17183770883054894,2026H1
300464,2026-05-13,2,bull,ma_bull,two_day_acceleration,current_week,0.09529411764705897,0.20000000000000018,-0.06117647058823528,-0.051764705882352935,0.2976470588235294,2026H1
300464,2026-05-15,4,bull,ma_bull,pullback_holds,current_week,0.12210012210012211,0.17704517704517708,-0.08547008547008539,-0.015873015873015706,0.34676434676434686,2026H1
600955,2026-01-08,3,bull,ma_bull,shrinking_volume_acceleration,current_week,0.015508328546812056,0.1487650775416427,0.08385985066053991,-0.0373348650201033,0.26364158529580695,2026H1
600955,2026-01-15,3,bull,ma_bull,shrinking_volume_acceleration,current_week,0.12994350282485878,0.16779661016949166,0.14406779661016955,-0.05310734463276823,0.24293785310734473,2026H1
600955,2026-01-23,4,bull,ma_bull,shrinking_volume_acceleration,current_week,0.0034313725490193736,-0.04803921568627456,-0.010294117647058898,-0.0931372549019609,0.06029411764705861,2026H1
600955,2026-01-26,0,bull,ma_bull,two_day_acceleration,current_week,-0.07233626588465303,-0.03372434017595316,-0.06989247311827951,-0.09579667644183776,0.05718475073313778,2026H1
600955,2026-02-09,0,bull,ma_bull,pullback_holds,current_week,0.08032536858159633,-0.03253685815963403,-0.1382816471784445,-0.03507880020335541,0.09049313675648185,2026H1
600955,2026-02-10,1,bull,ma_bull,pullback_holds,current_week,0.06364562118126282,-0.030040733197555958,-0.1410386965376782,-0.05244399185336057,0.09215885947046831,2026H1
600955,2026-02-11,2,bull,ma_bull,two_day_acceleration,current_week,0.011934361014420691,-0.03978120338140234,-0.20437593237195428,-0.07458975634012932,0.0666335156638489,2026H1
600955,2026-02-27,4,bull,ma_bull,shrinking_volume_acceleration,current_week,-0.002968827313211242,-0.0712518555170708,-0.1563582384957941,-0.07916872835230093,0.02671944581890151,2026H1
600955,2026-05-12,1,bull,none,pullback_holds,current_week,-0.0454545454545453,-0.10427807486631013,-0.19518716577540096,-0.11657754010695187,0.020320855614973432,2026H1
000629,2025-11-07,4,bull,ma_bull,shrinking_volume_acceleration,current_week,0.034055727554179516,-0.06811145510835903,-0.034055727554179516,-0.07120743034055732,0.05263157894736836,2025H2
000629,2025-11-17,0,mid,ma_bull,shrinking_volume_acceleration,current_week,-0.10479041916167653,-0.07784431137724546,-0.10479041916167653,-0.11676646706586813,0.011976047904191711,2025H2
000629,2025-12-01,0,mid,ma_bull,pullback_holds,current_week,0.006493506493506551,-0.029220779220779147,0.009740259740259605,-0.038961038961038974,0.016233766233766156,2025H2
000629,2025-12-19,4,mid,none,two_day_acceleration,current_week,0.02287581699346397,0.15359477124183019,0.1633986928104576,-0.009803921568627416,0.15359477124183019,2025H2
000629,2025-12-25,3,bull,none,shrinking_volume_acceleration,current_week,0.0490196078431373,0.18627450980392157,0.3856209150326797,-0.006535947712418277,0.196078431372549,2025H2
000629,2025-12-26,4,bull,macd_stabilizing,two_day_acceleration,current_week,0.12420382165605104,0.1273885350318471,0.2707006369426752,-0.031847133757961776,0.16560509554140124,2025H2
000629,2026-01-19,0,bull,ma_bull,pullback_holds,current_week,0.20454545454545459,0.02556818181818188,0.09375,-0.025568181818181768,0.2755681818181819,2026H1
000629,2026-01-21,2,bull,ma_bull,two_day_acceleration,current_week,0.18956043956043955,0.03846153846153855,0.12362637362637363,-0.016483516483516536,0.23351648351648358,2026H1
000629,2026-01-22,3,bull,ma_bull,shrinking_volume_acceleration,current_week,0.1203208556149733,-0.018716577540107027,0.13636363636363624,-0.042780748663101664,0.20053475935828868,2026H1
000629,2026-03-09,0,mid,ma_bull,pullback_holds,current_week,-0.06879606879606881,-0.20638820638820643,-0.1941031941031941,-0.21621621621621634,0.019656019656019597,2026H1
000629,2026-03-11,2,bull,ma_bull,pullback_holds,current_week,-0.100985221674877,-0.16748768472906417,-0.17733990147783263,-0.2142857142857144,0.022167487684729092,2026H1
000629,2026-03-12,3,bull,ma_bull,pullback_holds,current_week,-0.12562814070351758,-0.16080402010050254,-0.15829145728643212,-0.19849246231155782,0.012562814070351758,2026H1
000629,2026-04-09,3,mid,none,pullback_holds,current_week,0.020771513353115667,0.023738872403560762,0.1454005934718101,-0.014836795252225476,0.05341246290801194,2026H1
000629,2026-04-10,4,mid,none,pullback_holds,current_week,0.05405405405405417,0.048048048048048075,0.1561561561561562,-0.0030030030030029353,0.06606606606606613,2026H1
000629,2026-04-13,0,mid,none,pullback_holds,current_week,0.03539823008849563,0.1032448377581121,0.09144542772861364,-0.014749262536873253,0.12684365781710927,2026H1
000629,2026-04-14,1,mid,none,pullback_holds,current_week,0.008746355685131046,0.055393586005830775,0.0437317784256559,-0.023323615160349864,0.1137026239067056,2026H1
000629,2026-04-15,2,mid,none,pullback_holds,current_week,0.041420118343195256,0.09171597633136086,0.07396449704142016,-0.00591715976331364,0.13017751479289963,2026H1
000629,2026-04-16,3,mid,none,shrinking_volume_acceleration,current_week,0.005830903790087438,0.061224489795918435,0.04956268221574334,-0.00291545189504383,0.1137026239067056,2026H1
000629,2026-04-29,2,bull,none,shrinking_volume_acceleration,current_week,0.06233062330623307,-0.016260162601625994,-0.06504065040650397,-0.06233062330623307,0.08401084010840121,2026H1
000629,2026-05-08,4,bull,none,shrinking_volume_acceleration,current_week,-0.08673469387755095,-0.04591836734693866,-0.15816326530612235,-0.11734693877551017,0.020408163265306145,2026H1
000629,2026-05-18,0,bull,none,pullback_holds,current_week,0.005494505494505475,-0.052197802197802234,-0.1071428571428572,-0.07142857142857151,0.041208791208791284,2026H1
000629,2026-06-17,2,bull,none,pullback_holds,current_week,-0.0031347962382444194,0.08150470219435735,-0.040752351097178674,-0.01567398119122254,0.15047021943573657,2026H1
000629,2026-06-18,3,bull,none,pullback_holds,current_week,0.0031249999999998224,0.046875,-0.05625000000000002,-0.01562500000000011,0.14687499999999987,2026H1
000629,2026-06-24,2,bull,none,pullback_holds,current_week,0.08562691131498479,-0.04892966360856277,-0.07339449541284393,-0.04892966360856277,0.12232415902140681,2026H1
002765,2025-01-24,4,mid,none,shrinking_volume_acceleration,current_week,0.040473840078973256,0.04935834155972363,0.1836130306021717,-0.057255676209279405,0.16979269496544913,2025H1
002765,2025-05-14,2,bull,ma_bull,pullback_holds,current_week,-0.039559014267185444,-0.06420233463035019,-0.11673151750972754,-0.07522697795071331,0.07133592736705574,2025H1
002765,2025-06-05,3,bull,ma_bull,two_day_acceleration,current_week,-0.009454545454545382,-0.03854545454545455,-0.05963636363636371,-0.06327272727272726,0.02472727272727271,2025H1
002765,2025-06-09,0,bull,none,shrinking_volume_acceleration,current_week,0.017777777777777892,-0.039259259259259216,-0.05555555555555558,-0.06814814814814818,0.0437037037037038,2025H1
002765,2025-06-12,3,bull,none,pullback_holds,current_week,-0.01928783382789312,-0.013353115727002929,-0.05044510385756673,-0.06676557863501487,0.04525222551928776,2025H1
002765,2025-06-17,1,bull,none,pullback_holds,current_week,-0.027516292541636567,-0.04634322954380887,-0.051412020275163006,-0.08906589427950762,0.0014482259232440065,2025H1
002765,2025-06-18,2,bull,none,pullback_holds,current_week,0.001477104874445967,-0.04579025110782875,-0.039143279172821344,-0.07090103397341219,0.017725258493352936,2025H1
002765,2025-06-26,3,bull,none,pullback_holds,current_week,-0.03435399551904417,-0.04406273338312172,-0.03734129947722176,-0.08439133681852129,0.04705003734129942,2025H1
002765,2025-07-10,3,bull,none,pullback_holds,current_week,0.0234375,0.006250000000000089,0.009374999999999911,-0.042187500000000044,0.05078125,2025H2
002765,2025-07-16,2,bull,none,pullback_holds,current_week,-0.038548752834467126,-0.05668934240362811,0.0075585789871503994,-0.06198034769463345,0.003023431594860071,2025H2
002765,2025-07-17,3,bull,none,pullback_holds,current_week,-0.016793893129770865,-0.041984732824427384,-0.009923664122137299,-0.05267175572519078,0.00992366412213741,2025H2
002765,2025-07-18,4,bull,none,pullback_holds,current_week,-0.01145912910618796,-0.053475935828877,0.0,-0.05423987776928951,0.010695187165775444,2025H2
002765,2025-08-04,0,bull,none,shrinking_volume_acceleration,current_week,0.012698412698412653,0.04682539682539688,0.06746031746031766,-0.0031746031746030523,0.06984126984126982,2025H2
002765,2025-08-05,1,bull,none,two_day_acceleration,current_week,0.018662519440124425,0.054432348367029704,0.05287713841368591,-0.016329704510108844,0.0637636080870918,2025H2
002765,2025-08-07,3,bull,none,pullback_holds,current_week,0.010911925175370207,0.040530007794232326,-0.021823850350740415,-0.014029618082618822,0.06625097427903359,2025H2
002765,2025-08-08,4,bull,none,pullback_holds,current_week,0.034782608695652195,0.060869565217391175,0.031620553359683834,0.0,0.08142292490118574,2025H2
002765,2025-08-12,1,bull,none,two_day_acceleration,current_week,0.04307692307692301,0.03769230769230769,0.01846153846153853,-0.010769230769230864,0.06153846153846154,2025H2
002765,2025-08-14,3,bull,none,pullback_holds,current_week,0.03408210689388058,0.018590240123934842,0.025561580170410547,-0.024012393493415995,0.06893880712625866,2025H2
002765,2025-08-15,4,bull,none,shrinking_volume_acceleration,current_week,0.025210084033613356,0.035141329258976395,-0.008403361344537785,-0.03743315508021394,0.06569900687547747,2025H2
002765,2025-08-19,1,bull,none,two_day_acceleration,current_week,-0.001480384900073961,0.0022205773501111636,0.031088082901554293,-0.06735751295336789,0.032568467801628476,2025H2
002765,2025-08-22,4,bull,none,shrinking_volume_acceleration,current_week,0.004447739065974732,-0.03261675315048185,0.04151223128243142,-0.08895478131949586,0.03409933283914013,2025H2
002765,2025-08-25,0,bull,none,two_day_acceleration,current_week,-0.0073800738007380184,-0.019926199261992572,0.02730627306273048,-0.09298892988929885,0.029520295202952074,2025H2
002765,2025-08-26,1,bull,none,pullback_holds,current_week,0.003706449221645647,-0.018532246108228345,0.012601927353595332,-0.08895478131949586,0.03409933283914013,2025H2
002765,2025-08-29,4,bull,none,two_day_acceleration,current_week,-0.046749452154857485,-0.051862673484295074,0.1490138787436086,-0.10226442658875079,0.016800584368152016,2025H2
002765,2025-09-08,0,bull,none,pullback_holds,current_week,-0.019563581640331007,0.04740406320541757,0.09330323551542508,-0.04138449962377733,0.16478555304740405,2025H2
002765,2025-09-15,0,bull,none,pullback_holds,current_week,0.04977375565610864,0.09954751131221728,0.03016591251885381,-0.006033182503770718,0.18627450980392157,2025H2
002765,2025-10-15,2,bull,ma_bull,shrinking_volume_acceleration,current_week,-0.08435374149659869,-0.0897959183673469,-0.1210884353741497,-0.12176870748299329,0.00612244897959191,2025H2
002072,2023-03-06,0,bull,ma_bull,shrinking_volume_acceleration,current_week,-0.03053435114503822,-0.11323155216284997,-0.0661577608142494,-0.11704834605597958,0.0330788804071247,2023H1
002072,2023-03-28,1,mid,none,pullback_holds,current_week,-0.03918918918918923,-0.04459459459459458,-0.15810810810810805,-0.05405405405405406,0.04729729729729715,2023H1
002072,2023-03-31,4,bull,none,pullback_holds,current_week,-0.03230148048452208,-0.0619111709286676,-0.09825033647375503,-0.0767160161507402,0.02422611036339184,2023H1
002072,2023-04-10,0,bull,none,pullback_holds,current_week,-0.030598052851182334,-0.041724617524339314,-0.06675938803894299,-0.06536856745479847,0.012517385257301727,2023H1
002072,2023-04-14,4,bull,none,pullback_holds,current_week,-0.02538787023977429,-0.06911142454160779,-0.06205923836389271,-0.14527503526093077,0.026798307475317307,2023H1
002072,2023-05-04,3,bull,none,pullback_holds,current_week,-0.008862629246676579,-0.019202363367799125,-0.04726735598227483,-0.04283604135893648,0.007385524372230501,2023H1
002072,2023-05-11,3,mid,none,pullback_holds,current_week,-0.007473841554558991,-0.02391629297458897,-0.06875934230194314,-0.034379671150971625,0.01943198804185342,2023H1
002072,2025-08-25,0,bull,ma_bull,pullback_holds,current_week,-0.009459459459459474,0.07837837837837847,0.044594594594594694,-0.07567567567567579,0.11486486486486491,2025H2
002072,2025-08-26,1,bull,ma_bull,shrinking_volume_acceleration,current_week,-0.0490066225165563,0.03443708609271523,-0.005298013245033095,-0.09403973509933772,0.0927152317880795,2025H2
002072,2025-09-04,3,mid,ma_bull,pullback_holds,current_week,0.11142061281337057,0.08774373259052926,0.029247910863509974,-0.0055710306406684396,0.2103064066852367,2025H2
002072,2025-09-10,2,bull,ma_bull,shrinking_volume_acceleration,current_week,0.0012376237623761277,-0.04950495049504955,-0.11014851485148514,-0.0928217821782178,0.07549504950495045,2025H2
002072,2025-09-12,4,bull,ma_bull,shrinking_volume_acceleration,current_week,-0.02867830423940143,-0.03740648379052369,-0.10847880299251866,-0.0860349127182044,0.08354114713216965,2025H2
002072,2025-10-21,1,bull,none,two_day_acceleration,current_week,0.005464480874316946,0.021857923497267784,0.09289617486338786,-0.020491803278688603,0.06693989071038264,2025H2
002072,2025-10-22,2,bull,none,pullback_holds,current_week,-0.014804845222072593,0.025572005383580176,-0.008075370121130465,-0.03499327052489898,0.05114401076716035,2025H2
002072,2025-10-23,3,bull,none,pullback_holds,current_week,-0.014784946236559127,0.004032258064516014,-0.006720430107526876,-0.03629032258064524,0.04973118279569899,2025H2
002072,2025-10-24,4,bull,none,pullback_holds,current_week,-0.009234828496042291,-0.0158311345646438,-0.08575197889182062,-0.05408970976253302,0.0079155672823219,2025H2
002072,2025-11-05,2,bull,none,shrinking_volume_acceleration,current_week,-0.006561679790026198,-0.03280839895013121,-0.06824146981627288,-0.03543307086614167,0.052493438320209806,2025H2
002072,2025-11-10,0,bull,none,pullback_holds,current_week,0.0331125827814569,-0.03576158940397345,-0.009271523178807861,-0.08476821192052975,0.062251655629139035,2025H2
002072,2025-11-11,1,bull,none,pullback_holds,current_week,0.062416998671978696,-0.0239043824701195,-0.003984063745019917,-0.08233731739707839,0.06507304116865864,2025H2
002072,2025-11-12,2,bull,none,pullback_holds,current_week,-0.03026315789473688,-0.05394736842105263,-0.04210526315789476,-0.09078947368421053,0.05526315789473668,2025H2
002072,2025-11-13,3,bull,none,two_day_acceleration,current_week,-0.023778071334213946,-0.047556142668428,-0.04359313077939231,-0.08718626155878473,0.059445178335534976,2025H2
002072,2025-11-17,0,mid,ma_bull,two_day_acceleration,current_week,-0.06666666666666665,-0.029487179487179382,-0.060256410256410264,-0.11410256410256403,0.028205128205128105,2025H2
002072,2025-11-18,1,mid,ma_bull,shrinking_volume_acceleration,current_week,-0.08354114713216942,-0.07980049875311712,-0.13092269326683292,-0.13840399002493764,0.0,2025H2
002072,2025-12-22,0,bull,none,two_day_acceleration,current_week,0.0662983425414363,0.10082872928176778,0.013812154696132506,-0.06629834254143652,0.15055248618784534,2025H2
002072,2025-12-31,2,bull,none,pullback_holds,current_week,0.05906593406593408,0.008241758241758212,-0.006868131868131844,-0.017857142857142794,0.14423076923076916,2025H2
002072,2026-01-07,2,bull,none,shrinking_volume_acceleration,current_week,-0.07653701380175648,-0.0790464240903388,-0.05520702634880792,-0.10288582183186945,0.01882057716436658,2026H1
002072,2026-01-08,3,bull,none,shrinking_volume_acceleration,current_week,-0.09476309226932667,-0.06234413965087271,-0.047381546134663166,-0.10847880299251866,0.004987531172069959,2026H1
002072,2026-03-10,1,bull,ma_bull,shrinking_volume_acceleration,current_week,-0.04331210191082813,-0.09681528662420391,-0.001273885350318582,-0.1452229299363058,0.0,2026H1
002072,2026-04-10,4,mid,none,pullback_holds,current_week,-0.0013157894736842701,-0.023684210526315863,-0.06710526315789478,-0.0368421052631579,0.03157894736842093,2026H1
002072,2026-04-20,0,bull,none,pullback_holds,current_week,0.0146276595744681,-0.022606382978723416,-0.07180851063829785,-0.05319148936170215,0.037234042553191404,2026H1
002072,2026-04-21,1,bull,none,pullback_holds,current_week,-0.009247027741083214,-0.05548216644649928,-0.03830911492734479,-0.059445178335534976,0.02509907529722577,2026H1
002072,2026-04-27,0,bull,ma_bull,two_day_acceleration,current_week,-0.03669724770642191,-0.06422018348623848,0.09698558322411555,-0.09698558322411521,0.017038007863696025,2026H1
002072,2026-04-28,1,bull,none,pullback_holds,current_week,-0.050464807436918946,-0.025232403718459584,0.04249667994687911,-0.08499335989375822,0.027888446215139417,2026H1
002072,2026-06-29,0,mid,ma_bull,two_day_acceleration,current_week,0.07237635705669465,-0.17611580217129075,-0.1857659831121834,-0.17973462002412555,0.27864897466827476,2026H1
002072,2026-08-06,3,mid,none,shrinking_volume_acceleration,current_week,0.01899592944369055,-0.014925373134328401,0.22659430122116708,-0.042062415196743475,0.04341926729986434,2026H2
002072,2026-08-13,3,mid,none,two_day_acceleration,current_week,-0.03328894806924099,0.1850865512649802,0.05059920106524651,-0.053262316910785534,0.1850865512649802,2026H2
002072,2026-08-17,0,mid,none,shrinking_volume_acceleration,current_week,-0.045751633986928164,0.19738562091503264,-0.06928104575163396,-0.07058823529411762,0.2797385620915034,2026H2
600231,2025-08-07,3,bull,ma_bull,pullback_holds,current_week,-0.004830917874396046,0.024154589371980784,-0.04347826086956519,-0.01449275362318836,0.11594202898550732,2025H2
600231,2025-08-12,1,bull,ma_bull,pullback_holds,current_week,-0.01421800947867291,0.014218009478673022,-0.047393364928909776,-0.028436018957346043,0.09478672985782,2025H2
600231,2025-08-15,4,bull,ma_bull,shrinking_volume_acceleration,current_week,0.0,-0.014285714285714457,0.0,-0.033333333333333215,0.042857142857142705,2025H2
600231,2025-09-01,0,bull,ma_bull,pullback_holds,current_week,-0.024038461538461453,0.033653846153846034,-0.014423076923077094,-0.0625,0.043269230769230616,2025H2
600231,2025-09-08,0,bull,ma_bull,pullback_holds,current_week,0.059113300492610765,0.03940886699507362,0.09852216748768461,-0.024630541871921263,0.10837438423645307,2025H2
600231,2025-09-10,2,bull,ma_bull,pullback_holds,current_week,0.10447761194029859,0.0199004975124375,0.0945273631840795,-0.014925373134328512,0.11940298507462677,2025H2
600231,2025-09-16,1,bull,ma_bull,two_day_acceleration,current_week,-0.0855855855855856,-0.08108108108108114,0.1936936936936935,-0.11261261261261268,0.013513513513513375,2025H2
600231,2025-09-19,4,mid,ma_bull,pullback_holds,current_week,-0.0563380281690139,0.04225352112676073,0.07511737089201875,-0.07511737089201875,0.04225352112676073,2025H2
600231,2025-09-29,0,bull,none,pullback_holds,current_week,0.08780487804878057,0.17560975609756113,0.1658536585365855,-0.014634146341463317,0.21951219512195141,2025H2
600231,2025-10-15,2,bull,ma_bull,shrinking_volume_acceleration,current_week,0.18834080717488777,0.04035874439461873,0.094170403587444,-0.017937219730941756,0.18834080717488777,2025H2
600231,2025-12-19,4,mid,none,two_day_acceleration,current_week,-0.004672897196261738,0.014018691588784993,-0.004672897196261738,-0.032710280373831946,0.09345794392523343,2025H2
600231,2025-12-22,0,bull,none,pullback_holds,current_week,0.028037383177570208,0.014018691588784993,0.01869158878504673,-0.032710280373831946,0.09345794392523343,2025H2
600231,2025-12-29,0,bull,none,two_day_acceleration,current_week,-0.0091324200913242,-0.0365296803652968,0.12328767123287676,-0.041095890410958846,0.009132420091324311,2025H2
600231,2025-12-31,2,bull,none,pullback_holds,current_week,0.0,-0.027906976744186074,0.12558139534883717,-0.037209302325581395,0.027906976744185963,2025H2
600231,2026-01-08,3,bull,none,pullback_holds,current_week,-0.03255813953488362,0.05581395348837215,0.08837209302325588,-0.041860465116279055,0.10232558139534897,2026H1
600231,2026-01-09,4,bull,none,pullback_holds,current_week,-0.027906976744186074,0.08372093023255811,0.07906976744186034,-0.041860465116279055,0.10232558139534897,2026H1
600231,2026-01-12,0,bull,none,pullback_holds,current_week,-0.027649769585253448,0.07373271889400934,0.07834101382488479,-0.05069124423963123,0.09677419354838701,2026H1
600231,2026-01-13,1,bull,none,pullback_holds,current_week,-0.018433179723502335,0.07373271889400934,0.07834101382488479,-0.05069124423963123,0.1428571428571428,2026H1
600231,2026-01-21,2,bull,none,two_day_acceleration,current_week,0.12844036697247696,0.08715596330275233,0.11009174311926584,-0.004587155963302836,0.201834862385321,2026H1
600231,2026-02-24,1,bull,macd_stabilizing,shrinking_volume_acceleration,current_week,0.02608695652173898,-0.013043478260869712,-0.14347826086956528,-0.021739130434782705,0.10869565217391308,2026H1
600231,2026-02-27,4,bull,macd_cross,shrinking_volume_acceleration,current_week,-0.040322580645161366,-0.028225806451612878,-0.18145161290322565,-0.11290322580645151,0.012096774193548487,2026H1
600231,2026-04-10,4,mid,none,pullback_holds,current_week,0.024390243902439046,0.04878048780487809,0.029268292682926855,-0.014634146341463317,0.04878048780487809,2026H1
600231,2026-04-27,0,bull,none,two_day_acceleration,current_week,-0.018018018018018056,-0.06306306306306309,-0.09459459459459452,-0.07207207207207211,0.018018018018018056,2026H1
300276,2024-01-02,1,mid,none,pullback_holds,current_week,0.06483790523690791,-0.027431421446383997,-0.15960099750623435,-0.05985037406483784,0.13466334164588534,2024H1
300276,2024-03-12,1,bull,none,two_day_acceleration,current_week,0.05156950672645744,-0.03139013452914796,-0.03363228699551557,-0.06278026905829603,0.1636771300448432,2024H1
300276,2024-04-03,2,bull,ma_bull,pullback_holds,current_week,-0.06334841628959287,-0.19683257918552033,-0.1357466063348416,-0.2262443438914027,0.011312217194570096,2024H1
300276,2024-05-30,3,mid,none,pullback_holds,current_week,-0.1033519553072626,-0.04748603351955305,-0.016759776536312887,-0.11452513966480449,0.027932960893854775,2024H1
300276,2024-05-31,4,mid,none,pullback_holds,current_week,-0.09340659340659341,-0.06318681318681318,-0.052197802197802234,-0.12912087912087922,0.005494505494505475,2024H1
300276,2024-11-08,4,bull,ma_bull,shrinking_volume_acceleration,current_week,-0.08089500860585208,-0.022375215146299587,0.5197934595524956,-0.1376936316695354,0.09294320137693624,2024H2
300276,2024-12-06,4,bull,ma_bull,shrinking_volume_acceleration,current_week,0.3450292397660817,0.24327485380116953,-0.057309941520467866,-0.0011695906432748204,0.47602339181286557,2024H2
300276,2025-02-10,0,mid,ma_bull,shrinking_volume_acceleration,current_week,-0.0603674540682414,0.284339457567804,0.24059492563429563,-0.11811023622047245,0.47681539807524054,2025H1
300276,2025-02-12,2,bull,ma_bull,shrinking_volume_acceleration,current_week,0.09254267744833777,0.325247079964061,0.2848158131176999,-0.09433962264150952,0.5166217430368372,2025H1
300276,2025-03-10,0,bull,ma_bull,two_day_acceleration,current_week,0.04628949301983831,-0.033798677443056535,-0.19911829537105064,-0.08890521675238794,0.10580455547391643,2025H1
300276,2025-03-17,0,bull,ma_bull,two_day_acceleration,current_week,-0.06869688385269124,-0.06303116147308785,-0.15014164305949018,-0.13951841359773376,0.05169971671388085,2025H1
300276,2025-06-09,0,bull,none,pullback_holds,current_week,-0.02638522427440637,-0.07827616534740545,-0.08619173262972735,-0.09146877748460869,0.025505716798592815,2025H1
300276,2025-06-10,1,bull,none,two_day_acceleration,current_week,-0.04600694444444442,-0.06076388888888884,-0.08159722222222221,-0.10329861111111105,0.00694444444444442,2025H1
300276,2025-06-11,2,bull,none,pullback_holds,current_week,-0.03430079155672827,-0.038698328935796056,-0.07211961301671066,-0.09146877748460869,0.014072119613016465,2025H1
300276,2025-06-12,3,bull,none,pullback_holds,current_week,-0.03445229681978801,-0.048586572438162556,-0.0742049469964664,-0.08745583038869265,0.005300353356890497,2025H1
300276,2025-06-24,1,bull,none,two_day_acceleration,current_week,0.0009199632014720294,-0.02667893284268641,0.022079116835326484,-0.05151793928242876,0.022079116835326484,2025H1
300276,2025-06-25,2,bull,none,pullback_holds,current_week,-0.03551912568306015,-0.03916211293260474,-0.004553734061930825,-0.061020036429872526,0.011839708561020013,2025H1
300276,2025-06-26,3,bull,none,pullback_holds,current_week,-0.01392757660167121,-0.02692664809656442,0.0241411327762302,-0.04271123491179196,0.025998142989786643,2025H1
300276,2025-06-27,4,bull,none,pullback_holds,current_week,-0.04036697247706422,-0.016513761467889854,0.015596330275229331,-0.05412844036697251,0.013761467889908285,2025H1
300276,2025-07-11,4,bull,none,two_day_acceleration,current_week,0.03457943925233642,0.03457943925233642,-0.0018691588785048063,-0.0018691588785048063,0.08317757009345783,2025H2
300276,2025-07-16,2,bull,none,shrinking_volume_acceleration,current_week,-0.006363636363636349,-0.08272727272727276,-0.026363636363636256,-0.09363636363636363,0.053636363636363704,2025H2
300276,2025-07-17,3,bull,none,shrinking_volume_acceleration,current_week,-0.006306306306306353,-0.08378378378378382,-0.05585585585585584,-0.10180180180180176,0.04414414414414414,2025H2
300276,2025-08-08,4,bull,none,pullback_holds,current_week,-0.0018726591760299671,0.030898876404494402,0.008426966292134797,-0.029962546816479474,0.060861423220973876,2025H2
300276,2025-08-18,0,bull,none,pullback_holds,current_week,0.04629629629629628,0.03055555555555567,0.014814814814814836,-0.03518518518518521,0.06481481481481466,2025H2
300276,2025-08-19,1,bull,none,two_day_acceleration,current_week,0.020091324200913085,0.028310502283104944,0.04566210045662089,-0.04840182648401836,0.050228310502282936,2025H2
300276,2025-08-22,4,bull,none,shrinking_volume_acceleration,current_week,0.0,-0.0244565217391306,0.0009057971014492239,-0.06974637681159435,0.0507246376811592,2025H2
300276,2025-08-25,0,bull,none,two_day_acceleration,current_week,-0.015044247787610598,-0.013274336283185861,-0.02831858407079646,-0.09115044247787618,0.0265486725663715,2025H2
300276,2025-08-29,4,bull,none,pullback_holds,current_week,-0.02797833935018057,-0.009025270758122761,-0.07942238267148005,-0.07310469314079426,0.04693140794223827,2025H2
002295,2023-03-13,0,mid,ma_bull,shrinking_volume_acceleration,current_week,-0.016438356164383605,0.008219178082191858,-0.05205479452054795,-0.03698630136986292,0.013698630136986356,2023H1
002295,2023-03-15,2,mid,ma_bull,shrinking_volume_acceleration,current_week,-0.0027285129604365244,-0.013642564802182733,-0.05047748976807642,-0.03547066848567526,0.01909959072305578,2023H1
002295,2023-03-20,0,mid,none,pullback_holds,current_week,0.020804438280166426,-0.01386962552011095,-0.03744798890429957,-0.023578363384188616,0.03606102635228847,2023H1
002295,2023-03-21,1,mid,none,pullback_holds,current_week,0.00687757909215958,-0.04814305364511695,-0.06189821182943611,-0.050894085281980805,0.0275103163686381,2023H1
002295,2023-03-23,3,bull,none,pullback_holds,current_week,-0.03551912568306004,-0.05464480874316946,-0.11612021857923505,-0.06830601092896171,0.020491803278688492,2023H1
002295,2023-03-24,4,mid,none,pullback_holds,current_week,-0.012345679012345623,-0.058984910836762605,-0.11111111111111105,-0.0672153635116598,0.024691358024691246,2023H1
002295,2023-03-27,0,mid,none,pullback_holds,current_week,-0.04048582995951411,-0.06612685560053988,-0.15924426450742235,-0.08502024291497978,0.008097165991902688,2023H1
002295,2023-04-12,2,bull,none,two_day_acceleration,current_week,-0.038081805359661436,-0.10860366713681235,-0.049365303244005565,-0.1368124118476728,0.005641748942172065,2023H1
002295,2023-04-13,3,bull,none,pullback_holds,current_week,-0.04714285714285715,-0.09285714285714275,-0.04571428571428571,-0.12571428571428567,0.017142857142857126,2023H1
002295,2023-05-05,4,bull,none,pullback_holds,current_week,0.004573170731707155,0.03353658536585358,0.0060975609756097615,-0.010670731707317138,0.04268292682926811,2023H1
002295,2023-05-08,0,bull,none,shrinking_volume_acceleration,current_week,0.015060240963855387,0.016566265060240948,0.0,-0.02259036144578319,0.030120481927710774,2023H1
002295,2023-05-10,2,mid,none,shrinking_volume_acceleration,current_week,0.0226586102719033,0.013595166163141936,-0.015105740181268867,-0.013595166163141936,0.0332326283987916,2023H1
002295,2023-05-11,3,mid,none,pullback_holds,current_week,0.024169184290030232,0.007552870090634434,-0.012084592145015116,-0.013595166163141936,0.0332326283987916,2023H1
002295,2023-09-06,2,mid,none,shrinking_volume_acceleration,current_week,-0.011936339522546358,-0.011936339522546358,-0.006631299734747964,-0.02652519893899208,0.0053050397877985045,2023H2
002295,2023-11-07,1,mid,ma_bull,two_day_acceleration,current_week,-0.017925736235595457,0.006402048655569814,0.017925736235595346,-0.0294494238156211,0.028169014084507005,2023H2
002295,2023-11-09,3,mid,ma_bull,pullback_holds,current_week,0.0013071895424836555,0.027450980392156765,0.04836601307189525,-0.0091503267973857,0.04967320261437891,2023H2
002295,2023-11-10,4,mid,ma_bull,pullback_holds,current_week,0.01171875,0.01041666666666674,-0.003906249999999889,-0.00911458333333326,0.04557291666666652,2023H2
002295,2023-11-13,0,mid,ma_bull,two_day_acceleration,current_week,0.015424164524421524,0.010282776349614497,-0.0012853470437017567,-0.02185089974293053,0.032133676092544805,2023H2
002295,2023-11-20,0,mid,ma_bull,two_day_acceleration,current_week,-0.005063291139240533,0.04556962025316458,0.008860759493670711,-0.021518987341772156,0.05316455696202538,2023H2
002295,2023-11-22,2,mid,ma_bull,pullback_holds,current_week,0.010243277848911658,0.02432778489116516,0.02688860435339291,-0.010243277848911658,0.0653008962868118,2023H2
002295,2023-12-28,3,mid,ma_bull,pullback_holds,current_week,0.016270337922403177,-0.0025031289111390187,-0.09887359198998746,-0.010012515644555742,0.04630788485607007,2023H2
002295,2023-12-29,4,mid,ma_bull,two_day_acceleration,current_week,-0.0219780219780219,-0.028083028083027983,-0.1575091575091574,-0.04029304029304015,0.020757020757020683,2023H2
002295,2024-01-04,3,mid,ma_bull,shrinking_volume_acceleration,current_week,-0.02895054282267795,-0.10132689987937282,-0.27382388419782877,-0.12303980699638117,0.007237635705669376,2024H1
002295,2025-05-08,3,bull,none,shrinking_volume_acceleration,current_week,-0.024020227560050622,-0.01643489254108721,0.08343868520859665,-0.04424778761061943,0.01643489254108732,2025H1
002295,2025-07-31,3,bull,ma_bull,pullback_holds,current_week,0.15204081632653055,0.10408163265306114,0.054081632653061096,-0.0010204081632653184,0.22346938775510194,2025H2
002295,2025-08-25,0,bull,ma_bull,pullback_holds,current_week,-0.05882352941176472,-0.022977941176470562,-0.003676470588235392,-0.09742647058823528,0.013786764705882248,2025H2
002295,2025-11-11,1,bull,none,pullback_holds,current_week,-0.01631321370309946,-0.07259380097879276,0.0513866231647635,-0.10358890701468182,0.04323001631321377,2025H2
002295,2025-11-14,4,bull,none,pullback_holds,current_week,-0.1030844155844155,-0.06899350649350644,0.021915584415584277,-0.10795454545454541,0.008116883116883189,2025H2
002295,2025-12-22,0,bull,ma_bull,two_day_acceleration,current_week,0.015885022692889494,-0.03403933434190631,-0.06278366111951583,-0.053706505295007645,0.08774583963691374,2025H2
002295,2026-02-26,3,bull,none,pullback_holds,current_week,-0.03523489932885904,-0.01593959731543615,-0.12919463087248317,-0.06879194630872487,0.026006711409396033,2026H1
002295,2026-02-27,4,bull,none,shrinking_volume_acceleration,current_week,-0.03881090008257626,-0.04954582989265066,-0.12303881090008251,-0.08340214698596204,0.009909165978530199,2026H1
002295,2026-03-12,3,bull,none,pullback_holds,current_week,-0.06946826758147517,-0.10977701543739271,-0.06689536878216118,-0.18096054888507718,0.018867924528301883,2026H1
002295,2026-04-30,3,bull,none,shrinking_volume_acceleration,current_week,0.04452359750667845,0.015138023152270641,-0.08637577916295647,-0.011576135351736516,0.08993766696349059,2026H1
301195,2025-07-04,4,bull,none,pullback_holds,current_week,0.013381655979927576,0.021745190967382255,0.04209645943685536,-0.016169500975745654,0.04767214942849174,2025H2
301195,2025-07-15,1,bull,none,pullback_holds,current_week,0.013907826561221581,0.0226343059721843,0.07553858740114516,-0.0062721570766295365,0.027542950640850883,2025H2
301195,2025-07-16,2,bull,none,two_day_acceleration,current_week,0.007078682276068449,0.010345766403484724,0.06779199564388771,-0.00789545330792285,0.025864416008712032,2025H2
301195,2025-07-18,4,bull,none,pullback_holds,current_week,0.021917808219178214,0.024109589041096058,0.06383561643835622,-0.0035616438356165236,0.032328767123287694,2025H2
301195,2025-07-23,2,bull,ma_bull,pullback_holds,current_week,-0.00026939655172408816,0.11745689655172442,0.013739224137931272,-0.020204741379310387,0.1287715517241379,2025H2
301195,2025-07-24,3,bull,ma_bull,pullback_holds,current_week,-0.010013531799729525,0.07469553450608934,0.015155615696887503,-0.015696887686062366,0.13396481732070353,2025H2
301195,2025-07-25,4,bull,ma_bull,shrinking_volume_acceleration,current_week,0.0010712372790573355,0.04981253347616499,0.003749330476700674,-0.02597750401713994,0.12212104981253336,2025H2
301195,2025-08-18,0,bull,ma_bull,pullback_holds,current_week,-0.011087645195353768,-0.06151003167898628,-0.08500527983104533,-0.07470960929250259,0.009767687434002026,2025H2
301195,2025-08-26,1,bull,ma_bull,pullback_holds,current_week,-0.08033604620635337,-0.08217379889734844,-0.10737726437385153,-0.12391703859280667,0.004200577579417164,2025H2
301195,2025-09-08,0,bull,none,two_day_acceleration,current_week,-0.024486349563748844,-0.02786377708978338,-0.04193639178159303,-0.0346186321418519,0.016042780748663166,2025H2
301195,2025-09-10,2,bull,none,pullback_holds,current_week,0.01636990235496838,-0.004020677771395809,-0.02268811028144746,-0.04192992533026996,0.03676048248133257,2025H2
301195,2025-09-11,3,bull,none,pullback_holds,current_week,-0.003120567375886507,-0.014184397163120588,-0.06723404255319143,-0.05361702127659573,0.02411347517730511,2025H2
301195,2025-09-12,4,bull,none,pullback_holds,current_week,-0.00742857142857134,-0.021428571428571463,-0.04685714285714282,-0.04685714285714282,0.03142857142857136,2025H2
301195,2025-09-17,2,bull,none,pullback_holds,current_week,-0.020892151326934005,-0.010446075663466892,-0.019198193111236606,-0.05815923207227558,0.019198193111236606,2025H2
301195,2025-09-18,3,mid,none,pullback_holds,current_week,-0.009971509971509973,-0.016239316239316293,-0.009686609686609837,-0.04957264957264962,0.007122507122507171,2025H2
301195,2025-09-29,0,bull,none,pullback_holds,current_week,-0.01732101616628179,-0.013279445727482742,-0.00894919168591235,-0.050808314087759765,0.016743648960738877,2025H2
301195,2025-09-30,1,bull,none,pullback_holds,current_week,-0.01571428571428568,-0.013428571428571345,-0.016285714285714348,-0.0605714285714285,0.018857142857142906,2025H2
301195,2025-10-09,3,bull,none,pullback_holds,current_week,-0.02352941176470591,-0.0031563845050215367,0.004591104734576579,-0.05652797704447632,0.02324246771879479,2025H2
301195,2025-10-21,1,bull,none,two_day_acceleration,current_week,0.023269513991163393,0.011192930780559607,0.03475699558173795,-0.0020618556701030855,0.05036818851251845,2025H2
301195,2025-10-22,2,bull,none,pullback_holds,current_week,0.004938988959907187,0.000290528762347364,-0.006972690296339401,-0.013654851830331216,0.016269610691458603,2025H2
301195,2025-11-03,0,bull,none,pullback_holds,current_week,0.004890678941311899,0.0014384349827389897,-0.026754890678941323,-0.02128883774453383,0.011219792865362566,2025H2
301195,2025-11-06,3,bull,none,two_day_acceleration,current_week,-0.0002866972477065799,-0.03469036697247707,-0.06077981651376163,-0.04214449541284404,0.011467889908256756,2025H2
301195,2025-11-07,4,bull,none,pullback_holds,current_week,-0.005182839044054144,-0.07112006910452073,-0.042326518859775564,-0.07515116613878514,0.015836452634609754,2025H2
301195,2025-11-10,0,bull,none,pullback_holds,current_week,-0.0045753503002572415,-0.0474692593651701,-0.042321990277380483,-0.08149842722333434,0.008864741206748628,2025H2
301195,2025-11-11,1,bull,none,pullback_holds,current_week,0.00890292935094772,-0.04078116025272838,-0.05198161975875937,-0.07754164273406094,0.013210798391728895,2025H2
301195,2025-11-13,3,bull,none,pullback_holds,current_week,-0.030241935483870885,-0.038306451612903136,-0.07603686635944706,-0.0748847926267282,0.016129032258064502,2025H2
301195,2025-11-17,0,mid,none,pullback_holds,current_week,-0.04143884892086325,-0.026474820143884914,-0.07884892086330941,-0.0756834532374101,0.015251798561151109,2025H2
301195,2025-11-18,1,mid,none,pullback_holds,current_week,-0.04789053591790193,-0.039908779931584926,-0.08523375142531342,-0.08437856328392246,0.003135689851767376,2025H2
002658,2023-03-03,4,bull,ma_bull,two_day_acceleration,current_week,-0.03141361256544506,-0.049214659685863915,-0.1277486910994765,-0.07643979057591632,0.01884816753926688,2023H1
002658,2023-03-06,0,bull,ma_bull,two_day_acceleration,current_week,-0.06295149638802888,-0.054695562435500444,-0.14344685242518052,-0.08978328173374606,0.004127966976264386,2023H1
002658,2023-03-21,1,mid,ma_bull,pullback_holds,current_week,-0.023681377825618966,-0.10441334768568356,-0.12055974165769656,-0.12378902045209905,0.016146393972012785,2023H1
002658,2023-03-22,2,mid,ma_bull,two_day_acceleration,current_week,-0.038461538461538436,-0.10363247863247849,-0.1367521367521367,-0.1303418803418802,0.003205128205128416,2023H1
002658,2023-03-23,3,bull,ma_bull,pullback_holds,current_week,-0.04487179487179482,-0.11111111111111105,-0.1645299145299145,-0.1303418803418802,0.0010683760683762866,2023H1
002658,2023-03-24,4,mid,ma_bull,pullback_holds,current_week,-0.09554831704668842,-0.10532030401737247,-0.14115092290988063,-0.11617806731813252,0.004343105320304019,2023H1
002658,2023-04-06,3,bull,none,two_day_acceleration,current_week,-0.019230769230769273,-0.028846153846153855,-0.0673076923076924,-0.03846153846153855,0.007211538461538547,2023H1
002658,2023-04-19,2,bull,none,pullback_holds,current_week,-0.03690036900369009,-0.03690036900369009,-0.03936039360393606,-0.07749077490774914,0.002460024600245969,2023H1
002658,2023-04-28,4,bull,none,pullback_holds,current_week,0.03506493506493502,-0.0012987012987012436,0.11558441558441546,-0.03506493506493513,0.045454545454545414,2023H1
002658,2023-05-09,1,bull,none,pullback_holds,current_week,-0.030888030888030937,0.0656370656370655,0.09137709137709127,-0.04375804375804382,0.08880308880308885,2023H1
002658,2023-05-11,3,mid,none,pullback_holds,current_week,0.022666666666666613,0.10666666666666669,0.13200000000000012,-0.009333333333333416,0.1280000000000001,2023H1
002658,2025-06-09,0,bull,ma_bull,shrinking_volume_acceleration,current_week,-0.00137174211248281,-0.04252400548696844,0.15912208504801084,-0.06995884773662553,0.09739368998628262,2025H1
002658,2025-08-07,3,bull,ma_bull,pullback_holds,current_week,-0.010000000000000009,0.07499999999999996,-0.007499999999999951,-0.012499999999999956,0.07750000000000012,2025H2
002658,2025-08-08,4,bull,ma_bull,pullback_holds,current_week,-0.0024875621890548816,0.052238805970149294,-0.0024875621890548816,-0.017412935323383172,0.07213930348258701,2025H2
002658,2025-08-11,0,bull,ma_bull,pullback_holds,current_week,0.024752475247524774,0.04579207920792072,0.007425742574257432,-0.022277227722772297,0.06683168316831689,2025H2
002658,2025-08-12,1,bull,ma_bull,pullback_holds,current_week,0.0173482032218093,0.08798017348203202,0.0,-0.02106567534076831,0.15241635687732358,2025H2
002658,2025-08-13,2,bull,ma_bull,pullback_holds,current_week,0.0185185185185186,0.024691358024691468,-0.004938271604938205,-0.024691358024691246,0.14814814814814836,2025H2
002658,2025-08-18,0,bull,ma_bull,two_day_acceleration,current_week,0.024242424242424176,-0.010909090909090868,-0.032727272727272716,-0.042424242424242364,0.12727272727272743,2025H2
002658,2025-08-20,2,bull,ma_bull,shrinking_volume_acceleration,current_week,0.00728155339805836,-0.040048543689320426,-0.03276699029126218,-0.04126213592233008,0.12864077669902918,2025H2
002658,2025-09-08,0,bull,ma_bull,pullback_holds,current_week,-0.019656019656019708,-0.04668304668304679,0.02457002457002444,-0.05036855036855037,0.004914004914004844,2025H2
002658,2025-09-09,1,bull,ma_bull,pullback_holds,current_week,-0.008652657601977753,-0.04449938195302838,0.027194066749073098,-0.07787391841779978,0.00370828182941918,2025H2
002658,2025-09-26,4,mid,none,pullback_holds,current_week,0.04534005037783384,0.07304785894206534,0.06045340050377823,-0.018891687657430767,0.1183879093198994,2025H2
002658,2025-10-13,0,bull,none,two_day_acceleration,current_week,0.026506024096385472,0.03855421686746996,0.1722891566265059,-0.01686746987951815,0.07228915662650603,2025H2
002658,2025-11-05,2,bull,ma_bull,pullback_holds,current_week,0.1448598130841121,0.0408878504672896,0.01869158878504673,-0.009345794392523366,0.21144859813084116,2025H2
002658,2025-12-19,4,mid,none,two_day_acceleration,current_week,0.023014959723820505,0.04718066743383198,0.10011507479861925,-0.014959723820483162,0.05868814729574234,2025H2
002658,2025-12-24,2,bull,macd_stabilizing,two_day_acceleration,current_week,0.018038331454340195,0.030439684329199412,0.21082299887260425,-0.03494926719278468,0.04735062006764368,2025H2
002658,2026-01-12,0,bull,ma_bull,shrinking_volume_acceleration,current_week,0.023758099352051865,0.12742980561555073,0.14038876889848817,-0.024838012958963374,0.15982721382289422,2026H1
002658,2026-01-14,2,bull,ma_bull,pullback_holds,current_week,0.04395604395604402,0.08901098901098914,0.12857142857142856,-0.007692307692307776,0.18021978021978025,2026H1
002658,2026-01-15,3,bull,ma_bull,pullback_holds,current_week,0.05971769815418004,0.03474484256243193,0.12160694896851232,0.0,0.16612377850162852,2026H1
002658,2026-01-20,1,bull,ma_bull,two_day_acceleration,current_week,0.07716701902748402,0.011627906976744207,0.14482029598308666,-0.01374207188160681,0.13530655391120505,2026H1
002658,2026-01-22,3,bull,ma_bull,two_day_acceleration,current_week,-0.018537590113285374,0.05767250257466516,0.17816683831101932,-0.03913491246138012,0.10607621009268797,2026H1
002658,2026-02-09,0,bull,ma_bull,shrinking_volume_acceleration,current_week,0.012369172216936342,0.026641294005709026,-0.0742150333016175,-0.02378686964795429,0.12274024738344447,2026H1
002658,2026-04-14,1,mid,none,two_day_acceleration,current_week,0.059718969555035084,0.003512880562060783,0.17798594847775173,-0.023419203747072737,0.0796252927400467,2026H1
002658,2026-04-16,3,mid,none,shrinking_volume_acceleration,current_week,0.04103165298944922,-0.0023446658851112856,0.12075029308323582,-0.01992966002344665,0.08089097303634252,2026H1
002658,2026-05-08,4,bull,none,shrinking_volume_acceleration,current_week,0.10307017543859653,-0.02412280701754388,-0.13706140350877205,-0.046052631578947345,0.15131578947368407,2026H1
002658,2026-05-15,4,bull,none,shrinking_volume_acceleration,current_week,-0.1046277665995975,-0.22736418511066392,-0.17002012072434602,-0.23138832997987913,0.05633802816901423,2026H1
002658,2026-06-15,0,bull,none,shrinking_volume_acceleration,current_week,-0.032412965186074394,0.014405762304921854,-0.15846338535414173,-0.07202881152460983,0.019207683073229287,2026H1
002658,2026-06-16,1,bull,none,pullback_holds,current_week,-0.0060606060606061,0.01090909090909098,-0.14909090909090905,-0.06303030303030299,0.036363636363636376,2026H1
002023,2023-11-15,2,mid,ma_bull,pullback_holds,current_week,-0.026584867075664653,-0.012269938650306678,-0.026584867075664653,-0.03885480572597122,0.010224948875255713,2023H2
002023,2023-11-16,3,mid,ma_bull,pullback_holds,current_week,-0.006179196704428458,-0.02471678681771372,-0.021627188465499603,-0.033985581874356297,0.01750772399588052,2023H2
002023,2023-11-17,4,mid,ma_bull,pullback_holds,current_week,-0.027692307692307683,-0.021538461538461395,-0.03589743589743588,-0.0410256410256411,0.01333333333333342,2023H2
002023,2024-10-25,4,bull,ma_bull,shrinking_volume_acceleration,current_week,-0.008787346221441283,0.07381370826010536,-0.05008787346221444,-0.017574692442882345,0.09666080843585223,2024H2
002023,2024-12-02,0,bull,ma_bull,shrinking_volume_acceleration,current_week,-0.03141831238779169,-0.02782764811490135,-0.0439856373429085,-0.03949730700179532,0.009874326750448859,2024H2
002023,2024-12-12,3,bull,none,two_day_acceleration,current_week,-0.053201082055906235,-0.06582506762849416,-0.1433724075743913,-0.09377817853922443,0.0018034265103696878,2024H2
002023,2024-12-16,0,bull,none,pullback_holds,current_week,-0.05669144981412633,-0.010223048327137496,-0.07527881040892181,-0.06598513011152407,0.01115241635687747,2024H2
002023,2024-12-30,0,bull,none,pullback_holds,current_week,-0.09802073515551357,-0.0622054665409989,-0.057492931196983954,-0.13100848256361908,0.006597549481621057,2024H2
002023,2025-01-24,4,mid,none,pullback_holds,current_week,0.04500000000000015,0.04400000000000004,0.03400000000000003,-0.02400000000000002,0.06699999999999995,2025H1
002023,2025-02-06,3,mid,none,two_day_acceleration,current_week,0.010679611650485477,0.02135922330097073,0.04951456310679614,-0.027184466019417597,0.03592233009708723,2025H1
002023,2025-02-20,3,bull,none,two_day_acceleration,current_week,0.01711026615969602,0.027566539923954414,0.009505703422053369,-0.024714828897338337,0.03802281368821303,2025H1
002023,2025-02-24,0,bull,none,two_day_acceleration,current_week,-0.026365348399246757,0.013182674199623268,-0.04613935969868177,-0.033898305084745894,0.03295668549905839,2025H1
002023,2025-03-07,4,bull,none,pullback_holds,current_week,-0.002780352177942591,-0.029657089898053823,-0.1677479147358666,-0.03614457831325302,0.01575532900834098,2025H1
002023,2025-08-04,0,bull,ma_bull,two_day_acceleration,current_week,0.011596788581623496,0.008920606601248826,0.15165031222123093,-0.014272970561998277,0.03479036574487049,2025H2
002023,2025-08-18,0,bull,ma_bull,pullback_holds,current_week,0.11189427312775346,0.1374449339207049,0.05638766519823801,-0.019383259911894157,0.1656387665198238,2025H2
002023,2025-08-19,1,bull,ma_bull,two_day_acceleration,current_week,0.07130730050933809,0.052631578947368585,0.03056027164685915,-0.024617996604414216,0.1230899830220713,2025H2
002023,2025-09-17,2,bull,ma_bull,two_day_acceleration,current_week,-0.0008103727714748876,0.018638573743922304,-0.03808752025931916,-0.05996758508914102,0.03241491085899506,2025H2
002023,2025-09-19,4,mid,ma_bull,pullback_holds,current_week,-0.012285012285012331,0.013923013923013983,0.03603603603603589,-0.049959049959050095,0.043407043407043266,2025H2
002023,2025-09-24,2,bull,ma_bull,shrinking_volume_acceleration,current_week,0.018638573743922304,-0.004051863857374327,0.027552674230145957,-0.043760129659643376,0.03241491085899506,2025H2
002023,2025-10-09,3,bull,ma_bull,shrinking_volume_acceleration,current_week,-0.02071713147410359,-0.054183266932270935,0.048605577689242896,-0.08924302788844629,0.013545816733067761,2025H2
002023,2025-10-13,0,bull,ma_bull,pullback_holds,current_week,-0.037156704361874016,0.021809369951534707,0.03796445880452337,-0.07673667205169632,0.04038772213247177,2025H2
002023,2025-10-20,0,mid,none,shrinking_volume_acceleration,current_week,0.05946398659966512,0.08626465661641558,0.04020100502512558,-0.042713567839196,0.0938023450586265,2025H2
002023,2025-10-24,4,bull,none,two_day_acceleration,current_week,-0.003172085646312328,0.03330689928628083,-0.09278350515463918,-0.015067406819984086,0.05154639175257736,2025H2
002023,2025-10-27,0,bull,ma_bull,two_day_acceleration,current_week,0.028548770816812175,0.019032513877874635,-0.0634417129262489,-0.015067406819984086,0.05154639175257736,2025H2
002023,2025-11-06,3,bull,ma_bull,two_day_acceleration,current_week,-0.019969278033794113,-0.08218125960061429,-0.032258064516129004,-0.08525345622119807,0.018433179723502224,2025H2
002023,2025-12-29,0,bull,ma_bull,shrinking_volume_acceleration,current_week,0.020149253731343242,0.0626865671641792,0.03955223880597014,-0.01716417910447765,0.18208955223880596,2025H2
002023,2026-01-19,0,bull,ma_bull,two_day_acceleration,current_week,-0.011805555555555514,-0.18194444444444446,-0.1611111111111111,-0.21041666666666659,0.02430555555555558,2026H1
600995,2024-12-02,0,bull,ma_bull,two_day_acceleration,current_week,-0.010436432637571325,-0.015180265654648917,-0.02371916508538896,-0.018026565464895783,0.014231499051233332,2024H2
600995,2024-12-06,4,bull,ma_bull,pullback_holds,current_week,-0.010456273764258506,-0.025665399239543696,-0.06368821292775662,-0.027566539923954303,0.01615969581749055,2024H2
600995,2024-12-12,3,bull,none,pullback_holds,current_week,-0.018957345971564066,-0.03696682464454981,-0.09952606635071093,-0.03791469194312802,0.004739336492890933,2024H2
600995,2025-01-24,4,mid,none,pullback_holds,current_week,0.028895768833849367,0.037151702786377916,0.0010319917440662074,-0.0041279669762640525,0.05159958720330238,2025H1
600995,2025-01-27,0,mid,none,pullback_holds,current_week,0.016260162601626105,0.03455284552845517,-0.008130081300813052,-0.019308943089430874,0.0477642276422765,2025H1
600995,2025-02-12,2,bull,none,shrinking_volume_acceleration,current_week,-0.005928853754940788,-0.018774703557312367,-0.05632411067193677,-0.034584980237154284,0.018774703557312256,2025H1
600995,2025-02-19,2,bull,none,pullback_holds,current_week,-0.01194029850746281,-0.029850746268656803,-0.025870646766169125,-0.03980099502487566,0.0029850746268655914,2025H1
600995,2025-08-25,0,bull,ma_bull,two_day_acceleration,current_week,0.022136669874879722,0.11645813282001916,0.12512030798845042,-0.029836381135707413,0.1357074109720886,2025H2
600995,2025-10-28,1,bull,ma_bull,pullback_holds,current_week,-0.007942811755361379,0.11358220810166797,-0.02779984114376488,-0.023034154090547987,0.15965051628276417,2025H2
600995,2025-10-31,4,bull,ma_bull,pullback_holds,current_week,0.0645669291338582,0.05196850393700769,-0.020472440944881987,-0.03149606299212604,0.14960629921259838,2025H2
600995,2025-11-07,4,bull,ma_bull,shrinking_volume_acceleration,current_week,-0.0381569474442045,-0.1159107271418286,-0.10367170626349886,-0.11735061195104401,0.05111591072714172,2025H2
600995,2025-12-01,0,mid,ma_bull,pullback_holds,current_week,-0.019841269841269882,0.011904761904761862,0.011111111111111072,-0.033333333333333326,0.026984126984126888,2025H2
600995,2025-12-26,4,bull,macd_stabilizing,two_day_acceleration,current_week,-0.010769230769230864,0.026923076923076827,0.06461538461538452,-0.03769230769230769,0.041538461538461524,2025H2
600995,2026-01-05,0,bull,none,pullback_holds,current_week,0.039432176656151396,0.11829652996845419,0.10410094637223977,-0.001577287066246047,0.13406940063091488,2026H1
600995,2026-01-06,1,bull,none,pullback_holds,current_week,0.03810264385692075,0.10419906687402802,0.11041990668740298,-0.005443234836702837,0.13141524105754288,2026H1
600995,2026-01-08,3,bull,none,pullback_holds,current_week,0.05703125000000009,0.07734375000000004,0.04453124999999991,0.0,0.13671875,2026H1
600995,2026-01-13,1,bull,ma_bull,two_day_acceleration,current_week,0.0628742514970062,0.03592814371257491,-0.0059880239520956335,-0.017215568862275377,0.08907185628742531,2026H1
600995,2026-01-15,3,bull,ma_bull,shrinking_volume_acceleration,current_week,-0.014999999999999902,-0.02857142857142858,-0.002142857142857113,-0.034285714285714364,0.03928571428571437,2026H1
600995,2026-01-16,4,bull,ma_bull,two_day_acceleration,current_week,0.015294974508375692,-0.01310997815003645,-0.01966496722505462,-0.03932993445010935,0.05972323379461031,2026H1
600995,2026-01-19,0,bull,ma_bull,shrinking_volume_acceleration,current_week,-0.012605042016806789,-0.019607843137254943,-0.011904761904761973,-0.07633053221288522,0.018907563025210017,2026H1
600995,2026-01-23,4,bull,ma_bull,shrinking_volume_acceleration,current_week,-0.03558718861209964,-0.04839857651245549,0.0647686832740213,-0.06619217081850537,0.03202846975088969,2026H1
600995,2026-01-26,0,bull,ma_bull,two_day_acceleration,current_week,0.0014306151645206988,-0.04220314735336195,0.03862660944205998,-0.061516452074391936,0.03719599427753928,2026H1
600995,2026-04-13,0,mid,none,pullback_holds,current_week,0.007857142857142785,0.027142857142857135,0.056428571428571495,-0.013571428571428568,0.06214285714285728,2026H1
600995,2026-04-14,1,mid,none,two_day_acceleration,current_week,0.002138275124732747,0.009978617248752597,0.045616535994297935,-0.015680684248039922,0.059871703492516026,2026H1
600995,2026-04-15,2,mid,none,two_day_acceleration,current_week,-0.014035087719298178,0.023157894736842044,0.03719298245614033,-0.03087719298245606,0.04350877192982461,2026H1
600995,2026-05-07,3,bull,macd_stabilizing,two_day_acceleration,current_week,-0.027613412228796874,-0.07232084155161089,0.028928336620644313,-0.07495069033530577,0.028928336620644313,2026H1
600995,2026-05-11,0,bull,none,shrinking_volume_acceleration,current_week,-0.009383378016085686,-0.04021447721179627,-0.06702412868632712,-0.06300268096514738,0.048927613941018855,2026H1
600995,2026-05-12,1,bull,none,shrinking_volume_acceleration,current_week,0.0026613439787090964,-0.055888223552894356,-0.0785096473719229,-0.07984031936127756,0.041250831669993326,2026H1
600995,2026-05-13,2,bull,none,two_day_acceleration,current_week,-0.03997378768020965,-0.06356487549148093,-0.13892529488859762,-0.09370904325032758,0.025557011795543927,2026H1
600995,2026-08-05,2,mid,none,pullback_holds,current_week,-0.013942680092951187,-0.04260263361735095,-0.02323780015491872,-0.04492641363284278,0.004647560030983877,2026H2
600995,2026-08-10,0,mid,none,pullback_holds,current_week,-0.014062499999999978,-0.04375000000000007,-0.03125,-0.04765625000000007,0.013281249999999911,2026H2
600995,2026-08-11,1,mid,none,pullback_holds,current_week,-0.02102803738317749,-0.04283489096573201,-0.031931464174454804,-0.050623052959501535,0.0007788161993769194,2026H2
600995,2026-08-12,2,mid,none,pullback_holds,current_week,-0.029065200314218442,-0.02670856245090336,-0.01492537313432829,-0.04241948153967012,0.003142183817753219,2026H2
600995,2026-08-17,0,mid,none,pullback_holds,current_week,-0.03164556962025322,0.010284810126582222,-0.01898734177215189,-0.03560126582278489,0.012658227848101333,2026H2
600995,2026-08-26,2,mid,none,pullback_holds,current_week,0.0177562550443906,0.01210653753026647,,-0.013720742534301889,0.0355125100887812,2026H2
600995,2026-08-27,3,mid,none,pullback_holds,current_week,0.00482703137570395,0.0032180209171359664,,-0.009654062751407788,0.032180209171359664,2026H2
600995,2026-08-28,4,mid,none,pullback_holds,current_week,-0.007949125596184436,-0.015103338632750374,,-0.032591414944356134,0.019872813990461147,2026H2
600995,2026-08-31,0,bull,none,two_day_acceleration,current_week,-0.028213166144200552,-0.028213166144200552,,-0.04623824451410652,0.005485893416927956,2026H2
000705,2023-03-02,3,bull,macd_cross,pullback_holds,current_week,-0.02076124567474047,-0.028835063437139596,-0.08419838523644751,-0.06459054209919268,0.009227220299884653,2023H1
000705,2023-03-03,4,bull,macd_cross,pullback_holds,current_week,-0.03686635944700467,-0.034562211981566726,-0.07027649769585242,-0.06566820276497698,0.008064516129032251,2023H1
000705,2023-03-16,3,mid,none,pullback_holds,current_week,-0.029585798816568087,-0.060355029585798636,-0.03076923076923077,-0.06745562130177507,0.00946745562130169,2023H1
000705,2023-03-17,4,mid,none,pullback_holds,current_week,-0.022727272727272707,-0.03468899521531088,-0.0167464114832534,-0.0574162679425837,0.004784688995215447,2023H1
000705,2023-04-03,0,bull,none,pullback_holds,current_week,-0.019631901840490795,-0.004907975460122782,0.019631901840490906,-0.02331288343558291,0.01595092024539868,2023H1
000705,2023-04-07,4,bull,none,pullback_holds,current_week,0.0,-0.04761904761904756,-0.0012210012210012167,-0.050061050061049994,0.01098901098901095,2023H1
000705,2023-04-27,3,mid,macd_stabilizing,two_day_acceleration,current_week,0.0012285012285011554,0.008599508599508532,0.027027027027026973,-0.011056511056511065,0.027027027027026973,2023H1
000705,2023-05-04,3,bull,none,two_day_acceleration,current_week,-0.018050541516245522,0.0,-0.00361010830324926,-0.02767749699157651,0.006016847172081619,2023H1
000705,2023-05-15,0,mid,none,pullback_holds,current_week,0.01820388349514568,0.016990291262136026,-0.03276699029126218,-0.010922330097087318,0.03033980582524265,2023H1
000705,2023-05-18,3,mid,none,pullback_holds,current_week,-0.0072289156626507145,-0.002409638554217053,-0.04096385542168679,-0.01807228915662651,0.02289156626506017,2023H1
000705,2023-09-12,1,mid,none,pullback_holds,current_week,0.021251475796930208,-0.0023612750885479983,0.0023612750885477762,-0.029515938606847647,0.05430932703659974,2023H2
000705,2023-09-14,3,mid,none,pullback_holds,current_week,0.02524038461538458,0.033653846153846034,-0.02644230769230782,-0.0024038461538461453,0.07331730769230771,2023H2
000705,2023-09-18,0,mid,none,two_day_acceleration,current_week,-0.01839080459770115,-0.04022988505747138,-0.051724137931034586,-0.047126436781609216,0.02643678160919527,2023H2
000705,2023-09-22,4,mid,none,pullback_holds,current_week,0.0011848341232227888,0.035545023696682554,0.042654028436019065,-0.017772511848341055,0.0722748815165879,2023H2
000705,2023-11-20,0,mid,ma_bull,pullback_holds,current_week,0.0033149171270716593,0.006629834254143541,0.06298342541436464,-0.016574585635359185,0.03314917127071815,2023H2
000705,2023-11-22,2,mid,ma_bull,pullback_holds,current_week,-0.00553097345132747,-0.007743362831858391,0.109513274336283,-0.015486725663716894,0.03429203539822989,2023H2
000705,2023-11-23,3,mid,ma_bull,two_day_acceleration,current_week,-0.014192139737991383,-0.033842794759825434,0.09170305676855883,-0.0360262008733625,0.020742358078602585,2023H2
000705,2023-12-28,3,mid,ma_bull,pullback_holds,current_week,0.08434959349593507,-0.059959349593495914,-0.13516260162601623,-0.06300813008130068,0.217479674796748,2023H2
000705,2024-02-22,3,bull,none,shrinking_volume_acceleration,current_week,0.006587615283267567,0.04743083003952564,0.07905138339920947,-0.03425559947299073,0.11067193675889331,2024H1
000705,2024-02-27,1,bull,none,shrinking_volume_acceleration,current_week,-0.06226650062266492,0.028642590286426017,-0.03985056039850554,-0.08717310087173091,0.09215442092154413,2024H1
000705,2024-03-06,2,bull,none,pullback_holds,current_week,0.04675324675324677,0.06623376623376642,0.04675324675324677,-0.007792207792207795,0.13896103896103895,2024H1
000705,2024-03-18,0,bull,none,two_day_acceleration,current_week,-0.07160194174757284,-0.03883495145631066,-0.11529126213592233,-0.09708737864077666,0.004854368932038833,2024H1
000705,2025-07-01,1,bull,ma_bull,two_day_acceleration,current_week,0.008225616921269108,0.024676850763807323,0.11868390129259687,-0.003525264394829586,0.044653349001175124,2025H2
000705,2025-07-03,3,bull,ma_bull,two_day_acceleration,current_week,0.0023148148148146586,0.22106481481481488,0.08912037037037024,-0.01157407407407407,0.22106481481481488,2025H2
000705,2025-07-08,1,bull,ma_bull,pullback_holds,current_week,0.013953488372093092,0.10116279069767464,0.1116279069767443,-0.006976744186046324,0.3500000000000001,2025H2
000705,2025-07-14,0,bull,ma_bull,shrinking_volume_acceleration,current_week,0.11638418079096069,0.05423728813559325,0.07118644067796609,-0.0259887005649716,0.311864406779661,2025H2
000705,2025-07-15,1,bull,ma_bull,pullback_holds,current_week,0.019375672766415386,0.02475780409041972,0.017222820236813874,-0.008611410118406937,0.24973089343379962,2025H2
000705,2025-08-22,4,bull,ma_bull,pullback_holds,current_week,-0.029380902413431165,-0.01678908709338911,0.011542497376705319,-0.04826862539349408,0.010493179433368471,2025H2
000705,2025-08-25,0,bull,ma_bull,pullback_holds,current_week,-0.022012578616352307,0.002096436058700135,0.057651991614255715,-0.04926624737945495,0.00943396226415083,2025H2
000705,2025-08-26,1,bull,ma_bull,pullback_holds,current_week,-0.034554973821989576,-0.0010471204188481353,0.06178010471204187,-0.05026178010471205,0.008376963350785305,2025H2
000705,2025-09-04,3,mid,ma_bull,pullback_holds,current_week,0.01382978723404249,0.042553191489361764,0.04574468085106376,-0.019148936170212738,0.07553191489361688,2025H2
000705,2025-09-05,4,bull,ma_bull,pullback_holds,current_week,0.007478632478632452,0.02991452991453003,0.022435897435897578,-0.009615384615384581,0.08012820512820507,2025H2
000705,2025-09-10,2,bull,none,shrinking_volume_acceleration,current_week,-0.03232533889468203,0.06256517205422307,-0.01564129301355588,-0.033368091762252416,0.09801876955161615,2025H2
000705,2025-09-11,3,bull,none,pullback_holds,current_week,0.02617801047120416,0.036649214659685736,-0.023036649214659755,-0.02931937172774879,0.10261780104712037,2025H2
000705,2025-09-12,4,bull,none,pullback_holds,current_week,0.023354564755838636,0.08917197452229297,0.0010615711252652815,-0.015923566878980888,0.12420382165605104,2025H2
000705,2025-10-22,2,bull,ma_bull,two_day_acceleration,current_week,0.004119464469618972,0.009268795056642576,0.004119464469618972,-0.03192584963954692,0.02780638516992795,2025H2
000705,2025-10-23,3,bull,ma_bull,pullback_holds,current_week,-0.019367991845056,-0.011213047910295537,0.010193679918450549,-0.041794087665647295,0.017329255861366022,2025H2
000705,2025-10-24,4,bull,ma_bull,pullback_holds,current_week,-0.03137651821862353,-0.021255060728745057,-0.05769230769230771,-0.04858299595141702,0.010121457489878471,2025H2
000705,2025-11-03,0,bull,none,pullback_holds,current_week,0.013415892672858698,0.03921568627450989,0.004127966976264386,-0.008255933952528438,0.08771929824561409,2025H2
000705,2025-11-04,1,bull,none,pullback_holds,current_week,0.03719008264462831,0.032024793388429895,0.024793388429751984,-0.00723140495867769,0.08884297520661177,2025H2
000705,2025-11-06,3,bull,none,pullback_holds,current_week,0.044421487603305776,0.023760330578512345,0.02995867768595062,-0.00723140495867769,0.08884297520661177,2025H2
000705,2025-11-11,1,bull,macd_stabilizing,two_day_acceleration,current_week,-0.006958250497017926,-0.05367793240556673,-0.035785288270377635,-0.07455268389662029,0.04771371769383692,2025H2
000705,2025-11-14,4,bull,macd_stabilizing,two_day_acceleration,current_week,-0.09961315280464211,-0.07446808510638292,-0.11411992263056092,-0.09961315280464211,0.008704061895551174,2025H2
000705,2025-12-01,0,mid,ma_bull,pullback_holds,current_week,0.02270381836945301,-0.05159958720330238,-0.06295149638802888,-0.061919504643962786,0.054695562435500555,2025H2
000705,2025-12-19,4,mid,none,pullback_holds,current_week,-0.037539103232533844,-0.044838373305526535,-0.016684045881126153,-0.06256517205422307,0.0031282586027112647,2025H2
000705,2026-01-05,0,bull,none,pullback_holds,current_week,0.014099783080260275,0.019522776572667988,0.013015184381778733,-0.01626898047722347,0.0390455531453362,2026H1
000705,2026-01-06,1,bull,none,pullback_holds,current_week,0.024043715846994607,0.030601092896174853,0.02950819672131133,-0.008743169398907069,0.04699453551912569,2026H1
000705,2026-01-08,3,bull,none,pullback_holds,current_week,0.01965065502183405,0.044759825327510994,0.0360262008733625,-0.0032751091703056012,0.04694323144104806,2026H1
000705,2026-01-09,4,bull,none,pullback_holds,current_week,-0.004310344827586077,0.0431034482758621,0.024784482758620774,-0.008620689655172264,0.051724137931034475,2026H1
000705,2026-01-12,0,bull,none,two_day_acceleration,current_week,0.0032017075773744796,0.04482390608324449,0.025613660618996725,-0.018143009605122717,0.046958377801494144,2026H1
000705,2026-01-14,2,bull,none,shrinking_volume_acceleration,current_week,0.005319148936170359,0.008510638297872353,0.022340425531914843,-0.02127659574468077,0.043617021276595835,2026H1
000705,2026-01-15,3,bull,none,pullback_holds,current_week,0.024625267665952855,0.009635974304068595,0.007494646680942241,-0.01498929336188426,0.05032119914346911,2026H1
000705,2026-02-09,0,bull,none,shrinking_volume_acceleration,current_week,-0.017708333333333326,-0.06770833333333315,-0.055208333333333304,-0.06770833333333315,0.012500000000000178,2026H1
000705,2026-02-24,1,bull,macd_stabilizing,pullback_holds,current_week,-0.05291005291005291,-0.02751322751322771,-0.09206349206349218,-0.06772486772486774,0.01058201058201047,2026H1
000705,2026-02-25,2,bull,macd_stabilizing,pullback_holds,current_week,-0.0634920634920636,-0.029629629629629783,-0.08677248677248683,-0.06772486772486774,0.005291005291005124,2026H1
000705,2026-02-27,4,bull,macd_stabilizing,pullback_holds,current_week,-0.012903225806451757,-0.013978494623655968,-0.058064516129032406,-0.052688172043010795,0.0010752688172042113,2026H1
600346,2024-12-02,0,bull,ma_bull,pullback_holds,current_week,0.015731874145006763,0.03625170998631999,0.049931600547195476,-0.024623803009576006,0.07045143638850893,2024H2
600346,2024-12-03,1,bull,ma_bull,pullback_holds,current_week,0.0219780219780219,0.04532967032967039,0.05425824175824179,-0.020604395604395642,0.07486263736263732,2024H2
600346,2024-12-06,4,bull,ma_bull,pullback_holds,current_week,0.05440771349862272,0.04614325068870517,0.03443526170798905,-0.004132231404958553,0.07782369146005519,2024H2
600346,2024-12-09,0,bull,none,two_day_acceleration,current_week,-0.00328947368421062,0.007236842105263097,-0.006578947368421129,-0.024342105263157943,0.02960526315789469,2024H2
600346,2024-12-11,2,bull,ma_bull,shrinking_volume_acceleration,current_week,0.01926910299003315,0.023255813953488413,-0.0033222591362126463,-0.006644518272425182,0.039867109634551534,2024H2
600346,2024-12-12,3,bull,ma_bull,two_day_acceleration,current_week,-0.022435897435897467,-0.02179487179487183,-0.04807692307692313,-0.033974358974358965,0.0,2024H2
600346,2024-12-23,0,mid,ma_bull,pullback_holds,current_week,0.0072178477690287846,-0.009186351706036766,-0.040682414698162694,-0.028215223097112885,0.02493438320209984,2024H2
600346,2024-12-24,1,bull,ma_bull,shrinking_volume_acceleration,current_week,-0.007756948933419605,-0.025210084033613467,-0.050420168067226934,-0.04266321913380733,0.009696186166774368,2024H2
600346,2024-12-25,2,bull,ma_bull,pullback_holds,current_week,-0.029870129870129936,-0.025974025974025983,-0.05064935064935061,-0.0383116883116883,0.014285714285714235,2024H2
600346,2024-12-30,0,bull,ma_bull,pullback_holds,current_week,-0.02075226977950717,-0.024643320363164634,-0.027885862516212723,-0.048638132295719894,0.013618677042801508,2024H2
600346,2024-12-31,1,mid,ma_bull,pullback_holds,current_week,-0.014379084967320321,-0.02941176470588247,-0.02614379084967322,-0.04117647058823537,0.021568627450980316,2024H2
600346,2025-01-27,0,mid,none,pullback_holds,current_week,0.02857142857142847,0.04119601328903655,0.06976744186046524,-0.0146179401993356,0.058471760797342176,2025H1
600346,2025-02-10,0,mid,none,two_day_acceleration,current_week,0.011046133853151341,-0.00649772579597141,0.03248862897985716,-0.013645224171540016,0.0350877192982455,2025H1
600346,2025-02-13,3,bull,none,two_day_acceleration,current_week,-0.002580645161290307,0.00967741935483879,0.02709677419354839,-0.03290322580645155,0.019354838709677358,2025H1
600346,2025-02-24,0,bull,ma_bull,pullback_holds,current_week,0.03342070773263428,0.041284403669724856,0.019659239842726217,-0.017693315858453462,0.06487549148099614,2025H1
600346,2025-03-04,1,mid,ma_bull,two_day_acceleration,current_week,0.00990099009900991,-0.02103960396039606,-0.04579207920792083,-0.033415841584158334,0.010519801980198196,2025H1
600346,2025-03-07,4,bull,ma_bull,pullback_holds,current_week,0.0031847133757960666,-0.009554140127388533,-0.0573248407643312,-0.012738853503184822,0.04012738853503195,2025H1
600346,2025-03-11,1,bull,ma_bull,two_day_acceleration,current_week,-0.030637254901960786,-0.03676470588235292,-0.07291666666666663,-0.05208333333333326,0.0006127450980393245,2025H1
600346,2025-03-12,2,bull,ma_bull,pullback_holds,current_week,-0.010075566750629705,-0.020780856423173844,-0.041561712846347576,-0.02581863979848864,0.006926952141057985,2025H1
600346,2025-03-13,3,bull,ma_bull,pullback_holds,current_week,-0.01821608040200995,-0.017587939698492372,-0.048994974874371766,-0.0282663316582914,0.0037688442211054607,2025H1
600346,2025-03-14,4,bull,ma_bull,pullback_holds,current_week,-0.012071156289707674,-0.015883100381194448,-0.04510800508259205,-0.024777636594663366,0.015247776365946653,2025H1
600346,2025-03-24,0,mid,ma_bull,shrinking_volume_acceleration,current_week,-0.016005121638924424,-0.04097311139564663,-0.00256081946222797,-0.08386683738796419,0.010243277848911658,2025H1
600346,2025-03-25,1,mid,ma_bull,pullback_holds,current_week,-0.019083969465648942,-0.03753180661577604,-0.009541984732824416,-0.08969465648854957,0.003816793893129722,2025H1
600346,2025-04-02,2,mid,ma_bull,pullback_holds,current_week,-0.014886731391585806,-0.014886731391585806,0.011650485436893288,-0.0737864077669903,0.013592233009708687,2025H1
600346,2025-04-21,0,mid,macd_stabilizing,two_day_acceleration,current_week,-0.011545862732520784,0.016035920461834552,0.005131494547786941,-0.03527902501603586,0.017960230917254627,2025H1
600346,2025-05-09,4,bull,macd_stabilizing,pullback_holds,current_week,0.017845761631612556,-0.008922880815806167,-0.03824091778202676,-0.01210962396430848,0.021032504780114758,2025H1
600346,2025-06-09,0,bull,none,pullback_holds,current_week,-0.0066225165562913135,-0.05960264900662238,-0.06158940397350987,-0.07814569536423843,0.013907284768212014,2025H1
600346,2025-06-13,4,bull,none,pullback_holds,current_week,-0.07236842105263164,-0.06118421052631584,-0.07960526315789473,-0.08421052631578951,0.0032894736842103978,2025H1
600346,2025-06-23,0,bull,none,shrinking_volume_acceleration,current_week,0.0049330514446794815,-0.0014094432699083281,0.04862579281183943,-0.018322762508809043,0.014094432699083947,2025H1
600346,2025-06-27,4,bull,none,pullback_holds,current_week,-0.003503854239663595,-0.01962158374211631,0.0988086895585143,-0.01962158374211631,0.008409250175192673,2025H1
600346,2025-07-08,1,bull,none,pullback_holds,current_week,-0.026666666666666616,0.10736842105263156,0.06947368421052635,-0.03438596491228074,0.10877192982456152,2025H2
600346,2025-07-25,4,bull,none,shrinking_volume_acceleration,current_week,-0.022208121827411165,-0.03172588832487311,0.08502538071066001,-0.043147208121827374,0.03362944162436543,2025H2
600346,2025-08-26,1,bull,ma_bull,two_day_acceleration,current_week,0.009764503159104043,0.0022975301550831606,-0.054566341183228007,-0.03503733486502003,0.03388856978747845,2025H2
600346,2025-09-08,0,bull,ma_bull,two_day_acceleration,current_week,-0.045223289994347105,-0.060486150367439206,-0.047484454494064465,-0.06670435274166198,0.005652911249293346,2025H2
600346,2025-09-09,1,bull,ma_bull,pullback_holds,current_week,-0.0304422745548536,-0.054566341183228007,-0.0304422745548536,-0.06375646180356109,0.008041355542791617,2025H2
600346,2025-09-11,3,bull,ma_bull,pullback_holds,current_week,-0.03817235396182761,-0.05147484094852517,-0.05089647194910352,-0.06824754193175242,0.015037593984962516,2025H2
600346,2025-09-30,1,bull,ma_bull,pullback_holds,current_week,-0.010550996483001174,-0.02520515826494718,0.024032825322391593,-0.05041031652989447,0.04806565064478319,2025H2
600346,2025-10-09,3,bull,ma_bull,two_day_acceleration,current_week,-0.027906976744186074,0.023255813953488413,0.07674418604651168,-0.05813953488372092,0.03953488372093017,2025H2
600346,2025-10-27,0,bull,none,shrinking_volume_acceleration,current_week,0.04057971014492745,0.17101449275362324,0.06956521739130439,-0.012173913043478257,0.19594202898550717,2025H2
600346,2025-10-28,1,bull,none,two_day_acceleration,current_week,0.019721577726218076,0.1653132250580045,0.0696055684454755,-0.011600928074246064,0.19663573085846853,2025H2
600346,2025-10-29,2,bull,ma_bull,two_day_acceleration,current_week,-0.018539325842696686,0.11910112359550573,0.03146067415730336,-0.02584269662921357,0.15898876404494366,2025H2
600346,2025-10-31,4,bull,ma_bull,two_day_acceleration,current_week,0.08082497212931994,0.09531772575250841,0.05406911928651059,-0.033444816053511794,0.14994425863991068,2025H2
600346,2025-11-19,2,mid,ma_bull,pullback_holds,current_week,-0.07132018209408197,-0.009104704097116834,-0.050075872534142585,-0.07435508345978747,0.0,2025H2
600346,2025-12-01,0,mid,ma_bull,pullback_holds,current_week,-0.010937499999999822,-0.01666666666666672,0.09375,-0.05208333333333337,0.025000000000000133,2025H2
600346,2025-12-25,3,bull,ma_bull,two_day_acceleration,current_week,0.052103250478011454,0.08365200764818348,0.24760994263862335,-0.01147227533460815,0.16634799235181652,2025H2
600346,2025-12-26,4,bull,ma_bull,two_day_acceleration,current_week,0.12985781990521317,0.12938388625592423,0.22037914691943117,-0.010426540284360297,0.1563981042654028,2025H2
600346,2026-01-08,3,bull,ma_bull,shrinking_volume_acceleration,current_week,-0.01041666666666663,0.1020833333333333,0.002083333333333437,-0.06208333333333327,0.12416666666666676,2026H1
600346,2026-01-22,3,bull,ma_bull,shrinking_volume_acceleration,current_week,-0.036323202372127494,-0.10859896219421794,-0.047442550037064546,-0.12157153446997782,0.010378057820607856,2026H1
600346,2026-02-25,2,bull,ma_bull,pullback_holds,current_week,-0.06417322834645678,-0.13385826771653553,-0.15354330708661423,-0.15157480314960636,0.06299212598425186,2026H1
600346,2026-02-26,3,bull,ma_bull,pullback_holds,current_week,0.008343265792610133,-0.10687326181962653,-0.1605085419149782,-0.1537544696066746,0.07270560190703201,2026H1
600346,2026-05-11,0,bull,none,pullback_holds,current_week,-0.09046563192904655,-0.18093126385809322,-0.26385809312638575,-0.1835920177383592,0.030155210643015407,2026H1
300491,2023-06-13,1,mid,ma_bull,pullback_holds,current_week,0.0180379746835444,-0.10443037974683544,-0.05063291139240511,-0.1136075949367088,0.11202531645569613,2023H1
300491,2023-07-04,1,mid,ma_bull,pullback_holds,current_week,0.0020000000000000018,-0.05066666666666664,-0.11166666666666658,-0.07166666666666666,0.053333333333333455,2023H2
300491,2023-07-05,2,mid,ma_bull,pullback_holds,current_week,0.04467939972714863,-0.05013642564802179,-0.10743519781718958,-0.05661664392905863,0.07776261937244211,2023H2
300491,2023-07-13,3,mid,none,pullback_holds,current_week,-0.08833333333333326,-0.09599999999999997,-0.15566666666666662,-0.12299999999999989,0.005333333333333412,2023H2
300491,2023-07-31,0,bull,none,two_day_acceleration,current_week,-0.04131627056672771,-0.08811700182815352,-0.11882998171846437,-0.10932358318098723,0.005850091407678226,2023H2
300491,2023-09-11,0,mid,none,pullback_holds,current_week,-0.06519999999999992,-0.08760000000000001,-0.04480000000000006,-0.12,0.007200000000000095,2023H2
300491,2025-07-10,3,bull,none,pullback_holds,current_week,0.0304324612920448,0.013881473571810021,0.0945008008542445,-0.011211959423385043,0.05766150560597971,2025H2
300491,2025-07-11,4,bull,none,pullback_holds,current_week,0.028191489361702127,0.01755319148936163,0.10159574468085109,-0.006914893617021245,0.05372340425531896,2025H2
300491,2025-07-14,0,bull,ma_bull,two_day_acceleration,current_week,0.00206291903042799,-0.0072202166064981865,0.13873130479628681,-0.03713254254770493,0.02166064981949445,2025H2
300491,2025-07-17,3,bull,ma_bull,shrinking_volume_acceleration,current_week,-0.01758923952405589,0.03724780134505945,0.07604759441282982,-0.03414381789963783,0.0569063631660629,2025H2
300491,2025-07-28,0,bull,ma_bull,pullback_holds,current_week,0.08654848800834203,0.1511991657977061,0.5333680917622523,-0.01564129301355588,0.17570385818561007,2025H2
300491,2025-07-29,1,bull,ma_bull,two_day_acceleration,current_week,0.05068423720223003,0.08362899138367963,0.5154586923466802,-0.03091738469336036,0.14292954891028886,2025H2
300491,2025-07-30,2,bull,ma_bull,pullback_holds,current_week,0.06701298701298697,0.10441558441558452,0.5802597402597403,-0.002077922077922012,0.17142857142857149,2025H2
300491,2025-08-14,3,bull,ma_bull,pullback_holds,current_week,0.101010101010101,0.7556517556517557,0.8422318422318424,-0.0043290043290042934,0.7556517556517557,2025H2
300491,2025-08-27,2,bull,ma_bull,shrinking_volume_acceleration,current_week,0.12135176651305701,0.10875576036866375,-0.03686635944700445,-0.05591397849462354,0.27188940092165903,2025H2
300491,2025-12-08,0,bull,none,pullback_holds,current_week,-0.007381507381507446,-0.009324009324009452,0.033022533022532885,-0.05594405594405594,0.047785547785547555,2025H2
300491,2025-12-09,1,mid,none,pullback_holds,current_week,-0.04675425038639869,-0.0030911901081915882,0.03091190108191655,-0.061051004636785144,0.03670788253477597,2025H2
300491,2025-12-23,1,bull,none,pullback_holds,current_week,-0.030923850019327404,0.03131039814456904,0.11596443757247776,-0.03324313877077689,0.09895632006184774,2025H2
300491,2026-01-06,1,bull,none,pullback_holds,current_week,0.07101947308132872,0.07140129820542196,0.06949217258495599,-0.006109201985490698,0.14165712103856443,2026H1
300491,2026-01-07,2,bull,none,shrinking_volume_acceleration,current_week,0.0678733031674208,0.11349924585218707,0.03355957767722484,-0.013197586726998445,0.12745098039215685,2026H1
300491,2026-01-20,1,bull,none,pullback_holds,current_week,0.005403458213256496,0.009005763688760826,0.01729106628242083,-0.04394812680115279,0.07348703170028825,2026H1
300491,2026-01-23,4,bull,none,pullback_holds,current_week,-0.03313359182234754,-0.03595347197744092,0.005639760310186759,-0.06450475854776183,0.025026436376454075,2026H1
300491,2026-02-26,3,bull,none,two_day_acceleration,current_week,-0.03850192509625483,0.04095204760238014,-0.17990899544977246,-0.11200560028001394,0.14245712285614287,2026H1
300491,2026-08-07,4,mid,none,two_day_acceleration,current_week,0.07379310344827594,0.020344827586206815,0.14724137931034487,-0.0720689655172414,0.12413793103448278,2026H2
300491,2026-08-27,3,mid,none,two_day_acceleration,current_week,0.10917721518987356,0.0955696202531644,,-0.031012658227848156,0.13860759493670893,2026H2
600651,2023-04-04,1,bull,ma_bull,pullback_holds,current_week,0.051490514905149,0.0650406504065042,0.3224932249322494,-0.005420054200542035,0.10569105691056913,2023H1
600651,2023-04-07,4,bull,ma_bull,two_day_acceleration,current_week,-0.01033591731266148,0.03875968992248069,0.16020671834625322,-0.03100775193798455,0.07493540051679592,2023H1
600651,2023-04-20,3,bull,ma_bull,pullback_holds,current_week,0.2762148337595909,0.16112531969309463,0.04347826086956519,0.0,0.3580562659846549,2023H1
600651,2023-06-16,4,mid,none,two_day_acceleration,current_week,-0.08965517241379317,-0.05287356321839087,-0.09655172413793112,-0.11954022988505753,0.006896551724137723,2023H1
600651,2023-07-31,0,bull,none,pullback_holds,current_week,-0.0077319587628865705,-0.05154639175257725,-0.0850515463917525,-0.07474226804123707,0.023195876288659933,2023H2
600651,2023-08-01,1,bull,none,pullback_holds,current_week,-0.012886597938144284,-0.05154639175257725,-0.0670103092783505,-0.07474226804123707,0.023195876288659933,2023H2
600651,2023-08-02,2,bull,none,pullback_holds,current_week,-0.051150895140664954,-0.06905370843989767,-0.07928388746803072,-0.08184143222506401,0.012787723785166127,2023H2
600651,2023-08-03,3,bull,none,pullback_holds,current_week,-0.04370179948586117,-0.04370179948586117,-0.09768637532133673,-0.07712082262210807,0.01799485861182526,2023H2
600651,2023-08-04,4,bull,none,pullback_holds,current_week,-0.0692307692307692,-0.0692307692307692,-0.10512820512820509,-0.07948717948717954,0.00512820512820511,2023H2
600651,2023-09-05,1,mid,none,pullback_holds,current_week,0.0364145658263304,0.0,-0.022408963585434205,-0.02801120448179273,0.05602240896358546,2023H2
600651,2023-09-06,2,mid,none,pullback_holds,current_week,0.025139664804469275,-0.016759776536312887,0.0,-0.030726256983240163,0.05307262569832405,2023H2
600651,2023-09-14,3,mid,none,pullback_holds,current_week,-0.027932960893854775,-0.022346368715083775,-0.07821229050279321,-0.04748603351955305,0.019553072625698276,2023H2
600651,2025-02-07,4,mid,none,two_day_acceleration,current_week,0.016706443914080937,0.07398568019093066,0.11217183770883055,-0.004773269689737569,0.10023866348448696,2025H1
600651,2025-02-10,0,mid,none,shrinking_volume_acceleration,current_week,-0.004629629629629761,0.14583333333333326,0.0439814814814814,-0.03472222222222232,0.14583333333333326,2025H1
600651,2025-02-20,3,bull,none,two_day_acceleration,current_week,0.08616780045351469,0.03174603174603163,0.02947845804988658,-0.03174603174603163,0.20634920634920628,2025H1
600651,2025-04-21,0,mid,none,two_day_acceleration,current_week,0.015424164524421524,0.05655526992287929,0.03084832904884305,-0.005141388174807249,0.10025706940874035,2025H1
600651,2025-04-24,3,mid,none,pullback_holds,current_week,0.012468827930174786,0.0024937655860350905,-0.004987531172069737,-0.03491271820448871,0.029925187032419087,2025H1
600651,2025-04-25,4,mid,none,pullback_holds,current_week,0.015000000000000124,0.0024999999999999467,-0.012499999999999956,-0.03249999999999997,0.03249999999999997,2025H1
600651,2025-05-06,1,mid,none,two_day_acceleration,current_week,-0.014705882352941124,0.009803921568627416,0.04411764705882337,-0.03431372549019607,0.01225490196078427,2025H1
600651,2025-05-08,3,bull,none,shrinking_volume_acceleration,current_week,-0.024271844660194053,-0.02669902912621369,0.03883495145631066,-0.043689320388349606,0.0024271844660193054,2025H1
600651,2025-05-09,4,bull,none,pullback_holds,current_week,-0.002450980392156854,-0.03431372549019607,0.05147058823529416,-0.03431372549019607,0.01225490196078427,2025H1
600651,2025-05-12,0,bull,none,shrinking_volume_acceleration,current_week,-0.0024330900243311193,-0.02919708029197088,0.03406326034063256,-0.04622871046228716,0.0048661800486617945,2025H1
600651,2025-05-27,1,mid,none,pullback_holds,current_week,0.07035175879396971,0.0678391959798994,0.07788944723618085,-0.015075376884422176,0.11809045226130666,2025H1
600651,2025-06-06,4,bull,none,shrinking_volume_acceleration,current_week,-0.03971962616822433,-0.028037383177570097,0.05373831775700921,-0.04672897196261683,0.030373831775700966,2025H1
600651,2025-06-17,1,bull,none,two_day_acceleration,current_week,0.011848341232227666,0.06635071090047395,0.026066350710900466,-0.033175355450236865,0.13507109004739348,2025H1
600651,2025-06-19,3,mid,none,pullback_holds,current_week,0.03325415676959631,0.05700712589073631,0.05463182897862251,-0.030878859857482177,0.13776722090261284,2025H1
600651,2025-06-20,4,mid,none,pullback_holds,current_week,0.07506053268765145,0.09200968523002429,0.07990314769975781,-0.012106537530266248,0.15980629539951585,2025H1
600651,2025-06-26,3,bull,none,two_day_acceleration,current_week,-0.030501089324618702,-0.04357298474945537,0.0,-0.04793028322440085,0.04357298474945548,2025H1
600651,2025-06-27,4,bull,macd_cross,two_day_acceleration,current_week,0.011210762331838486,0.0,0.13228699551569512,-0.020179372197309364,0.03139013452914807,2025H1
600651,2025-09-22,0,mid,ma_bull,shrinking_volume_acceleration,current_week,-0.05908096280087538,-0.05361050328227568,-0.10393873085339178,-0.11597374179431075,0.05032822757111588,2025H2
600651,2025-09-23,1,mid,ma_bull,two_day_acceleration,current_week,-0.04714912280701766,-0.018640350877192957,-0.09978070175438591,-0.11403508771929838,0.019736842105263053,2025H2
600651,2025-10-14,1,bull,ma_bull,pullback_holds,current_week,0.0714285714285714,-0.040983606557377206,-0.050351288056206256,-0.05152224824355989,0.11007025761124112,2025H2
600651,2025-11-04,1,bull,ma_bull,two_day_acceleration,current_week,-0.006127450980392246,-0.03308823529411764,-0.019607843137254943,-0.05514705882352944,0.055147058823529216,2025H2
600651,2025-11-11,1,bull,none,pullback_holds,current_week,-0.025925925925925797,0.01728395061728394,0.0160493827160495,-0.07283950617283952,0.06296296296296289,2025H2
600651,2025-11-12,2,bull,none,pullback_holds,current_week,-0.02846534653465338,0.012376237623762387,0.024752475247524774,-0.07054455445544561,0.06559405940594054,2025H2
600651,2025-11-13,3,bull,none,pullback_holds,current_week,-0.01847290640394106,0.0197044334975367,-0.009852216748768461,-0.07512315270935976,0.06034482758620663,2025H2
600651,2026-01-05,0,bull,none,pullback_holds,current_week,0.15068493150684947,0.1534246575342466,0.08082191780821923,-0.005479452054794498,0.2808219178082192,2026H1
600651,2026-01-06,1,bull,none,two_day_acceleration,current_week,0.15810810810810816,0.12972972972972951,0.10135135135135132,-0.005405405405405461,0.2635135135135134,2026H1
600651,2026-01-08,3,bull,none,pullback_holds,current_week,0.2192513368983957,0.10962566844919786,0.07085561497326198,0.0,0.24999999999999978,2026H1
600651,2026-01-09,4,bull,none,two_day_acceleration,current_week,0.13394018205461644,0.15604681404421328,0.032509752925877766,-0.005201560468140465,0.21586475942782823,2026H1
600651,2026-01-14,2,bull,none,two_day_acceleration,current_week,-0.06115515288788209,-0.047565118912797244,-0.04190260475651175,-0.07248018120045308,0.04869762174405423,2026H1
600651,2026-01-15,3,bull,none,shrinking_volume_acceleration,current_week,-0.10367170626349886,-0.1177105831533477,-0.12419006479481642,-0.11987041036717061,0.0,2026H1
600651,2026-02-10,1,bull,none,pullback_holds,current_week,-0.03140096618357491,-0.11231884057970998,-0.11956521739130432,-0.13405797101449268,0.06038647342995174,2026H1
600651,2026-02-11,2,bull,none,two_day_acceleration,current_week,-0.04988123515439424,-0.10451306413301664,-0.14964370546318284,-0.14845605700712594,0.008313539192399189,2026H1
600651,2026-02-13,4,mid,none,pullback_holds,current_week,-0.057953144266337686,-0.08261405672009858,-0.18495684340320584,-0.1159062885326757,0.009864364981504226,2026H1
001299,2026-02-04,2,mid,ma_bull,two_day_acceleration,current_week,0.03383458646616533,0.022556390977443552,0.0518796992481203,-0.016541353383458746,0.05263157894736836,2026H1
001299,2026-02-05,3,mid,ma_bull,pullback_holds,current_week,0.020579268292682862,0.05106707317073167,0.06402439024390238,-0.0030487804878049918,0.06707317073170715,2026H1
001299,2026-02-06,4,mid,ma_bull,pullback_holds,current_week,-0.012021036814425234,0.056348610067618266,0.03005259203606303,-0.01728024042073628,0.0721262208865514,2026H1
001299,2026-02-12,3,bull,ma_bull,pullback_holds,current_week,0.02604166666666674,0.022321428571428603,-0.004464285714285587,-0.02678571428571419,0.22247023809523814,2026H1
001299,2026-02-27,4,bull,ma_bull,shrinking_volume_acceleration,current_week,0.005856515373352966,0.02196193265007329,-0.002196193265007307,-0.025622254758418728,0.20278184480234263,2026H1
001299,2026-03-02,0,bull,ma_bull,two_day_acceleration,current_week,-0.04137447405329597,-0.03856942496493676,-0.05189340813464238,-0.06661991584852733,0.15217391304347827,2026H1
001299,2026-03-05,3,mid,ma_bull,pullback_holds,current_week,-0.0007142857142856673,-0.0050000000000000044,-0.005714285714285672,-0.049285714285714266,0.04857142857142849,2026H1
001299,2026-04-08,2,mid,ma_bull,pullback_holds,current_week,0.2317343173431734,0.06642066420664205,-0.16236162361623618,-0.0073800738007380184,0.4095940959409594,2026H1
001299,2026-04-09,3,mid,ma_bull,two_day_acceleration,current_week,0.10647482014388499,0.09928057553956848,-0.1762589928057553,-0.005035971223021574,0.37410071942446055,2026H1
688015,2024-11-08,4,bull,ma_bull,shrinking_volume_acceleration,current_week,-0.07307171853856564,-0.05457825890843482,0.009021199819575942,-0.1087054578258908,0.0987821380243572,2024H2
688015,2024-12-02,0,bull,ma_bull,two_day_acceleration,current_week,-0.0212389380530974,-0.06460176991150446,-0.07920353982300898,-0.07345132743362837,0.014601769911504414,2024H2
688015,2024-12-27,4,bull,ma_bull,two_day_acceleration,current_week,-0.136100386100386,-0.14913127413127414,-0.09749034749034746,-0.1694015444015443,0.022200772200772212,2024H2
688015,2025-02-19,2,bull,none,shrinking_volume_acceleration,current_week,0.04598281960586159,0.05861546235472459,0.060636685194542794,-0.008590197069226813,0.07630116220313288,2025H1
688015,2025-02-20,3,bull,none,pullback_holds,current_week,0.05805148914689573,0.08480565371024751,0.057546693589096476,-0.008581524482584424,0.09641595153962657,2025H1
688015,2025-02-21,4,bull,none,two_day_acceleration,current_week,-0.0024378352023403105,0.04778156996587035,-0.003900536323744652,-0.023403217942467136,0.06387128230131633,2025H1
688015,2025-02-27,3,bull,none,two_day_acceleration,current_week,0.014636449480642133,-0.0056657223796034994,-0.004249291784702569,-0.04343720491029268,0.04013220018885755,2025H1
688015,2025-03-04,1,mid,macd_cross,shrinking_volume_acceleration,current_week,0.025992438563327003,-0.0033081285444234165,-0.006616257088846944,-0.02551984877126645,0.041115311909262875,2025H1
688015,2025-03-10,0,bull,none,two_day_acceleration,current_week,-0.03133640552995387,-0.07281105990783399,-0.17603686635944704,-0.100921658986175,0.012442396313363968,2025H1
688015,2025-03-26,2,mid,none,pullback_holds,current_week,0.03285024154589378,-0.11159420289855071,-0.07971014492753614,-0.19468599033816414,0.05603864734299524,2025H1
688015,2025-03-27,3,mid,none,two_day_acceleration,current_week,-0.008563273073263544,-0.10275927687916275,-0.09372026641293996,-0.2069457659372026,0.039961941008563207,2025H1
688015,2025-03-28,4,mid,none,pullback_holds,current_week,-0.16150870406189555,-0.09187620889748538,-0.1000967117988395,-0.19390715667311398,0.05705996131528046,2025H1
688015,2025-04-01,1,mid,ma_bull,pullback_holds,current_week,-0.14732354334438658,-0.1435338702036948,-0.0918995736617716,-0.21032685930838457,0.03552818569398397,2025H1
688015,2025-04-03,3,mid,ma_bull,pullback_holds,current_week,-0.032820512820512904,-0.062051282051282075,0.01538461538461533,-0.145128205128205,0.01333333333333342,2025H1
688015,2025-05-12,0,bull,none,shrinking_volume_acceleration,current_week,-0.017900338655055692,-0.03918722786647322,-0.020803096274794375,-0.0590227382680214,0.0,2025H1
688015,2025-05-19,0,bull,none,pullback_holds,current_week,-0.02071005917159774,-0.0034516765285995676,-0.007889546351084853,-0.04092702169625251,0.007889546351084853,2025H1
688015,2025-05-20,1,bull,none,pullback_holds,current_week,-0.0308219178082193,-0.02641878669275921,-0.021037181996086063,-0.048434442270058775,0.0,2025H1
688015,2025-05-26,0,bull,none,pullback_holds,current_week,0.010499999999999954,0.01200000000000001,0.01849999999999996,-0.019500000000000073,0.02300000000000013,2025H1
688015,2025-05-27,1,mid,none,pullback_holds,current_week,-0.0025062656641602343,0.016541353383458635,0.027568922305764465,-0.017042606516290748,0.025563909774436233,2025H1
688015,2025-05-28,2,mid,none,pullback_holds,current_week,0.027494908350305547,0.031568228105906426,0.04378818737270862,0.0,0.04175152749490829,2025H1
688015,2025-05-29,3,bull,none,pullback_holds,current_week,-0.0059347181008900796,-0.009891196834816984,0.02522255192878342,-0.01879327398615227,0.011869436201780603,2025H1
688015,2025-05-30,4,mid,none,pullback_holds,current_week,0.012980529206190639,0.007488766849725437,0.04043934098851709,-0.008986520219670502,0.021467798302546193,2025H1
688015,2025-06-03,1,bull,none,pullback_holds,current_week,0.006965174129353269,0.0009950248756218638,0.033333333333333215,-0.01243781094527363,0.017910447761193993,2025H1
688015,2025-06-05,3,bull,none,pullback_holds,current_week,0.007458975634013099,-0.024863252113376477,0.04027846842366989,-0.02784684236698154,0.0174042764793636,2025H1
688015,2025-06-09,0,bull,none,pullback_holds,current_week,-0.005421389847215297,-0.017742730409068486,0.029571217348447476,-0.05421389847215363,0.008378511582060266,2025H1
688015,2025-06-10,1,bull,none,pullback_holds,current_week,-0.006419753086419733,0.00592592592592589,0.041975308641975406,-0.05234567901234566,0.010370370370370363,2025H1
688015,2025-06-11,2,bull,none,pullback_holds,current_week,-0.013313609467455634,0.010848126232741562,0.0335305719921104,-0.05374753451676528,0.018244575936883667,2025H1
688015,2025-06-12,3,bull,none,pullback_holds,current_week,-0.03208292201382046,0.011846001974333609,0.03208292201382035,-0.05281342546890422,0.025172754195458946,2025H1
688015,2025-06-16,0,bull,none,pullback_holds,current_week,-0.008950770760815518,0.03630034808552951,0.053207359522625675,-0.045748383888612576,0.04375932371954261,2025H1
688015,2025-06-23,0,bull,macd_stabilizing,two_day_acceleration,current_week,0.03681592039800985,0.03930348258706462,0.07860696517412924,-0.00995024875621886,0.05422885572139302,2025H1
688015,2025-06-27,4,bull,macd_cross,shrinking_volume_acceleration,current_week,-0.0014416146083612302,0.0067275348390196665,0.03892359442575688,-0.010091302258529389,0.01826045170591084,2025H1
688015,2025-07-03,3,bull,none,two_day_acceleration,current_week,-0.0004780114722754414,0.02390057361376674,0.03632887189292533,-0.01290630975143403,0.03585086042065,2025H2
688015,2025-07-16,2,bull,ma_bull,pullback_holds,current_week,0.028937381404174456,0.030360531309297834,0.06261859582542706,-0.005218216318785718,0.044592030360531165,2025H2
688015,2025-07-17,3,bull,ma_bull,two_day_acceleration,current_week,0.008403361344537785,0.012138188608776801,0.009803921568627416,-0.00793650793650802,0.030345471521942002,2025H2
688015,2025-07-21,0,bull,ma_bull,two_day_acceleration,current_week,0.005052824988516225,0.023886081763895284,0.014699127239320209,-0.014699127239320209,0.023886081763895284,2025H2
688015,2025-07-25,4,bull,ma_bull,pullback_holds,current_week,0.0055223193741371635,0.028531983433041974,0.02346985734008289,-0.00966405890473998,0.037735849056603765,2025H2
688015,2025-07-28,0,bull,ma_bull,shrinking_volume_acceleration,current_week,0.02013729977116685,0.03752860411899306,0.02013729977116685,-0.015102974828375415,0.05034324942791746,2025H2
688015,2025-08-01,4,bull,ma_bull,pullback_holds,current_week,0.025699862322166256,-0.0009178522257916599,0.010096374483708148,-0.010555300596603923,0.05323542909591561,2025H2
688015,2025-08-04,0,bull,ma_bull,shrinking_volume_acceleration,current_week,0.012053571428571441,-0.013839285714285832,0.06830357142857135,-0.0375000000000002,0.024553571428571397,2025H2
688015,2025-08-11,0,bull,ma_bull,shrinking_volume_acceleration,current_week,-0.026014109347442638,-0.01719576719576721,0.07760141093474426,-0.04938271604938271,0.006172839506172867,2025H2
688015,2025-08-18,0,bull,ma_bull,pullback_holds,current_week,0.010884353741496433,0.08526077097505658,0.13696145124716552,-0.03809523809523807,0.11564625850340149,2025H2
688015,2025-08-19,1,bull,ma_bull,pullback_holds,current_week,0.030797101449275388,0.0371376811594204,0.2250905797101448,-0.03940217391304357,0.11413043478260865,2025H2
688015,2025-08-20,2,bull,ma_bull,pullback_holds,current_week,-0.013398838767306853,0.03394372487717745,0.1706118803037071,-0.05270209915140689,0.09870477891916041,2025H2
688015,2025-08-22,4,bull,ma_bull,pullback_holds,current_week,-0.010341726618705027,0.058003597122302075,0.1308453237410072,-0.04631294964028787,0.10611510791366907,2025H2
688015,2025-08-25,0,bull,ma_bull,pullback_holds,current_week,0.07357559443696737,0.09645580978017065,0.11440107671601618,-0.048452220726783235,0.10363391655450882,2025H2
688015,2025-08-26,1,bull,ma_bull,two_day_acceleration,current_week,0.010591350397175736,0.046337157987643485,0.09090909090909083,-0.06398940864960279,0.08561341571050307,2025H2
688015,2025-09-30,1,bull,ma_bull,two_day_acceleration,current_week,-0.061835368255218626,-0.05277668373375344,-0.05474596297755019,-0.09767625049231987,0.011815675462780728,2025H2
688015,2025-10-29,2,bull,ma_bull,two_day_acceleration,current_week,-0.03769045709703289,-0.04210104250200486,-0.0866078588612671,-0.05132317562149158,0.0,2025H2
688015,2025-11-03,0,bull,none,two_day_acceleration,current_week,-0.01430907604251841,-0.0016353229762877675,-0.035159443990188,-0.027800490596892824,0.014717906786590351,2025H2
688015,2025-11-06,3,bull,none,pullback_holds,current_week,-0.0057827344072697295,-0.042544403139198717,0.0012391573729864103,-0.054109871953738065,0.019826517967781898,2025H2
688015,2025-11-17,0,mid,none,pullback_holds,current_week,-0.06545903664059283,-0.028406751749691095,-0.0736928777274598,-0.08439687114038685,0.016467682173734177,2025H2
688015,2025-12-01,0,mid,none,pullback_holds,current_week,0.021114864864864913,-0.04983108108108103,-0.038851351351351315,-0.04983108108108103,0.04096283783783794,2025H2
688015,2025-12-24,2,bull,none,shrinking_volume_acceleration,current_week,-0.009565217391304337,0.034782608695652195,0.07391304347826089,-0.02608695652173909,0.036956521739130554,2025H2
688015,2025-12-25,3,bull,none,pullback_holds,current_week,0.01661565369479656,0.05203323130738968,0.08745080891998258,-0.020550940096195847,0.05378224748578919,2025H2
688015,2025-12-29,0,bull,none,pullback_holds,current_week,0.027876106194690164,0.05707964601769899,0.12168141592920345,-0.008849557522123908,0.08097345132743361,2025H2
688015,2025-12-31,2,bull,none,pullback_holds,current_week,0.03658536585365857,0.06358885017421612,0.07578397212543542,-0.014808362369338024,0.07534843205574915,2025H2
688015,2026-01-05,0,bull,none,two_day_acceleration,current_week,0.04020752269779515,0.0423692174664938,0.044963251188932185,-0.01210549070471234,0.06744487678339839,2026H1
688015,2026-01-07,2,bull,none,shrinking_volume_acceleration,current_week,0.028411536805854398,0.05897546276366761,0.06414119672836849,-0.005596211795092509,0.07963839862247091,2026H1
688015,2026-01-08,3,bull,none,shrinking_volume_acceleration,current_week,0.04015378043571127,0.052968816744980884,0.04357112345151637,-0.0008543357539513297,0.07133703545493386,2026H1
688015,2026-01-09,4,bull,none,two_day_acceleration,current_week,0.02518891687657443,0.03694374475230888,0.03484466834592781,-0.013014273719563318,0.05289672544080615,2026H1
688015,2026-01-15,3,bull,none,shrinking_volume_acceleration,current_week,0.011489536315141713,0.007386130488305387,0.060320065654493105,-0.01436192039392703,0.07919573245793998,2026H1
688015,2026-01-27,1,bull,macd_cross,two_day_acceleration,current_week,-0.01696252465483239,0.002366863905325367,-0.043786982248520734,-0.0631163708086786,0.021696252465483346,2026H1
688015,2026-02-09,0,bull,none,two_day_acceleration,current_week,0.04174871996849139,-0.020874359984245805,-0.07404489956675853,-0.022843639228042445,0.0630169358014967,2026H1
688015,2026-02-11,2,bull,none,two_day_acceleration,current_week,0.025979061651803192,-0.0473051570376114,-0.10236525785188044,-0.06359053896859235,0.04652966265994585,2026H1
688015,2026-02-24,1,bull,ma_bull,two_day_acceleration,current_week,-0.07583643122676587,-0.06133828996282531,-0.19702602230483268,-0.1104089219330856,0.0033457249070631967,2026H1
688015,2026-02-26,3,bull,ma_bull,shrinking_volume_acceleration,current_week,-0.08932542624166051,-0.09488510007412898,-0.21423276501111943,-0.11304670126019278,0.0,2026H1
688015,2026-04-27,0,bull,none,pullback_holds,current_week,-0.033920704845815,-0.07488986784140961,-0.17709251101321588,-0.08986784140969162,0.0,2026H1
301419,2025-10-21,1,bull,none,two_day_acceleration,current_week,0.038235294117647145,-0.008823529411764675,-0.049705882352941155,-0.01588235294117646,0.07352941176470584,2025H2
301419,2025-10-24,4,bull,none,two_day_acceleration,current_week,-0.023308059533838743,-0.03819151923616959,-0.15445099691098008,-0.0676776186464475,0.024992979500140455,2025H2
301419,2025-12-01,0,mid,none,pullback_holds,current_week,0.032188177034973675,0.01671309192200554,0.06809037449705957,-0.04363974001857007,0.04580625193438559,2025H2
301419,2025-12-19,4,mid,none,pullback_holds,current_week,0.07446153846153858,0.041846153846153866,0.06615384615384601,0.0,0.12523076923076926,2025H2
301419,2025-12-22,0,bull,none,pullback_holds,current_week,0.04670912951167727,0.03518350015165317,0.06035790112223238,-0.006369426751592355,0.10919017288444044,2025H2
301419,2025-12-25,3,bull,none,two_day_acceleration,current_week,-0.019247342717609972,0.016661878770468208,-0.009192760700947988,-0.03849468543521983,0.05056018385521388,2025H2
301419,2026-01-05,0,bull,none,pullback_holds,current_week,0.03661394258933792,0.03309900410076172,-0.02108963093145866,-0.019625073227885204,0.05418863503222027,2026H1
301419,2026-01-07,2,bull,none,pullback_holds,current_week,0.036059806508355496,0.024919378481383703,0.01788331867487547,-0.01114042802697146,0.05511580181764897,2026H1
301419,2026-01-08,3,bull,none,pullback_holds,current_week,0.012209302325581373,0.029941860465116266,-0.005813953488371992,-0.01947674418604639,0.046220930232558244,2026H1
301419,2026-01-09,4,bull,none,pullback_holds,current_week,0.04239766081871332,0.03333333333333344,0.0020467836257309635,-0.013450292397660824,0.052339181286549685,2026H1
301419,2026-02-04,2,mid,ma_bull,pullback_holds,current_week,0.025551684088269466,0.0766550522648084,0.07723577235772372,-0.024390243902438935,0.07723577235772372,2026H1
301419,2026-02-09,0,bull,ma_bull,pullback_holds,current_week,0.03814166905649574,0.0022942357327215834,0.0696874103814169,-0.004588471465442945,0.06395182104961306,2026H1
301419,2026-02-10,1,bull,ma_bull,pullback_holds,current_week,0.03695216270409629,-0.0031509596104267734,0.11286164422801481,-0.017473503294185067,0.06273274133486106,2026H1
301419,2026-02-11,2,bull,ma_bull,two_day_acceleration,current_week,0.042158516020236014,-0.012085441259134355,0.10848791455874096,-0.03597526700393461,0.04272062956717271,2026H1
301419,2026-02-12,3,bull,ma_bull,two_day_acceleration,current_week,0.008893829905503026,0.03001667593107271,0.04502501389660907,-0.046692607003890996,0.06420233463034997,2026H1
301419,2026-04-16,3,mid,ma_bull,shrinking_volume_acceleration,current_week,-0.05400000000000005,-0.1093333333333334,-0.063111111111111,-0.12311111111111106,0.04888888888888898,2026H1
301419,2026-05-11,0,bull,ma_bull,pullback_holds,current_week,-0.01782407407407416,0.07638888888888884,-0.05023148148148149,-0.055787037037037135,0.10671296296296284,2026H1
301419,2026-05-12,1,bull,ma_bull,two_day_acceleration,current_week,-0.04572204617473963,0.07129923042100494,-0.0362154821186057,-0.07673155273879584,0.15436849253055684,2026H1
301419,2026-05-21,3,mid,ma_bull,two_day_acceleration,current_week,-0.09206703910614522,0.06726256983240209,0.018994413407821265,-0.1803351955307263,0.13966480446927365,2026H1
301419,2026-06-17,2,bull,ma_bull,shrinking_volume_acceleration,current_week,0.06790824437883258,0.04724051782875316,-0.2745855098796275,-0.03702021349080176,0.19577560754031342,2026H1
301419,2026-08-07,4,mid,none,shrinking_volume_acceleration,current_week,0.17562499999999992,0.2621875,0.11562500000000009,-0.04656249999999995,0.3521875000000001,2026H2
688277,2023-09-11,0,mid,none,pullback_holds,current_week,-0.026988636363636243,-0.037642045454545414,-0.03835227272727271,-0.07528409090909094,0.0028409090909091717,2023H2
688277,2023-09-18,0,mid,none,shrinking_volume_acceleration,current_week,-0.008052708638360162,-0.012445095168374776,-0.06515373352855058,-0.04685212298682284,0.019765739385065872,2023H2
688277,2025-05-14,2,bull,none,pullback_holds,current_week,-0.04313099041533541,0.034345047923322714,0.11501597444089473,-0.060702875399361034,0.07028753993610226,2025H1
688277,2025-05-20,1,bull,none,shrinking_volume_acceleration,current_week,0.05848434925864909,0.12026359143327836,0.09967051070840194,-0.03130148270181221,0.1663920922570017,2025H1
688277,2025-05-29,3,bull,ma_bull,shrinking_volume_acceleration,current_week,0.00911854103343468,0.03039513677811545,0.045592705167173175,-0.00455927051671734,0.07598784194528885,2025H1
688277,2025-05-30,4,mid,ma_bull,two_day_acceleration,current_week,-0.02629656683710735,-0.020452885317750136,0.015339663988312768,-0.043097151205259254,0.03214024835646456,2025H1
688277,2025-06-10,1,bull,none,pullback_holds,current_week,0.009745127436281864,0.045727136431784166,0.07496251874062976,-0.04422788605697148,0.059220389805097584,2025H1
688277,2025-06-11,2,bull,macd_cross,two_day_acceleration,current_week,-0.022693997071742356,0.016105417276720324,0.04172767203513916,-0.06661786237188871,0.034407027818448066,2025H1
688277,2025-06-13,4,bull,none,pullback_holds,current_week,-0.05678466076696165,0.014749262536873031,0.05973451327433632,-0.05973451327433632,0.03687315634218291,2025H1
688277,2025-07-02,2,bull,ma_bull,two_day_acceleration,current_week,-0.015905947441217205,-0.013831258644536715,0.21230982019363753,-0.03457814661134162,0.027662517289073207,2025H2
688277,2025-07-17,3,bull,ma_bull,two_day_acceleration,current_week,0.08737201365187719,0.20955631399317398,0.2566552901023891,-0.013651877133105783,0.29419795221843015,2025H2
688277,2025-07-21,0,bull,ma_bull,two_day_acceleration,current_week,0.20504313205043134,0.2070338420703386,0.26476443264764415,-0.01791639017916391,0.2581287325812873,2025H2
688277,2025-07-23,2,bull,ma_bull,shrinking_volume_acceleration,current_week,0.16246684350132634,0.2301061007957561,0.3129973474801062,-0.0019893899204244114,0.25994694960212206,2025H2
688277,2025-08-18,0,bull,ma_bull,shrinking_volume_acceleration,current_week,0.05602094240837707,-0.056544502617801085,-0.07696335078534045,-0.08743455497382202,0.09162303664921456,2025H2
688277,2025-08-26,1,bull,ma_bull,shrinking_volume_acceleration,current_week,-0.15269025690741633,-0.13814832767813856,-0.19001454192922917,-0.18710615608337366,0.002423654871546388,2025H2
688277,2025-09-10,2,bull,ma_bull,pullback_holds,current_week,0.02359550561797752,-0.024157303370786476,0.005617977528090012,-0.0870786516853933,0.0730337078651686,2025H2
688277,2025-09-11,3,bull,ma_bull,two_day_acceleration,current_week,-0.0071428571428571175,-0.03351648351648351,-0.03681318681318668,-0.1071428571428571,0.0494505494505495,2025H2
688277,2025-12-19,4,mid,none,two_day_acceleration,current_week,0.004065040650406582,0.14024390243902451,0.4397018970189701,-0.02371273712737121,0.21138211382113825,2025H2
688277,2025-12-26,4,bull,none,pullback_holds,current_week,0.14179104477611948,0.494572591587517,0.649932157394844,-0.006105834464043447,0.5379918588873813,2025H2
688277,2025-12-29,0,bull,none,pullback_holds,current_week,0.1264290517821116,0.6778749159381303,0.5622057834566241,-0.01479488903833226,0.7659717552118359,2025H2
688277,2025-12-30,1,bull,none,two_day_acceleration,current_week,0.16230366492146597,0.49869109947643975,0.574607329842932,-0.007853403141361293,0.718586387434555,2025H2
688277,2026-01-16,4,bull,macd_cross,shrinking_volume_acceleration,current_week,0.08552036199095014,0.040723981900452344,0.13393665158371038,-0.05067873303167425,0.15203619909502253,2026H1
688277,2026-01-27,1,bull,ma_bull,two_day_acceleration,current_week,0.006661115736885881,0.05911740216486261,-0.007493755203996644,-0.06536219816819322,0.15736885928393018,2026H1
688277,2026-05-07,3,bull,none,pullback_holds,current_week,-0.07599999999999996,-0.041000000000000036,-0.16299999999999992,-0.09049999999999991,0.029000000000000137,2026H1
688277,2026-05-08,4,bull,none,two_day_acceleration,current_week,-0.0640586797066014,-0.06845965770171147,-0.18533007334963325,-0.1105134474327627,0.006356968215158965,2026H1
688277,2026-05-19,1,bull,none,shrinking_volume_acceleration,current_week,-0.03142709943328181,-0.125193199381762,-0.022153529108706826,-0.13292117465224107,0.04430705821741365,2026H1
688277,2026-05-20,2,bull,none,pullback_holds,current_week,-0.08274470232088804,-0.14984863773965684,0.007568113017154321,-0.15590312815338037,0.022704339051463185,2026H1
688277,2026-06-15,0,bull,none,two_day_acceleration,current_week,0.05742683600220877,-0.055770292655991094,-0.02429596907785736,-0.16068470458310313,0.11430149088901165,2026H1
688277,2026-06-22,0,bull,none,shrinking_volume_acceleration,current_week,-0.14519535374867998,-0.040126715945089875,-0.1499472016895459,-0.19746568109820484,0.04487856388595546,2026H1
000504,2025-09-12,4,bull,none,shrinking_volume_acceleration,current_week,-0.06101048617731175,-0.11153479504289798,-0.11439466158245937,-0.12392755004766454,0.018112488083889433,2025H2
000504,2025-09-30,1,bull,none,shrinking_volume_acceleration,current_week,-0.05987394957983183,-0.02626050420168069,0.034663865546218586,-0.09663865546218486,0.0031512605042018915,2025H2
000504,2025-10-13,0,bull,none,shrinking_volume_acceleration,current_week,0.015300546448087537,0.03169398907103815,0.04699453551912569,-0.0360655737704918,0.0710382513661203,2025H2
000504,2025-10-17,4,mid,none,pullback_holds,current_week,0.04883462819089912,0.062153163152053326,0.13540510543840178,-0.01442841287458374,0.08768035516093242,2025H2
000504,2025-10-20,0,mid,none,two_day_acceleration,current_week,0.01724137931034475,0.0474137931034484,0.061422413793103425,-0.024784482758620552,0.056034482758620774,2025H2
000504,2025-10-21,1,bull,none,pullback_holds,current_week,-0.017204301075268824,0.05806451612903207,0.05053763440860193,-0.026881720430107503,0.09462365591397837,2025H2
000504,2025-10-22,2,bull,none,pullback_holds,current_week,-0.0010857763300760048,0.06948968512486409,0.051031487513572005,-0.017372421281216077,0.10532030401737225,2025H2
000504,2025-12-23,1,bull,none,two_day_acceleration,current_week,-0.002259887005649719,-0.01581920903954792,0.05084745762711873,-0.029378531073446346,0.047457627118643986,2025H2
000504,2025-12-25,3,bull,none,pullback_holds,current_week,-0.021087680355160843,-0.05438401775804669,0.0033296337402886067,-0.05660377358490565,0.02885682574916748,2025H2
000504,2026-01-22,3,bull,macd_stabilizing,two_day_acceleration,current_week,-0.028216704288939076,0.003386004514672747,0.03273137697516937,-0.03724604966139955,0.04288939051918739,2026H1
000504,2026-01-26,0,bull,none,shrinking_volume_acceleration,current_week,-0.0488346281908989,-0.018867924528301883,-0.039955604883462725,-0.05327413984461715,0.008879023307436285,2026H1
000681,2023-07-03,0,mid,ma_bull,two_day_acceleration,current_week,-0.0238473767885532,0.020667726550079424,-0.07631160572337048,-0.056703762586115536,0.09326974032856383,2023H2
000681,2023-08-08,1,bull,none,two_day_acceleration,current_week,-0.02704225352112677,-0.1171830985915493,-0.12338028169014081,-0.16619718309859155,0.00901408450704233,2023H2
000681,2023-09-04,0,mid,none,pullback_holds,current_week,-0.023462270133164154,-0.08053265694356371,-0.03107165504121745,-0.10082435003170576,0.00443880786303108,2023H2
000681,2023-09-12,1,mid,none,pullback_holds,current_week,-0.06801831262262925,-0.0425114453891432,-0.06932635709614132,-0.0882930019620668,0.0032701111837802888,2023H2
000681,2025-05-12,0,bull,none,shrinking_volume_acceleration,current_week,-0.059954233409611035,-0.04347826086956519,-0.06178489702517165,-0.09610983981693366,0.01327231121281458,2025H1
000681,2025-05-21,2,bull,none,pullback_holds,current_week,-0.05391221374045796,-0.026717557251908386,-0.07347328244274809,-0.06727099236641221,0.02337786259541974,2025H1
000681,2025-05-22,3,bull,none,pullback_holds,current_week,-0.01123046875,-0.00537109375,-0.0712890625,-0.04541015625,0.04736328125,2025H1
000681,2025-06-10,1,bull,none,pullback_holds,current_week,-0.029640427599611385,-0.048590864917395504,-0.04761904761904767,-0.08843537414965985,0.029640427599611163,2025H1
000681,2025-06-25,2,bull,none,pullback_holds,current_week,-0.022556390977443552,-0.00802005012531326,0.0015037593984963404,-0.037092731829573844,0.014536340852130403,2025H1
000681,2025-06-26,3,bull,none,pullback_holds,current_week,-0.0231388329979878,-0.014084507042253391,0.01760563380281699,-0.03370221327967793,0.018108651911469043,2025H1
000681,2025-06-27,4,bull,none,pullback_holds,current_week,-0.02766599597585495,0.014587525150905556,0.03571428571428581,-0.03370221327967793,0.03169014084507049,2025H1
000681,2025-06-30,0,bull,none,pullback_holds,current_week,-0.03523573200992558,-0.006451612903225934,0.017369727047146233,-0.04665012406947899,0.021339950372208483,2025H1
000681,2025-07-01,1,bull,none,pullback_holds,current_week,-0.010101010101010055,0.027272727272727337,0.031818181818181746,-0.029797979797979823,0.03939393939393954,2025H2
000681,2025-07-09,2,bull,none,pullback_holds,current_week,0.0320773930753564,0.01731160896130346,0.08452138492871697,-0.013747454175152773,0.05906313645621175,2025H2
000681,2025-07-10,3,bull,none,pullback_holds,current_week,0.04232534421213674,0.03161652218255995,0.0938296787353392,-0.012238653748087636,0.06068332483426819,2025H2
000681,2025-07-25,4,bull,none,two_day_acceleration,current_week,0.05385735080058218,-0.003396409509946685,0.06356137797185846,-0.02183406113537112,0.06647258612324114,2025H2
000681,2025-11-04,1,bull,ma_bull,pullback_holds,current_week,-0.0004555808656035998,0.07790432801822322,0.09794988610478361,-0.04783599088838253,0.07790432801822322,2025H2
000681,2025-11-07,4,bull,ma_bull,pullback_holds,current_week,-0.06124273580688422,0.13276709879302628,0.0058113544926239324,-0.06571300849351802,0.13276709879302628,2025H2
000681,2025-12-25,3,bull,ma_bull,pullback_holds,current_week,0.119599818099136,0.30150068212824,0.22510231923601642,-0.018644838562983157,0.30150068212824,2025H2
000681,2026-01-08,3,bull,ma_bull,shrinking_volume_acceleration,current_week,0.386650868878357,0.07148499210110582,0.03633491311216441,-0.016587677725118377,0.386650868878357,2026H1
000681,2026-02-13,4,mid,ma_bull,shrinking_volume_acceleration,current_week,-0.15384615384615385,-0.19623931623931623,-0.3193162393162393,-0.2235897435897436,0.0,2026H1
000681,2026-04-10,4,mid,none,shrinking_volume_acceleration,current_week,0.028879099363680938,-0.0009789525208027117,0.09936368086147818,-0.017131669114047843,0.058247674987763176,2026H1
000681,2026-04-20,0,bull,none,two_day_acceleration,current_week,-0.05023474178403753,0.0854460093896714,-0.034272300469483596,-0.0765258215962441,0.10093896713615025,2026H1
000681,2026-04-22,2,bull,none,shrinking_volume_acceleration,current_week,-0.009077878643095949,0.08170090778786432,-0.026278069756330624,-0.06020066889632103,0.12040133779264206,2026H1
000681,2026-05-19,1,bull,none,pullback_holds,current_week,-0.10179372197309411,0.03991031390134525,-0.034977578475336335,-0.14439461883408067,0.06726457399103136,2026H1
300786,2023-11-08,2,mid,ma_bull,pullback_holds,current_week,0.09854927463731866,0.020010005002501163,-0.011005502751375795,-0.028014007003501873,0.19059529764882432,2023H2
300786,2025-07-14,0,bull,ma_bull,shrinking_volume_acceleration,current_week,0.005369127516778427,0.033557046979865834,0.07516778523489931,-0.03087248322147662,0.04093959731543628,2025H2
300786,2025-07-17,3,bull,ma_bull,pullback_holds,current_week,0.01282916948008106,0.024307900067521926,0.06752194463200545,-0.012153950033760963,0.05064145847400403,2025H2
300786,2025-07-25,4,bull,ma_bull,two_day_acceleration,current_week,-0.023300970873786464,0.03300970873786402,0.06537216828478964,-0.032362459546925515,0.09449838187702264,2025H2
300786,2025-08-13,2,bull,ma_bull,two_day_acceleration,current_week,0.015253203172666208,-0.0512507626601586,-0.07626601586333126,-0.05247101891397188,0.04026845637583887,2025H2
300786,2025-08-15,4,bull,ma_bull,shrinking_volume_acceleration,current_week,-0.007237635705669487,-0.05488540410132703,-0.07659831121833538,-0.07478890229191804,0.02834740651387202,2025H2
300786,2025-09-02,1,bull,ma_bull,pullback_holds,current_week,-0.03037817730936132,-0.037197768133911846,0.231246125232486,-0.07749535027898313,0.06633601983880966,2025H2
300786,2025-09-03,2,bull,ma_bull,two_day_acceleration,current_week,-0.07116564417177917,0.0030674846625766694,0.10122699386503053,-0.08711656441717786,0.05521472392638027,2025H2
300786,2025-09-05,4,bull,ma_bull,shrinking_volume_acceleration,current_week,-0.038920276208411764,0.025737602008788496,0.3553044569993722,-0.06591337099811667,0.07972379158819831,2025H2
300786,2025-09-19,4,mid,ma_bull,shrinking_volume_acceleration,current_week,0.0036832412523022384,0.325352977286679,0.09085328422344996,-0.016574585635359074,0.3591160220994476,2025H2
300786,2025-09-24,2,bull,ma_bull,two_day_acceleration,current_week,0.0540223135642981,0.09982384028185542,-0.016441573693482203,-0.051086318261890806,0.30005871990604804,2025H2
300786,2025-09-26,4,mid,ma_bull,pullback_holds,current_week,0.31405964698721855,0.06634205721241626,0.03286670724284835,-0.016433353621424174,0.34753499695678647,2025H2
300786,2025-11-18,1,mid,none,pullback_holds,current_week,0.010895883777239712,-0.002421307506053183,-0.06295399515738498,-0.04176755447941882,0.0472154963680389,2025H2
300786,2025-11-19,2,mid,none,two_day_acceleration,current_week,-0.06395348837209291,-0.07906976744186045,-0.10988372093023246,-0.09651162790697665,0.005813953488372103,2025H2
300786,2025-11-20,3,mid,none,pullback_holds,current_week,-0.011056511056511065,-0.05405405405405406,-0.052211302211302324,-0.05712530712530717,0.054668304668304746,2025H2
300786,2025-12-01,0,mid,none,two_day_acceleration,current_week,-0.04216867469879526,-0.055421686746988,-0.010843373493975905,-0.08313253012048194,0.0066265060240964235,2025H2
300786,2025-12-22,0,bull,none,pullback_holds,current_week,0.04719387755102056,0.10841836734693877,0.1160714285714286,-0.005739795918367374,0.14477040816326525,2025H2
300786,2026-01-05,0,bull,none,pullback_holds,current_week,0.06800242865816641,0.06860959319975724,-0.041894353369763104,-0.004250151791135415,0.0898603521554342,2026H1
300786,2026-01-15,3,bull,none,shrinking_volume_acceleration,current_week,-0.02495745887691425,-0.08678389109472473,-0.062393647192285795,-0.09018718094157685,0.01418037436188313,2026H1
300786,2026-01-19,0,bull,macd_cross,shrinking_volume_acceleration,current_week,-0.02845759817871374,-0.1018782014797951,-0.03357996585088219,-0.10700056915196365,0.01764371087080252,2026H1
300786,2026-01-20,1,bull,macd_cross,pullback_holds,current_week,-0.007536231884057942,-0.06782608695652159,-0.011594202898550732,-0.09043478260869564,0.03652173913043466,2026H1
300786,2026-01-21,2,bull,macd_cross,shrinking_volume_acceleration,current_week,-0.05314285714285716,-0.06400000000000006,-0.011428571428571344,-0.10342857142857143,0.021714285714285575,2026H1
300786,2026-02-13,4,mid,macd_stabilizing,pullback_holds,current_week,-0.0106888361045131,-0.05463182897862229,-0.1823040380047506,-0.07957244655581952,0.027315914489311144,2026H1
300786,2026-02-24,1,bull,none,shrinking_volume_acceleration,current_week,-0.0730701237477901,-0.04419563936358284,-0.14849734826163807,-0.08662345315262221,0.019446081319976605,2026H1
300786,2026-02-26,3,bull,none,two_day_acceleration,current_week,-0.08150289017341039,-0.09710982658959533,-0.18843930635838146,-0.10404624277456653,0.0,2026H1
300786,2026-06-24,2,bull,ma_bull,two_day_acceleration,current_week,0.05673758865248235,-0.17563621193158108,-0.41718815185648717,-0.1939924906132665,0.09345014601585322,2026H1
300786,2026-08-26,2,mid,none,pullback_holds,current_week,-0.045132172791747194,-0.07350096711798837,,-0.0812379110251451,0.03739522888459068,2026H2
300786,2026-08-27,3,mid,none,two_day_acceleration,current_week,-0.06142034548944342,-0.08701215611004487,,-0.10108765195137559,0.001279590531030106,2026H2
300786,2026-08-31,0,bull,none,shrinking_volume_acceleration,current_week,-0.03366336633663369,-0.07722772277227719,,-0.10297029702970295,0.0033003300330034513,2026H2
600613,2023-04-06,3,bull,none,pullback_holds,current_week,0.01437908496732021,-0.019607843137254943,-0.0326797385620915,-0.022222222222222254,0.030065359477124076,2023H1
600613,2023-04-07,4,bull,none,pullback_holds,current_week,0.0012820512820512775,-0.0346153846153846,-0.04102564102564099,-0.04230769230769227,0.01025641025641022,2023H1
600613,2023-04-28,4,bull,none,pullback_holds,current_week,-0.015789473684210575,-0.025000000000000022,-0.03289473684210531,-0.06184210526315792,0.03421052631578947,2023H1
600613,2023-11-22,2,mid,ma_bull,two_day_acceleration,current_week,-0.022538552787663035,0.005931198102016699,-0.08778173190984573,-0.028469750889679735,0.08303677342823268,2023H2
600613,2023-11-23,3,mid,ma_bull,two_day_acceleration,current_week,0.036470588235294255,-0.02117647058823524,-0.09882352941176464,-0.036470588235294144,0.07411764705882362,2023H2
600613,2025-09-08,0,bull,none,pullback_holds,current_week,-0.01041666666666663,-0.04315476190476186,-0.08482142857142849,-0.04761904761904756,0.016369047619047672,2025H2
600613,2025-09-09,1,bull,none,pullback_holds,current_week,0.005970149253731405,-0.04925373134328359,-0.07014925373134329,-0.06865671641791049,0.0194029850746269,2025H2
600613,2025-09-16,1,bull,none,pullback_holds,current_week,-0.05629629629629629,-0.09629629629629621,-0.03111111111111109,-0.13037037037037036,0.01185185185185178,2025H2
600613,2025-09-17,2,bull,none,pullback_holds,current_week,-0.050221565731166984,-0.09896602658788767,-0.03545051698670609,-0.1329394387001478,0.004431314623338123,2025H2
600613,2025-10-21,1,bull,none,shrinking_volume_acceleration,current_week,0.0015576323987538387,0.015576323987539054,0.06697819314641751,-0.01713395638629278,0.024922118380062308,2025H2
600613,2025-11-04,1,bull,none,pullback_holds,current_week,0.044753086419753174,0.057098765432098686,0.058641975308642014,-0.00462962962962965,0.10030864197530853,2025H2
600613,2025-11-06,3,bull,none,pullback_holds,current_week,0.05837173579109067,0.03533026113671278,0.06758832565284179,-0.006144393241167445,0.09523809523809534,2025H2
600613,2025-11-07,4,bull,none,shrinking_volume_acceleration,current_week,0.07294832826747721,-0.027355623100303927,0.042553191489361764,-0.028875379939209633,0.08358662613981771,2025H2
600613,2025-11-10,0,bull,none,two_day_acceleration,current_week,0.03609022556390973,-0.025563909774436122,0.021052631578947212,-0.03909774436090219,0.07218045112781946,2025H2
600613,2025-11-11,1,bull,none,two_day_acceleration,current_week,0.017830609212481363,0.005943536404160454,-0.011887072808320909,-0.05052005943536397,0.059435364041604766,2025H2
600613,2025-11-13,3,bull,macd_cross,shrinking_volume_acceleration,current_week,-0.021770682148040676,0.00870827285921627,-0.06966618287373005,-0.07256894049346874,0.03483309143686486,2025H2
600613,2025-11-14,4,bull,macd_cross,two_day_acceleration,current_week,-0.0921985815602836,-0.026950354609929006,-0.12056737588652477,-0.09361702127659566,0.0014184397163121698,2025H2
600613,2025-12-01,0,mid,none,shrinking_volume_acceleration,current_week,-0.011644832605531286,-0.0902474526928676,-0.11208151382823861,-0.10480349344978157,0.0393013100436681,2025H2
600613,2025-12-19,4,mid,none,shrinking_volume_acceleration,current_week,-0.03281250000000002,-0.03593750000000007,-0.0234375,-0.0625,0.004687499999999956,2025H2
003035,2023-07-31,0,bull,macd_stabilizing,two_day_acceleration,current_week,-0.0432835820895523,-0.08656716417910448,-0.10597014925373138,-0.09253731343283589,0.005970149253731405,2023H2
003035,2025-11-07,4,bull,ma_bull,shrinking_volume_acceleration,current_week,0.023346303501945442,-0.05642023346303482,-0.08754863813229563,-0.05642023346303482,0.03891050583657596,2025H2
003035,2025-12-24,2,bull,none,pullback_holds,current_week,-0.029661016949152463,0.006355932203389925,0.21186440677966112,-0.03389830508474556,0.01271186440677985,2025H2
003035,2025-12-26,4,bull,none,pullback_holds,current_week,0.0,0.016949152542372836,0.22881355932203395,-0.03389830508474556,0.021186440677966267,2025H2
003035,2026-01-05,0,bull,none,pullback_holds,current_week,0.034482758620689724,0.10344827586206917,0.4568965517241379,-0.0021551724137930384,0.1099137931034484,2026H1
003035,2026-01-06,1,bull,none,two_day_acceleration,current_week,0.014799154334038,0.19027484143763207,0.572938689217759,-0.010570824524313016,0.19027484143763207,2026H1
003035,2026-01-07,2,bull,none,pullback_holds,current_week,0.01698513800424628,0.2441613588110405,0.6135881104033971,-0.006369426751592355,0.3121019108280254,2026H1
003035,2026-01-15,3,bull,none,shrinking_volume_acceleration,current_week,0.1200000000000001,0.21799999999999997,0.3720000000000001,-0.02400000000000002,0.24,2026H1
003035,2026-01-23,4,bull,macd_cross,shrinking_volume_acceleration,current_week,0.06872852233676974,0.23883161512027495,0.43127147766323026,-0.03951890034364269,0.37285223367697595,2026H1
003035,2026-01-28,2,bull,ma_bull,two_day_acceleration,current_week,0.26666666666666683,0.10333333333333328,0.4933333333333334,-0.04499999999999993,0.3316666666666668,2026H1
003035,2026-01-30,4,bull,ma_bull,two_day_acceleration,current_week,0.14263074484944527,0.033280507131537185,0.5182250396196513,0.0,0.2662440570522979,2026H1
003035,2026-02-06,4,mid,ma_bull,shrinking_volume_acceleration,current_week,-0.09570041608876556,0.15533980582524265,0.2649098474341194,-0.09847434119278775,0.24133148404993077,2026H1
003035,2026-02-26,3,bull,ma_bull,two_day_acceleration,current_week,0.19786096256684504,0.41711229946524053,0.14973262032085555,-0.004010695187165791,0.47058823529411753,2026H1
003035,2026-04-13,0,mid,none,two_day_acceleration,current_week,0.03901170351105332,0.026007802340702213,0.0039011703511051543,-0.01820546163849157,0.1963589076723018,2026H1
003035,2026-04-17,4,mid,none,pullback_holds,current_week,0.05674653215636827,-0.03909205548549821,-0.08575031525851207,-0.06935687263556123,0.1601513240857504,2026H1
003035,2026-04-20,0,bull,none,pullback_holds,current_week,-0.013749999999999929,-0.03374999999999995,-0.13,-0.07750000000000001,0.15000000000000013,2026H1
003035,2026-05-06,2,bull,none,shrinking_volume_acceleration,current_week,0.0866141732283463,-0.04855643044619429,-0.06036745406824151,-0.055118110236220486,0.09580052493438318,2026H1
003035,2026-05-08,4,bull,none,two_day_acceleration,current_week,-0.0630517023959648,-0.11475409836065575,-0.15258511979823464,-0.13366960907944525,0.05296343001261028,2026H1
003035,2026-08-06,3,mid,none,pullback_holds,current_week,0.0,-0.0782918149466193,0.026690391459074814,-0.08718861209964412,0.021352313167259718,2026H2
003035,2026-08-27,3,mid,none,shrinking_volume_acceleration,current_week,0.01405975395430592,0.019332161687170446,,-0.026362038664323406,0.026362038664323295,2026H2
688656,2025-02-13,3,bull,none,pullback_holds,current_week,-0.04879182156133832,0.039962825278810454,0.0426347583643123,-0.0961895910780669,0.08619888475836435,2025H1
688656,2025-03-27,3,mid,none,pullback_holds,current_week,0.08202247191011236,-0.03707865168539326,0.05617977528089879,-0.2471910112359551,0.12359550561797761,2025H1
688656,2025-04-23,2,mid,ma_bull,two_day_acceleration,current_week,-0.07353089916051381,-0.12207949833114196,-0.12723778699302113,-0.1301709315262466,0.021442297967027457,2025H1
688656,2025-04-28,0,mid,ma_bull,shrinking_volume_acceleration,current_week,-0.05079795556482747,-0.09773651820173157,-0.07061645978929798,-0.12068425993532916,0.006571398769166459,2025H1
688656,2025-06-25,2,bull,ma_bull,pullback_holds,current_week,0.1325429127588038,0.11705892762342951,0.10865333569279767,-0.058927623429481435,0.2389842505751194,2025H1
688656,2025-08-13,2,bull,none,two_day_acceleration,current_week,-0.01143344709897609,0.06313993174061427,0.24232081911262782,-0.04419795221843004,0.19445392491467572,2025H2
688656,2025-08-20,2,bull,none,shrinking_volume_acceleration,current_week,0.05862361937128302,0.05785896346644015,0.4317757009345795,-0.005947323704333041,0.1893797790994054,2025H2
688656,2025-09-29,0,bull,ma_bull,two_day_acceleration,current_week,-0.02684824902723748,0.0440985732814525,0.09597924773022037,-0.11154345006485089,0.08949416342412442,2025H2
688656,2025-09-30,1,bull,ma_bull,two_day_acceleration,current_week,-0.03316455696202536,-0.012405063291139329,0.20474683544303796,-0.13291139240506333,0.07240506329113927,2025H2
688656,2025-10-14,1,bull,ma_bull,pullback_holds,current_week,0.07677902621722832,0.0032102728731941976,0.20137774210807913,-0.022471910112359605,0.1332263242375602,2025H2
688656,2025-10-15,2,bull,ma_bull,pullback_holds,current_week,0.0002564102564102111,-0.043910256410256365,0.15544871794871784,-0.06307692307692314,0.08615384615384625,2025H2
688656,2025-10-17,4,mid,ma_bull,pullback_holds,current_week,-0.0293835221816785,0.05210933999103751,0.16810703540106253,-0.06433647013635502,0.08469368158248503,2025H2
688656,2025-11-04,1,bull,ma_bull,two_day_acceleration,current_week,0.06352871521610415,0.06571936056838368,0.2617525162818235,-0.02297217288336295,0.16637063351095316,2025H2
688656,2026-01-05,0,bull,none,shrinking_volume_acceleration,current_week,0.025931520644511652,-0.04462487411883187,-0.11102719033232622,-0.05274420946626379,0.04487663645518625,2026H1
688656,2026-01-08,3,bull,none,two_day_acceleration,current_week,-0.033581855773447855,-0.06647453167094797,-0.09880333312449097,-0.08527034646951959,0.04009773823695251,2026H1
688656,2026-02-09,0,bull,none,pullback_holds,current_week,-0.03598273942093555,-0.03257238307349675,-0.018234966592427626,-0.053452115812917644,0.05025055679287305,2026H1
688656,2026-02-10,1,bull,none,pullback_holds,current_week,-0.023088835703223953,-0.055469519921160004,-0.00021117837533435324,-0.06335351260030975,0.06222722793185986,2026H1
688656,2026-02-11,2,bull,none,pullback_holds,current_week,-0.027459306440198117,-0.03128096249115364,-0.021868365180467086,-0.0583156404812456,0.06794055201698512,2026H1
688656,2026-02-13,4,mid,none,two_day_acceleration,current_week,-0.060768721007289694,-0.08634857521537442,-0.20808482438701126,-0.11822398939695167,0.0,2026H1
300986,2025-04-29,1,mid,ma_bull,two_day_acceleration,current_week,0.07799999999999985,-0.02300000000000002,-0.34299999999999997,-0.03249999999999997,0.10899999999999999,2025H1
300986,2025-05-13,1,bull,ma_bull,shrinking_volume_acceleration,current_week,-0.09954128440366983,-0.405045871559633,-0.2811926605504588,-0.4201834862385321,0.002293577981651307,2025H1
300986,2025-05-21,2,bull,ma_bull,shrinking_volume_acceleration,current_week,-0.35446247464503033,-0.2844827586206896,-0.32910750507099384,-0.3696754563894523,0.020283975659229236,2025H1
300986,2025-06-05,3,bull,none,pullback_holds,current_week,0.12731152204836405,-0.05903271692745382,-0.06258890469416789,-0.06472261735419627,0.16287339971550496,2025H1
300986,2025-06-11,2,bull,none,shrinking_volume_acceleration,current_week,-0.1377551020408163,-0.15433673469387754,-0.15688775510204078,-0.19005102040816313,0.04272959183673475,2025H1
300986,2025-06-12,3,bull,none,pullback_holds,current_week,-0.17209011264080099,-0.1783479349186483,-0.15519399249061328,-0.20525657071339165,0.023153942428035146,2025H1
300986,2025-07-04,4,bull,none,pullback_holds,current_week,0.037663335895465,0.031514219830899304,0.0684089162182937,-0.019984627209838624,0.08224442736356652,2025H2
300986,2025-07-10,3,bull,none,two_day_acceleration,current_week,0.019504876219054834,0.030757689422355572,0.08102025506376598,-0.04351087771942985,0.05626406601650413,2025H2
300986,2025-07-23,2,bull,none,two_day_acceleration,current_week,0.02095375722543369,0.10476878612716778,-0.018786127167630062,-0.03829479768786126,0.11849710982658967,2025H2
300986,2025-07-25,4,bull,none,pullback_holds,current_week,0.02734663710273466,0.05986696230598665,-0.002956393200295726,-0.016260162601626105,0.14560236511456015,2025H2
300986,2025-08-06,2,bull,none,two_day_acceleration,current_week,-0.1038709677419355,-0.12387096774193551,-0.22193548387096773,-0.15032258064516124,0.0,2025H2
300986,2025-08-08,4,bull,none,pullback_holds,current_week,-0.0692307692307692,-0.056643356643356624,-0.1454545454545455,-0.07902097902097904,0.005594405594405494,2025H2
300986,2025-08-19,1,bull,none,two_day_acceleration,current_week,0.050073637702503726,-0.10162002945508097,-0.13991163475699564,-0.11487481590574378,0.12297496318114876,2025H2
300986,2025-08-22,4,bull,none,pullback_holds,current_week,-0.06740740740740747,-0.0948148148148148,-0.12,-0.12148148148148152,0.12962962962962954,2025H2
300986,2025-08-25,0,bull,none,pullback_holds,current_week,-0.08345428156748913,-0.1030478955007258,-0.15747460087082743,-0.13933236574746022,0.10667634252539915,2025H2
300986,2026-04-29,2,bull,none,shrinking_volume_acceleration,current_week,0.04782608695652191,-0.030000000000000027,-0.14173913043478248,-0.03652173913043477,0.10434782608695659,2026H1
300986,2026-06-15,0,bull,none,two_day_acceleration,current_week,-0.016471838469713007,-0.08873538788522839,-0.4171094580233794,-0.1078639744952179,0.02603613177470776,2026H1
300986,2026-06-18,3,bull,none,pullback_holds,current_week,-0.08115323011211961,-0.026695141484249896,-0.46289375333689264,-0.10357714895888959,0.09877202349172465,2026H1
300986,2026-06-22,0,bull,none,two_day_acceleration,current_week,-0.09604221635883903,-0.08918205804749324,-0.4823218997361477,-0.11398416886543539,0.08601583113456468,2026H1
300066,2023-05-08,0,bull,none,shrinking_volume_acceleration,current_week,-0.025844930417495027,0.029821073558647937,0.0874751491053678,-0.045725646123260466,0.03379721669980107,2023H1
300066,2023-05-15,0,mid,none,shrinking_volume_acceleration,current_week,0.061475409836065475,0.08811475409836089,0.11885245901639352,-0.008196721311475419,0.12704918032786883,2023H1
300066,2023-05-18,3,mid,none,two_day_acceleration,current_week,0.03326810176125239,0.07240704500978468,0.03131115459882583,-0.001956947162426559,0.08219178082191769,2023H1
300066,2023-06-13,1,mid,none,pullback_holds,current_week,-0.02226345083487924,0.005565862708719838,-0.03710575139146555,-0.0742115027829312,0.016697588126159735,2023H1
300066,2023-07-25,1,mid,macd_stabilizing,pullback_holds,current_week,0.0019230769230769162,-0.007692307692307665,-0.015384615384615441,-0.025000000000000022,0.023076923076922995,2023H2
300066,2023-07-26,2,mid,macd_stabilizing,pullback_holds,current_week,0.015503875968992276,-0.007751937984496138,-0.013565891472868241,-0.0174418604651162,0.03100775193798455,2023H2
300066,2023-07-28,4,bull,macd_stabilizing,pullback_holds,current_week,0.021235521235521304,-0.025096525096525046,-0.0289575289575289,-0.025096525096525046,0.027027027027027195,2023H2
300066,2023-07-31,0,bull,none,pullback_holds,current_week,0.015414258188824581,-0.019267822736030893,-0.013487475915221592,-0.05202312138728338,0.025048169556840083,2023H2
300066,2025-05-08,3,bull,none,shrinking_volume_acceleration,current_week,-0.01869158878504673,-0.04439252336448607,-0.030373831775700855,-0.04672897196261683,0.004672897196261516,2025H1
300066,2025-05-20,1,bull,none,pullback_holds,current_week,-0.03554502369668233,-0.02132701421800942,0.007109004739336511,-0.05213270142180093,0.0023696682464455776,2025H1
300066,2025-07-03,3,bull,ma_bull,shrinking_volume_acceleration,current_week,0.04566210045662111,0.4383561643835616,0.3630136986301369,-0.0273972602739726,0.5958904109589043,2025H2
300066,2025-07-04,4,bull,ma_bull,pullback_holds,current_week,0.28205128205128194,0.5174825174825175,0.35897435897435903,-0.006993006993007089,0.6293706293706294,2025H2
300066,2025-07-08,1,bull,ma_bull,two_day_acceleration,current_week,0.4372197309417041,0.4147982062780271,0.31165919282511223,-0.017937219730941756,0.5672645739910314,2025H2
300066,2025-10-15,2,bull,macd_cross,shrinking_volume_acceleration,current_week,-0.09383378016085797,-0.02278820375335122,-0.04959785522788207,-0.1233243967828418,0.0013404825737264314,2025H2
300066,2025-10-29,2,bull,macd_stabilizing,shrinking_volume_acceleration,current_week,-0.03561643835616435,-0.02876712328767128,-0.11095890410958897,-0.0602739726027397,0.06164383561643838,2025H2
300066,2025-10-30,3,bull,macd_stabilizing,two_day_acceleration,current_week,-0.03064066852367686,-0.00835654596100277,-0.09610027855153191,-0.04456824512534807,0.04456824512534818,2025H2
300066,2025-11-10,0,bull,ma_bull,pullback_holds,current_week,-0.022408963585434205,-0.08823529411764719,-0.07703081232493003,-0.10924369747899165,0.05042016806722671,2025H2
300066,2025-11-13,3,bull,ma_bull,pullback_holds,current_week,-0.02840909090909094,-0.078125,-0.10653409090909094,-0.09659090909090906,0.0014204545454545858,2025H2
300066,2025-12-08,0,bull,none,pullback_holds,current_week,-0.03511450381679382,-0.03969465648854964,0.022900763358778775,-0.07022900763358775,0.006106870229007688,2025H2
300066,2025-12-24,2,bull,none,pullback_holds,current_week,-0.017350157728706517,0.061514195583596276,0.07413249211356487,-0.02208201892744477,0.06782334384858046,2025H2
300066,2025-12-25,3,bull,none,pullback_holds,current_week,0.004716981132075526,0.08805031446540879,0.05974842767295585,-0.02515723270440251,0.08805031446540879,2025H2
300066,2025-12-29,0,bull,none,pullback_holds,current_week,0.06012658227848089,0.06962025316455689,0.08702531645569622,-0.01898734177215189,0.09968354430379756,2025H2
300066,2026-01-12,0,bull,none,two_day_acceleration,current_week,-0.03597122302158273,-0.030215827338129442,0.03453237410071952,-0.05755395683453246,0.0,2026H1
300066,2026-01-28,2,bull,none,two_day_acceleration,current_week,0.024390243902439046,0.053084648493543884,0.0746054519368724,-0.06456241032998555,0.17073170731707332,2026H1
300066,2026-02-13,4,mid,macd_stabilizing,pullback_holds,current_week,0.09589041095890405,0.03561643835616457,-0.1753424657534246,-0.013698630136986245,0.18493150684931514,2026H1
300066,2026-04-09,3,mid,none,pullback_holds,current_week,0.012345679012345734,-0.026234567901234573,-0.021604938271605034,-0.029320987654321007,0.030864197530864113,2026H1
300066,2026-04-10,4,mid,none,pullback_holds,current_week,-0.00909090909090915,-0.050000000000000044,-0.03333333333333344,-0.06060606060606066,0.012121212121211977,2026H1
300066,2026-04-20,0,bull,none,two_day_acceleration,current_week,-0.054545454545454564,-0.040909090909091006,-0.08939393939393947,-0.09242424242424252,0.003030303030302939,2026H1
300066,2026-04-21,1,bull,none,pullback_holds,current_week,-0.07668711656441718,-0.0260736196319018,-0.08282208588957052,-0.0812883435582823,0.004601226993864893,2026H1
300066,2026-05-11,0,bull,none,two_day_acceleration,current_week,-0.05359877488514553,-0.09800918836140893,-0.09188361408882095,-0.11638591117917296,0.026033690658499253,2026H1
301502,2025-10-21,1,bull,none,pullback_holds,current_week,0.037889889051706094,0.040820598702114186,-0.003558718861209953,-0.015072221059242219,0.07494243248900978,2025H2
301502,2025-10-23,3,bull,none,pullback_holds,current_week,-0.017248459958932316,0.037782340862422936,-0.044969199178644836,-0.022587268993839893,0.054414784394250404,2025H2
301502,2025-10-24,4,bull,none,pullback_holds,current_week,-0.025999999999999912,-0.016799999999999926,-0.11580000000000001,-0.04799999999999993,0.027000000000000135,2025H2
301502,2025-11-07,4,bull,none,pullback_holds,current_week,-0.022648439094062445,-0.09793919608243207,-0.07263823709447037,-0.10977351560905924,0.006529279738828775,2025H2
301502,2025-12-08,0,bull,none,pullback_holds,current_week,-0.05890023907846109,-0.051945229297978734,-0.0358617691806129,-0.09889154531623556,0.004781569224081794,2025H2
301502,2025-12-19,4,mid,none,pullback_holds,current_week,-0.004793426158411385,0.02921707372745952,0.07943391919653031,-0.020314996576124233,0.0591189226204063,2025H2
301502,2025-12-25,3,bull,none,pullback_holds,current_week,0.013404825737265424,0.031054512957998215,0.05272564789991052,-0.03909740840035747,0.036639857015192234,2025H2
301502,2026-01-05,0,bull,none,two_day_acceleration,current_week,0.009846827133479064,0.044201312910284285,-0.019037199124726567,-0.036761487964989015,0.047702407002188085,2026H1
301502,2026-01-08,3,bull,none,pullback_holds,current_week,0.0303769401330376,0.06873614190687372,0.02527716186252782,-0.014412416851441234,0.08381374722838131,2026H1
301502,2026-01-12,0,bull,none,two_day_acceleration,current_week,0.03379549393414205,0.020797227036394972,0.025563258232235597,-0.02231369150779894,0.05892547660311953,2026H1
301502,2026-01-15,3,bull,none,shrinking_volume_acceleration,current_week,0.0253137630291429,-0.060838119549032066,0.009146990002127264,-0.06700701978302481,0.039778770474367287,2026H1
301502,2026-01-23,4,bull,none,two_day_acceleration,current_week,-0.06597724922440529,-0.0351602895553258,-0.04756980351602891,-0.1003102378490176,0.0,2026H1
301502,2026-02-09,0,bull,none,two_day_acceleration,current_week,0.004852320675105659,-0.05569620253164553,-0.058016877637130815,-0.06118143459915604,0.03164556962025311,2026H1
301502,2026-02-13,4,mid,none,pullback_holds,current_week,-0.03438876074648756,-0.04508282658838325,-0.1612497378905431,-0.09519815474942339,0.025372195428811084,2026H1
301502,2026-02-25,2,bull,macd_cross,shrinking_volume_acceleration,current_week,-0.09376290788930197,-0.029739776951672847,-0.11152416356877315,-0.10883932259396945,0.009913258983890838,2026H1
301502,2026-06-22,0,bull,ma_bull,two_day_acceleration,current_week,-0.18763594733829425,-0.2075558099599314,-0.4619347452776188,-0.21923297080709792,0.03755008586147657,2026H1
301502,2026-06-25,3,bull,ma_bull,shrinking_volume_acceleration,current_week,-0.16947185142193855,-0.20325014509576322,-0.4294834590829948,-0.2706906558328498,0.050261172373766705,2026H1
301502,2026-08-06,3,mid,none,pullback_holds,current_week,0.006209974771977489,-0.004463419367358723,-0.02154084999029693,-0.037453910343489216,0.059771007180283275,2026H2
301502,2026-08-07,4,mid,none,two_day_acceleration,current_week,0.017112093828109964,-0.005768121515093205,-0.040953662757161946,-0.04633724283791574,0.049990386464141556,2026H2
301502,2026-08-17,0,mid,none,two_day_acceleration,current_week,-0.0752293577981652,-0.018715596330275197,-0.10311926605504584,-0.1009174311926605,0.003669724770642313,2026H2
301502,2026-08-28,4,mid,none,pullback_holds,current_week,-0.003993610223642086,-0.029153354632587725,,-0.05131789137380194,0.06829073482428116,2026H2
301502,2026-08-31,0,bull,none,shrinking_volume_acceleration,current_week,-0.044604044604044546,-0.07616707616707619,,-0.10697410697410703,0.011151011151011136,2026H2
600967,2023-09-04,0,mid,none,pullback_holds,current_week,0.004405286343612369,0.0,-0.020925110132158586,-0.014317180616740033,0.011013215859030812,2023H2
600967,2023-09-11,0,mid,none,pullback_holds,current_week,-0.005476451259583848,-0.026286966046002225,-0.016429353778751432,-0.028477546549835697,0.005476451259583737,2023H2
600967,2023-09-12,1,mid,none,pullback_holds,current_week,-0.01965065502183405,-0.03820960698689957,-0.04475982532751088,-0.0393013100436681,0.0,2023H2
600967,2023-09-18,0,mid,none,pullback_holds,current_week,-0.01876379690949226,-0.01876379690949226,-0.056291390728476776,-0.02980132450331119,0.002207505518763808,2023H2
600967,2025-03-17,0,bull,ma_bull,shrinking_volume_acceleration,current_week,-0.055932203389830515,-0.0898305084745763,-0.03898305084745768,-0.12033898305084745,0.03050847457627115,2025H1
600967,2025-03-20,3,bull,ma_bull,two_day_acceleration,current_week,-0.017796610169491633,-0.07118644067796609,-0.04661016949152552,-0.12033898305084745,0.012711864406779627,2025H1
600967,2025-04-21,0,mid,ma_bull,two_day_acceleration,current_week,-0.021853146853146876,0.11800699300699313,0.05944055944055959,-0.04807692307692302,0.1424825174825175,2025H1
600967,2025-04-23,2,mid,ma_bull,pullback_holds,current_week,0.013297872340425565,0.10992907801418439,0.048758865248226924,-0.034574468085106225,0.15868794326241153,2025H1
600967,2025-04-30,2,mid,ma_bull,two_day_acceleration,current_week,0.09440559440559437,0.021853146853146876,0.08129370629370647,-0.011363636363636243,0.1424825174825175,2025H1
600967,2025-05-06,1,mid,ma_bull,two_day_acceleration,current_week,-0.020764119601328956,-0.024916943521594792,0.010797342192691017,-0.06063122923588038,0.08554817275747495,2025H1
600967,2025-05-27,1,mid,ma_bull,two_day_acceleration,current_week,0.004125412541253981,0.035478547854785436,0.31930693069306915,-0.022277227722772408,0.06270627062706269,2025H1
600967,2025-05-28,2,mid,ma_bull,two_day_acceleration,current_week,-0.01693548387096777,-0.014516129032258074,0.2895161290322581,-0.04435483870967749,0.03870967741935494,2025H1
600967,2025-06-17,1,bull,ma_bull,two_day_acceleration,current_week,0.13692307692307693,0.4853846153846153,0.3553846153846154,-0.0038461538461537215,0.5876923076923077,2025H1
600967,2025-07-14,0,bull,ma_bull,two_day_acceleration,current_week,0.14952751528627006,0.17509727626459126,0.42412451361867687,-0.053918843802112426,0.22290161200667025,2025H2
600967,2025-07-24,3,bull,ma_bull,shrinking_volume_acceleration,current_week,0.09403905447070904,0.21531346351490233,0.29239465570400824,-0.0174717368961973,0.2589928057553956,2025H2
600967,2025-07-25,4,bull,ma_bull,shrinking_volume_acceleration,current_week,0.021341463414634276,0.18394308943089444,0.3018292682926831,-0.008638211382113736,0.24491869918699183,2025H2
600967,2025-07-31,3,bull,ma_bull,shrinking_volume_acceleration,current_week,0.10980760206475848,0.2932895354293761,0.12388549976536845,-0.07648991083998113,0.4396996715157204,2025H2
600967,2025-10-31,4,bull,none,pullback_holds,current_week,-0.03246407663650874,-0.0633315593400744,-0.08089409260244806,-0.09473124002128774,0.0,2025H2
600967,2025-12-22,0,bull,none,two_day_acceleration,current_week,0.01670792079207928,0.05383663366336644,0.12995049504950495,-0.017945544554455406,0.10024752475247523,2025H2
600967,2025-12-24,2,bull,none,pullback_holds,current_week,0.030674846625766916,0.1687116564417177,0.13496932515337412,-0.0036809815950918923,0.2024539877300613,2025H2
600967,2025-12-25,3,bull,none,pullback_holds,current_week,0.04567600487210721,0.19001218026796574,0.08830694275274054,-0.010962241169305664,0.2192448233861144,2025H2
600967,2025-12-26,4,bull,none,pullback_holds,current_week,0.06707317073170738,0.2426829268292683,0.09512195121951228,-0.0060975609756096505,0.3048780487804881,2025H2
600967,2025-12-29,0,bull,none,pullback_holds,current_week,0.03588807785888082,0.1934306569343065,0.05717761557177603,-0.008515815085158196,0.3017031630170317,2025H2
600967,2025-12-31,2,bull,none,two_day_acceleration,current_week,0.1272189349112427,0.13076923076923075,-0.0011834319526626835,-0.011834319526627168,0.2662721893491127,2025H2
688270,2025-10-29,2,bull,none,pullback_holds,current_week,-0.08200977397678688,-0.04948075748320102,-0.03375076359193652,-0.09957238851557737,0.032681734880879665,2025H2
688270,2026-04-10,4,mid,none,shrinking_volume_acceleration,current_week,0.18303390517357832,-0.02141023909225981,-0.039578549236795824,-0.034985816560853755,0.23064973659327292,2026H1
688270,2026-04-16,3,mid,none,shrinking_volume_acceleration,current_week,-0.10450867052023116,-0.2288439306358382,-0.22630057803468207,-0.3238150289017341,0.026589595375722475,2026H1
688270,2026-05-15,4,bull,none,shrinking_volume_acceleration,current_week,-0.07720877080208555,-0.1523462609813584,-0.22148417970144985,-0.1572030569245053,0.04635383186915232,2026H1
688270,2026-06-15,0,bull,none,pullback_holds,current_week,-0.35389380530973447,-0.30654867256637164,-0.31194690265486724,-0.42584070796460183,0.017876106194690156,2026H1
605006,2025-06-06,4,bull,macd_cross,shrinking_volume_acceleration,current_week,-0.07203389830508466,-0.08757062146892658,0.11864406779661008,-0.10310734463276827,0.039548022598870025,2025H1
605006,2025-06-23,0,bull,ma_bull,two_day_acceleration,current_week,0.024390243902438824,0.19054878048780477,0.21036585365853666,0.0,0.28658536585365835,2025H1
605006,2025-06-24,1,bull,ma_bull,two_day_acceleration,current_week,0.10298507462686568,0.28208955223880583,0.15522388059701497,-0.010447761194029903,0.28208955223880583,2025H1
605006,2025-06-25,2,bull,ma_bull,pullback_holds,current_week,0.12166172106824935,0.2878338278931749,0.1172106824925816,-0.011869436201780381,0.40207715133531163,2025H1
605006,2025-06-26,3,bull,ma_bull,pullback_holds,current_week,0.15946348733233973,0.4232488822652758,0.14754098360655732,-0.007451564828613977,0.4232488822652758,2025H1
605006,2025-06-27,4,bull,ma_bull,pullback_holds,current_week,0.17333333333333334,0.2740740740740739,0.1274074074074074,-0.013333333333333308,0.41481481481481497,2025H1
605006,2025-07-03,3,bull,ma_bull,shrinking_volume_acceleration,current_week,0.251638269986894,0.02752293577981657,-0.03145478374836164,-0.005242463958060273,0.251638269986894,2025H2
605006,2025-08-11,0,bull,ma_bull,two_day_acceleration,current_week,0.17763157894736858,0.11052631578947358,0.12631578947368416,-0.023684210526315863,0.18421052631578938,2025H2
605006,2025-08-12,1,bull,ma_bull,pullback_holds,current_week,0.14343163538873993,0.11796246648793574,0.1327077747989276,-0.00536193029490617,0.20643431635388731,2025H2
605006,2025-08-13,2,bull,ma_bull,pullback_holds,current_week,0.11788079470198665,0.05827814569536427,0.13907284768211925,0.0,0.19205298013245042,2025H2
605006,2025-09-10,2,bull,ma_bull,shrinking_volume_acceleration,current_week,-0.02628434886499409,-0.03584229390681015,-0.08960573476702516,-0.09557945041816018,0.05495818399044183,2025H2
605006,2025-10-10,4,bull,none,pullback_holds,current_week,-0.025000000000000022,0.014473684210526194,0.0052631578947368585,-0.02631578947368418,0.046052631578947345,2025H2
605006,2025-10-27,0,bull,none,pullback_holds,current_week,0.006501950585175553,0.0039011703511051543,-0.05851755526657998,-0.013003901170351218,0.07932379713914184,2025H2
605006,2025-10-28,1,bull,none,two_day_acceleration,current_week,-0.025445292620865145,-0.003816793893129833,-0.058524173027989845,-0.03435114503816805,0.05597964376590325,2025H2
605006,2025-11-10,0,bull,none,pullback_holds,current_week,0.00898587933247752,-0.07060333761232351,-0.03722721437740695,-0.09114249037227218,0.016688061617458283,2025H2
605006,2025-11-11,1,bull,none,two_day_acceleration,current_week,-0.02809706257982114,-0.054916985951468655,-0.04980842911877392,-0.09578544061302685,0.011494252873563093,2025H2
605006,2025-11-12,2,bull,none,pullback_holds,current_week,-0.03650586701434155,-0.052151238591916504,-0.04563233376792697,-0.07692307692307687,0.0325945241199479,2025H2
605006,2025-11-17,0,mid,none,shrinking_volume_acceleration,current_week,-0.07416879795396425,-0.054987212276214836,-0.07928388746803072,-0.09462915601023025,0.002557544757033181,2025H2
605006,2025-12-01,0,mid,none,pullback_holds,current_week,0.016260162601626105,-0.024390243902438935,0.013550135501354976,-0.03794037940379391,0.024390243902439046,2025H2
605006,2025-12-09,1,mid,none,pullback_holds,current_week,-0.06460296096904439,-0.024226110363391617,-0.013458950201884257,-0.08075370121130543,0.006729475100942128,2025H2
605006,2025-12-23,1,bull,none,pullback_holds,current_week,0.02216066481994461,0.015235457063711877,0.10526315789473695,0.0,0.059556786703601095,2025H2
605006,2025-12-26,4,bull,none,shrinking_volume_acceleration,current_week,-0.020107238605898026,-0.03887399463806973,0.04959785522788196,-0.041554959785522705,0.009383378016085908,2025H2
605006,2026-01-15,3,bull,none,two_day_acceleration,current_week,0.06970509383378021,0.052278820375335266,0.36729222520107263,-0.02815013404825739,0.08445040214477206,2026H1
300419,2023-07-03,0,mid,none,pullback_holds,current_week,-0.017432646592710044,0.09984152139461178,-0.0031695721077654726,-0.033280507131537185,0.13312202852614896,2023H2
300419,2023-07-04,1,mid,none,pullback_holds,current_week,-0.029503105590062195,0.04192546583850931,-0.026397515527950333,-0.052795031055900554,0.11024844720496896,2023H2
300419,2023-07-05,2,mid,none,pullback_holds,current_week,-0.03767660910518056,0.04238618524332827,-0.009419152276295084,-0.042386185243328045,0.12244897959183687,2023H2
300419,2023-08-08,1,bull,none,two_day_acceleration,current_week,0.0029112081513829047,0.06259097525473067,-0.010189228529839944,-0.03784570596797665,0.10189228529839878,2023H2
300419,2023-08-10,3,bull,macd_cross,shrinking_volume_acceleration,current_week,0.05611510791366903,0.05899280575539567,0.05611510791366903,-0.048920863309352525,0.11654676258992791,2023H2
300419,2023-11-14,1,mid,ma_bull,two_day_acceleration,current_week,-0.028241335044929317,-0.042362002567394086,-0.025673940949935803,-0.056482670089858744,0.02310654685494229,2023H2
300419,2023-11-16,3,mid,ma_bull,shrinking_volume_acceleration,current_week,-0.019255455712451797,-0.05519897304236199,-0.04878048780487798,-0.06803594351732989,0.021822849807445532,2023H2
300419,2025-10-21,1,bull,ma_bull,pullback_holds,current_week,0.012747875354107707,0.1388101983002834,-0.019830028328612026,-0.019830028328612026,0.18555240793201144,2025H2
300419,2025-10-22,2,bull,ma_bull,pullback_holds,current_week,0.055240793201133176,0.10623229461756378,-0.025495750708215414,-0.019830028328612026,0.18555240793201144,2025H2
300419,2025-10-23,3,bull,ma_bull,pullback_holds,current_week,0.06030855539971958,0.10238429172510521,-0.028050490883590462,-0.029453015427770013,0.17391304347826098,2025H2
300419,2025-10-24,4,bull,ma_bull,pullback_holds,current_week,0.144906743185079,0.1190817790530847,-0.0444763271162123,-0.00717360114777621,0.20086083213773342,2025H2
300419,2026-01-08,3,bull,none,shrinking_volume_acceleration,current_week,0.010920436817472678,0.05460218408736339,0.05616224648985968,-0.007800312012480437,0.06708268330733236,2026H1
300419,2026-01-09,4,bull,none,two_day_acceleration,current_week,0.018320610687022842,0.05038167938931304,0.04580152671755733,-0.02900763358778613,0.05038167938931304,2026H1
300419,2026-01-28,2,bull,none,shrinking_volume_acceleration,current_week,-0.05314685314685308,0.006993006993006867,-0.08531468531468533,-0.0755244755244755,0.02657342657342654,2026H1
300419,2026-02-09,0,bull,none,two_day_acceleration,current_week,-0.007102272727272707,-0.09517045454545459,0.09659090909090895,-0.09801136363636354,0.032670454545454586,2026H1
300419,2026-03-13,4,mid,ma_bull,shrinking_volume_acceleration,current_week,-0.04705882352941182,-0.03790849673202612,-0.03790849673202612,-0.08366013071895428,0.05228758169934644,2026H1
300419,2026-05-12,1,bull,none,pullback_holds,current_week,-0.015214384508990375,-0.03872752420470271,-0.023513139695712337,-0.07607192254495165,0.03596127247579517,2026H1
300419,2026-05-13,2,bull,none,pullback_holds,current_week,-0.03190013869625519,-0.06657420249653256,-0.05131761442441052,-0.07350901525658815,0.02219140083217752,2026H1
300419,2026-05-14,3,bull,none,pullback_holds,current_week,-0.07192254495159067,-0.049792531120331995,-0.047026279391424564,-0.07607192254495165,0.019363762102351245,2026H1
601375,2023-11-09,3,mid,none,pullback_holds,current_week,0.010075566750629594,0.0025188916876572875,-0.012594458438287215,-0.007556675062972307,0.032745591939546514,2023H2
601375,2023-11-10,4,mid,none,pullback_holds,current_week,0.0050000000000001155,-0.012499999999999956,-0.030000000000000027,-0.015000000000000013,0.02499999999999991,2023H2
601375,2023-12-28,3,mid,none,two_day_acceleration,current_week,-0.018421052631579005,-0.0368421052631579,-0.0052631578947368585,-0.050000000000000044,0.010526315789473495,2023H2
601375,2023-12-29,4,mid,macd_stabilizing,pullback_holds,current_week,-0.03926701570680635,-0.03664921465968585,-0.028795811518324665,-0.05497382198952894,0.002617801047120283,2023H2
601375,2024-11-04,0,bull,ma_bull,shrinking_volume_acceleration,current_week,0.08565310492505351,-0.03640256959314769,0.0,-0.04496788008565311,0.14561027837259122,2024H2
601375,2024-12-03,1,bull,ma_bull,pullback_holds,current_week,0.004310344827586299,-0.025862068965517127,-0.06896551724137923,-0.032327586206896464,0.053879310344827624,2024H2
601375,2024-12-27,4,bull,none,pullback_holds,current_week,-0.11086474501108645,-0.1352549889135255,-0.11751662971175159,-0.14855875831485588,0.008869179600886845,2024H2
601375,2025-01-24,4,mid,none,pullback_holds,current_week,0.02941176470588247,0.0318627450980391,0.002450980392156854,-0.02450980392156865,0.0490196078431373,2025H1
601375,2025-02-06,3,mid,none,two_day_acceleration,current_week,0.02689486552567244,0.009779951100244544,0.022004889975550057,-0.004889975550122161,0.04645476772616153,2025H1
601375,2025-02-07,4,mid,none,two_day_acceleration,current_week,-0.0023809523809523725,0.0023809523809523725,-0.023809523809523947,-0.030952380952380953,0.01904761904761898,2025H1
601375,2025-03-12,2,bull,none,pullback_holds,current_week,0.03170731707317098,0.007317073170731714,-0.05365853658536579,-0.012195121951219523,0.043902439024390505,2025H1
601375,2025-09-30,1,bull,none,pullback_holds,current_week,0.006578947368421018,-0.0021929824561405242,-0.006578947368421129,-0.02412280701754388,0.02631578947368407,2025H2
601375,2025-10-09,3,bull,none,pullback_holds,current_week,-0.008714596949891074,0.004357298474945592,-0.010893246187363759,-0.030501089324618702,0.019607843137254832,2025H2
601375,2025-10-10,4,bull,none,pullback_holds,current_week,-0.011086474501108556,0.019955654101995624,0.0,-0.013303769401330268,0.031042128603104402,2025H2
601375,2025-10-21,1,bull,none,pullback_holds,current_week,0.015486725663716783,0.006637168141592875,-0.015486725663716894,-0.011061946902655051,0.03539823008849541,2025H2
601375,2025-10-22,2,bull,none,pullback_holds,current_week,0.033185840707964376,0.0022123893805310324,-0.01991150442477896,-0.011061946902655051,0.03539823008849541,2025H2
601375,2025-10-23,3,bull,macd_stabilizing,shrinking_volume_acceleration,current_week,0.004357298474945592,-0.010893246187363759,-0.028322440087145906,-0.019607843137254832,0.019607843137254832,2025H2
601375,2025-11-10,0,bull,none,pullback_holds,current_week,-0.019736842105263275,-0.061403508771929904,-0.037280701754386136,-0.07017543859649134,0.002192982456140413,2025H2
601375,2025-11-11,1,bull,none,pullback_holds,current_week,-0.01982378854625544,-0.05947136563876643,-0.048458149779735615,-0.06607929515418498,0.006607929515418665,2025H2
601375,2025-11-12,2,bull,none,pullback_holds,current_week,-0.01991150442477896,-0.05530973451327437,-0.039823008849557695,-0.06194690265486735,0.011061946902654718,2025H2
601375,2025-11-13,3,bull,none,pullback_holds,current_week,-0.017621145374449365,-0.06167400881057272,-0.05506607929515417,-0.06607929515418498,0.006607929515418665,2025H2
601375,2025-11-14,4,bull,none,pullback_holds,current_week,-0.05973451327433643,-0.053097345132743445,-0.03761061946902655,-0.06194690265486735,0.0,2025H2
601375,2025-12-01,0,mid,none,pullback_holds,current_week,0.023310023310023187,0.01631701631701632,0.013986013986014179,-0.011655011655011593,0.034965034965035,2025H2
601375,2025-12-08,0,bull,none,pullback_holds,current_week,0.0,0.002293577981651307,0.016055045871559592,-0.020642201834862317,0.013761467889908063,2025H2
601375,2025-12-19,4,mid,none,pullback_holds,current_week,0.0022883295194506825,0.027459954233409745,0.0022883295194506825,-0.01830663615560646,0.027459954233409745,2025H2
601375,2026-01-05,0,bull,macd_stabilizing,pullback_holds,current_week,0.03218390804597693,0.0,-0.011494252873563426,-0.0045977011494253706,0.048275862068965614,2026H1
601375,2026-01-06,1,bull,macd_stabilizing,two_day_acceleration,current_week,-0.004444444444444362,-0.026666666666666727,-0.039999999999999925,-0.0377777777777778,0.01333333333333342,2026H1
601375,2026-01-08,3,bull,macd_stabilizing,pullback_holds,current_week,0.002293577981651307,0.002293577981651307,0.011467889908256756,-0.006880733944954143,0.04587155963302747,2026H1
601375,2026-01-09,4,bull,macd_stabilizing,pullback_holds,current_week,-0.006849315068492956,0.004566210045662267,0.0,-0.011415525114155223,0.04109589041095907,2026H1
601375,2026-01-12,0,bull,none,two_day_acceleration,current_week,-0.033333333333333215,-0.013333333333333197,-0.015555555555555656,-0.0377777777777778,0.01333333333333342,2026H1
601375,2026-01-14,2,bull,none,pullback_holds,current_week,-0.013605442176870652,0.006802721088435382,0.0022675736961450532,-0.01814058956916098,0.027210884353741527,2026H1
601375,2026-01-26,0,bull,none,two_day_acceleration,current_week,-0.02934537246049662,0.0,-0.02483069977426622,-0.03611738148984178,0.009029345372460584,2026H1
601375,2026-02-24,1,bull,macd_stabilizing,pullback_holds,current_week,-0.006896551724137945,-0.02298850574712652,-0.08275862068965523,-0.04137931034482767,0.027586206896551557,2026H1
601375,2026-02-26,3,bull,macd_stabilizing,pullback_holds,current_week,-0.04337899543378987,-0.0182648401826484,-0.08447488584474894,-0.047945205479452024,0.013698630136986356,2026H1
601375,2026-02-27,4,bull,macd_stabilizing,pullback_holds,current_week,-0.02733485193621854,-0.03189066059225509,-0.07972665148063773,-0.05011389521640086,0.011389521640091216,2026H1
301303,2025-08-08,4,bull,ma_bull,shrinking_volume_acceleration,current_week,-0.0022831050228310223,0.0365296803652968,-0.05022831050228305,-0.014269406392694028,0.07705479452054798,2025H2
301303,2025-08-18,0,bull,ma_bull,two_day_acceleration,current_week,0.01285634432643934,-0.04471771939631086,-0.07825600894354379,-0.08608160983789825,0.049748462828395734,2025H2
301303,2025-10-09,3,bull,none,pullback_holds,current_week,-0.022151898734177222,0.027848101265822933,0.05253164556962009,-0.048101265822784844,0.028481012658227778,2025H2
301303,2025-10-10,4,bull,none,pullback_holds,current_week,-0.003939592908732803,0.0663164806303349,0.07747866053841101,-0.012475377544320376,0.07091267235718957,2025H2
301303,2025-10-21,1,bull,none,two_day_acceleration,current_week,0.05612244897959173,0.05484693877551017,0.03125000000000022,-0.0012755102040815647,0.0631377551020409,2025H2
301303,2025-10-23,3,bull,none,two_day_acceleration,current_week,0.004320987654321096,0.02654320987654324,-0.02777777777777779,-0.008024691358024638,0.0370370370370372,2025H2
301303,2025-10-27,0,bull,none,two_day_acceleration,current_week,0.009821976672805377,0.0012277470841006721,-0.05586249232658058,-0.006752608962553697,0.03130755064456725,2025H2
301303,2025-10-28,1,bull,none,two_day_acceleration,current_week,0.004250151791135526,-0.006678809957498477,-0.06253794778384936,-0.017607771706132258,0.020036429872495543,2025H2
301303,2025-11-03,0,bull,none,shrinking_volume_acceleration,current_week,-0.0036652412950520796,-0.0036652412950520796,-0.04276114844227252,-0.007941356139279154,0.026267562614538775,2025H2
301303,2025-11-05,2,bull,none,two_day_acceleration,current_week,-0.011961722488038284,-0.0574162679425837,-0.0657894736842104,-0.061602870813397104,0.004784688995215447,2025H2
301303,2025-11-06,3,bull,none,pullback_holds,current_week,-0.006618531889289958,-0.05234657039711199,-0.07400722021660655,-0.05595667870036114,0.002406738868832692,2025H2
301303,2025-11-07,4,bull,none,pullback_holds,current_week,0.003045066991473666,-0.08038976857490876,-0.049939098660170655,-0.08038976857490876,0.014616321559074219,2025H2
301303,2025-12-08,0,bull,none,pullback_holds,current_week,-0.03516624040920724,-0.028772378516624064,-0.020460358056266004,-0.062020460358056306,0.0038363171355499937,2025H2
301303,2025-12-24,2,bull,none,pullback_holds,current_week,-0.01303780964797907,0.010430247718383301,0.14146023468057378,-0.01890482398956972,0.014993481095175953,2025H2
301303,2025-12-25,3,bull,none,pullback_holds,current_week,0.0,0.025456919060052208,0.05352480417754579,-0.01762402088772841,0.025456919060052208,2025H2
301303,2026-01-05,0,bull,none,pullback_holds,current_week,0.021456436931079237,0.03706111833550074,0.026657997399219813,-0.01040312093628093,0.04096228868660612,2026H1
301303,2026-01-06,1,bull,none,pullback_holds,current_week,0.021428571428571352,0.03701298701298694,0.036363636363636376,-0.007792207792207795,0.04220779220779214,2026H1
301303,2026-01-07,2,bull,none,pullback_holds,current_week,0.019607843137254832,0.05228758169934644,0.04640522875816999,0.0,0.05294117647058805,2026H1
301303,2026-01-08,3,bull,none,shrinking_volume_acceleration,current_week,0.004519044544867734,0.046481601032924535,0.003873466752743804,-0.007101355713363455,0.060038734667527516,2026H1
301303,2026-01-12,0,bull,none,two_day_acceleration,current_week,0.0037759597230964115,0.01573316551290116,0.01887979861548139,-0.03083700440528636,0.1485210824417873,2026H1
301303,2026-01-16,4,bull,none,shrinking_volume_acceleration,current_week,0.11457670273711007,0.01845957988542324,0.015276893698281446,-0.0012730744748569167,0.161680458306811,2026H1
301303,2026-01-19,0,bull,none,two_day_acceleration,current_week,0.013819095477386911,-0.00816582914572861,0.019472361809045324,-0.010678391959799027,0.14635678391959805,2026H1
301303,2026-02-09,0,bull,none,two_day_acceleration,current_week,0.004953560371517174,-0.01671826625386985,-0.030340557275541746,-0.02043343653250762,0.025386996904024794,2026H1
301303,2026-02-10,1,bull,none,pullback_holds,current_week,0.011207970112079968,-0.023661270236612686,-0.0062266500622664145,-0.02739726027397249,0.031133250311332406,2026H1
301303,2026-02-24,1,bull,ma_bull,pullback_holds,current_week,-0.020961775585696563,0.0388409371146734,-0.10234278668310715,-0.03699136868064101,0.040690505548705236,2026H1
301303,2026-02-25,2,bull,ma_bull,pullback_holds,current_week,-0.033887861983980305,0.03573629081947005,-0.09303758471965495,-0.03758471965495991,0.0443622920517559,2026H1
301303,2026-02-26,3,bull,ma_bull,two_day_acceleration,current_week,-0.03128834355828214,0.017791411042944683,-0.1165644171779141,-0.041717791411042926,0.039877300613496924,2026H1
301303,2026-02-27,4,bull,ma_bull,two_day_acceleration,current_week,0.026364193746168274,-0.0036787247087675112,-0.11097486204782336,-0.0423053341508276,0.039239730226854785,2026H1
688356,2025-08-13,2,bull,ma_bull,pullback_holds,current_week,-0.018137104211497057,-0.08392253304641861,-0.02490009222256384,-0.08392253304641861,0.07060149605492372,2025H2
688356,2025-08-14,3,bull,ma_bull,pullback_holds,current_week,-0.048309661932386505,-0.09101820364072821,-0.03100620124024811,-0.14622924584916985,0.04500900180036016,2025H2
688356,2025-08-15,4,bull,ma_bull,pullback_holds,current_week,-0.043604360436043765,-0.10991099109910996,0.01590159015901582,-0.14631463146314638,0.044904490449044765,2025H2
688356,2025-08-25,0,bull,ma_bull,two_day_acceleration,current_week,-0.07008113590263698,0.03661257606490875,0.014097363083164227,-0.1342799188640974,0.1085192697768762,2025H2
688356,2025-10-21,1,bull,none,pullback_holds,current_week,0.019016541014965638,0.04343422977382683,-0.003600765162597108,-0.02104197141892661,0.10824800270057389,2025H2
688356,2025-10-24,4,bull,none,two_day_acceleration,current_week,0.03517316017316019,-0.016233766233766267,-0.1353896103896104,-0.05086580086580095,0.06590909090909092,2025H2
688356,2025-12-08,0,bull,none,pullback_holds,current_week,-0.053561122013159435,-0.04651968140367069,0.09407826388087281,-0.09153872792335216,0.037746739004963725,2025H2
688356,2025-12-22,0,bull,none,pullback_holds,current_week,0.0,0.14884848484848479,0.2613333333333334,-0.02109090909090905,0.24824242424242438,2025H2
688356,2025-12-25,3,bull,none,pullback_holds,current_week,0.11234866828087142,0.2092009685230023,0.3024213075060531,-0.02227602905569015,0.28184019370460023,2025H2
688356,2026-01-16,4,bull,macd_cross,shrinking_volume_acceleration,current_week,0.003042876901798053,-0.1097279852466575,-0.09635776855693867,-0.12217611802674044,0.0509912402028585,2026H1
688356,2026-02-09,0,bull,ma_bull,pullback_holds,current_week,-0.027551020408163263,-0.008163265306122436,0.0469387755102042,-0.0379591836734694,0.07122448979591844,2026H1
688356,2026-03-09,0,mid,ma_bull,two_day_acceleration,current_week,-0.03342749529190203,-0.16920903954802258,-0.10235404896421851,-0.17937853107344626,0.027118644067796627,2026H1
688356,2026-04-27,0,bull,ma_bull,shrinking_volume_acceleration,current_week,-0.08809523809523812,-0.1333333333333333,-0.26961904761904765,-0.14,0.0,2026H1
001211,2023-11-06,0,mid,none,shrinking_volume_acceleration,current_week,0.030871923237380194,0.02419691280767644,0.03420942845223207,-0.017104714226116036,0.054651647893199984,2023H2
001211,2023-11-07,1,mid,none,shrinking_volume_acceleration,current_week,0.014528850145288486,0.023661270236612797,0.025321710253217056,-0.022000830220008316,0.04939809049398103,2023H2
001211,2023-11-13,0,mid,ma_bull,two_day_acceleration,current_week,-0.008881711748082277,-0.012111425111021479,-0.04521598708114649,-0.02260799354057319,0.03148970528865558,2023H2
001211,2023-11-20,0,mid,ma_bull,pullback_holds,current_week,-0.0040700040700041296,0.008954008954008996,-0.008954008954008885,-0.015873015873015928,0.03988603988603989,2023H2
001211,2023-11-21,1,mid,ma_bull,two_day_acceleration,current_week,0.0024350649350648457,0.0024350649350648457,-0.0040584415584415945,-0.018668831168831224,0.03693181818181812,2023H2
001211,2023-11-22,2,mid,ma_bull,two_day_acceleration,current_week,-0.004805766920304211,-0.006407689227072355,-0.018822587104525335,-0.07088506207448941,0.00680816980376453,2023H2
001211,2023-11-23,3,mid,ma_bull,pullback_holds,current_week,-0.00921843687374746,-0.006813627254508958,-0.009619238476953895,-0.0701402805611222,0.007615230460921829,2023H2
001211,2024-01-02,1,mid,ma_bull,two_day_acceleration,current_week,0.0,-0.006871463217461682,-0.1705739692805175,-0.021827000808407493,0.019805982215036266,2024H1
001211,2024-01-04,3,mid,ma_bull,shrinking_volume_acceleration,current_week,-0.018710191082802474,-0.06210191082802552,-0.29816878980891726,-0.08001592356687903,0.004378980891719619,2024H1
001211,2025-05-06,1,mid,none,shrinking_volume_acceleration,current_week,-0.007535460992907694,0.009308510638297962,-0.0008865248226950229,-0.03590425531914887,0.009751773049645474,2025H1
001211,2025-05-08,3,bull,none,shrinking_volume_acceleration,current_week,-0.013814616755793319,-0.012477718360071388,0.008021390374331583,-0.03074866310160429,0.02049910873440286,2025H1
001211,2025-05-26,0,bull,none,pullback_holds,current_week,-0.00044563279857401383,0.002673796791443861,0.002673796791443861,-0.019607843137254943,0.022727272727272707,2025H1
001211,2025-05-27,1,mid,none,pullback_holds,current_week,0.011215791834903621,0.024674742036787878,0.007626738447734427,-0.013010318528488107,0.03589053387169128,2025H1
001211,2025-05-28,2,mid,none,pullback_holds,current_week,0.013092550790067659,0.028442437923250408,0.011286681715575675,-0.006772009029345494,0.04243792325056428,2025H1
001211,2025-05-29,3,bull,none,pullback_holds,current_week,0.010272443054935243,-0.0026797677534613484,0.013398838767306964,-0.016971862438588614,0.03126395712371588,2025H1
001211,2025-05-30,4,mid,none,pullback_holds,current_week,0.02333931777378817,0.011669658886894085,0.023788150807899422,-0.012118491921005337,0.03635547576301601,2025H1
001211,2025-06-03,1,bull,none,pullback_holds,current_week,0.0,-0.014666666666666606,0.017777777777777892,-0.022222222222222254,0.026222222222222147,2025H1
001211,2025-06-05,3,bull,none,pullback_holds,current_week,0.009304386353566674,-0.07133362871067783,0.018608772707133348,-0.07443509082853339,0.023039432875498367,2025H1
001211,2025-06-11,2,bull,none,shrinking_volume_acceleration,current_week,-0.04688869412795793,-0.015775635407537236,0.03242769500438203,-0.08983347940403164,0.009640666082383786,2025H1
001211,2025-06-16,0,bull,none,pullback_holds,current_week,-0.041095890410958846,0.00795404330534688,0.029164825452938636,-0.0821917808219178,0.014582412726469318,2025H1
001211,2025-06-23,0,bull,none,two_day_acceleration,current_week,0.03776160145586882,0.05141037306642393,0.0714285714285714,-0.008644222020018244,0.05368516833484982,2025H1
001211,2025-06-25,2,bull,macd_stabilizing,pullback_holds,current_week,0.024042742653606286,0.04897595725734627,0.03116651825467498,-0.01068566340160293,0.05921638468388246,2025H1
001211,2025-06-26,3,bull,macd_stabilizing,pullback_holds,current_week,0.0258813029897369,0.03346720214190091,0.03971441320838909,-0.008478357875948306,0.07496653279785814,2025H1
001211,2025-07-02,2,bull,ma_bull,shrinking_volume_acceleration,current_week,0.026132404181184565,0.0017421602787455193,0.03789198606271782,-0.03222996515679455,0.04921602787456436,2025H2
001211,2025-07-09,2,bull,ma_bull,two_day_acceleration,current_week,-0.02583650995340958,-0.019059720457433316,0.03515459551037714,-0.044472681067344366,0.020330368487928796,2025H2
001211,2025-07-10,3,bull,ma_bull,pullback_holds,current_week,-0.003454231433505983,0.006044905008635526,0.051381692573402526,-0.02590673575129543,0.020293609671848012,2025H2
001211,2025-07-11,4,bull,ma_bull,pullback_holds,current_week,0.005215123859191539,0.022164276401564376,0.0630160799652324,-0.019556714471968828,0.026944806605823546,2025H2
001211,2025-07-21,0,bull,ma_bull,two_day_acceleration,current_week,0.014868309260832602,0.026762956669498905,0.04715378079864063,-0.0293118096856414,0.03525913338997455,2025H2
001211,2025-07-24,3,bull,ma_bull,pullback_holds,current_week,0.005980350277659197,0.04015378043571127,0.07859888936351989,-0.006834686031610415,0.050832977360102616,2025H2
001211,2025-07-25,4,bull,ma_bull,shrinking_volume_acceleration,current_week,0.017028522775649257,0.041294167730949294,0.05959982971477218,-0.009365687526607158,0.047254150702426445,2025H2
001211,2025-07-28,0,bull,ma_bull,two_day_acceleration,current_week,0.00708333333333333,0.04791666666666683,0.03249999999999997,-0.030416666666666647,0.04916666666666658,2025H2
001211,2025-07-31,3,bull,ma_bull,pullback_holds,current_week,0.033531409168081616,0.02716468590831922,0.05602716468590829,-0.012308998302207108,0.07385398981324287,2025H2
001211,2025-08-11,0,bull,ma_bull,two_day_acceleration,current_week,-0.019490851233094575,-0.014319809069212375,0.14876690533015102,-0.04494828957836117,0.016308671439936306,2025H2
001211,2025-08-18,0,bull,ma_bull,pullback_holds,current_week,0.005681818181818121,0.06534090909090917,0.09983766233766245,-0.0535714285714286,0.0714285714285714,2025H2
001211,2025-08-22,4,bull,ma_bull,pullback_holds,current_week,-0.014246141669964407,0.11001187178472493,-0.03324099722991691,-0.07716660071230708,0.1214879303521963,2025H2
001211,2025-08-26,1,bull,ma_bull,shrinking_volume_acceleration,current_week,0.025710946630307818,0.09076743280093491,-0.08765095442150372,-0.09154655239579279,0.14920140241527058,2025H2
001211,2025-09-03,2,bull,ma_bull,shrinking_volume_acceleration,current_week,0.025688756515264366,-0.01005212211466866,-0.024944154877140634,-0.03648548026805665,0.09828741623231574,2025H2
001211,2025-09-15,0,bull,ma_bull,pullback_holds,current_week,-0.1120943952802359,-0.03134218289085555,-0.046828908554572224,-0.17809734513274345,0.015855457227138547,2025H2
001211,2025-10-21,1,bull,ma_bull,pullback_holds,current_week,0.008494208494208344,0.015057915057914872,0.09806949806949805,-0.015444015444015524,0.04015444015444003,2025H2
001211,2025-10-22,2,bull,ma_bull,pullback_holds,current_week,-0.0065434949961508115,0.021555042340261732,0.0658198614318708,-0.018475750577367167,0.036951501154734334,2025H2
001211,2025-10-24,4,bull,ma_bull,two_day_acceleration,current_week,-0.018051899210229427,0.011282437006393309,-0.04362542309138773,-0.040992854456562644,0.013538924407672015,2025H2
001211,2025-11-07,4,bull,macd_cross,shrinking_volume_acceleration,current_week,0.03366264178558365,-0.06952067325283573,0.06110501280643965,-0.07061836809366995,0.05671423344310278,2025H2
001211,2025-12-31,2,bull,none,pullback_holds,current_week,0.02798789712556715,0.05408472012102883,0.10816944024205744,-0.00302571860816947,0.06732223903177004,2025H2
001211,2026-01-05,0,bull,macd_stabilizing,two_day_acceleration,current_week,0.016716196136701278,0.06723625557206536,0.07503714710252596,-0.0208023774145617,0.07057949479940562,2026H1
001211,2026-01-06,1,bull,macd_stabilizing,pullback_holds,current_week,0.043592634347989545,0.08305148440435928,0.09582863585118373,-0.009394964299135666,0.08756106726794455,2026H1
001211,2026-01-07,2,bull,macd_stabilizing,shrinking_volume_acceleration,current_week,0.04542042042042049,0.11036036036036045,0.0990990990990992,-0.007507507507507505,0.11486486486486491,2026H1
001211,2026-01-08,3,bull,macd_stabilizing,shrinking_volume_acceleration,current_week,0.04888059701492531,0.12686567164179108,0.08843283582089545,-0.001865671641791078,0.15149253731343282,2026H1
001211,2026-01-09,4,bull,macd_stabilizing,two_day_acceleration,current_week,0.02387950036737707,0.1131520940484938,0.08559882439382815,-0.006612784717119791,0.13372520205731075,2026H1
001211,2026-01-13,1,bull,none,two_day_acceleration,current_week,0.037810586964350135,0.05221462009362621,0.06013683831472827,-0.0176449405833633,0.11127115592365855,2026H1
001211,2026-01-15,3,bull,none,shrinking_volume_acceleration,current_week,0.0743507648523658,0.01672002845962295,0.011028103877623652,-0.02312344361437202,0.09782995375311287,2026H1
001211,2026-02-24,1,bull,ma_bull,pullback_holds,current_week,-0.07809847198641762,-0.009168081494057678,-0.08760611205432933,-0.09473684210526312,0.008488964346349714,2026H1
001211,2026-02-25,2,bull,ma_bull,pullback_holds,current_week,-0.08567558415171017,-0.01625465628174738,-0.08804605485946504,-0.09718929901794793,0.002031832035218395,2026H1
001211,2026-03-10,1,bull,ma_bull,shrinking_volume_acceleration,current_week,-0.06031528444139811,-0.0791638108293351,-0.0318711446196025,-0.14359150102810136,0.013365318711446195,2026H1
001211,2026-04-30,3,bull,ma_bull,shrinking_volume_acceleration,current_week,0.2820205889394303,0.4548719176442422,0.06679435001197032,-0.01891309552310272,0.47522145080201095,2026H1
001211,2026-08-05,2,mid,none,two_day_acceleration,current_week,0.1593433124094641,0.09126026074360216,0.16368903911154042,-0.024142926122646013,0.21149203283437945,2026H2
001211,2026-08-11,1,mid,none,shrinking_volume_acceleration,current_week,0.0038494439692045024,0.026090675791274665,0.05774165953806687,-0.049187339606501235,0.07313943541488466,2026H2
003026,2025-03-05,2,bull,none,pullback_holds,current_week,-0.010312499999999947,-0.024062499999999987,-0.07218749999999996,-0.046875,0.012499999999999956,2025H1
003026,2025-03-06,3,bull,none,pullback_holds,current_week,-0.03749999999999998,-0.020937499999999942,-0.08406249999999993,-0.046875,0.001875000000000071,2025H1
003026,2025-08-08,4,bull,ma_bull,pullback_holds,current_week,0.02090395480226004,0.07288135593220346,-0.006214689265536699,-0.003389830508474523,0.08700564971751423,2025H2
003026,2025-08-12,1,bull,ma_bull,two_day_acceleration,current_week,0.035478547854785436,0.02695269526952715,-0.052530253025302454,-0.028052805280527893,0.06435643564356441,2025H2
003026,2025-08-15,4,bull,ma_bull,shrinking_volume_acceleration,current_week,0.04054794520547955,0.06849315068493156,-0.031232876712328772,-0.007945205479451989,0.09589041095890405,2025H2
003026,2025-08-19,1,bull,ma_bull,two_day_acceleration,current_week,-0.00426666666666653,-0.02053333333333318,-0.05493333333333339,-0.03199999999999992,0.06666666666666665,2025H2
003026,2025-10-13,0,bull,ma_bull,pullback_holds,current_week,-0.07577771869183736,-0.053443233182664085,-0.10768412656208448,-0.10927944695559688,0.006115394841797572,2025H2
003026,2025-10-27,0,bull,none,pullback_holds,current_week,-0.0014164305949009304,-0.04929178470254958,-0.15439093484419275,-0.09858356940509927,0.020679886685552207,2025H2
003026,2025-10-28,1,bull,none,pullback_holds,current_week,-0.034183244606332264,-0.05631829644158026,-0.15298402913981501,-0.10843373493975894,0.007284953768562863,2025H2
003026,2025-11-03,0,bull,none,pullback_holds,current_week,-0.04169046259280418,-0.08937749857224453,-0.1150770988006854,-0.09708737864077677,0.022272986864648736,2025H2
003026,2025-11-11,1,bull,none,pullback_holds,current_week,-0.048619447779111646,-0.09273709483793513,-0.07082833133253297,-0.11644657863145258,0.008103241296518737,2025H2
003026,2025-12-01,0,mid,none,two_day_acceleration,current_week,-0.007419354838709702,-0.022580645161290325,0.001612903225806539,-0.03903225806451616,0.015806451612903283,2025H2
003026,2025-12-08,0,bull,none,two_day_acceleration,current_week,-0.025096525096525157,-0.011583011583011671,0.02670527670527667,-0.0711068211068211,0.013191763191763295,2025H2
003026,2025-12-09,1,mid,none,pullback_holds,current_week,-0.04225806451612901,-0.01903225806451614,0.03967741935483882,-0.06870967741935485,0.008709677419354911,2025H2
003026,2025-12-23,1,bull,none,pullback_holds,current_week,0.015116661189615632,0.05915215248110428,0.12389089714097934,0.0,0.06276700624383835,2025H2
003026,2026-05-15,4,bull,ma_bull,shrinking_volume_acceleration,current_week,-0.03765690376569042,-0.08995815899581594,-0.3056485355648537,-0.09832635983263605,0.07928870292887025,2026H1
003026,2026-08-07,4,mid,none,shrinking_volume_acceleration,current_week,0.00476028561713715,-0.0003400204012240504,-0.06290377422645355,-0.020061203672220307,0.083985039102346,2026H2
003026,2026-08-31,0,bull,none,pullback_holds,current_week,-0.05083022704168083,-0.057946458827516145,,-0.10674347678752971,0.003388681802778626,2026H2
603657,2023-08-01,1,bull,ma_bull,pullback_holds,current_week,-0.06206088992974257,-0.07084309133489464,-0.06206088992974257,-0.0901639344262295,0.0,2023H2
603657,2023-08-02,2,bull,ma_bull,pullback_holds,current_week,-0.06796690307328612,-0.07742316784869974,-0.05023640661938544,-0.08156028368794332,0.0,2023H2
603657,2023-08-07,0,bull,ma_bull,shrinking_volume_acceleration,current_week,-0.017945544554455406,0.0024752475247524774,-0.016707920792079167,-0.04207920792079212,0.014851485148514865,2023H2
603657,2025-04-24,3,mid,none,pullback_holds,current_week,0.15832290362953705,0.6145181476846058,0.3817271589486859,-0.008135168961201589,0.8460575719649561,2025H1
603657,2025-06-16,0,bull,ma_bull,two_day_acceleration,current_week,-0.018100890207715103,-0.008902077151335397,-0.10059347181008904,-0.06231454005934722,0.11394658753709197,2025H1
603657,2025-06-27,4,bull,ma_bull,pullback_holds,current_week,-0.04136323914943185,-0.09699970870958341,-0.10573842120594235,-0.10573842120594235,0.060005825808330915,2025H1
603657,2025-07-07,0,bull,ma_bull,pullback_holds,current_week,-0.08123673840557744,-0.05274325553197945,-0.09154289178538955,-0.09427099120945748,0.10306153379812066,2025H2
603657,2025-07-08,1,bull,ma_bull,two_day_acceleration,current_week,-0.07551622418879056,-0.09174041297935098,-0.10766961651917395,-0.11858407079646016,0.03539823008849563,2025H2
603657,2025-07-09,2,bull,ma_bull,pullback_holds,current_week,-0.03916211293260463,-0.06587735276259865,-0.08409228901032173,-0.09289617486338797,0.050698239222829455,2025H2
603657,2025-08-05,1,bull,none,pullback_holds,current_week,0.07180675049635998,0.2806088682991399,0.28226340172071485,-0.029119788219722054,0.2806088682991399,2025H2
603657,2025-08-06,2,bull,none,pullback_holds,current_week,0.058004640371229765,0.39907192575406025,0.28007954922108036,-0.0275107722903547,0.4110043089161417,2025H2
603657,2025-08-07,3,bull,none,pullback_holds,current_week,0.07440774107440795,0.38471805138471815,0.34134134134134153,-0.02102102102102099,0.4741408074741409,2025H2
603657,2025-08-08,4,bull,none,pullback_holds,current_week,0.1091688654353562,0.46635883905013187,0.33773087071240115,-0.008245382585752026,0.48350923482849617,2025H2
603657,2025-08-14,3,bull,none,shrinking_volume_acceleration,current_week,0.29042288557213913,0.2997512437810945,0.32089552238805963,-0.010261194029850818,0.491915422885572,2025H2
603657,2026-01-05,0,bull,none,shrinking_volume_acceleration,current_week,0.024252491694352063,0.062126245847176076,-0.0647840531561461,-0.02458471760797354,0.08970099667774067,2026H1
603657,2026-01-09,4,bull,none,pullback_holds,current_week,-0.01606557377049178,0.012131147540983545,-0.05508196721311476,-0.022295081967213082,0.07540983606557372,2026H1
603657,2026-01-12,0,bull,none,pullback_holds,current_week,0.0369769704832954,-0.029841063898799924,-0.06325008108984764,-0.03276029841063899,0.06389879987025604,2026H1
603657,2026-01-14,2,bull,none,pullback_holds,current_week,0.018688524590164013,-0.05049180327868852,-0.045573770491803334,-0.05737704918032782,0.07540983606557372,2026H1
603657,2026-01-21,2,bull,none,shrinking_volume_acceleration,current_week,-0.08614704954244246,-0.10444935310823611,-0.07604922688545279,-0.1331650362890503,0.0034711265383402523,2026H1
603657,2026-01-22,3,bull,none,pullback_holds,current_week,-0.10096774193548386,-0.08451612903225814,-0.0667741935483871,-0.1138709677419355,0.01709677419354838,2026H1
603657,2026-01-23,4,bull,none,pullback_holds,current_week,-0.09645480677099982,-0.07952730756946669,-0.11306291919514544,-0.12264452251676794,0.0,2026H1
300498,2024-05-20,0,bull,ma_bull,two_day_acceleration,current_week,0.02336234539624371,-0.003664681630783373,-0.07558405863490614,-0.024278515803939582,0.030691708657810235,2024H1
300498,2024-05-27,0,mid,ma_bull,two_day_acceleration,current_week,-0.02815013404825728,-0.0464700625558534,-0.11885612153708669,-0.054066130473637064,0.003127792672028562,2024H1
300498,2024-05-29,2,mid,ma_bull,pullback_holds,current_week,-0.011839708561020124,-0.06876138433515488,-0.08925318761384338,-0.07923497267759572,0.010018214936247771,2024H1
300498,2024-06-04,1,mid,ma_bull,pullback_holds,current_week,-0.024657534246575463,-0.091324200913242,-0.08904109589041109,-0.09452054794520548,0.007762557077625409,2024H1
300498,2024-07-19,4,mid,macd_stabilizing,two_day_acceleration,current_week,-0.04720194647201936,-0.014598540145985384,-0.04963503649635037,-0.07493917274939166,0.010705596107055904,2024H2
603357,2023-06-20,1,mid,ma_bull,pullback_holds,current_week,-0.22564102564102562,-0.2534798534798536,-0.265934065934066,-0.26007326007326015,0.01172161172161168,2023H1
603357,2023-07-25,1,mid,none,two_day_acceleration,current_week,0.016175071360609028,-0.03615604186489052,-0.06565176022835395,-0.04091341579448138,0.07326355851569932,2023H2
603357,2023-09-18,0,mid,none,shrinking_volume_acceleration,current_week,-0.004210526315789331,-0.05157894736842106,-0.09473684210526323,-0.056842105263157805,0.025263157894736876,2023H2
688326,2025-05-23,4,bull,none,two_day_acceleration,current_week,0.09101298701298699,-0.007376623376623259,-0.06337662337662331,-0.08457142857142863,0.0992207792207791,2025H1
688326,2025-07-14,0,bull,none,two_day_acceleration,current_week,0.06113588359540034,0.13060314480168977,0.16967847923022772,-0.013729171555972752,0.13588359540014072,2025H2
688326,2025-07-15,1,bull,macd_stabilizing,two_day_acceleration,current_week,0.008944954128440319,0.08451834862385321,0.1433486238532109,-0.0074541284403670804,0.13394495412844032,2025H2
688326,2025-07-25,4,bull,macd_cross,shrinking_volume_acceleration,current_week,-0.015764806135492027,0.007775884107371178,0.15860673199829578,-0.036216446527481794,0.053259480187473285,2025H2
688326,2025-07-28,0,bull,none,two_day_acceleration,current_week,-0.03374297021453854,0.038117058946053106,0.13101437200583232,-0.05769631326806912,0.044469902103728476,2025H2
688326,2025-08-13,2,bull,ma_bull,two_day_acceleration,current_week,0.028724440116845162,0.1488802336903603,0.12171372930866609,-0.036708860759493644,0.24342745861733195,2025H2
688326,2025-08-15,4,bull,ma_bull,shrinking_volume_acceleration,current_week,0.07057086614173214,0.15738188976377954,0.12135826771653546,-0.0030511811023622437,0.25688976377952755,2025H2
688326,2025-08-28,3,bull,ma_bull,shrinking_volume_acceleration,current_week,-0.0969742063492064,-0.01951058201058198,0.03604497354497349,-0.11524470899470907,0.008597883597883493,2025H2
688326,2025-12-01,0,mid,none,pullback_holds,current_week,0.032254619245968286,-0.020719854747410005,0.21115027234860628,-0.04944996261881873,0.04015806899498031,2025H2
688326,2025-12-09,1,mid,none,pullback_holds,current_week,0.002343417128249037,0.18619514273540694,0.3428845334469537,-0.04345973583297824,0.3195568811248404,2025H2
688326,2025-12-26,4,bull,none,two_day_acceleration,current_week,0.15129942533664975,0.15961917831717964,0.26743288446693536,-0.05171970151814054,0.23749892786688398,2025H2
688326,2026-01-27,1,bull,ma_bull,shrinking_volume_acceleration,current_week,-0.05966843837003277,-0.13825613768666156,-0.19197671475575795,-0.1419893697798026,0.03568716780561898,2026H1
688326,2026-03-10,1,bull,ma_bull,shrinking_volume_acceleration,current_week,-0.02456579565013295,-0.09865435769050224,-0.0683774057268034,-0.12916601470818345,0.03575340322328269,2026H1
688326,2026-04-10,4,mid,none,shrinking_volume_acceleration,current_week,0.06683848797250858,0.009450171821305808,-0.20274914089347085,-0.0052405498281786755,0.07388316151202745,2026H1
688326,2026-04-14,1,mid,none,pullback_holds,current_week,-0.011221945137157019,-0.23358270989193675,-0.24056525353283453,-0.23890274314214455,0.03906899418121368,2026H1
688326,2026-05-25,0,bull,none,pullback_holds,current_week,-0.11013686911890497,-0.17023096663815218,-0.22144995722840033,-0.18840889649272874,0.01571856287425155,2026H1
002457,2024-02-23,4,bull,none,shrinking_volume_acceleration,current_week,0.03426395939086291,0.0076142131979695105,0.050761421319796884,-0.030456852791878042,0.10786802030456855,2024H1
002457,2024-02-26,0,bull,none,two_day_acceleration,current_week,0.03539823008849541,0.02402022756005051,0.03034134007585343,-0.03413400758533491,0.10366624525916568,2024H1
002457,2024-02-29,3,bull,none,shrinking_volume_acceleration,current_week,-0.008717310087173025,0.00498132004981322,-0.018679950186799466,-0.023661270236612686,0.03985056039850554,2024H1
002457,2024-12-03,1,bull,ma_bull,pullback_holds,current_week,0.05500381970970203,-0.05729564553093969,-0.11382734912146675,-0.059587471352177235,0.10771581359816662,2024H2
002457,2024-12-05,3,bull,ma_bull,pullback_holds,current_week,0.03117870722433458,-0.06311787072243347,-0.17718631178707223,-0.08288973384030418,0.10266159695817478,2024H2
002457,2025-02-10,0,mid,none,shrinking_volume_acceleration,current_week,-0.01882160392798693,-0.019639934533551617,-0.028641571194762627,-0.0556464811783961,0.016366612111292866,2025H1
002457,2025-02-17,0,bull,none,pullback_holds,current_week,-0.0008340283569641116,-0.03586321934945791,0.016680567139282676,-0.052543786488740696,0.008340283569641338,2025H1
002457,2025-03-04,1,mid,none,pullback_holds,current_week,0.04436860068259385,0.04180887372013653,0.029010238907849706,-0.017918088737201465,0.058873720136518815,2025H1
002457,2025-03-11,1,bull,none,two_day_acceleration,current_week,-0.0032653061224489077,-0.03510204081632651,-0.024489795918367308,-0.04816326530612247,0.013061224489795853,2025H1
002457,2025-03-14,4,bull,none,shrinking_volume_acceleration,current_week,0.0016611295681063787,0.005813953488371881,0.005813953488371881,-0.031561461794019974,0.04485049833887045,2025H1
002457,2025-03-17,0,bull,none,two_day_acceleration,current_week,-0.026960784313725505,-0.02287581699346397,-0.017156862745097978,-0.04738562091503273,0.02777777777777768,2025H1
002457,2025-03-27,3,mid,none,pullback_holds,current_week,-0.013104013104013101,-0.031122031122031157,-0.020475020475020478,-0.1416871416871417,0.02129402129402136,2025H1
002457,2025-03-28,4,mid,none,pullback_holds,current_week,-0.11356209150326801,-0.010620915032679812,-0.08905228758169936,-0.14379084967320255,0.018790849673202548,2025H1
002457,2025-04-22,1,mid,ma_bull,two_day_acceleration,current_week,-0.11875000000000013,-0.1015625,-0.08750000000000002,-0.13515624999999998,0.06640625,2025H1
002457,2025-04-23,2,mid,ma_bull,two_day_acceleration,current_week,-0.11199999999999999,-0.05039999999999989,-0.06720000000000004,-0.11439999999999995,0.0,2025H1
002457,2025-05-06,1,mid,none,shrinking_volume_acceleration,current_week,0.02824360105913515,0.0626654898499559,0.05119152691968232,-0.005295675198587868,0.09355692850838482,2025H1
002457,2025-05-07,2,bull,none,two_day_acceleration,current_week,0.014010507880910739,0.03677758318739044,0.04028021015761829,-0.008756567425569184,0.08493870402802117,2025H1
002457,2025-05-08,3,bull,none,two_day_acceleration,current_week,0.002557544757033181,-0.0059676044330776445,0.028132992327365658,-0.02898550724637683,0.05626598465473154,2025H1
002457,2025-05-15,3,bull,none,pullback_holds,current_week,-0.022632020117351215,0.0,-0.0025146689019278634,-0.04107292539815588,0.03855825649622813,2025H1
002457,2025-05-16,4,bull,none,pullback_holds,current_week,0.007765314926660993,0.036238136324417525,0.02674719585849883,-0.012942191544434878,0.0690250215703192,2025H1
002457,2025-05-21,2,bull,none,pullback_holds,current_week,0.011045029736618694,0.009345794392523477,0.030586236193713034,-0.028037383177570097,0.034834324553950635,2025H1
002457,2025-05-27,1,mid,none,two_day_acceleration,current_week,-0.005012531328320802,0.013366750208855471,0.049289891395154495,-0.014202172096908883,0.040100250626566414,2025H1
002457,2025-05-28,2,mid,none,pullback_holds,current_week,0.005076142131979822,0.017766497461928932,0.06683587140439928,-0.0016920473773265332,0.053299492385786795,2025H1
002457,2025-05-29,3,bull,none,shrinking_volume_acceleration,current_week,0.015151515151515138,0.0016835016835017313,0.062289562289562284,-0.005892255892255949,0.04797979797979801,2025H1
002457,2025-05-30,4,mid,none,two_day_acceleration,current_week,0.03952901597981495,0.000841042893187538,0.05298570227081578,-0.00925147182506314,0.047098402018503016,2025H1
002457,2025-08-18,0,bull,none,pullback_holds,current_week,0.011715481171548081,-0.018410041841004254,-0.03849372384937244,-0.029288702928870425,0.0334728033472802,2025H2
002457,2025-08-19,1,bull,none,pullback_holds,current_week,0.02183039462636449,-0.02518891687657432,-0.04030226700251893,-0.031905961376994196,0.03694374475230888,2025H2
002457,2025-08-20,2,bull,none,pullback_holds,current_week,-0.007499999999999951,-0.054166666666666696,-0.05166666666666664,-0.05666666666666664,0.029166666666666563,2025H2
002457,2025-08-21,3,bull,macd_stabilizing,two_day_acceleration,current_week,-0.020491803278688492,-0.06475409836065582,-0.06311475409836076,-0.07295081967213124,0.008196721311475308,2025H2
002457,2025-08-22,4,bull,macd_stabilizing,pullback_holds,current_week,-0.028169014084507005,-0.047224523612261815,-0.06628003314001663,-0.06379453189726592,0.0190555095277547,2025H2
002457,2025-08-26,1,bull,none,pullback_holds,current_week,-0.04444444444444451,-0.047736625514403275,-0.04279835390946496,-0.06995884773662553,0.0,2025H2
002457,2025-09-08,0,bull,none,pullback_holds,current_week,-0.01373390557939913,-0.009442060085836812,-0.050643776824034314,-0.03862660944205998,0.0034334763948498104,2025H2
002457,2025-09-09,1,bull,none,pullback_holds,current_week,-0.012100259291270565,0.005185825410544576,-0.039757994814174635,-0.03197925669835777,0.015557476231633505,2025H2
002457,2025-09-10,2,bull,none,pullback_holds,current_week,-0.01557093425605538,-0.0008650519031141446,-0.03460207612456745,-0.03114186851211065,0.016435986159169413,2025H2
002457,2025-09-11,3,bull,none,pullback_holds,current_week,-0.012953367875647714,-0.022452504317789224,-0.051813471502590636,-0.032815198618307395,0.014680483592400595,2025H2
002457,2025-09-12,4,bull,none,pullback_holds,current_week,-0.02761000862812768,-0.0345125107851596,-0.039689387402933485,-0.03796376186367556,0.01380500431406384,2025H2
002457,2025-09-23,1,mid,none,pullback_holds,current_week,-0.052855924978687185,-0.052855924978687185,0.01364023870417741,-0.06564364876385331,0.0008525149190110604,2025H2
002457,2025-09-24,2,bull,none,pullback_holds,current_week,-0.012195121951219523,-0.027874564459930307,0.013066202090592283,-0.04529616724738672,0.0008710801393727596,2025H2
002457,2025-10-10,4,bull,none,pullback_holds,current_week,-0.003629764065335661,0.11433756805807627,0.07531760435571688,-0.005444646098003547,0.11433756805807627,2025H2
002457,2025-10-20,0,mid,none,pullback_holds,current_week,0.10298102981029822,0.06594399277326102,0.074977416440831,-0.0009033423667569318,0.1517615176151761,2025H2
002457,2025-10-21,1,bull,none,pullback_holds,current_week,0.09740840035746223,0.06344950848972308,0.024128686327077764,-0.011617515638963294,0.13941018766756041,2025H2
002457,2025-10-22,2,bull,none,pullback_holds,current_week,0.06350626118067981,0.06440071556350624,0.0062611806797854275,-0.01073345259391767,0.14042933810375668,2025H2
002457,2025-10-23,3,bull,none,pullback_holds,current_week,0.0402504472271914,0.06708407871198574,0.009838998211091354,-0.0008944543828264262,0.14042933810375668,2025H2
002457,2026-06-16,1,bull,none,shrinking_volume_acceleration,current_week,-0.03860711582134746,-0.028009084027252107,-0.11430734292202871,-0.09916729750189257,0.04239212717638141,2026H1
300235,2023-04-03,0,bull,ma_bull,pullback_holds,current_week,0.0050441361916770955,0.09205548549810838,0.3839848675914248,-0.08196721311475419,0.14754098360655732,2023H1
300235,2023-07-14,4,mid,none,two_day_acceleration,current_week,-0.04440649017933407,-0.060631938514090544,-0.07002561912894967,-0.08112724167378316,0.01110162254483349,2023H2
300235,2023-08-01,1,bull,none,pullback_holds,current_week,0.07027027027027044,-0.027927927927927865,-0.04144144144144135,-0.037837837837837784,0.07927927927927936,2023H2
300235,2025-04-21,0,mid,none,shrinking_volume_acceleration,current_week,-0.007000000000000006,0.07400000000000007,0.04400000000000004,-0.025000000000000022,0.09000000000000008,2025H1
300235,2025-04-29,1,mid,none,pullback_holds,current_week,0.03238469087340534,0.023552502453385804,0.02158979391560356,-0.008832188420019649,0.07556427870461246,2025H1
300235,2025-04-30,2,mid,none,two_day_acceleration,current_week,0.022966507177033302,0.015311004784688942,0.006698564593301315,-0.014354066985646008,0.04880382775119618,2025H1
300235,2025-05-08,3,bull,none,shrinking_volume_acceleration,current_week,-0.029934518241346963,-0.023386342376052416,-0.00093545369504211,-0.03648269410664162,0.025257249766136747,2025H1
300235,2025-05-12,0,bull,none,shrinking_volume_acceleration,current_week,-0.016682113067655324,-0.022242817423540284,-0.009267840593141896,-0.05468025949953659,0.01575532900834098,2025H1
300235,2025-05-27,1,mid,none,pullback_holds,current_week,0.014340344168259911,0.03824091778202665,0.0497131931166348,-0.017208413001912226,0.053537284894837445,2025H1
300235,2025-05-30,4,mid,none,pullback_holds,current_week,0.047526673132880726,0.06595538312318139,0.06789524733268659,-0.0029097963142581396,0.07371483996120265,2025H1
300235,2025-08-25,0,bull,ma_bull,two_day_acceleration,current_week,-0.09090909090909094,-0.11495116453794152,-0.021788129226145814,-0.1510142749812171,0.029301277235161516,2025H2
300235,2025-09-16,1,bull,none,shrinking_volume_acceleration,current_week,0.0408483896307934,-0.010997643362136711,0.08248232521602517,-0.055773762765121804,0.050274941084053504,2025H2
300235,2025-09-23,1,mid,none,two_day_acceleration,current_week,-0.042585551330798554,-0.02205323193916353,0.24562737642585541,-0.12699619771863113,0.011406844106463865,2025H2
300235,2026-01-14,2,bull,ma_bull,shrinking_volume_acceleration,current_week,-0.13041034288926356,-0.14896008993816745,-0.15345699831365933,-0.1944912872400224,0.014052838673412005,2026H1
300235,2026-02-13,4,mid,none,pullback_holds,current_week,-0.06912751677852347,-0.12013422818791952,-0.19798657718120805,-0.13691275167785244,0.014765100671140896,2026H1
300235,2026-03-10,1,bull,none,two_day_acceleration,current_week,-0.040570999248685236,-0.06386175807663408,0.002253944402704766,-0.1074380165289256,0.006010518407212562,2026H1
300235,2026-04-21,1,bull,none,two_day_acceleration,current_week,-0.02689313517338998,-0.020523708421797626,-0.0721868365180468,-0.04953998584571839,0.033262561924982226,2026H1
301272,2025-10-21,1,bull,ma_bull,two_day_acceleration,current_week,-0.018394648829431537,-0.07274247491638808,-0.07253344481605362,-0.08235785953177266,0.020903010033444858,2025H2
301272,2025-10-24,4,bull,ma_bull,pullback_holds,current_week,-0.054338668913226695,-0.07750631844987366,-0.14637742207245164,-0.08213984835720312,0.023588879528222417,2025H2
301272,2025-11-18,1,mid,none,two_day_acceleration,current_week,-0.05993690851735023,-0.0585849481748536,-0.13812528165840476,-0.08697611536728256,0.009463722397476282,2025H2
301272,2025-12-08,0,bull,none,two_day_acceleration,current_week,-0.07571126263813777,-0.06277921467199632,-0.05149306371972717,-0.11356689395720665,0.04467434751939803,2025H2
301272,2025-12-25,3,bull,none,pullback_holds,current_week,0.026926877470355715,0.030879446640316166,0.05187747035573098,-0.01976284584980248,0.03754940711462451,2025H2
301272,2026-01-12,0,bull,none,two_day_acceleration,current_week,0.038083832335329415,0.019880239520958076,0.05988023952095811,-0.02035928143712573,0.06347305389221547,2026H1
301272,2026-01-15,3,bull,none,shrinking_volume_acceleration,current_week,0.020206766917293173,-0.03641917293233088,0.07330827067669166,-0.046522556390977576,0.043233082706766846,2026H1
301272,2026-01-19,0,bull,none,two_day_acceleration,current_week,-0.027409776153494825,-0.05481955230698943,0.016445865692096717,-0.07332115121059846,0.01416171767930563,2026H1
301272,2026-01-21,2,bull,none,shrinking_volume_acceleration,current_week,-0.05018331805682852,-0.025893675527039473,0.0437671860678277,-0.07034830430797434,0.001374885426214556,2026H1
301272,2026-02-03,1,mid,none,shrinking_volume_acceleration,current_week,0.030985915492957705,0.04107981220657275,0.03826291079812205,-0.010563380281690238,0.13239436619718314,2026H1
301272,2026-02-04,2,mid,none,pullback_holds,current_week,0.034580098800282455,0.07151258527405324,0.02211244413079294,-0.00823335685720994,0.13479181369089632,2026H1
301272,2026-02-05,3,mid,none,pullback_holds,current_week,0.06978922716627634,0.04988290398126449,0.07470725995316152,-0.0077283372365341,0.12974238875878208,2026H1
301272,2026-02-06,4,mid,none,shrinking_volume_acceleration,current_week,0.024833295010347145,-0.016325592090135732,0.002299379167624682,-0.020924350425385208,0.10922051046217529,2026H1
301272,2026-02-09,0,bull,none,two_day_acceleration,current_week,0.006787330316742057,-0.05882352941176472,-0.04932126696832573,-0.05882352941176472,0.0914027149321266,2026H1
603637,2023-11-08,2,mid,none,shrinking_volume_acceleration,current_week,0.01764705882352935,0.01764705882352935,0.0623529411764705,-0.008235294117647118,0.028235294117647136,2023H2
603637,2023-11-09,3,mid,macd_cross,shrinking_volume_acceleration,current_week,0.01525821596244148,0.021126760563380476,0.04694835680751175,-0.010563380281690127,0.025821596244131495,2023H2
603637,2023-11-10,4,mid,macd_cross,pullback_holds,current_week,0.012850467289719614,0.008177570093457875,0.032710280373831724,-0.004672897196261738,0.02102803738317749,2023H2
603637,2023-11-15,2,mid,none,shrinking_volume_acceleration,current_week,0.0,0.005780346820809301,0.06127167630057806,-0.017341040462427793,0.021965317919075078,2023H2
603637,2023-11-23,3,mid,none,pullback_holds,current_week,-0.0045977011494253706,0.025287356321838983,0.025287356321838983,-0.02298850574712652,0.08275862068965512,2023H2
603637,2024-01-04,3,mid,ma_bull,two_day_acceleration,current_week,-0.018538713195201728,-0.06434023991275895,-0.23118865866957472,-0.08942202835332613,0.008724100327153872,2024H1
603637,2025-04-01,1,mid,ma_bull,two_day_acceleration,current_week,-0.10791366906474831,-0.03083247687564239,0.019527235354573458,-0.1983556012332991,0.029804727646454143,2025H1
603637,2025-05-09,4,bull,macd_cross,two_day_acceleration,current_week,-0.020289855072463725,-0.05314009661835739,0.12657004830917873,-0.0541062801932366,0.01352657004830915,2025H1
603637,2025-05-13,1,bull,ma_bull,shrinking_volume_acceleration,current_week,-0.006730769230769207,-0.03076923076923077,0.09134615384615374,-0.06442307692307692,0.008653846153846123,2025H1
603637,2025-05-27,1,mid,ma_bull,two_day_acceleration,current_week,0.04170804369414105,0.12711022840119157,0.09533267130089373,-0.005958291956305928,0.1916583912611718,2025H1
603637,2025-05-28,2,mid,ma_bull,pullback_holds,current_week,0.05179282868525892,0.14541832669322696,0.08964143426294813,0.0,0.19521912350597592,2025H1
603637,2025-05-29,3,bull,ma_bull,two_day_acceleration,current_week,0.04514889529298749,0.05859750240153683,0.03458213256484144,-0.01344860710854956,0.1527377521613833,2025H1
603637,2025-06-06,4,bull,ma_bull,two_day_acceleration,current_week,0.014732965009208066,-0.09944751381215466,-0.02946593001841602,-0.09944751381215466,0.1049723756906078,2025H1
603637,2025-06-12,3,bull,ma_bull,shrinking_volume_acceleration,current_week,-0.1324675324675325,-0.05281385281385287,-0.06320346320346326,-0.1636363636363637,0.008658008658008587,2025H1
603637,2025-06-27,4,bull,ma_bull,pullback_holds,current_week,-0.032139577594123,-0.015610651974288348,0.030303030303030276,-0.03581267217630857,0.01469237832874204,2025H1
603637,2025-07-08,1,bull,ma_bull,pullback_holds,current_week,0.0196629213483146,0.05805243445692887,0.08426966292134841,-0.0074906367041198685,0.07677902621722854,2025H2
603637,2025-07-10,3,bull,ma_bull,pullback_holds,current_week,0.03899721448467974,0.033426183844011303,0.06499535747446616,-0.01578458681522743,0.06778087279480038,2025H2
603637,2025-07-11,4,bull,ma_bull,pullback_holds,current_week,0.04859813084112141,0.04859813084112141,0.08878504672897192,-0.0018691588785048063,0.0747663551401867,2025H2
603637,2025-07-16,2,bull,ma_bull,two_day_acceleration,current_week,-0.02214348981399472,0.023029229406554386,-0.00797165633303809,-0.025686448184233934,0.04074402125775012,2025H2
603637,2025-07-18,4,bull,ma_bull,shrinking_volume_acceleration,current_week,-0.009708737864077666,0.001765225066195919,-0.019417475728155442,-0.029126213592232997,0.03706972639011474,2025H2
603637,2025-08-01,4,bull,ma_bull,shrinking_volume_acceleration,current_week,0.022827041264266823,-0.024582967515364484,0.017559262510974394,-0.03248463564530302,0.04389815627743632,2025H2
603637,2025-08-04,0,bull,ma_bull,two_day_acceleration,current_week,-0.021331058020477855,-0.05460750853242324,0.018771331058020424,-0.060580204778157065,0.0025597269624573205,2025H2
603637,2025-08-07,3,bull,ma_bull,pullback_holds,current_week,-0.03661726242371399,-0.02964254577157799,0.006974716652136115,-0.047079337401918164,0.02441150828247607,2025H2
603637,2025-08-21,3,bull,ma_bull,pullback_holds,current_week,0.06317689530685922,0.042418772563177054,0.1344765342960288,-0.017148014440433124,0.10288808664259941,2025H2
603637,2025-08-25,0,bull,ma_bull,pullback_holds,current_week,0.07085201793721962,0.05470852017937222,0.14260089686098643,-0.021524663677130018,0.09596412556053813,2025H2
603637,2025-08-26,1,bull,ma_bull,pullback_holds,current_week,0.05964912280701751,0.0052631578947368585,0.08947368421052637,-0.0429824561403509,0.07192982456140351,2025H2
603637,2025-09-05,4,bull,ma_bull,shrinking_volume_acceleration,current_week,-0.03404255319148941,0.061276595744680806,0.019574468085106433,-0.04936170212765956,0.12765957446808507,2025H2
603637,2025-09-29,0,bull,ma_bull,shrinking_volume_acceleration,current_week,-0.08457321848081445,-0.09945184025058729,-0.13234142521534842,-0.11746280344557558,0.003915426781519349,2025H2
603637,2025-10-21,1,bull,ma_bull,two_day_acceleration,current_week,-0.010443864229764954,-0.035683202785030455,-0.023498694516971286,-0.07223672758920796,0.018276762402088753,2025H2
603637,2025-11-11,1,bull,none,pullback_holds,current_week,0.010810810810810922,-0.06846846846846844,-0.03063063063063065,-0.10270270270270254,0.04054054054054057,2025H2
603637,2025-11-12,2,bull,none,pullback_holds,current_week,-0.03063063063063065,-0.07747747747747746,-0.03963963963963957,-0.10270270270270254,0.04054054054054057,2025H2
603637,2025-11-13,3,bull,none,pullback_holds,current_week,-0.07047279214986624,-0.07225691347011598,-0.057983942908117814,-0.1115075825156111,0.011596788581623496,2025H2
603637,2025-11-14,4,bull,none,pullback_holds,current_week,-0.10803571428571435,-0.049107142857142905,-0.06428571428571439,-0.11071428571428577,0.004464285714285587,2025H2
603637,2025-12-08,0,bull,none,two_day_acceleration,current_week,-0.03758020164986253,-0.02383134738771764,0.0036663611365719273,-0.07424381301558203,0.018331805682859637,2025H2
603637,2025-12-23,1,bull,none,shrinking_volume_acceleration,current_week,-0.0009293680297397522,0.06877323420074344,0.12081784386617112,-0.010223048327137496,0.07806691449814118,2025H2
603637,2026-01-07,2,bull,none,pullback_holds,current_week,0.021778584392014633,0.07985480943738654,0.12522686025408358,-0.004537205081669549,0.08711433756805809,2026H1
603637,2026-01-19,0,bull,macd_cross,two_day_acceleration,current_week,0.13458262350936967,0.020442930153321992,0.14310051107325372,-0.013628620102214661,0.16098807495741063,2026H1
603637,2026-01-21,2,bull,macd_cross,two_day_acceleration,current_week,0.008417508417508435,0.04377104377104368,0.1077441077441077,-0.005892255892255949,0.14730639730639727,2026H1
603637,2026-01-22,3,bull,macd_cross,two_day_acceleration,current_week,0.014925373134328401,0.024046434494195523,0.08540630182421216,-0.016583747927031545,0.13018242122719736,2026H1
603637,2026-03-10,1,bull,ma_bull,pullback_holds,current_week,-0.07561728395061729,-0.11805555555555558,0.047839506172839386,-0.1820987654320988,0.0030864197530864335,2026H1
603637,2026-05-19,1,bull,ma_bull,pullback_holds,current_week,0.10132412204951047,0.14795624640184224,-0.04375359815774327,-0.009786989061600582,0.27518710420264836,2026H1
603637,2026-08-07,4,mid,none,shrinking_volume_acceleration,current_week,0.018853695324283493,-0.016591251885369473,0.10708898944193068,-0.04524886877828049,0.08823529411764697,2026H2
603637,2026-09-08,1,mid,none,pullback_holds,current_week,-0.018218623481781382,,,-0.08232118758434548,0.031039136302294157,2026H2
000695,2023-03-08,2,mid,ma_bull,shrinking_volume_acceleration,current_week,0.04786885245901651,-0.007868852459016362,-0.013770491803278606,-0.02622950819672132,0.10098360655737704,2023H1
000695,2023-03-27,0,mid,ma_bull,two_day_acceleration,current_week,-0.0006618133686300265,0.011912640635340921,-0.010589013898080646,-0.032428855062872186,0.07478491065519544,2023H1
000695,2023-03-30,3,mid,ma_bull,pullback_holds,current_week,-0.019659239842725995,-0.013106159895150626,-0.034731323722149376,-0.04193971166448218,0.026212319790301475,2023H1
000695,2023-03-31,4,bull,ma_bull,pullback_holds,current_week,-0.03481624758220503,-0.05996131528046422,-0.0541586073500967,-0.06060606060606055,0.0006447453255964408,2023H1
000695,2023-04-11,1,bull,ma_bull,shrinking_volume_acceleration,current_week,-0.035340314136125706,-0.0215968586387435,-0.08180628272251311,-0.05759162303664922,0.024214659685863893,2023H1
000695,2023-04-12,2,bull,ma_bull,pullback_holds,current_week,0.008643617021276473,-0.022606382978723416,-0.08111702127659581,-0.042553191489361764,0.04055851063829774,2023H1
000695,2023-04-13,3,bull,ma_bull,pullback_holds,current_week,0.01392572944297088,-0.023209549071617985,-0.051724137931034475,-0.0450928381962864,0.037798408488063595,2023H1
000695,2023-04-14,4,bull,ma_bull,pullback_holds,current_week,-0.01192052980132452,-0.024503311258278093,-0.04966887417218546,-0.04635761589403964,0.036423841059602724,2023H1
000695,2023-04-19,2,bull,ma_bull,two_day_acceleration,current_week,-0.03289473684210531,-0.10131578947368425,-0.03618421052631582,-0.14276315789473681,0.02960526315789469,2023H1
000695,2023-04-20,3,bull,ma_bull,pullback_holds,current_week,-0.03282994090610636,-0.09717662508207492,-0.045305318450426735,-0.144451739986868,0.022980958634274407,2023H1
000695,2023-07-14,4,mid,none,two_day_acceleration,current_week,-0.04322344322344318,-0.04981684981684975,-0.07326007326007322,-0.08205128205128198,0.0,2023H2
000695,2023-07-31,0,bull,none,shrinking_volume_acceleration,current_week,-0.02464525765496639,-0.06049290515309935,-0.07916355489171023,-0.06646751306945486,0.026885735623599638,2023H2
000695,2025-03-05,2,bull,macd_cross,pullback_holds,current_week,-0.032928942807625705,-0.06412478336221838,-0.1438474870017331,-0.07885615251299827,0.05979202772963599,2025H1
000695,2025-03-06,3,bull,macd_cross,pullback_holds,current_week,-0.09623430962343094,-0.1062761506276152,-0.1648535564853557,-0.1112970711297071,0.023430962343096162,2025H1
000695,2025-03-18,1,bull,none,two_day_acceleration,current_week,-0.06513761467889911,-0.08807339449541296,-0.11926605504587162,-0.12018348623853214,0.005504587155963359,2025H1
000695,2025-06-09,0,bull,ma_bull,shrinking_volume_acceleration,current_week,-0.18993710691823895,-0.11194968553459117,-0.1911949685534592,-0.24339622641509429,0.028930817610062887,2025H1
000695,2025-06-27,4,bull,ma_bull,pullback_holds,current_week,-0.046407185628742464,-0.0479041916167664,-0.08907185628742509,-0.06437125748502992,0.00823353293413187,2025H1
000695,2025-08-12,1,bull,none,pullback_holds,current_week,-0.009038619556285932,0.021364009860312283,0.07723911257189808,-0.02958093672966311,0.03533278553820862,2025H2
000695,2025-08-13,2,bull,none,pullback_holds,current_week,-0.004098360655737765,0.0016393442622950616,0.05573770491803276,-0.031967213114754145,0.032786885245901454,2025H2
000695,2025-08-15,4,bull,none,pullback_holds,current_week,0.01334445371142623,0.029190992493744794,0.05004170141784825,-0.021684737281067568,0.05087572977481236,2025H2
000695,2025-08-27,2,bull,none,pullback_holds,current_week,-0.0185185185185186,0.0370370370370372,-0.10305958132045079,-0.05555555555555547,0.08615136876006435,2025H2
000695,2025-10-09,3,bull,none,pullback_holds,current_week,-0.02659574468085102,-0.004432624113475114,-0.0035460992907800915,-0.0629432624113474,0.018617021276595924,2025H2
000695,2025-10-21,1,bull,none,pullback_holds,current_week,-0.00899280575539585,0.008992805755395628,0.4559352517985611,-0.04496402877697836,0.01618705035971213,2025H2
000695,2025-10-28,1,bull,none,pullback_holds,current_week,0.029357798165137616,0.14678899082568808,0.546788990825688,-0.025688073394495303,0.24403669724770638,2025H2
000695,2025-10-31,4,bull,none,two_day_acceleration,current_week,0.010695187165775222,0.29322638146167557,0.7156862745098038,-0.015151515151515138,0.31639928698752207,2025H2
000695,2026-01-05,0,bull,none,shrinking_volume_acceleration,current_week,-0.022627737226277422,-0.07299270072992703,-0.11897810218978111,-0.11386861313868613,0.04817518248175179,2026H1
000695,2026-01-08,3,bull,none,shrinking_volume_acceleration,current_week,-0.049891540130151846,-0.09978308026030358,-0.09616775126536514,-0.12219812002892261,0.005061460592914013,2026H1
000695,2026-02-06,4,mid,none,two_day_acceleration,current_week,-0.007031249999999933,0.012499999999999956,0.1953125,-0.026562499999999933,0.04531250000000009,2026H1
000695,2026-02-25,2,bull,none,two_day_acceleration,current_week,-0.06146926536731634,0.019490254872563728,-0.033733133433283324,-0.07346326836581707,0.04122938530734643,2026H1
000695,2026-04-17,4,mid,macd_cross,two_day_acceleration,current_week,-0.027188328912466808,0.05371352785145889,0.073607427055703,-0.051724137931034475,0.05835543766578244,2026H1
300662,2025-06-03,1,bull,none,pullback_holds,current_week,-0.09420772303595204,-0.09320905459387474,-0.03928095872170434,-0.1251664447403461,0.051930758988016024,2025H1
300662,2025-06-04,2,bull,none,pullback_holds,current_week,-0.09136378792930988,-0.09603201067022349,-0.04634878292764255,-0.12370790263421139,0.053684561520506824,2025H1
300662,2025-06-05,3,bull,none,pullback_holds,current_week,-0.09411764705882364,-0.1591503267973856,-0.050980392156862786,-0.17549019607843142,0.0,2025H1
300662,2025-07-11,4,bull,none,pullback_holds,current_week,0.09563409563409575,0.22487872487872496,0.19785169785169798,-0.018364518364518245,0.2494802494802495,2025H2
300662,2025-07-15,1,bull,none,two_day_acceleration,current_week,0.04919115219544401,0.13733905579399153,0.07362165731264447,0.0,0.19049191152195455,2025H2
300662,2025-09-11,3,bull,none,shrinking_volume_acceleration,current_week,-0.022858982614294976,-0.008048937540244716,-0.10528010302640056,-0.05634256278171279,0.017385705086928605,2025H2
300662,2025-09-19,4,mid,none,pullback_holds,current_week,-0.04057124310288862,-0.10938007140538786,-0.11392405063291144,-0.12138915936384298,0.02564102564102555,2025H2
300662,2025-09-22,0,mid,none,pullback_holds,current_week,-0.056183403293509904,-0.10849208911850183,-0.0652244107200518,-0.12592831772683244,0.02034226670971906,2025H2
300662,2025-09-23,1,mid,none,pullback_holds,current_week,-0.07342430149447698,-0.06595191682910984,-0.07764782326185837,-0.12053281351526968,0.026640675763482724,2025H2
300662,2025-10-29,2,bull,none,pullback_holds,current_week,-0.027882960413080804,-0.004819277108433773,-0.05163511187607572,-0.06643717728055076,0.03614457831325302,2025H2
300662,2025-10-30,3,bull,none,pullback_holds,current_week,0.002135231316725994,0.03736654804270456,-0.02953736654804273,-0.03487544483985772,0.07117437722419928,2025H2
300662,2025-11-10,0,bull,none,shrinking_volume_acceleration,current_week,-0.0037865748709121627,-0.054044750430292554,-0.07332185886402753,-0.09500860585197934,0.03614457831325302,2025H2
300662,2025-11-12,2,bull,none,pullback_holds,current_week,-0.01972318339100343,-0.04671280276816614,-0.14429065743944647,-0.09031141868512116,0.0186851211072665,2025H2
300662,2025-11-17,0,mid,none,pullback_holds,current_week,-0.039160839160839234,-0.028321678321678423,-0.14265734265734276,-0.08076923076923082,0.02657342657342654,2025H2
300662,2025-11-18,1,mid,none,pullback_holds,current_week,-0.01625172890733062,-0.048409405255878335,-0.13727524204702635,-0.09094052558782861,0.014868603042876849,2025H2
000665,2025-05-07,2,bull,none,shrinking_volume_acceleration,current_week,0.011695906432748648,-0.0038986354775827348,0.0721247563352827,-0.033138401559454134,0.058479532163742576,2025H1
000665,2025-05-27,1,mid,ma_bull,pullback_holds,current_week,-0.005964214711729698,0.09542743538767384,0.013916500994035852,-0.02385685884691846,0.20477137176938376,2025H1
000665,2025-06-04,2,bull,ma_bull,pullback_holds,current_week,0.08251473477406668,0.0,-0.003929273084479323,-0.005893909626718985,0.19056974459724962,2025H1
000665,2025-07-10,3,bull,ma_bull,shrinking_volume_acceleration,current_week,-0.005692599620493399,-0.017077798861480198,0.18406072106261862,-0.03984819734345346,0.009487666034155628,2025H2
000665,2025-08-07,3,bull,ma_bull,shrinking_volume_acceleration,current_week,-0.05339805825242705,-0.027508090614886682,-0.025889967637540368,-0.06472491909385103,0.017799352750809128,2025H2
000665,2025-09-23,1,mid,ma_bull,pullback_holds,current_week,0.04761904761904767,-0.00510204081632637,0.03571428571428581,-0.017006802721088343,0.10884353741496611,2025H2
000665,2025-12-22,0,bull,none,pullback_holds,current_week,-0.0036496350364964014,0.05109489051094873,0.02007299270072993,-0.01642335766423375,0.1332116788321167,2025H2
000665,2026-01-06,1,bull,none,shrinking_volume_acceleration,current_week,0.03253424657534243,-0.03082191780821908,-0.06335616438356162,-0.041095890410958735,0.07876712328767121,2026H1
000665,2026-01-09,4,bull,none,two_day_acceleration,current_week,-0.06229508196721323,-0.060655737704918056,-0.08196721311475408,-0.09016393442622961,0.032786885245901454,2026H1
000665,2026-02-09,0,bull,none,pullback_holds,current_week,-0.03169014084507038,-0.07570422535211263,-0.10035211267605626,-0.07746478873239426,0.045774647887323994,2026H1
000665,2026-02-12,3,bull,none,shrinking_volume_acceleration,current_week,-0.01610017889087656,-0.05008944543828253,-0.09481216457960628,-0.09123434704830047,0.01610017889087656,2026H1
688272,2025-03-17,0,bull,ma_bull,shrinking_volume_acceleration,current_week,-0.09584335279972511,-0.07763655101339739,-0.23394022672621084,-0.13088285812435585,0.019924424596358792,2025H1
688272,2025-04-01,1,mid,ma_bull,pullback_holds,current_week,-0.13807373965387515,-0.16290443942814148,-0.18434913468773517,-0.2475545522949587,0.032731376975169146,2025H1
688272,2025-06-04,2,bull,none,pullback_holds,current_week,0.01718532280538798,0.2935438922433813,0.1973989781699954,-0.019972131908964186,0.38690199721319085,2025H1
688272,2025-06-05,3,bull,none,two_day_acceleration,current_week,0.00875172731460161,0.24827268539843383,0.18562874251497008,-0.014739751266697354,0.37540304007369873,2025H1
688272,2025-06-13,4,bull,none,two_day_acceleration,current_week,0.08090474119182245,0.10830795998260112,0.08525445846019997,-0.006524575902566387,0.2988255763375378,2025H1
688272,2025-07-14,0,bull,none,pullback_holds,current_week,0.031200000000000117,0.10159999999999991,0.22120000000000006,-0.024800000000000044,0.15480000000000005,2025H2
688272,2025-07-15,1,bull,macd_cross,pullback_holds,current_week,0.011539992041385005,0.10982888977317962,0.1838440111420614,-0.029844807003581386,0.14882610425785914,2025H2
688272,2025-07-17,3,bull,macd_cross,pullback_holds,current_week,0.001980198019801982,0.04475247524752479,0.11168316831683178,-0.034455445544554486,0.1433663366336635,2025H2
688272,2025-07-18,4,bull,macd_cross,two_day_acceleration,current_week,0.024371373307543465,0.0259187620889747,0.1071566731141198,-0.05686653771760164,0.11682785299806575,2025H2
688272,2025-08-06,2,bull,ma_bull,shrinking_volume_acceleration,current_week,0.05259442287327909,0.08542181433109763,-0.13660430638898702,-0.01164842922696796,0.1648429226967878,2025H2
688272,2025-08-07,3,bull,ma_bull,two_day_acceleration,current_week,-0.0383693045563549,0.02843439534087011,-0.1565604659129839,-0.04076738609112718,0.13052415210688584,2025H2
688272,2025-08-08,4,bull,ma_bull,two_day_acceleration,current_week,-0.1327272727272727,-0.09636363636363632,-0.23848484848484852,-0.1515151515151515,0.0,2025H2
688272,2025-08-22,4,bull,ma_bull,pullback_holds,current_week,-0.08573342263898187,-0.15840589417280648,-0.17950435365036832,-0.18821165438713994,0.025787006028131332,2025H2
688272,2025-09-17,2,bull,none,pullback_holds,current_week,-0.014436207569254678,0.008583690987124637,-0.03784627389777595,-0.08700741318767058,0.03199375731564569,2025H2
688272,2025-10-13,0,bull,none,pullback_holds,current_week,-0.044111855061047645,-0.019692792437967732,-0.026388341866876774,-0.07758960220559274,0.0055139818826310805,2025H2
688272,2025-10-23,3,bull,none,pullback_holds,current_week,0.06685461135722925,0.014095851792186753,-0.010068465565847728,-0.020539669754329526,0.14458316552557382,2025H2
688272,2025-10-24,4,bull,none,pullback_holds,current_week,0.078031212484994,-0.012404961984794016,-0.06602641056422576,-0.019607843137254943,0.13725490196078427,2025H2
688272,2025-11-17,0,mid,none,two_day_acceleration,current_week,-0.02491103202846967,0.10873863187030453,0.10241202056148668,-0.08264136022143143,0.12218268090154205,2025H2
688272,2025-12-22,0,bull,ma_bull,pullback_holds,current_week,0.07782243332115457,0.1596638655462186,0.0639386189258313,0.0,0.2020460358056264,2025H2
688272,2025-12-25,3,bull,ma_bull,shrinking_volume_acceleration,current_week,0.019487179487179596,0.1285470085470084,-0.009230769230769265,-0.035213675213675244,0.16239316239316248,2025H2
688272,2026-02-12,3,bull,ma_bull,shrinking_volume_acceleration,current_week,-0.009663341645885226,0.11845386533665847,0.09102244389027447,-0.0707605985037405,0.13778054862842892,2026H1
688272,2026-04-22,2,bull,ma_bull,shrinking_volume_acceleration,current_week,-0.08957219251336901,-0.005347593582887722,-0.143270944741533,-0.09982174688057044,0.016042780748663166,2026H1
688272,2026-06-16,1,bull,none,shrinking_volume_acceleration,current_week,-0.10610583446404354,0.2610583446404342,-0.14464043419267303,-0.12483039348710989,0.28873812754409767,2026H1
688272,2026-08-05,2,mid,none,pullback_holds,current_week,0.08780136739834488,0.009355883411299004,0.06657070888808936,-0.008636200071968303,0.1464555595537964,2026H2
688272,2026-08-06,3,mid,none,two_day_acceleration,current_week,0.027874564459930307,-0.008710801393728262,0.006271777003484358,-0.04006968641114983,0.11010452961672468,2026H2
688272,2026-08-11,1,mid,none,two_day_acceleration,current_week,0.010501355013550207,-0.035230352303523005,-0.04878048780487798,-0.07994579945799452,0.0792682926829269,2026H2
688272,2026-08-12,2,mid,none,shrinking_volume_acceleration,current_week,-0.072420634920635,-0.056216931216931276,-0.07275132275132279,-0.10185185185185186,0.05357142857142838,2026H2
688272,2026-08-31,0,bull,none,two_day_acceleration,current_week,-0.04399323181049075,-0.07952622673434862,,-0.10050761421319798,0.08967851099830804,2026H2
300617,2025-05-08,3,bull,none,shrinking_volume_acceleration,current_week,-0.020148462354188768,-0.013432308236125845,0.06433368681512897,-0.02545068928950156,0.019794980558501374,2025H1
300617,2025-05-21,2,bull,none,pullback_holds,current_week,-0.03874603733709059,0.10355759070095116,0.02042972877773863,-0.057766819302571326,0.1588587530820711,2025H1
300617,2025-06-24,1,bull,none,pullback_holds,current_week,0.008086253369272267,0.05121293800539073,0.48517520215633425,-0.02088948787061984,0.10040431266846372,2025H1
300617,2025-06-25,2,bull,none,pullback_holds,current_week,0.011788480970023496,0.041764904008083414,0.29774334792859536,-0.02121926574604238,0.10003368137420021,2025H1
300617,2025-06-26,3,bull,none,pullback_holds,current_week,0.030510798765855274,0.05347960233116211,0.27939664038395606,-0.0037709976002742174,0.11964346931779235,2025H1
300617,2025-06-27,4,bull,none,pullback_holds,current_week,0.017064846416382284,0.04095563139931735,0.2430034129692833,-0.00546075085324238,0.11467576791808876,2025H1
300617,2025-06-30,0,bull,macd_cross,two_day_acceleration,current_week,0.05403602401601071,0.026684456304202797,0.20413609072715144,-0.011674449633088724,0.08939292861907955,2025H1
300617,2025-08-11,0,bull,ma_bull,pullback_holds,current_week,0.033074489502444626,0.03134886396318648,0.004026459591601972,-0.021857923497267895,0.09347138337647398,2025H2
300617,2025-08-15,4,bull,ma_bull,two_day_acceleration,current_week,0.02485875706214702,-0.03389830508474567,-0.013276836158192085,-0.05423728813559303,0.07401129943502838,2025H2
300617,2025-08-18,0,bull,ma_bull,pullback_holds,current_week,-0.006648199445983383,-0.03905817174515247,-0.026315789473684292,-0.07257617728531851,0.05318559556786706,2025H2
300617,2025-08-22,4,bull,ma_bull,shrinking_volume_acceleration,current_week,-0.05524861878453036,-0.04143646408839774,-0.035635359116022114,-0.08867403314917133,0.011602209944751252,2025H2
300617,2025-09-08,0,bull,ma_bull,pullback_holds,current_week,0.0065864833906070785,0.012313860252004538,0.15148911798396325,-0.017754868270332125,0.05927835051546393,2025H2
300617,2025-09-09,1,bull,ma_bull,two_day_acceleration,current_week,0.00505192253718767,-0.01824305360651135,0.15015436429974738,-0.037328094302554016,0.03817008139208533,2025H2
300617,2025-09-12,4,bull,ma_bull,pullback_holds,current_week,0.0017216642754662725,0.07288378766140591,0.02123385939741751,-0.015781922525107572,0.10444763271162127,2025H2
300617,2025-09-22,0,mid,none,pullback_holds,current_week,0.038450664404863,0.13683912920554153,-0.035906135142776296,-0.029403449250777425,0.17613797003109988,2025H2
300617,2025-09-23,1,mid,none,pullback_holds,current_week,0.05878962536023047,0.18097982708933724,0.0008645533141211637,-0.006340057636887608,0.19884726224783855,2025H2
300617,2025-09-24,2,bull,none,pullback_holds,current_week,0.0061332589908003055,0.06913855589629225,-0.06189015890716476,-0.00418176749372734,0.1597435182603848,2025H2
300617,2025-09-25,3,bull,none,two_day_acceleration,current_week,0.07613510520487266,0.001384274640088723,-0.05841638981173869,-0.011074197120708673,0.15171650055371,2025H2
300617,2025-11-04,1,bull,ma_bull,pullback_holds,current_week,0.06631455399061048,-0.022007042253521125,-0.08568075117370888,-0.030223004694835742,0.0938967136150235,2025H2
300617,2025-11-06,3,bull,ma_bull,pullback_holds,current_week,-0.014092290688035303,-0.11550151975683887,-0.14783089251174353,-0.11660679745786118,0.030118817352859928,2025H2
300617,2025-11-07,4,bull,ma_bull,shrinking_volume_acceleration,current_week,-0.05987055016181231,-0.17313915857605178,-0.1477885652642933,-0.1788025889967637,0.005393743257821049,2025H2
300617,2025-12-26,4,bull,none,two_day_acceleration,current_week,0.03342618384401108,0.1993190962550293,0.3584029712163417,-0.016403590219746245,0.28443206437635404,2025H2
300617,2026-01-07,2,bull,none,shrinking_volume_acceleration,current_week,0.2454734342534879,0.1769070940932027,0.40932027307806496,-0.004155535767289997,0.4517661027010984,2026H1
300617,2026-01-08,3,bull,none,shrinking_volume_acceleration,current_week,0.31210949122285037,0.17703064564117832,0.3189526926509967,-0.0017851829812556286,0.45522166022017263,2026H1
300617,2026-01-09,4,bull,none,shrinking_volume_acceleration,current_week,0.22941176470588243,0.2938235294117648,0.44147058823529406,-0.0026470588235293357,0.43852941176470606,2026H1
300617,2026-01-12,0,bull,none,two_day_acceleration,current_week,0.26315789473684204,0.26486486486486505,0.4173541963015648,-0.02987197724039825,0.3914651493598864,2026H1
300617,2026-04-10,4,mid,ma_bull,two_day_acceleration,current_week,0.04865424430641818,0.03657694962042779,0.18788819875776408,-0.03019323671497587,0.14182194616977228,2026H1
300617,2026-04-13,0,mid,none,two_day_acceleration,current_week,0.08599999999999985,0.0024999999999999467,0.07483333333333331,-0.05166666666666664,0.1030000000000002,2026H1
300617,2026-04-16,3,mid,none,shrinking_volume_acceleration,current_week,0.01695194206714956,-0.007241606319947302,0.09084924292297569,-0.039335088874259294,0.08920342330480602,2026H1
300617,2026-04-17,4,mid,none,two_day_acceleration,current_week,-0.0019933554817276322,0.09119601328903637,0.05083056478405301,-0.03039867109634553,0.15946843853820591,2026H1
300617,2026-04-22,2,bull,none,shrinking_volume_acceleration,current_week,-0.06296577946768067,-0.019771863117870714,0.008365019011406849,-0.11224334600760444,0.06159695817490496,2026H1
300617,2026-08-07,4,mid,none,pullback_holds,current_week,0.006260143751449121,-0.05564572223510311,-0.11245073035010433,-0.07419429631347096,0.056341293763041866,2026H2
300617,2026-08-31,0,bull,none,shrinking_volume_acceleration,current_week,-0.019280205655527016,-0.09125964010282772,,-0.10694087403598962,0.03676092544987153,2026H2
600622,2025-02-06,3,mid,none,pullback_holds,current_week,0.13504823151125422,0.09324758842443726,0.1736334405144695,-0.012861736334405016,0.167202572347267,2025H1
600622,2025-02-24,0,bull,none,pullback_holds,current_week,0.15088757396449703,0.0,-0.09467455621301768,-0.01183431952662728,0.2248520710059172,2025H1
600622,2025-02-25,1,bull,none,pullback_holds,current_week,0.07204610951008639,-0.043227665706051854,-0.11815561959654186,-0.05187319884726227,0.19308357348703153,2025H1
300124,2023-03-01,2,bull,ma_bull,shrinking_volume_acceleration,current_week,-0.027284946236559193,-0.05362903225806459,-0.06223118279569906,-0.05672043010752681,0.040322580645161255,2023H1
300124,2023-03-13,0,mid,ma_bull,pullback_holds,current_week,-0.0672268907563025,-0.03981264637002346,-0.03705744592919136,-0.07934977269596366,0.003995040639206415,2023H1
300124,2023-03-24,4,mid,ma_bull,pullback_holds,current_week,0.022545454545454424,0.005090909090909257,-0.11141818181818175,-0.010036363636363621,0.03854545454545466,2023H1
300124,2023-03-27,0,mid,none,pullback_holds,current_week,0.002129169623846794,-0.007806955287437911,-0.12760823278921218,-0.03392476933995747,0.013484740951029028,2023H1
300124,2023-03-30,3,mid,none,pullback_holds,current_week,-0.038180797304884884,-0.03832116788321149,-0.13250982594048277,-0.04533969679955063,0.001544076361594815,2023H1
300124,2023-03-31,4,bull,none,pullback_holds,current_week,-0.021523647691871983,-0.04106485414896632,-0.1510903426791277,-0.04658736901727567,0.007646559048428037,2023H1
300124,2023-04-10,0,bull,none,pullback_holds,current_week,-0.03464005702067008,-0.12915181753385607,-0.1895937277263008,-0.13328581610833923,0.014397719173200096,2023H1
300124,2023-04-11,1,bull,macd_stabilizing,pullback_holds,current_week,-0.06862464183381078,-0.11948424068767904,-0.19369627507163323,-0.13610315186246413,0.019484240687679177,2023H1
300124,2023-04-12,2,bull,macd_stabilizing,pullback_holds,current_week,-0.08629296819283983,-0.1290828697760661,-0.18142918271287978,-0.13992297817715016,0.006703751248038792,2023H1
300124,2023-11-08,2,mid,none,pullback_holds,current_week,-0.013109512390087952,-0.028617106314948182,-0.03996802557953638,-0.03101518784972035,0.010391686650679466,2023H2
300124,2025-05-14,2,bull,none,pullback_holds,current_week,-0.01461527439461252,-0.05702822753976222,-0.08726178535606821,-0.0637627167215934,0.004155323112193576,2025H1
300124,2025-05-29,3,bull,none,pullback_holds,current_week,-0.03883058470764622,-0.043628185907046535,-0.04317841079460272,-0.06071964017991016,0.008395802098950522,2025H1
300124,2025-06-24,1,bull,none,two_day_acceleration,current_week,0.0034374999999999822,-0.015156249999999982,0.011249999999999982,-0.027812500000000018,0.024375000000000036,2025H1
300124,2025-06-26,3,bull,none,pullback_holds,current_week,-0.012355094569859726,-0.045759609517998734,0.008236729713239743,-0.051403294691885204,0.0,2025H1
300124,2025-06-27,4,bull,none,pullback_holds,current_week,0.0017187499999999911,0.0,0.022031249999999947,-0.028281249999999925,0.018593749999999964,2025H1
300124,2025-06-30,0,bull,none,shrinking_volume_acceleration,current_week,-0.03379844961240308,-0.0018604651162791308,0.013953488372093092,-0.03581395348837202,0.010697674418604697,2025H1
300124,2025-07-03,3,bull,none,shrinking_volume_acceleration,current_week,-0.03157894736842093,0.008204334365325083,-0.01873065015479869,-0.037306501547987425,0.010835913312693624,2025H2
300124,2025-07-04,4,bull,none,pullback_holds,current_week,0.0026633244555851476,0.02130659564468118,-0.006579978066739711,-0.025693247689174248,0.03712987623374597,2025H2
300124,2025-07-17,3,bull,none,two_day_acceleration,current_week,0.009468540012217419,-0.03191814294441053,0.01618814905314614,-0.03359804520464271,0.015424557116676674,2025H2
300124,2025-07-24,3,bull,none,two_day_acceleration,current_week,-0.03677252697158484,-0.004710530314541939,0.037836195107126436,-0.044522109101960194,0.010484728764625473,2025H2
300124,2025-08-04,0,bull,macd_stabilizing,pullback_holds,current_week,0.010958481247105967,0.04645778669547762,0.1714770797962648,-0.004784688995215336,0.05695323352369197,2025H2
300124,2025-08-05,1,bull,macd_stabilizing,pullback_holds,current_week,0.006153846153846176,0.0476923076923077,0.15230769230769248,-0.007999999999999896,0.06830769230769218,2025H2
300124,2025-08-06,2,bull,macd_stabilizing,two_day_acceleration,current_week,0.00030303030303024947,0.04363636363636347,0.10712121212121217,-0.023030303030302957,0.05212121212121201,2025H2
300124,2025-08-08,4,bull,macd_stabilizing,pullback_holds,current_week,0.04370737755734666,0.08028518288902675,0.13685678859268458,0.0,0.08477991320520761,2025H2
300124,2025-08-11,0,bull,none,pullback_holds,current_week,0.03464062261559575,0.09644437662139493,0.2514878681519914,-0.00991912101327641,0.09995421944147709,2025H2
300124,2025-08-15,4,bull,none,shrinking_volume_acceleration,current_week,0.031217635744932748,0.11007545494895687,0.17887261429205514,-0.012279923065542264,0.1297529220298861,2025H2
300124,2025-08-20,2,bull,macd_cross,shrinking_volume_acceleration,current_week,0.04263005780346818,0.05592485549132964,0.21459537572254317,-0.020231213872832443,0.12254335260115612,2025H2
300124,2025-08-25,0,bull,none,two_day_acceleration,current_week,0.054166666666666696,0.13902777777777775,0.13597222222222238,-0.029305555555555585,0.18680555555555567,2025H2
300124,2025-08-28,3,bull,ma_bull,shrinking_volume_acceleration,current_week,-0.047733333333333294,0.07600000000000007,0.14546666666666663,-0.06813333333333338,0.1393333333333333,2025H2
300124,2025-09-10,2,bull,ma_bull,shrinking_volume_acceleration,current_week,0.06392405063291129,0.09278481012658224,0.022531645569620284,-0.014050632911392413,0.10734177215189877,2025H2
300124,2025-09-11,3,bull,ma_bull,shrinking_volume_acceleration,current_week,0.015490533562822817,0.05618391935087286,-0.046102778460781924,-0.024465207769854835,0.10216375706909275,2025H2
300124,2025-09-19,4,mid,ma_bull,pullback_holds,current_week,-0.001958384332925278,-0.0023255813953487747,-0.04198286413708696,-0.023255813953488413,0.11383108935128505,2025H2
300124,2025-09-29,0,bull,ma_bull,shrinking_volume_acceleration,current_week,-0.046959662853702455,-0.04370860927152309,-0.11992775436484038,-0.06718844069837449,0.0957254665863938,2025H2
300124,2025-12-01,0,mid,none,pullback_holds,current_week,0.03148509334076355,-0.00027862914460852206,0.02326553357481198,-0.023822791864028914,0.05154639175257736,2025H2
300124,2025-12-08,0,bull,none,two_day_acceleration,current_week,-0.030270270270270183,-0.017297297297297343,0.0544594594594594,-0.054324324324324325,0.020000000000000018,2025H2
300124,2025-12-22,0,bull,none,pullback_holds,current_week,0.008236101578586119,0.07110501029512695,0.09924502402196289,-0.015374056280027526,0.08853809196980089,2025H2
300124,2025-12-23,1,bull,none,pullback_holds,current_week,0.05635359116022087,0.07154696132596672,0.09281767955801112,-0.009254143646408863,0.09530386740331487,2025H2
300124,2025-12-24,2,bull,none,pullback_holds,current_week,0.03903448275862065,0.08000000000000007,0.0948965517241378,0.0,0.09379310344827574,2025H2
300124,2026-01-12,0,bull,macd_cross,two_day_acceleration,current_week,-0.006805246226181727,-0.04479089334323194,-0.04912150457807474,-0.047141796585003726,0.021900519673348162,2026H1
300124,2026-02-02,0,mid,none,shrinking_volume_acceleration,current_week,0.01774599390809173,-0.015362203681631548,-0.05919745729042514,-0.028075751556085327,0.040789299430538994,2026H1
300124,2026-02-09,0,bull,macd_stabilizing,two_day_acceleration,current_week,-0.03190104166666652,-0.10143229166666656,-0.07291666666666663,-0.10143229166666656,0.023307291666666785,2026H1
300124,2026-02-12,3,bull,none,pullback_holds,current_week,-0.03417218543046352,-0.05337748344370863,-0.08940397350993379,-0.10437086092715231,0.021324503311258347,2026H1
300124,2026-03-13,4,mid,none,two_day_acceleration,current_week,-0.038461538461538436,-0.0413986013986013,-0.054545454545454675,-0.09090909090909094,0.013706293706293726,2026H1
688559,2025-11-20,3,mid,ma_bull,shrinking_volume_acceleration,current_week,-0.12884503772489841,-0.14103308183401042,-0.1721803056684078,-0.15070613271425803,0.020700328883729968,2025H2
688559,2026-01-08,3,bull,ma_bull,two_day_acceleration,current_week,0.12909090909090915,0.14363636363636356,0.015272727272727327,-0.018181818181818188,0.18436363636363629,2026H1
688559,2026-02-09,0,bull,ma_bull,two_day_acceleration,current_week,-0.0056994818652849055,-0.0347150259067357,0.0031088082901553626,-0.049740932642487024,0.11398963730569944,2026H1
688559,2026-03-11,2,bull,none,pullback_holds,current_week,-0.01324845147969722,-0.13265657260839647,-0.09101858224363402,-0.1816930488644185,0.18616655196145881,2026H1
688559,2026-03-12,3,bull,ma_bull,two_day_acceleration,current_week,-0.0681431005110732,-0.1374787052810903,-0.05962521294718914,-0.18977853492333896,0.17444633730834735,2026H1
688559,2026-03-13,4,mid,none,pullback_holds,current_week,-0.08901613742842274,-0.0907513447857019,-0.0310602116952976,-0.17473538087801488,0.19625195210827684,2026H1
688559,2026-04-09,3,mid,none,pullback_holds,current_week,0.05292687488311221,0.06788853562745478,0.2262951187581823,-0.008789975687301221,0.12567795025247808,2026H1
688559,2026-04-14,1,mid,none,shrinking_volume_acceleration,current_week,0.03727144866385368,0.02777777777777768,0.14222925457102664,-0.026547116736990173,0.06715893108298165,2026H1
688559,2026-04-16,3,mid,none,shrinking_volume_acceleration,current_week,0.014209591474245054,0.04103019538188257,0.1685612788632327,-0.014031971580817149,0.11882770870337467,2026H1
688559,2026-04-27,0,bull,ma_bull,two_day_acceleration,current_week,0.09683893627696949,0.11724368623515624,0.15838769024920563,-0.03311590566984446,0.13764843619334322,2026H1
688559,2026-04-28,1,bull,ma_bull,pullback_holds,current_week,0.08749575263336751,0.10380564050288821,0.07934080869860693,-0.01783893985728846,0.15562351342167857,2026H1
688559,2026-04-30,3,bull,ma_bull,pullback_holds,current_week,0.09538924156364859,0.09906448379552302,0.006348145673237493,-0.009856331440026622,0.13631807550952213,2026H1
688559,2026-05-18,0,bull,ma_bull,shrinking_volume_acceleration,current_week,0.07872696817420444,-0.0683721638495508,0.02451652200395915,-0.07096086493071418,0.14176945332724222,2026H1
688559,2026-05-19,1,bull,ma_bull,pullback_holds,current_week,0.03984674329501914,-0.07678160919540222,0.10390804597701142,-0.10911877394636016,0.1491187739463602,2026H1
688559,2026-05-20,2,bull,ma_bull,pullback_holds,current_week,0.003993492086969308,-0.11344475669279697,0.0797219346250555,-0.14021594438692497,0.10900754326283102,2026H1
688559,2026-05-21,3,mid,ma_bull,two_day_acceleration,current_week,0.015095998827495238,-0.09893008940348824,0.14172651326396024,-0.14802872636670084,0.06697933460354677,2026H1
688559,2026-05-22,4,mid,ma_bull,shrinking_volume_acceleration,current_week,-0.1007784854918613,-0.030997876857749462,0.0847841472045292,-0.17721160651096957,0.04317055909412604,2026H1
688559,2026-08-07,4,mid,none,two_day_acceleration,current_week,0.011546391752577323,0.0843298969072166,0.10288659793814436,-0.04845360824742273,0.18969072164948453,2026H2
688559,2026-08-20,3,mid,none,shrinking_volume_acceleration,current_week,0.05879038317054852,0.04282494365138989,,-0.04489105935386928,0.15514650638617566,2026H2
688328,2024-02-27,1,bull,none,shrinking_volume_acceleration,current_week,-0.14660831509846828,-0.07439824945295404,-0.15273522975929987,-0.17855579868708982,0.023194748358861927,2024H1
688328,2024-03-18,0,bull,none,shrinking_volume_acceleration,current_week,-0.08186046511627898,-0.10558139534883715,-0.31162790697674414,-0.1748837209302324,0.09069767441860455,2024H1
688328,2025-08-18,0,bull,ma_bull,two_day_acceleration,current_week,0.01779095626389915,-0.040400296515937684,-0.017420311341734607,-0.050037064492216454,0.17086730911786496,2025H2
688328,2025-08-19,1,bull,ma_bull,pullback_holds,current_week,-0.004722121322193962,-0.08499818379949142,-0.031238648746821585,-0.10170722847802405,0.1474754812931347,2025H2
688328,2025-09-10,2,bull,ma_bull,pullback_holds,current_week,0.020879940343027537,0.08575689783743479,0.02460850111856816,-0.023117076808352066,0.10663683818046232,2025H2
688328,2025-09-11,3,bull,ma_bull,shrinking_volume_acceleration,current_week,0.023349142648668497,0.10178766873403866,-0.05472455308281654,-0.041590660342940566,0.17913170375775267,2025H2
688328,2025-09-23,1,mid,ma_bull,two_day_acceleration,current_week,0.06334519572953723,0.012099644128113818,-0.005693950177935947,-0.0637010676156583,0.1501779359430604,2025H2
688328,2025-10-13,0,bull,ma_bull,shrinking_volume_acceleration,current_week,-0.05480905233380484,0.019094766619519143,-0.06753889674681757,-0.08769448373408772,0.045968882602545946,2025H2
688328,2025-10-23,3,bull,ma_bull,pullback_holds,current_week,-0.031228070175438605,-0.04842105263157892,-0.09824561403508769,-0.07614035087719295,0.037894736842105425,2025H2
688328,2025-11-17,0,mid,none,pullback_holds,current_week,-0.05572289156626509,0.0003765060240963347,-0.06475903614457845,-0.08960843373493987,0.009036144578313143,2025H2
688328,2025-11-18,1,mid,none,pullback_holds,current_week,-0.0350414468726451,-0.0252449133383571,-0.08590806330067813,-0.08892238131122832,0.009796533534287999,2025H2
688328,2025-12-08,0,bull,none,two_day_acceleration,current_week,-0.04754601226993871,0.01840490797546024,0.28144171779141103,-0.0812883435582823,0.04256134969325154,2025H2
688328,2025-12-22,0,bull,none,shrinking_volume_acceleration,current_week,0.07398932112890932,0.27459954233409634,0.30739893211289093,0.0,0.3272311212814647,2025H2
688328,2025-12-24,2,bull,none,shrinking_volume_acceleration,current_week,0.07476979742173095,0.17053406998158382,0.2825046040515653,-0.0051565377532228895,0.28176795580110503,2025H2
688328,2025-12-26,4,bull,none,two_day_acceleration,current_week,0.08980755523877404,0.08410548823948671,0.21382751247327159,-0.008553100498930988,0.24019957234497502,2025H2
688328,2025-12-30,1,bull,none,two_day_acceleration,current_week,0.0907209382545704,0.057261124525698426,0.08658157985512238,-0.01069334253190768,0.20041393583994482,2025H2
688328,2026-01-05,0,bull,none,two_day_acceleration,current_week,0.056921522398113655,0.11653755473223293,0.057595149882115226,-0.006399461098012815,0.17211182216234433,2026H1
688328,2026-01-06,1,bull,macd_cross,two_day_acceleration,current_week,-0.021235521235521193,0.06692406692406694,0.08655083655083651,-0.03667953667953672,0.11969111969111967,2026H1
688328,2026-01-09,4,bull,macd_cross,shrinking_volume_acceleration,current_week,0.011635220125786105,0.09496855345911959,0.027358490566037785,-0.058490566037735836,0.10377358490566047,2026H1
688328,2026-01-21,2,bull,ma_bull,shrinking_volume_acceleration,current_week,-0.05971428571428561,-0.06228571428571428,-0.016000000000000014,-0.1171428571428571,0.0028571428571428914,2026H1
688328,2026-02-04,2,mid,ma_bull,pullback_holds,current_week,-0.005182926829268131,0.050000000000000044,0.3884146341463415,-0.02591463414634143,0.06707317073170738,2026H1
688328,2026-04-14,1,mid,ma_bull,two_day_acceleration,current_week,-0.0014354066985646785,0.1808612440191386,0.5669856459330143,-0.046172248803827864,0.23636363636363633,2026H1
688328,2026-04-16,3,mid,ma_bull,shrinking_volume_acceleration,current_week,0.023082650781831804,0.3447505584512287,0.8453710598163318,-0.01042442293373047,0.4517249937949863,2026H1
688328,2026-05-13,2,bull,ma_bull,shrinking_volume_acceleration,current_week,0.14716071697544808,0.031028769392980937,0.013405633378520854,-0.04925440578400353,0.19867449917156188,2026H1
688328,2026-05-22,4,mid,ma_bull,pullback_holds,current_week,0.13322748267898388,-0.002309468822170868,0.18114896073902997,-0.0366628175519631,0.22113163972286376,2026H1
688328,2026-05-25,0,bull,ma_bull,shrinking_volume_acceleration,current_week,0.05150825270347181,-0.10045532157085946,0.1226522481502561,-0.11354581673306763,0.2037564029595904,2026H1
688328,2026-06-18,3,bull,ma_bull,shrinking_volume_acceleration,current_week,0.10056214865708957,0.029356652092442426,-0.04309806371018099,-0.06308557151780136,0.28669581511555275,2026H1
688328,2026-06-24,2,bull,ma_bull,shrinking_volume_acceleration,current_week,0.15013984235952194,0.0808543096872616,0.04068141367912537,-0.04843630816170852,0.30943300279684727,2026H1
688282,2025-05-15,3,bull,ma_bull,pullback_holds,current_week,-0.0386816205081254,-0.04715037766079189,-0.06614785992217886,-0.07919432364385426,0.01991302357518898,2025H1
688282,2025-06-05,3,bull,none,two_day_acceleration,current_week,-0.022501814662472808,0.01524316477135268,0.09412049358819252,-0.03169610452455829,0.01959835470602478,2025H1
688282,2025-06-06,4,bull,none,pullback_holds,current_week,-0.005120702267739419,0.002926115581565636,0.08241892221409408,-0.024140453547915053,0.0331626432577421,2025H1
688282,2025-06-16,0,bull,none,pullback_holds,current_week,0.00919206579583931,0.1523947750362844,0.19932268988872748,-0.022738268021286978,0.19666182873730031,2025H1
688282,2025-06-18,2,bull,none,pullback_holds,current_week,0.1516922327733139,0.110056001947894,0.19284149013878737,-0.01631361090820549,0.2045288531775018,2025H1
688282,2025-06-20,4,mid,none,pullback_holds,current_week,0.19887337741856492,0.08719079108498651,0.2365907421013962,-0.006857702669605503,0.2116091109478324,2025H1
688282,2025-07-09,2,bull,ma_bull,shrinking_volume_acceleration,current_week,0.018503118503118587,0.0020790020790020236,0.1251559251559251,-0.024740124740124658,0.07047817047817051,2025H2
688282,2025-08-01,4,bull,ma_bull,two_day_acceleration,current_week,0.055375253549695636,0.010953346855983703,-0.01196754563894531,-0.022109533468559928,0.14097363083164294,2025H2
688282,2025-08-25,0,bull,ma_bull,two_day_acceleration,current_week,-0.02511048613901168,-0.09240658899156295,-0.1132985134592206,-0.16633186018481316,0.008035355564483648,2025H2
688282,2025-08-26,1,bull,ma_bull,pullback_holds,current_week,-0.0642799023596421,-0.10577705451586661,-0.0978437754271766,-0.15581773799837273,0.007119609438567931,2025H2
688282,2025-11-14,4,bull,ma_bull,pullback_holds,current_week,-0.07148437500000004,0.07675781249999991,0.15214843749999996,-0.07988281250000007,0.11289062499999991,2025H2
688282,2025-12-30,1,bull,ma_bull,two_day_acceleration,current_week,0.12903225806451624,0.32887096774193547,0.09903225806451621,-0.05403225806451617,0.5483870967741935,2025H2
688282,2026-01-16,4,bull,ma_bull,shrinking_volume_acceleration,current_week,-0.027283950617283836,-0.13765432098765418,-0.0444444444444444,-0.16654320987654314,0.036790123456790225,2026H1
688282,2026-02-05,3,mid,ma_bull,two_day_acceleration,current_week,0.02575695300726144,0.06384436224140311,0.046033703247020386,-0.03411426222770231,0.08329908206603664,2026H1
688282,2026-02-06,4,mid,ma_bull,pullback_holds,current_week,0.050916496945010215,0.11283095723014269,0.04412763068567549,-0.04276985743380868,0.12640868974881192,2026H1
688282,2026-02-10,1,bull,ma_bull,shrinking_volume_acceleration,current_week,0.03789216352030422,0.09126714654352863,-0.015890262121417753,-0.03843542034496805,0.12671465435284546,2026H1
688282,2026-03-04,2,mid,ma_bull,shrinking_volume_acceleration,current_week,-0.03329223181257712,-0.10653514180024659,-0.12120838471023443,-0.11467324290998782,0.05893958076448813,2026H1
600749,2023-03-02,3,bull,none,pullback_holds,current_week,-0.009053497942386746,-0.07818930041152261,0.04444444444444429,-0.08148148148148149,0.02716049382716057,2023H1
600749,2023-03-03,4,bull,none,pullback_holds,current_week,-0.035361842105263164,-0.06578947368421062,0.042763157894736725,-0.08223684210526316,0.026315789473684292,2023H1
600749,2023-03-06,0,bull,none,two_day_acceleration,current_week,-0.03709677419354851,-0.06451612903225812,0.03548387096774186,-0.09999999999999998,0.004838709677419395,2023H1
600749,2023-03-07,1,bull,none,pullback_holds,current_week,-0.05805396565821752,-0.004088307440719641,0.040065412919051635,-0.08748977923139822,0.017170891251022002,2023H1
600749,2023-03-08,2,mid,none,shrinking_volume_acceleration,current_week,-0.07010475423045925,-0.015310233682514052,0.011281224818694646,-0.10072522159548747,0.0008058017727639033,2023H1
600749,2023-03-20,0,mid,none,two_day_acceleration,current_week,0.07241379310344831,0.10689655172413803,0.21293103448275863,-0.005172413793103292,0.11896551724137927,2023H1
600749,2023-03-24,4,mid,macd_stabilizing,two_day_acceleration,current_week,0.025889967637540368,0.055016181229773586,0.11084142394822005,-0.004854368932038722,0.06553398058252435,2023H1
600749,2023-04-03,0,bull,none,two_day_acceleration,current_week,0.04703161141094836,0.084811102544333,-0.0431765612952969,-0.037008481110254454,0.23515805705474158,2023H1
600749,2023-04-10,0,bull,ma_bull,two_day_acceleration,current_week,0.09885931558935357,0.04410646387832706,-0.09201520912547534,-0.011406844106463865,0.21825095057034205,2023H1
600749,2023-07-03,0,mid,macd_cross,two_day_acceleration,current_week,-0.0125925925925926,-0.015555555555555434,0.03703703703703698,-0.04370370370370369,0.023703703703703782,2023H2
600749,2023-07-28,4,bull,ma_bull,shrinking_volume_acceleration,current_week,-0.03592375366568912,-0.03445747800586518,-0.12683284457478006,-0.05278592375366575,0.02639296187683282,2023H2
600749,2023-07-31,0,bull,ma_bull,two_day_acceleration,current_week,-0.04899135446685876,-0.021613832853025983,-0.12824207492795392,-0.0691642651296831,0.008645533141210304,2023H2
600749,2023-09-04,0,mid,none,two_day_acceleration,current_week,0.027928626842513626,0.030256012412723132,-0.11792086889061282,-0.019394879751745586,0.03878975950349117,2023H2
600749,2023-09-06,2,mid,none,shrinking_volume_acceleration,current_week,0.013986013986013957,-0.04584304584304588,-0.11421911421911424,-0.04662004662004671,0.04040404040404044,2023H2
600749,2023-09-11,0,mid,none,two_day_acceleration,current_week,0.0037792894935753107,-0.0831443688586545,-0.15495086923658352,-0.08919123204837487,0.012093726379440728,2023H2
600749,2023-09-18,0,mid,none,two_day_acceleration,current_week,-0.08175624526873582,-0.1392884178652536,-0.16351249053747163,-0.14231642694928093,0.0030280090840271168,2023H2
600749,2023-09-19,1,mid,none,pullback_holds,current_week,-0.06816421378776139,-0.12703330751355546,-0.12083656080557714,-0.13245546088303628,0.0,2023H2
600749,2025-06-09,0,bull,macd_cross,two_day_acceleration,current_week,-0.013536379018612488,-0.019458544839255576,0.006768189509306355,-0.04483925549915391,0.010998307952622799,2025H1
600749,2025-06-11,2,bull,macd_cross,shrinking_volume_acceleration,current_week,-0.020425531914893602,0.005106382978723456,0.01106382978723408,-0.039148936170212645,0.017021276595744705,2025H1
600749,2025-06-24,1,bull,none,two_day_acceleration,current_week,0.0016835016835017313,0.0008417508417508657,0.218013468013468,-0.014309764309764272,0.021043771043770976,2025H1
600749,2025-10-15,2,bull,none,pullback_holds,current_week,0.0129799891833422,0.010275824770145991,-0.020551649540292205,-0.03461330448891298,0.049215792320173035,2025H2
600749,2025-10-24,4,bull,none,pullback_holds,current_week,0.033991228070175294,0.004934210526315708,-0.07730263157894735,-0.007127192982456232,0.07949561403508776,2025H2
600749,2025-10-27,0,bull,none,pullback_holds,current_week,0.011733333333333373,-0.0037333333333333663,-0.08373333333333333,-0.03413333333333335,0.05013333333333336,2025H2
600749,2025-10-29,2,bull,none,pullback_holds,current_week,0.0,-0.03618946248004251,-0.08621607237892481,-0.03938265034592858,0.047897817988291846,2025H2
600749,2025-10-30,3,bull,none,pullback_holds,current_week,0.00820568927789922,0.006564551422319598,-0.06181619256017501,-0.012582056892779026,0.07713347921225377,2025H2
600749,2025-12-08,0,bull,none,pullback_holds,current_week,-0.020515826494724387,0.0023446658851116187,0.007620164126612039,-0.03399765533411481,0.022274325908558268,2025H2
600749,2025-12-19,4,mid,none,shrinking_volume_acceleration,current_week,-0.016241299303944357,-0.0029002320185614883,0.0110208816705335,-0.04060324825986095,0.0034802784222736083,2025H2
600749,2025-12-31,2,bull,none,pullback_holds,current_week,0.012302284710017597,-0.005272407732864637,-0.026362038664323295,-0.013473930872876405,0.06326889279437631,2025H2
600749,2026-01-08,3,bull,none,shrinking_volume_acceleration,current_week,0.008720930232558155,0.005232558139534937,-0.006976744186046324,-0.023255813953488302,0.05523255813953498,2026H1
600749,2026-01-12,0,bull,none,two_day_acceleration,current_week,-0.008547008547008517,-0.030199430199430277,-0.03589743589743588,-0.042735042735042694,0.03418803418803429,2026H1
600749,2026-01-15,3,bull,none,pullback_holds,current_week,0.0093403385872739,-0.03736135434909493,-0.03911266783420886,-0.06654991243432573,0.035026269702276736,2026H1
600749,2026-01-19,0,bull,none,shrinking_volume_acceleration,current_week,-0.0240825688073395,-0.05963302752293598,-0.0625,-0.08314220183486243,0.01662844036697253,2026H1
600749,2026-01-20,1,bull,none,pullback_holds,current_week,-0.044303797468354444,-0.050057537399309404,-0.04948216340621403,-0.07997698504027606,0.01553509781357909,2026H1
300126,2023-09-04,0,mid,ma_bull,two_day_acceleration,current_week,-0.022408963585434205,-0.0308123249299721,-0.02801120448179273,-0.07142857142857151,0.0364145658263304,2023H2
300126,2023-09-19,1,mid,ma_bull,pullback_holds,current_week,0.1017699115044246,0.06047197640117985,-0.008849557522124019,-0.017699115044247815,0.11209439528023601,2023H2
300126,2023-11-13,0,mid,none,two_day_acceleration,current_week,0.0277777777777779,0.001388888888888884,-0.036111111111111094,-0.009722222222222299,0.04166666666666674,2023H2
300126,2023-11-15,2,mid,ma_bull,two_day_acceleration,current_week,-0.0027548209366390353,0.008264462809917328,-0.02754820936639113,-0.017906336088154284,0.03305785123966953,2023H2
300126,2023-11-22,2,mid,ma_bull,pullback_holds,current_week,0.012448132780082943,-0.011065006915629283,-0.02766251728907332,-0.019363762102351356,0.019363762102351245,2023H2
300126,2023-11-23,3,mid,ma_bull,pullback_holds,current_week,-0.010958904109588996,-0.024657534246575352,-0.03150684931506842,-0.02876712328767128,0.009589041095890538,2023H2
300126,2023-12-28,3,mid,none,two_day_acceleration,current_week,0.01857142857142846,0.004285714285714226,-0.09142857142857141,-0.008571428571428563,0.08857142857142852,2023H2
300126,2024-01-04,3,mid,none,shrinking_volume_acceleration,current_week,-0.0013831258644537714,-0.08160442600276618,-0.2793914246196404,-0.10650069156293229,0.053941908713692976,2024H1
300126,2025-05-06,1,mid,none,shrinking_volume_acceleration,current_week,0.0386819484240688,0.042979942693409656,-0.024355300859598805,-0.025787965616045905,0.10888252148997135,2025H1
300126,2025-05-16,4,bull,none,shrinking_volume_acceleration,current_week,-0.06052269601100413,-0.07977991746905089,-0.0563961485557084,-0.08115543328748287,0.004126547455295615,2025H1
300126,2025-06-03,1,bull,none,shrinking_volume_acceleration,current_week,0.0251851851851852,0.007407407407407307,0.0637037037037036,-0.004444444444444473,0.0503703703703704,2025H1
300126,2025-06-04,2,bull,none,pullback_holds,current_week,0.026315789473684292,-0.013157894736842035,0.051169590643274976,-0.020467836257309857,0.03654970760233911,2025H1
300126,2025-06-05,3,bull,macd_stabilizing,pullback_holds,current_week,0.01013024602026058,-0.04775687409551377,0.0405209840810421,-0.05065123010130246,0.026049204052098318,2025H1
300126,2025-06-06,4,bull,macd_stabilizing,pullback_holds,current_week,-0.02026049204052094,-0.05354558610709115,0.02749638205499272,-0.06801736613603471,0.026049204052098318,2025H1
300126,2025-06-09,0,bull,none,pullback_holds,current_week,-0.012949640287769792,-0.031654676258992764,0.03597122302158273,-0.07338129496402879,0.020143884892086295,2025H1
300126,2025-06-10,1,bull,none,pullback_holds,current_week,-0.017341040462427793,0.01878612716762995,0.047687861271676235,-0.06936416184971095,0.023121387283236983,2025H1
300126,2025-06-11,2,bull,none,pullback_holds,current_week,-0.031563845050215145,0.01865136298421821,0.04447632711621252,-0.07604017216642744,0.0373027259684362,2025H1
300126,2025-06-12,3,bull,none,pullback_holds,current_week,-0.05323741007194249,0.02302158273381294,0.04748201438848931,-0.07338129496402879,0.04028776978417259,2025H1
300126,2025-06-23,0,bull,none,shrinking_volume_acceleration,current_week,0.0755555555555556,0.06666666666666665,0.125925925925926,-0.001481481481481417,0.08296296296296313,2025H1
300126,2025-06-27,4,bull,macd_stabilizing,shrinking_volume_acceleration,current_week,-0.015256588072121935,0.006934812760055475,0.05963938973647709,-0.02219140083217752,0.0277392510402219,2025H1
300126,2025-07-07,0,bull,none,pullback_holds,current_week,0.027700831024930705,0.052631578947368585,0.07479224376731297,-0.012465373961218829,0.05817174515235468,2025H2
300126,2025-07-10,3,bull,none,pullback_holds,current_week,0.03434065934065944,0.037087912087911956,0.1071428571428572,-0.020604395604395642,0.06043956043956045,2025H2
300126,2025-07-11,4,bull,none,pullback_holds,current_week,0.021947873799725626,0.0480109739368999,0.11111111111111116,-0.019204389574759895,0.058984910836762605,2025H2
300126,2025-07-25,4,bull,ma_bull,shrinking_volume_acceleration,current_week,0.014397905759162333,0.060209424083769614,0.04057591623036649,-0.030104712041884918,0.08115183246073299,2025H2
300126,2025-08-05,1,bull,ma_bull,two_day_acceleration,current_week,0.02252816020025028,0.01126408010012514,-0.10137672090112648,-0.015018773466833557,0.03629536921151422,2025H2
300126,2025-08-08,4,bull,ma_bull,shrinking_volume_acceleration,current_week,-0.025925925925925797,-0.01851851851851849,-0.11851851851851836,-0.02716049382716046,0.022222222222222143,2025H2
300126,2025-08-18,0,bull,ma_bull,pullback_holds,current_week,-0.018656716417910446,-0.09203980099502496,-0.07711442786069667,-0.15049751243781107,0.01492537313432818,2025H2
300126,2025-08-19,1,bull,ma_bull,pullback_holds,current_week,-0.011124845488257096,-0.1124845488257108,-0.023485784919653807,-0.15574783683559945,0.008652657601977864,2025H2
300126,2025-08-20,2,bull,ma_bull,pullback_holds,current_week,-0.1196054254007397,-0.1467324290998766,0.034525277435265345,-0.15782983970406894,0.006165228113440335,2025H2
300126,2025-08-21,3,bull,ma_bull,pullback_holds,current_week,-0.11757425742574257,-0.1311881188118812,0.2462871287128714,-0.15470297029702973,0.007425742574257432,2025H2
300126,2025-08-22,4,bull,ma_bull,pullback_holds,current_week,-0.12328767123287665,-0.1108343711083436,0.23412204234122047,-0.14943960149439595,0.0062266500622665255,2025H2
300126,2025-09-22,0,mid,ma_bull,shrinking_volume_acceleration,current_week,-0.03534303534303551,0.04261954261954237,0.01975051975051967,-0.047817047817047875,0.10187110187110182,2025H2
300126,2025-10-15,2,bull,ma_bull,shrinking_volume_acceleration,current_week,-0.04558680892337541,-0.06983511154219213,-0.09311348205625614,-0.08147429679922402,0.02424830261881672,2025H2
300126,2026-01-16,4,bull,none,pullback_holds,current_week,0.08189158016147635,0.025374855824682907,0.03460207612456756,-0.013840830449826869,0.14994232987312572,2026H1
300126,2026-02-24,1,bull,none,two_day_acceleration,current_week,-0.07274701411509232,-0.009771986970684043,-0.1596091205211727,-0.1129207383279045,0.005428881650379802,2026H1
300126,2026-02-25,2,bull,none,pullback_holds,current_week,-0.08442982456140369,-0.009868421052631748,-0.13925438596491235,-0.10416666666666674,0.015350877192982226,2026H1
300126,2026-02-27,4,bull,none,pullback_holds,current_week,-0.015452538631346657,-0.034216335540838916,-0.13686534216335544,-0.09823399558498902,0.01876379690949226,2026H1
300126,2026-03-16,0,mid,none,pullback_holds,current_week,-0.17237442922374424,-0.10273972602739723,-0.11187214611872143,-0.18493150684931503,0.010273972602739656,2026H1
688288,2023-11-06,0,mid,ma_bull,two_day_acceleration,current_week,0.011904761904761862,0.04087301587301595,0.023015873015873156,-0.028968253968253976,0.05476190476190479,2023H2
688288,2023-11-10,4,mid,ma_bull,pullback_holds,current_week,0.06464646464646462,0.032727272727272716,0.0121212121212122,-0.002020202020202033,0.10828282828282831,2023H2
688288,2025-05-06,1,mid,ma_bull,shrinking_volume_acceleration,current_week,-0.08534482758620698,-0.12787356321839083,-0.12643678160919547,-0.12902298850574712,0.026724137931034564,2025H1
688288,2025-06-04,2,bull,none,pullback_holds,current_week,-0.014950166112956742,-0.040863787375415295,-0.06345514950166109,-0.0830564784053156,0.030897009966777356,2025H1
688288,2025-06-25,2,bull,none,pullback_holds,current_week,-0.0362393162393162,-0.0625641025641025,-0.027008547008546935,-0.06529914529914527,0.01333333333333342,2025H1
688288,2025-06-27,4,bull,none,pullback_holds,current_week,-0.06260632868322558,-0.030282408982647224,-0.023137121469887667,-0.07485539299081323,0.0006805035726438202,2025H1
688288,2025-07-21,0,bull,none,two_day_acceleration,current_week,-0.03144864503178324,0.019739043158246927,0.04683840749414525,-0.0528604884576781,0.029106724657075977,2025H2
688288,2025-07-29,1,bull,none,two_day_acceleration,current_week,0.028311425682507663,0.06167846309403435,0.09133805190428035,-0.03808560835861152,0.0778564206268959,2025H2
688288,2025-07-30,2,bull,none,pullback_holds,current_week,0.06003430531732423,0.08850771869639784,0.10291595197255554,-0.006174957118353475,0.10085763293310457,2025H2
688288,2025-07-31,3,bull,none,pullback_holds,current_week,0.06625683060109289,0.04952185792349728,0.1079234972677594,-0.010587431693989124,0.11270491803278682,2025H2
688288,2025-08-11,0,bull,none,shrinking_volume_acceleration,current_week,0.0028846153846153744,0.025641025641025772,-0.05897435897435899,-0.02179487179487183,0.054487179487179516,2025H2
688288,2025-08-15,4,bull,none,pullback_holds,current_week,0.025516795865633046,0.018733850129198926,-0.05878552971576223,-0.013242894056847532,0.13049095607235128,2025H2
688288,2025-08-18,0,bull,none,pullback_holds,current_week,0.01781170483460559,-0.000954198473282486,-0.06838422391857513,-0.028307888040712492,0.11323155216284975,2025H2
688288,2025-08-19,1,bull,none,pullback_holds,current_week,0.03582853486884208,-0.046385156749840006,0.000639795265515053,-0.06110044785668589,0.11964171465131157,2025H2
688288,2025-08-22,4,bull,none,shrinking_volume_acceleration,current_week,-0.011904761904761973,-0.07988721804511278,-0.039160401002506284,-0.11967418546365916,0.0964912280701753,2025H2
688288,2025-08-25,0,bull,none,two_day_acceleration,current_week,-0.018437499999999996,-0.08250000000000002,-0.03656249999999994,-0.12187499999999996,0.09375,2025H2
688288,2025-08-26,1,bull,none,shrinking_volume_acceleration,current_week,-0.08530223995090525,-0.12764651733660637,-0.07671064743786449,-0.13777232279840446,0.07394906413010105,2025H2
688288,2025-08-28,3,bull,none,shrinking_volume_acceleration,current_week,-0.1170641065345307,-0.0771136574790956,-0.05605450603902129,-0.12976153607928143,0.003716320842366283,2025H2
688288,2025-09-15,0,bull,ma_bull,pullback_holds,current_week,0.04863945578231288,0.010884353741496433,-0.03809523809523807,-0.011904761904761973,0.14353741496598627,2025H2
688288,2025-09-19,4,mid,ma_bull,pullback_holds,current_week,-0.03442622950819674,-0.04819672131147534,-0.05999999999999994,-0.09180327868852456,0.04032786885245909,2025H2
688288,2025-10-09,3,bull,none,pullback_holds,current_week,-0.05166666666666664,-0.06333333333333324,-0.06000000000000005,-0.09399999999999997,0.002666666666666817,2025H2
688288,2025-10-20,0,mid,none,shrinking_volume_acceleration,current_week,0.028335724533716133,0.011477761836441891,0.0789096126255382,-0.01327116212338586,0.05810616929698709,2025H2
688051,2023-07-25,1,mid,none,shrinking_volume_acceleration,current_week,-0.04174120453190211,-0.01878354203935584,0.06887298747763881,-0.061419200954084596,0.034287418008348114,2023H2
688051,2025-06-13,4,bull,none,pullback_holds,current_week,-0.028559428811423815,0.03611927761444789,0.07895842083158344,-0.03653926921461559,0.04241915161696763,2025H1
688051,2025-06-16,0,bull,macd_cross,shrinking_volume_acceleration,current_week,-0.030450669914738104,0.010556232237109331,0.0775477060495331,-0.06861550954120976,0.012586276898091775,2025H1
688051,2025-06-24,1,bull,macd_stabilizing,pullback_holds,current_week,0.010305028854080689,0.007419620774938185,0.25144270403957125,-0.012366034624896938,0.0412201154163232,2025H1
688051,2025-06-27,4,bull,macd_cross,two_day_acceleration,current_week,-0.03186768858410649,0.03630496167809616,0.3553852359822509,-0.03348124243646622,0.039935457845905686,2025H1
688051,2025-07-07,0,bull,none,pullback_holds,current_week,0.08238172920065256,0.17455138662316472,0.367862969004894,-0.013050570962479635,0.20350734094616652,2025H2
688051,2025-07-08,1,bull,none,pullback_holds,current_week,0.13553113553113572,0.2356532356532357,0.33170533170533156,-0.0146520146520146,0.3251933251933252,2025H2
688051,2025-07-09,2,bull,none,pullback_holds,current_week,0.15277777777777768,0.2867647058823528,0.3480392156862744,-0.011029411764705843,0.33006535947712434,2025H2
688051,2025-07-10,3,bull,none,pullback_holds,current_week,0.15353371242891956,0.3151909017059302,0.3070674248578391,-0.005686433793663737,0.35255889520714856,2025H2
688051,2025-07-18,4,bull,ma_bull,shrinking_volume_acceleration,current_week,0.17277486910994755,0.1448516579406629,0.2202443280977311,-0.029319371727748678,0.23490401396160565,2025H2
688051,2025-08-13,2,bull,ma_bull,pullback_holds,current_week,0.2092252034971358,0.09737714802532405,0.23937292734398552,-0.008139885438649519,0.26620440156768166,2025H2
688051,2025-09-10,2,bull,ma_bull,shrinking_volume_acceleration,current_week,0.12843590367307223,0.07856969107273182,0.072245195816103,-0.00851374361469237,0.17441011919241056,2025H2
688051,2025-10-10,4,bull,ma_bull,shrinking_volume_acceleration,current_week,-0.00023364485981325345,0.22663551401869153,0.13434579439252325,-0.026168224299065512,0.25747663551401856,2025H2
688051,2025-10-28,1,bull,ma_bull,shrinking_volume_acceleration,current_week,0.02886792452830189,-0.089622641509434,-0.1856603773584905,-0.10245283018867923,0.08981132075471687,2025H2
688051,2026-01-07,2,bull,none,pullback_holds,current_week,0.014001473839351464,-0.03610906411201176,-0.13534758044706452,-0.0535494964382216,0.047654139032178744,2026H1
688051,2026-01-08,3,bull,none,pullback_holds,current_week,-0.0051967334818114885,-0.028953229398663738,-0.12447414006434054,-0.046523137837169104,0.055431823805988545,2026H1
688051,2026-01-09,4,bull,none,pullback_holds,current_week,-0.0044031311154598685,-0.043542074363992156,-0.12475538160469668,-0.05821917808219179,0.043297455968688725,2026H1
688051,2026-01-14,2,bull,none,pullback_holds,current_week,-0.05422993492407813,-0.12026994456495543,-0.11544950590503733,-0.13232104121475063,0.0,2026H1
688051,2026-02-09,0,bull,none,two_day_acceleration,current_week,-0.013557483731019504,-0.1038503253796097,-0.1073752711496746,-0.10466377440347074,0.03063991323210402,2026H1
688051,2026-03-12,3,bull,none,pullback_holds,current_week,-0.0722315907813379,-0.15598650927487345,-0.1245081506464305,-0.18774592467678464,0.011523327712197995,2026H1
600689,2023-03-03,4,bull,ma_bull,shrinking_volume_acceleration,current_week,-0.029787234042553123,-0.013829787234042601,-0.08617021276595749,-0.037234042553191404,0.009574468085106425,2023H1
600689,2023-03-14,1,mid,ma_bull,pullback_holds,current_week,0.0,-0.04736275565123804,-0.0678148546824543,-0.0516684607104414,0.020452099031216253,2023H1
600689,2023-03-15,2,mid,ma_bull,pullback_holds,current_week,0.010775862068965747,-0.06681034482758608,-0.07435344827586199,-0.07219827586206895,0.01724137931034475,2023H1
600689,2023-03-16,3,mid,ma_bull,pullback_holds,current_week,-0.0021668472372696757,-0.07800650054171188,-0.07150595882990252,-0.0877573131094258,0.022751895991332427,2023H1
600689,2023-03-17,4,mid,ma_bull,pullback_holds,current_week,-0.01724137931034464,-0.07435344827586199,-0.0818965517241379,-0.09267241379310343,0.01724137931034475,2023H1
600689,2023-04-04,1,bull,none,pullback_holds,current_week,-0.031319910514541305,-0.07046979865771796,-0.031319910514541305,-0.0738255033557047,0.003355704697986628,2023H1
600689,2023-04-06,3,bull,none,pullback_holds,current_week,-0.029378531073446346,-0.06553672316384185,-0.04067796610169483,-0.08022598870056485,0.013559322033898313,2023H1
600689,2023-04-07,4,bull,none,shrinking_volume_acceleration,current_week,-0.03815937149270476,-0.10549943883277224,-0.03479236812570152,-0.10549943883277224,0.006734006734006703,2023H1
600689,2023-05-11,3,mid,none,two_day_acceleration,current_week,0.0056433408577878375,0.02257336343115135,0.04740406320541757,-0.022573363431151128,0.07110609480812657,2023H1
600689,2023-07-04,1,mid,ma_bull,shrinking_volume_acceleration,current_week,-0.011328527291452284,-0.007209062821833201,0.1266735324407826,-0.029866117404737436,0.02162718846549949,2023H2
600689,2023-07-27,3,mid,ma_bull,pullback_holds,current_week,0.10206185567010295,-0.005154639175257825,0.01855670103092777,-0.01855670103092799,0.1680412371134019,2023H2
600689,2023-09-19,1,mid,ma_bull,pullback_holds,current_week,-0.003929273084479323,-0.02259332023575622,-0.015717092337917515,-0.03339882121807469,0.03143418467583503,2023H2
600689,2023-09-22,4,mid,ma_bull,shrinking_volume_acceleration,current_week,-0.02163225172074723,-0.020648967551622377,0.027531956735496577,-0.046214355948869135,0.032448377581120846,2023H2
600689,2023-11-08,2,mid,ma_bull,two_day_acceleration,current_week,-0.011059907834101268,0.2064516129032259,0.12165898617511517,-0.03133640552995387,0.21382488479262673,2023H2
600689,2023-11-09,3,mid,ma_bull,pullback_holds,current_week,0.022556390977443552,0.20112781954887216,0.19266917293233066,-0.012218045112782017,0.35338345864661647,2023H2
600689,2023-11-10,4,mid,ma_bull,pullback_holds,current_week,0.10833333333333339,0.10370370370370363,0.1425925925925926,-0.0185185185185186,0.33333333333333326,2023H2
600689,2023-11-13,0,mid,ma_bull,two_day_acceleration,current_week,0.13718411552346566,0.02436823104693131,0.128158844765343,-0.04332129963898923,0.29963898916967513,2023H2
600689,2024-01-03,2,mid,ma_bull,pullback_holds,current_week,-0.02074330164217808,-0.03370786516853941,0.012964563526361328,-0.03889369057908376,0.1097666378565254,2024H1
600689,2024-03-12,1,bull,none,two_day_acceleration,current_week,0.016574585635359185,0.030939226519336893,-0.006629834254143652,-0.03204419889502774,0.06298342541436464,2024H1
600689,2024-03-18,0,bull,none,two_day_acceleration,current_week,0.006564551422319598,0.03172866520787743,-0.1389496717724289,-0.021881838074398363,0.052516411378555894,2024H1
600689,2024-03-20,2,bull,none,two_day_acceleration,current_week,-0.04867724867724876,-0.0031746031746032743,-0.2052910052910054,-0.05396825396825411,0.017989417989418,2024H1
600689,2025-04-22,1,mid,none,pullback_holds,current_week,-0.010628875110717528,0.03631532329495135,0.04960141718334787,-0.025686448184233934,0.06465899025686439,2025H1
600689,2025-05-06,1,mid,none,two_day_acceleration,current_week,-0.0017094017094018144,0.058119658119658135,0.01965811965811959,-0.016239316239316293,0.06837606837606836,2025H1
600689,2025-05-19,0,bull,none,shrinking_volume_acceleration,current_week,-0.018961253091508645,-0.0065952184666117075,-0.02638087386644683,-0.03297609233305854,0.03462489694971138,2025H1
600689,2025-05-22,3,bull,none,pullback_holds,current_week,0.025125628140703515,0.0008375209380235837,-0.03936348408710211,-0.02010050251256268,0.041876046901172526,2025H1
600689,2025-06-09,0,bull,ma_bull,pullback_holds,current_week,-0.01157024793388417,-0.023140495867768562,-0.0016528925619834212,-0.07438016528925606,0.0950413223140496,2025H1
600689,2025-06-10,1,bull,ma_bull,two_day_acceleration,current_week,-0.055199999999999916,-0.03359999999999996,-0.03599999999999992,-0.10399999999999987,0.01519999999999988,2025H1
600689,2025-06-13,4,bull,ma_bull,pullback_holds,current_week,-0.043369474562135024,0.016680567139282676,0.014178482068390341,-0.0658882402001667,0.04503753127606336,2025H1
600689,2025-06-23,0,bull,ma_bull,shrinking_volume_acceleration,current_week,0.01666666666666683,0.006666666666666599,0.025000000000000133,-0.015000000000000013,0.04416666666666669,2025H1
600689,2025-06-30,0,bull,ma_bull,shrinking_volume_acceleration,current_week,-0.016286644951140183,0.0,0.01384364820846895,-0.032573289902280145,0.019543973941367865,2025H1
600689,2025-07-11,4,bull,ma_bull,pullback_holds,current_week,0.015625,0.05263157894736836,0.08717105263157898,-0.027138157894736836,0.06907894736842102,2025H2
600689,2025-07-14,0,bull,ma_bull,shrinking_volume_acceleration,current_week,0.0024449877750611915,0.014669926650366927,0.06764466177669104,-0.03585982070089644,0.059494702526487364,2025H2
600689,2025-08-18,0,bull,ma_bull,pullback_holds,current_week,0.04108527131782935,0.037984496124030986,0.13643410852713167,-0.014728682170542573,0.09302325581395343,2025H2
600689,2025-08-19,1,bull,ma_bull,two_day_acceleration,current_week,0.008988764044943975,0.032958801498127466,0.08614232209737827,-0.04794007490636698,0.06367041198501888,2025H2
600689,2025-09-01,0,bull,ma_bull,pullback_holds,current_week,0.02686567164179099,0.09402985074626868,0.028358208955223896,-0.03731343283582089,0.2425373134328357,2025H2
600689,2025-09-02,1,bull,ma_bull,two_day_acceleration,current_week,0.10269482884195202,0.056081573197378054,0.004369992716678928,-0.06045156591405676,0.21267297887836834,2025H2
600689,2025-09-24,2,bull,ma_bull,pullback_holds,current_week,-0.021663172606568915,-0.036338225017470305,0.02375960866526894,-0.08805031446540879,0.002795248078266921,2025H2
600689,2025-10-09,3,bull,ma_bull,pullback_holds,current_week,-0.011469534050179253,0.05161290322580636,0.07670250896057329,-0.06451612903225812,0.08387096774193536,2025H2
600689,2025-10-28,1,bull,ma_bull,shrinking_volume_acceleration,current_week,0.014324693042292003,0.02046384720327432,0.013642564802182733,-0.011596180081855367,0.054570259208731375,2025H2
600689,2025-10-30,3,bull,ma_bull,shrinking_volume_acceleration,current_week,0.035862068965517135,0.0427586206896553,0.02551724137931033,-0.0006896551724138167,0.06620689655172418,2025H2
600689,2025-11-05,2,bull,ma_bull,shrinking_volume_acceleration,current_week,0.0019815059445178473,-0.05284015852047563,-0.023778071334213946,-0.059445178335534976,0.01387054161162471,2025H2
600689,2026-01-05,0,bull,none,pullback_holds,current_week,0.025792188651436954,0.016949152542372836,-0.002210759027265974,-0.01621223286661755,0.03463522476050107,2026H1
600689,2026-01-06,1,bull,none,pullback_holds,current_week,0.01764705882352935,0.021323529411764852,-0.00588235294117645,-0.018382352941176516,0.032352941176470695,2026H1
600689,2026-01-07,2,bull,none,pullback_holds,current_week,0.01033210332103307,0.03616236162361619,0.011808118081180874,-0.014760147601476148,0.03690036900368998,2026H1
600689,2026-01-08,3,bull,none,pullback_holds,current_week,-0.0007241129616220032,0.0173787110789283,0.005068790731354023,-0.022447501810282433,0.022447501810282544,2026H1
600689,2026-01-15,3,bull,none,pullback_holds,current_week,0.018115942028985588,-0.0391304347826088,0.016666666666666607,-0.0391304347826088,0.062318840579710155,2026H1
600689,2026-01-16,4,bull,none,pullback_holds,current_week,0.006474820143884896,-0.018705035971222972,0.008633093525179714,-0.04820143884892081,0.054676258992805815,2026H1
600689,2026-01-27,1,bull,none,two_day_acceleration,current_week,-0.05255781359495448,0.0014015416958654825,-0.05255781359495448,-0.07288016818500342,0.016117729502452827,2026H1
600689,2026-02-09,0,bull,none,two_day_acceleration,current_week,0.058041958041958,-0.04265734265734278,-0.0755244755244755,-0.04475524475524484,0.07832167832167825,2026H1
600689,2026-02-12,3,bull,none,pullback_holds,current_week,0.05630791161796145,-0.0035637918745545782,-0.09479686386315034,-0.04632929436920885,0.09907341411261572,2026H1
688050,2023-04-06,3,bull,none,two_day_acceleration,current_week,0.0026372338347333546,0.058361008009376825,0.06304942371556965,-0.038435241258058084,0.1476850947450674,2023H1
688050,2023-05-09,1,bull,macd_cross,pullback_holds,current_week,0.017365737125005776,0.009234161804566599,-0.09041209169844266,-0.007028988836311867,0.051499977029448196,2023H1
688050,2023-05-11,3,mid,macd_cross,two_day_acceleration,current_week,-0.0212822796081924,-0.035886019590382956,-0.11959038290293844,-0.054853072128227987,0.019056099732858378,2023H1
600886,2023-03-02,3,bull,macd_stabilizing,shrinking_volume_acceleration,current_week,0.0,0.020183486238532167,0.0009174311926605228,-0.008256880733944927,0.03302752293577971,2023H1
600886,2023-03-03,4,bull,macd_cross,shrinking_volume_acceleration,current_week,-0.004553734061930825,0.014571948998178597,-0.015482695810564606,-0.015482695810564606,0.025500910746812266,2023H1
600886,2023-03-13,0,mid,ma_bull,two_day_acceleration,current_week,-0.0009049773755656076,-0.016289592760180938,0.01538461538461533,-0.028054298642533948,0.047963800904977205,2023H1
600886,2023-03-17,4,mid,ma_bull,shrinking_volume_acceleration,current_week,-0.024193548387096753,-0.031362007168458716,0.017025089605734678,-0.043010752688172116,0.037634408602150504,2023H1
600886,2023-04-13,3,bull,ma_bull,shrinking_volume_acceleration,current_week,0.008021390374331583,0.051693404634581164,0.13725490196078427,-0.0062388591800356386,0.05614973262032086,2023H1
600886,2023-04-17,0,bull,ma_bull,two_day_acceleration,current_week,-0.004405286343612258,0.09691629955947145,0.11982378854625564,-0.017621145374449254,0.12775330396475781,2023H1
600886,2023-04-20,3,bull,ma_bull,pullback_holds,current_week,0.047957371225577416,0.1136767317939611,0.12611012433392532,-0.009769094138543433,0.1403197158081706,2023H1
600886,2023-04-27,3,mid,ma_bull,shrinking_volume_acceleration,current_week,0.06271186440677967,0.08135593220338966,0.09322033898305082,-0.015254237288135575,0.12118644067796613,2023H1
600886,2023-05-08,0,bull,ma_bull,two_day_acceleration,current_week,0.0031496062992124596,0.00551181102362186,-0.016535433070866246,-0.03307086614173227,0.04173228346456681,2023H1
600886,2023-05-11,3,mid,ma_bull,shrinking_volume_acceleration,current_week,-0.010124610591900285,-0.014797507788161912,-0.032710280373831724,-0.029595015576323935,0.030373831775700966,2023H1
600886,2023-05-22,0,mid,ma_bull,pullback_holds,current_week,0.011609907120743168,-0.03328173374612997,-0.04643962848297212,-0.044117647058823595,0.02089783281733748,2023H1
600886,2023-06-19,0,mid,ma_bull,shrinking_volume_acceleration,current_week,0.04885993485342022,0.0073289902280129215,0.02442996742671011,-0.009771986970684154,0.05211726384364801,2023H1
600886,2023-06-20,1,mid,ma_bull,pullback_holds,current_week,0.03309120258272791,-0.0032284100080710587,0.00887812752219519,-0.0088781275221953,0.042776432606941084,2023H1
600886,2023-07-11,1,mid,none,pullback_holds,current_week,-0.004746835443038,-0.01898734177215189,0.03639240506329111,-0.02373417721518989,0.011867088607594889,2023H2
600886,2023-07-13,3,mid,none,pullback_holds,current_week,-0.003984063745020028,-0.009561752988047845,0.04223107569721107,-0.02390438247011961,0.01912350597609569,2023H2
600886,2023-07-14,4,mid,none,pullback_holds,current_week,0.004784688995215225,0.0,0.02551834130781483,-0.02312599681020744,0.019936204146730363,2023H2
600886,2023-07-31,0,bull,ma_bull,two_day_acceleration,current_week,0.02594339622641506,0.015723270440251458,0.004716981132075526,-0.004716981132075526,0.05188679245283012,2023H2
600886,2023-08-01,1,bull,ma_bull,two_day_acceleration,current_week,0.0,0.0015267175572519776,-0.037404580152671785,-0.03358778625954195,0.021374045801526798,2023H2
600886,2023-09-05,1,mid,ma_bull,shrinking_volume_acceleration,current_week,-0.016773162939297093,-0.027156549520766737,-0.04313099041533541,-0.04153354632587858,0.03274760383386588,2023H2
600886,2023-09-14,3,mid,ma_bull,two_day_acceleration,current_week,-0.058130400628436774,-0.07541241162608014,-0.0652003142183818,-0.07698350353495687,0.0007855459544383603,2023H2
600886,2023-11-15,2,mid,none,two_day_acceleration,current_week,0.017973856209150485,-0.004901960784313819,0.05065359477124187,-0.009803921568627416,0.026960784313725394,2023H2
600886,2023-11-20,0,mid,none,shrinking_volume_acceleration,current_week,-0.005627009646302139,0.004823151125401992,0.028135048231511472,-0.025723472668810143,0.012861736334405238,2023H2
600886,2023-12-29,4,mid,ma_bull,pullback_holds,current_week,0.02205323193916353,0.0038022813688214363,0.04790874524714828,-0.009885931558935468,0.03574144486692021,2023H2
600886,2024-01-26,4,mid,ma_bull,two_day_acceleration,current_week,0.03846153846153855,0.08801775147929014,0.08949704142011838,-0.0014792899408283544,0.09319526627218955,2024H1
600886,2024-01-29,0,mid,ma_bull,two_day_acceleration,current_week,0.027576197387518153,0.07329462989840341,0.08345428156748902,-0.009433962264151052,0.08490566037735858,2024H1
600886,2024-02-07,2,mid,ma_bull,shrinking_volume_acceleration,current_week,0.03609341825902335,0.01981599433828718,0.0424628450106157,-0.030431705590941216,0.05803255484784153,2024H1
600886,2024-02-08,3,mid,ma_bull,pullback_holds,current_week,0.04571428571428582,0.024285714285714244,0.05142857142857138,-0.0007142857142856673,0.06785714285714284,2024H1
600886,2024-03-07,3,bull,ma_bull,shrinking_volume_acceleration,current_week,-0.018000000000000016,-0.029999999999999916,0.0040000000000000036,-0.046666666666666634,0.02200000000000002,2024H1
600886,2024-03-08,4,bull,ma_bull,two_day_acceleration,current_week,-0.032215647600262964,-0.04076265614727159,-0.007889546351084853,-0.05982905982905984,0.007889546351084853,2024H1
600886,2024-03-25,0,mid,ma_bull,pullback_holds,current_week,0.0129958960328318,0.05471956224350194,0.07592339261285908,-0.004787961696306464,0.06361149110807118,2024H1
600886,2024-03-26,1,mid,ma_bull,pullback_holds,current_week,-0.003385240352064889,0.056872037914692086,0.05754908598510511,-0.011509817197020933,0.06364251861882209,2024H1
600886,2024-03-27,2,mid,ma_bull,pullback_holds,current_week,-0.008777852802160702,0.04726536124240366,0.04726536124240366,-0.014179608372721142,0.0621201890614449,2024H1
600886,2024-03-28,3,mid,ma_bull,pullback_holds,current_week,0.016880486158001418,0.07224848075624579,0.029709655638082255,-0.014179608372721142,0.07832545577312633,2024H1
600886,2024-03-29,4,mid,ma_bull,two_day_acceleration,current_week,0.0033244680851063357,0.05053191489361697,0.06582446808510634,-0.0292553191489362,0.0625,2024H1
600886,2024-04-10,2,mid,ma_bull,shrinking_volume_acceleration,current_week,0.033766233766233666,0.021428571428571352,0.03701298701298694,-0.011688311688311637,0.05584415584415603,2024H1
600886,2024-05-13,0,bull,ma_bull,two_day_acceleration,current_week,-0.000630119722747291,0.082545683679899,0.13799621928166328,-0.01449275362318847,0.09829867674858206,2024H1
600886,2024-05-15,2,bull,ma_bull,pullback_holds,current_week,0.016403785488958933,0.11167192429022088,0.1577287066246058,-0.010094637223974745,0.11671924290220814,2024H1
600886,2024-05-16,3,bull,ma_bull,pullback_holds,current_week,0.035420619860847546,0.11511701454775447,0.12144212523719156,-0.007590132827324569,0.13472485768500952,2024H1
600886,2024-05-21,1,bull,ma_bull,pullback_holds,current_week,0.08703819661865997,0.11458985597996252,0.09455228553537887,0.0,0.12586098935504064,2024H1
600886,2024-05-22,2,bull,ma_bull,two_day_acceleration,current_week,0.09440993788819863,0.10745341614906834,0.1018633540372671,-0.002484472049689601,0.11801242236024834,2024H1
600886,2024-05-23,3,mid,ma_bull,two_day_acceleration,current_week,0.07828746177370016,0.09051987767584091,0.08868501529051986,0.0,0.11131498470948009,2024H1
600886,2024-05-24,4,mid,ma_bull,two_day_acceleration,current_week,0.05476190476190457,0.09404761904761894,0.07857142857142851,-0.004166666666666652,0.09821428571428559,2024H1
600886,2024-05-29,2,mid,ma_bull,two_day_acceleration,current_week,0.013068181818181923,0.042613636363636465,0.014204545454545414,-0.010795454545454608,0.05227272727272725,2024H1
600886,2024-05-31,4,mid,ma_bull,shrinking_volume_acceleration,current_week,0.03841807909604511,-0.004519774011299327,0.05367231638418102,-0.011299435028248594,0.04632768361581929,2024H1
600886,2024-09-26,3,bull,none,pullback_holds,current_week,0.05095541401273884,0.001273885350318471,-0.03121019108280254,-0.015286624203821653,0.18216560509554114,2024H2
600886,2024-09-27,4,bull,none,shrinking_volume_acceleration,current_week,0.026874999999999982,-0.010000000000000009,-0.03249999999999997,-0.028749999999999942,0.15999999999999992,2024H2
600886,2024-10-29,1,bull,none,pullback_holds,current_week,-0.0032051282051280827,-0.03141025641025641,-0.0346153846153846,-0.03974358974358971,0.01153846153846172,2024H2
001337,2025-10-29,2,bull,ma_bull,shrinking_volume_acceleration,current_week,-0.010335917312661369,0.01808785529715773,-0.000369139904023541,-0.042451088962716765,0.042081949058693224,2025H2
001337,2025-10-31,4,bull,ma_bull,pullback_holds,current_week,0.002962962962963056,0.029629629629629672,0.03370370370370379,-0.039259259259259216,0.06777777777777794,2025H2
001337,2025-11-10,0,bull,none,pullback_holds,current_week,-0.027797576621525377,-0.05488239486813984,-0.003920171062010036,-0.07448325017818969,0.02744119743406981,2025H2
001337,2025-11-11,1,bull,none,pullback_holds,current_week,-0.04330566582461204,-0.01551786358715268,-0.020570191266690685,-0.0627932154456875,0.0404186214363047,2025H2
001337,2025-11-12,2,bull,none,pullback_holds,current_week,0.003941239699032595,-0.029738445001791458,-0.00035829451809377133,-0.0695091365102114,0.03296309566463629,2025H2
001337,2025-12-19,4,mid,none,pullback_holds,current_week,0.014654570830425762,0.027215631542219176,0.3879972086531751,-0.04221912072575018,0.055478018143754415,2025H2
001337,2025-12-26,4,bull,ma_bull,pullback_holds,current_week,0.00994854202401374,0.05385934819897065,1.0850771869639795,-0.05831903945111505,0.07032590051457976,2025H2
001337,2026-01-07,2,bull,ma_bull,pullback_holds,current_week,0.09188626907073516,0.5173370319001387,0.7701109570041611,-0.012482662968099856,0.5173370319001387,2026H1
001337,2026-01-08,3,bull,ma_bull,pullback_holds,current_week,0.20907504363001728,0.593717277486911,0.6073298429319371,-0.0013961605584643655,0.6230366492146595,2026H1
001337,2026-01-14,2,bull,ma_bull,two_day_acceleration,current_week,0.41161290322580646,1.156774193548387,0.5164516129032257,-0.005483870967741833,1.156774193548387,2026H1
001337,2026-03-05,3,mid,ma_bull,shrinking_volume_acceleration,current_week,0.04686035613870665,-0.037863167760075034,-0.10365510777881914,-0.042924086223055324,0.17713214620431117,2026H1
001337,2026-04-10,4,mid,none,pullback_holds,current_week,-0.028246291404186108,-0.03739077423287962,0.1670392196707986,-0.06015037593984962,0.015444015444015413,2026H1
001337,2026-04-20,0,bull,none,pullback_holds,current_week,-0.011349566652909537,0.20408584399504748,0.13454395377631045,-0.04560462236896412,0.22781675608749485,2026H1
001337,2026-04-21,1,bull,none,pullback_holds,current_week,-0.015416666666666745,0.23312500000000003,0.15770833333333334,-0.03645833333333337,0.2716666666666667,2026H1
001337,2026-04-22,2,bull,none,pullback_holds,current_week,0.03530127814972617,0.2144451207141409,0.15621829985798352,-0.061675796307567476,0.2383850679651045,2026H1
001337,2026-05-08,4,bull,ma_bull,shrinking_volume_acceleration,current_week,-0.06517241379310346,-0.041896551724137976,-0.17655172413793108,-0.09896551724137936,0.04672413793103458,2026H1
001337,2026-05-25,0,bull,ma_bull,two_day_acceleration,current_week,-0.12270048222896945,-0.22003929273084477,-0.29255224147169145,-0.23236292195034824,0.03232720128594391,2026H1
001337,2026-08-27,3,mid,none,shrinking_volume_acceleration,current_week,0.018273354465784042,-0.05015849338057066,,-0.08073839269065819,0.044191683759090106,2026H2
002255,2023-08-07,0,bull,ma_bull,two_day_acceleration,current_week,-0.06115702479338847,-0.09917355371900816,-0.10578512396694206,-0.10413223140495864,0.016528925619834878,2023H2
002255,2023-08-08,1,bull,ma_bull,pullback_holds,current_week,-0.053511705685618804,-0.09030100334448166,-0.09197324414715735,-0.10869565217391308,0.0016722408026754731,2023H2
002255,2023-09-05,1,mid,none,pullback_holds,current_week,-0.0036900369003689537,-0.03321033210332103,-0.03321033210332103,-0.040590405904059046,0.011070110701107083,2023H2
002255,2023-09-11,0,mid,none,pullback_holds,current_week,-0.0037105751391465214,-0.04638218923933213,-0.04638218923933213,-0.05936920222634501,0.007421150278293043,2023H2
002255,2025-02-06,3,mid,ma_bull,pullback_holds,current_week,-0.013008130081300862,0.009756097560975618,0.06504065040650397,-0.030894308943089532,0.03577235772357712,2025H1
002255,2025-02-07,4,mid,ma_bull,pullback_holds,current_week,-0.0321027287319422,0.03370786516853941,0.049759229534510396,-0.04333868378812211,0.08828250401284099,2025H1
002255,2025-02-20,3,bull,ma_bull,pullback_holds,current_week,0.004769475357710773,0.04133545310015885,0.12559618441971376,-0.038155802861685295,0.07790143084260737,2025H1
002255,2025-03-14,4,bull,ma_bull,shrinking_volume_acceleration,current_week,0.04943502824858759,0.057909604519774005,0.16666666666666652,-0.02259887005649719,0.2457627118644068,2025H1
002255,2025-03-18,1,bull,ma_bull,shrinking_volume_acceleration,current_week,0.12250712250712237,0.1737891737891737,0.15099715099715083,-0.014245014245014342,0.2564102564102564,2025H1
002255,2025-05-08,3,bull,ma_bull,shrinking_volume_acceleration,current_week,-0.014721345951629772,-0.045215562565720235,-0.012618296529968376,-0.050473186119873836,0.10199789695057837,2025H1
002255,2025-05-12,0,bull,ma_bull,shrinking_volume_acceleration,current_week,0.0424628450106157,0.052016985138004346,-0.023354564755838525,-0.0424628450106157,0.11252653927813161,2025H1
002255,2025-07-04,4,bull,none,pullback_holds,current_week,0.0186263096623982,0.020954598370197974,-0.005820721769499326,-0.0034924330616995514,0.05937136204889404,2025H2
002255,2025-07-14,0,bull,none,pullback_holds,current_week,0.02154195011337867,-0.012471655328798126,-0.02154195011337867,-0.01814058956916098,0.04761904761904767,2025H2
002255,2025-07-15,1,bull,none,pullback_holds,current_week,0.0022497187851517886,-0.032620922384702045,-0.038245219347581516,-0.04386951631046121,0.03937007874015741,2025H2
002255,2025-07-22,1,bull,none,pullback_holds,current_week,-0.06113537117903933,-0.05895196506550204,-0.028384279475982543,-0.08515283842794752,0.008733624454148492,2025H2
002255,2025-07-23,2,bull,none,pullback_holds,current_week,-0.029612756264236872,-0.010250569476081939,0.013667425968109548,-0.04555808656036431,0.013667425968109548,2025H2
002255,2025-07-24,3,bull,none,pullback_holds,current_week,-0.050790067720090204,-0.03160270880361171,-0.005643340857787726,-0.05417607223476284,0.0,2025H2
002255,2025-08-11,0,bull,none,pullback_holds,current_week,0.026651216685978918,0.06025492468134419,-0.017381228273464666,-0.01274623406720754,0.06141367323290847,2025H2
002255,2025-08-12,1,bull,none,pullback_holds,current_week,0.042154566744730504,0.051522248243559554,-0.025761124121779888,-0.0011709601873538533,0.07259953161592492,2025H2
002255,2025-08-13,2,bull,none,pullback_holds,current_week,0.028901734104046284,0.028901734104046284,-0.048554913294797664,-0.010404624277456587,0.06473988439306355,2025H2
002255,2025-08-14,3,bull,none,pullback_holds,current_week,0.022041763341067222,0.012761020881670415,-0.03480278422273786,-0.025522041763341163,0.06844547563805103,2025H2
002255,2025-08-15,4,bull,none,pullback_holds,current_week,0.01145475372279492,-0.0068728522336770626,-0.04696449026345939,-0.037800687285223344,0.054982817869415834,2025H2
002255,2025-08-18,0,bull,none,two_day_acceleration,current_week,0.03040540540540526,-0.030405405405405594,-0.05067567567567577,-0.05405405405405406,0.03716216216216206,2025H2
002255,2025-08-21,3,bull,none,pullback_holds,current_week,-0.009080590238365494,-0.07037457434733263,-0.0681044267877412,-0.08172531214528955,0.04540295119182747,2025H2
002255,2025-08-22,4,bull,none,pullback_holds,current_week,-0.01812004530011324,-0.054360135900339834,-0.07927519818799544,-0.08380520951302384,0.04303510758776907,2025H2
002255,2025-08-27,2,bull,none,pullback_holds,current_week,-0.06966292134831475,-0.07528089887640443,-0.07415730337078652,-0.09101123595505622,0.006741573033707926,2025H2
002255,2025-09-08,0,bull,none,pullback_holds,current_week,-0.0035460992907803135,-0.027186761229314516,0.10283687943262398,-0.05082742316784883,0.004728132387706863,2025H2
002255,2025-09-16,1,bull,none,pullback_holds,current_week,-0.01680672268907568,0.0024009603841537164,0.07202881152460971,-0.03601440576230497,0.03001200480192079,2025H2
002255,2025-09-17,2,bull,none,pullback_holds,current_week,-0.014354066985645786,0.09928229665071764,0.08014354066985652,-0.03947368421052633,0.09928229665071764,2025H2
002255,2025-09-25,3,bull,none,pullback_holds,current_week,0.13095238095238093,0.0035714285714285587,0.0630952380952381,-0.03809523809523818,0.17142857142857126,2025H2
002255,2025-09-26,4,mid,none,pullback_holds,current_week,0.18780487804878065,0.054878048780487854,0.19756097560975627,-0.014634146341463317,0.20000000000000018,2025H2
002255,2025-10-27,0,bull,ma_bull,pullback_holds,current_week,0.07912087912087928,0.6329670329670329,0.4043956043956045,-0.01978021978021971,0.720879120879121,2025H2
002255,2025-10-28,1,bull,ma_bull,two_day_acceleration,current_week,0.17391304347826075,0.5,0.4478260869565216,-0.03043478260869581,0.7021739130434781,2025H2
002255,2026-01-07,2,bull,ma_bull,two_day_acceleration,current_week,-0.00588235294117645,-0.0404411764705882,-0.09191176470588236,-0.051470588235294046,0.12279411764705883,2026H1
002255,2026-02-09,0,bull,none,two_day_acceleration,current_week,0.007287449392712642,0.0016194331983807597,0.0032388663967612974,-0.020242914979757054,0.07449392712550607,2026H1
002255,2026-02-10,1,bull,none,pullback_holds,current_week,0.033469387755102,0.01795918367346938,0.0065306122448980375,-0.01224489795918371,0.08326530612244887,2026H1
002255,2026-02-12,3,bull,none,pullback_holds,current_week,0.07504078303425765,0.06933115823817282,-0.0734094616639478,-0.013050570962479635,0.0831973898858076,2026H1
002255,2026-04-10,4,mid,none,pullback_holds,current_week,0.02157598499061919,-0.008442776735459678,0.06285178236397737,-0.014071294559099501,0.04221388367729828,2026H1
002255,2026-04-14,1,mid,none,two_day_acceleration,current_week,-0.018181818181818077,0.012727272727272698,-0.009090909090909038,-0.044545454545454555,0.027272727272727337,2026H1
002255,2026-04-16,3,mid,none,pullback_holds,current_week,-0.01466544454628782,0.03391384051329038,0.014665444546287931,-0.036663611365719606,0.036663611365719495,2026H1
002255,2026-04-17,4,mid,none,pullback_holds,current_week,-0.024007386888273308,0.050784856879039664,-0.006463527239150557,-0.029547553093259515,0.05263157894736836,2026H1
002255,2026-04-28,1,bull,none,two_day_acceleration,current_week,0.0244122965641953,-0.01446654611211573,-0.1184448462929476,-0.022603978300180794,0.042495479204339937,2026H1
002255,2026-04-30,3,bull,none,two_day_acceleration,current_week,-0.0035650623885918886,-0.013368983957219305,-0.142602495543672,-0.050802139037433136,0.027629233511586415,2026H1
002255,2026-05-19,1,bull,none,two_day_acceleration,current_week,-0.09355131698455943,-0.12624886466848306,-0.1099000908265213,-0.15077202543142598,0.0,2026H1
002255,2026-06-16,1,bull,none,pullback_holds,current_week,-0.06488156539649848,0.005149330587023604,-0.1740473738414008,-0.09165808444902168,0.025746652935118464,2026H1
301288,2024-01-02,1,mid,none,two_day_acceleration,current_week,-0.0181347150259068,-0.051813471502590636,-0.16476683937823833,-0.07253886010362687,0.031088082901554515,2024H1
301288,2024-01-04,3,mid,none,shrinking_volume_acceleration,current_week,-0.01855670103092799,-0.08762886597938158,-0.21907216494845372,-0.12371134020618568,0.025773195876288568,2024H1
301288,2025-12-01,0,mid,ma_bull,pullback_holds,current_week,-0.021179164281625473,-0.05838580423583284,-0.05838580423583284,-0.07326846021751565,0.02175157412707507,2025H2
301288,2025-12-29,0,bull,none,pullback_holds,current_week,0.14512195121951232,0.24695121951219523,0.18109756097561003,-0.0030487804878046587,0.29939024390243896,2025H2
301288,2026-01-19,0,bull,ma_bull,shrinking_volume_acceleration,current_week,0.006036217303823088,-0.055331991951710124,-0.008048289738430636,-0.055331991951710124,0.05181086519114686,2026H1
301288,2026-01-20,1,bull,ma_bull,two_day_acceleration,current_week,-0.014215686274509975,-0.09509803921568638,-0.03529411764705892,-0.10294117647058831,0.02499999999999991,2026H1
301288,2026-02-10,1,bull,ma_bull,shrinking_volume_acceleration,current_week,0.008196721311475308,0.013319672131147708,-0.04866803278688525,-0.024590163934426257,0.050204918032786816,2026H1
301288,2026-02-11,2,bull,ma_bull,shrinking_volume_acceleration,current_week,-0.013951170901843613,0.003986048829098143,-0.11659192825112108,-0.05132037867463879,0.021425012456402603,2026H1
301288,2026-02-13,4,mid,ma_bull,pullback_holds,current_week,0.01014198782961473,0.014198782961460488,-0.1693711967545639,-0.03448275862068961,0.03955375253549698,2026H1
301288,2026-04-08,2,mid,none,two_day_acceleration,current_week,0.0791907514450867,0.08439306358381504,0.054913294797687806,-0.017341040462427793,0.1387283236994219,2026H1
301288,2026-04-09,3,mid,none,pullback_holds,current_week,0.07974388824214218,0.06577415599534331,0.20663562281722947,-0.004656577415599439,0.14668218859138538,2026H1
301288,2026-04-22,2,bull,none,shrinking_volume_acceleration,current_week,-0.06912928759894454,-0.03693931398416883,-0.022163588390501254,-0.09868073878627959,0.014775725593667577,2026H1
301288,2026-06-25,3,bull,macd_stabilizing,pullback_holds,current_week,-0.10597402597402594,-0.1506493506493506,-0.23844155844155845,-0.1787012987012987,0.0072727272727273196,2026H1
002850,2025-02-14,4,bull,ma_bull,shrinking_volume_acceleration,current_week,0.11275590551181103,0.030551181102362213,0.02267716535433073,-0.010000000000000009,0.1716535433070867,2025H1
002850,2025-06-04,2,bull,none,pullback_holds,current_week,-0.035900556328233746,-0.04867872044506261,-0.06345618915159945,-0.06102225312934639,0.0036509040333796428,2025H1
002850,2025-06-05,3,bull,none,pullback_holds,current_week,-0.03137801795519923,-0.03608472064847901,-0.017780876841279603,-0.05848513902205188,0.006362764752026573,2025H1
002850,2025-06-19,3,mid,none,pullback_holds,current_week,0.009421996738539606,0.020927704294256166,0.08941837289364019,-0.030621489400253665,0.05254575104185544,2025H1
002850,2025-06-26,3,bull,none,pullback_holds,current_week,0.005981074808069975,-0.03990358864488486,0.04008212819139456,-0.05641849669701837,0.03302981610426703,2025H1
002850,2025-06-27,4,bull,none,pullback_holds,current_week,0.0074769763836965986,-0.016139327072125398,0.05489194857299173,-0.03619950761375035,0.055165496489468335,2025H1
002850,2025-07-04,4,bull,none,pullback_holds,current_week,-0.020871143375680523,0.08892921960072586,-0.004627949183303115,-0.04083484573502727,0.10526315789473673,2025H2
002850,2025-07-14,0,bull,none,pullback_holds,current_week,0.06927902536594233,0.03645785980543681,0.057459769069915456,-0.013546686062369417,0.10737339758159825,2025H2
002850,2025-07-15,1,bull,none,pullback_holds,current_week,0.03336648883262505,0.03662175603580797,0.07179672664797909,-0.0010850890677276404,0.10136540374355718,2025H2
002850,2025-08-04,0,bull,none,two_day_acceleration,current_week,0.0302037201062888,0.07617360496014158,0.22373782108060225,-0.0026572187776793266,0.12046058458813103,2025H2
002850,2025-08-05,1,bull,none,pullback_holds,current_week,0.03637317478359714,0.12293433592725367,0.21535367666346072,-0.012765585380781763,0.15362420215091355,2025H2
002850,2025-08-06,2,bull,none,two_day_acceleration,current_week,0.015426808364758182,0.12152896811792946,0.1374700034281795,-0.03231059307507722,0.13078505313678424,2025H2
002850,2025-08-07,3,bull,none,pullback_holds,current_week,0.023705388383484793,0.1459062281315604,0.14616864940517837,-0.012333799860042127,0.17538488453463952,2025H2
002850,2025-08-08,4,bull,none,pullback_holds,current_week,0.08627894828486848,0.15323001915375256,0.20511927563990962,-0.005223750652968762,0.16985895873236978,2025H2
002850,2025-08-22,4,bull,macd_cross,shrinking_volume_acceleration,current_week,0.013868613138686259,0.010364963503649793,0.1667883211678831,-0.05905109489051097,0.04386861313868606,2025H2
002850,2025-12-01,0,mid,none,two_day_acceleration,current_week,0.04293814104605986,-0.04886284003312724,0.0118493979741352,-0.05714467732687778,0.04797094986303119,2025H2
002850,2025-12-26,4,bull,none,pullback_holds,current_week,0.043081967213114636,0.060196721311475354,0.08314754098360666,-0.019344262295081904,0.09626229508196715,2025H2
002850,2026-01-05,0,bull,none,shrinking_volume_acceleration,current_week,0.014898278560250278,0.05483568075117362,-0.050266040688575875,-0.041877934272300466,0.07198748043818459,2026H1
002850,2026-02-04,2,mid,none,pullback_holds,current_week,0.11730114515629819,0.034973692355307895,0.013122872175796996,-0.021108016094088522,0.1601980810894459,2026H1
002850,2026-02-05,3,mid,none,pullback_holds,current_week,0.13153467505763583,0.029846096329989358,0.018505825908156304,-0.0136457100130849,0.16786092591438706,2026H1
002850,2026-02-12,3,bull,macd_cross,two_day_acceleration,current_week,-0.07988643322384903,-0.12653788342704442,-0.1481378388910538,-0.1354450815565328,0.004843288982909311,2026H1
002850,2026-04-13,0,mid,ma_bull,two_day_acceleration,current_week,0.0731143486909307,0.10359658082898782,0.030589753239073314,-0.010805870652115468,0.16117413042309559,2026H1
002850,2026-04-14,1,mid,ma_bull,shrinking_volume_acceleration,current_week,0.09576719576719572,0.011904761904761862,0.029206349206349236,-0.02111111111111119,0.14280423280423293,2026H1
002850,2026-04-24,4,bull,ma_bull,shrinking_volume_acceleration,current_week,-0.07300288739172289,-0.054331087584215676,-0.0847449470644851,-0.12256977863330121,0.015206929740134711,2026H1
002850,2026-05-06,2,bull,ma_bull,pullback_holds,current_week,0.007743589743589796,0.06584615384615389,-0.11969230769230776,-0.027692307692307683,0.0818461538461539,2026H1
002850,2026-05-20,2,bull,ma_bull,shrinking_volume_acceleration,current_week,-0.08342168674698791,-0.17272289156626508,-0.01744578313253009,-0.1807228915662651,0.044144578313253025,2026H1
002850,2026-08-13,3,mid,none,shrinking_volume_acceleration,current_week,-0.05085993793720078,-0.046073739020670024,-0.10408667753642242,-0.06905801293851577,0.061642034397517476,2026H2
002850,2026-09-09,2,bull,none,pullback_holds,current_week,,,,-0.06571641192970401,0.03783845669471653,2026H2
002264,2023-03-20,0,mid,none,two_day_acceleration,current_week,0.0431034482758621,0.0862068965517242,0.01551724137931032,0.0,0.12758620689655187,2023H1
002264,2023-04-13,3,bull,none,two_day_acceleration,current_week,-0.0855784469096672,-0.057052297939778174,-0.007923930269413737,-0.09984152139461189,0.0015847860538826808,2023H1
002264,2023-04-27,3,mid,none,pullback_holds,current_week,0.07445008460236902,0.05922165820642977,0.021996615905245376,-0.013536379018612488,0.14551607445008474,2023H1
002264,2023-06-13,1,mid,ma_bull,pullback_holds,current_week,-0.032573289902280145,-0.027687296416938234,-0.02442996742671011,-0.05537459283387636,0.04560260586319198,2023H1
002264,2023-06-16,4,mid,ma_bull,pullback_holds,current_week,-0.03536977491961413,-0.04983922829581988,-0.036977491961414755,-0.067524115755627,0.001607717041800738,2023H1
002264,2023-07-03,0,mid,macd_stabilizing,pullback_holds,current_week,0.01333333333333342,-0.008333333333333304,0.06500000000000017,-0.03833333333333322,0.040000000000000036,2023H2
002264,2023-07-11,1,mid,macd_stabilizing,pullback_holds,current_week,-0.008278145695364225,0.024834437086092676,0.024834437086092676,-0.04470198675496684,0.0314569536423841,2023H2
002264,2023-07-25,1,mid,none,shrinking_volume_acceleration,current_week,0.025931928687196182,0.0032414910858995505,-0.08427876823338731,-0.008103727714748765,0.04376012965964349,2023H2
002264,2023-07-26,2,mid,none,two_day_acceleration,current_week,0.02741935483870961,-0.016129032258064502,-0.11290322580645162,-0.01935483870967747,0.03870967741935494,2023H2
002264,2023-07-28,4,bull,none,shrinking_volume_acceleration,current_week,0.012861736334405238,-0.04019292604501612,-0.12540192926045002,-0.04019292604501612,0.03536977491961424,2023H2
002264,2023-07-31,0,bull,macd_cross,two_day_acceleration,current_week,-0.029733959311424196,-0.0579029733959312,-0.15649452269170594,-0.07824726134585303,0.00782472613458518,2023H2
002264,2024-12-05,3,bull,ma_bull,shrinking_volume_acceleration,current_week,0.046961325966850875,-0.06629834254143652,-0.17679558011049723,-0.11602209944751374,0.06767955801104986,2024H2
002264,2025-02-13,3,bull,macd_stabilizing,two_day_acceleration,current_week,-0.01071975497702915,-0.04287901990811638,-0.0597243491577335,-0.05666156202143957,0.08575803981623276,2025H1
002264,2025-04-02,2,mid,none,pullback_holds,current_week,-0.054187192118226646,0.05582922824302128,0.07224958949096894,-0.17077175697865354,0.1165845648604269,2025H1
002264,2025-04-22,1,mid,none,two_day_acceleration,current_week,-0.045592705167173175,0.001519756838905817,-0.04711246200607899,-0.0820668693009119,0.01823708206686936,2025H1
002264,2025-04-29,1,mid,none,pullback_holds,current_week,0.05608974358974361,0.08012820512820507,0.09455128205128194,0.0,0.19551282051282048,2025H1
002264,2025-04-30,2,mid,none,pullback_holds,current_week,0.04694835680751175,0.04851330203442883,0.06416275430359919,-0.006259780907668211,0.16744913928012517,2025H1
002264,2025-05-06,1,mid,none,two_day_acceleration,current_week,0.004580152671755711,0.051908396946565016,0.03816793893129766,-0.021374045801526687,0.13893129770992374,2025H1
002264,2025-05-09,4,bull,none,two_day_acceleration,current_week,0.021212121212121238,-0.050000000000000044,0.010606060606060508,-0.051515151515151625,0.13030303030303014,2025H1
002264,2025-05-12,0,bull,ma_bull,two_day_acceleration,current_week,0.0,-0.05074626865671639,-0.0194029850746269,-0.06567164179104479,0.11343283582089558,2025H1
002264,2025-06-12,3,bull,ma_bull,two_day_acceleration,current_week,-0.11994219653179194,-0.09826589595375723,-0.030346820809248554,-0.138728323699422,0.0014450867052022698,2025H1
002264,2025-07-02,2,bull,none,pullback_holds,current_week,0.015797788309636518,0.034755134281200695,0.041074249605055346,-0.009478672985781977,0.07582938388625604,2025H2
002264,2025-07-21,0,bull,ma_bull,shrinking_volume_acceleration,current_week,-0.00300751879699257,0.05413533834586448,0.049624060150375904,-0.02857142857142858,0.05563909774436082,2025H2
002264,2025-07-22,1,bull,ma_bull,pullback_holds,current_week,0.013719512195121908,0.05945121951219501,0.06554878048780477,-0.015243902439024515,0.0746951219512193,2025H2
002264,2025-08-12,1,bull,ma_bull,pullback_holds,current_week,0.007204610951008661,0.05619596541786742,0.060518731988472574,-0.04610951008645536,0.07204610951008639,2025H2
002264,2025-08-13,2,bull,ma_bull,pullback_holds,current_week,0.0437317784256559,0.036443148688046545,0.18075801749271125,-0.03498542274052485,0.09620991253644307,2025H2
002264,2025-08-20,2,bull,ma_bull,two_day_acceleration,current_week,-0.00974930362116988,0.009749303621169991,0.0807799442896937,-0.04456824512534807,0.139275766016713,2025H2
002264,2025-08-22,4,bull,ma_bull,shrinking_volume_acceleration,current_week,-0.021126760563380365,0.023943661971830954,0.09295774647887312,-0.03380281690140852,0.15211267605633783,2025H2
002264,2025-09-04,3,mid,ma_bull,pullback_holds,current_week,0.053475935828877,0.009358288770053402,-0.046791443850267456,-0.06951871657754016,0.13502673796791442,2025H2
002264,2025-09-05,4,bull,ma_bull,pullback_holds,current_week,0.11522633744855981,0.06447187928669407,-0.03703703703703698,-0.03155006858710552,0.1646090534979423,2025H2
002264,2025-11-03,0,bull,none,two_day_acceleration,current_week,0.04285714285714293,0.14714285714285702,0.34285714285714297,-0.008571428571428563,0.17428571428571438,2025H2
002264,2025-11-05,2,bull,macd_stabilizing,two_day_acceleration,current_week,0.01377410468319562,0.03994490358126712,0.21074380165289264,-0.03305785123966931,0.1322314049586779,2025H2
002264,2025-11-07,4,bull,macd_stabilizing,pullback_holds,current_week,0.0892351274787535,0.14872521246458903,0.2705382436260624,-0.005665722379603388,0.1643059490084986,2025H2
002264,2026-01-05,0,bull,ma_bull,shrinking_volume_acceleration,current_week,0.14814814814814814,0.10998877665544327,0.22334455667789,-0.011223344556677839,0.35690235690235683,2026H1
002264,2026-01-07,2,bull,ma_bull,two_day_acceleration,current_week,0.21168687982359424,0.12127894156560082,0.2613009922822491,-0.016538037486218293,0.33296582138919506,2026H1
002264,2026-01-08,3,bull,ma_bull,pullback_holds,current_week,0.3285714285714285,0.12857142857142856,0.3824175824175824,0.0,0.3285714285714285,2026H1
002264,2026-04-10,4,mid,none,pullback_holds,current_week,0.008515815085158085,-0.02311435523114369,0.03284671532846706,-0.031630170316301776,0.027980535279805263,2026H1
002264,2026-04-15,2,mid,none,pullback_holds,current_week,-0.004848484848484769,0.0060606060606061,-0.07878787878787874,-0.044848484848484915,0.029090909090909056,2026H1
002264,2026-04-17,4,mid,none,pullback_holds,current_week,-0.03253012048192783,0.02048192771084345,-0.11927710843373496,-0.050602409638554335,0.026506024096385472,2026H1
002264,2026-04-21,1,bull,none,pullback_holds,current_week,-0.02533172496984326,0.04825090470446303,-0.14595898673100127,-0.049457177322074886,0.05428226779252099,2026H1
002264,2026-04-27,0,bull,none,shrinking_volume_acceleration,current_week,0.07080745341614914,0.01863354037267073,-0.16273291925465838,-0.007453416149068359,0.08695652173913038,2026H1
002264,2026-04-29,2,bull,none,two_day_acceleration,current_week,0.03952095808383227,-0.08982035928143706,-0.15568862275449102,-0.10179640718562866,0.04790419161676662,2026H1
002264,2026-05-07,3,bull,none,two_day_acceleration,current_week,-0.049826187717265547,-0.19119351100811122,-0.24333719582850522,-0.1923522595596756,0.0139049826187716,2026H1
605580,2023-08-03,3,bull,none,pullback_holds,current_week,-0.028501628664495238,-0.036644951140065274,-0.05863192182410426,-0.0675895765472313,0.008957654723126929,2023H2
605580,2023-08-04,4,bull,none,pullback_holds,current_week,-0.02248126561198993,-0.01582014987510405,-0.048293089092423025,-0.04662781015820139,0.01831806827643634,2023H2
605580,2025-05-16,4,bull,none,shrinking_volume_acceleration,current_week,-0.007950530035335635,-0.042402826855123754,-0.0026501766784451375,-0.04681978798586561,0.03180212014134276,2025H1
605580,2025-05-22,3,bull,none,pullback_holds,current_week,-0.014121800529567574,-0.01676963812886134,0.057369814651368145,-0.05030891438658436,0.029126213592232997,2025H1
605580,2025-05-26,0,bull,none,pullback_holds,current_week,-0.025962399283795845,0.031333930170098556,0.14950760966875554,-0.036705461056401045,0.043867502238137845,2025H1
605580,2025-05-27,1,mid,none,pullback_holds,current_week,-0.011627906976744096,0.03309481216457977,0.14490161001788926,-0.03756708407871201,0.04830053667262968,2025H1
605580,2025-06-03,1,bull,none,shrinking_volume_acceleration,current_week,0.0627306273062731,0.029520295202952074,0.25369003690036895,0.0,0.08118081180811809,2025H1
605580,2025-06-04,2,bull,macd_stabilizing,shrinking_volume_acceleration,current_week,0.045248868778280604,0.010859728506787292,0.204524886877828,-0.02352941176470591,0.060633484162895934,2025H1
605580,2025-06-05,3,bull,macd_stabilizing,pullback_holds,current_week,0.007943512797881747,0.08473080317740522,0.20653133274492497,-0.04766107678729026,0.08473080317740522,2025H1
605580,2025-06-06,4,bull,macd_stabilizing,pullback_holds,current_week,0.026173285198556107,0.08122743682310474,0.20758122743682317,-0.026173285198555885,0.13718411552346566,2025H1
605580,2025-06-13,4,bull,none,pullback_holds,current_week,0.049036777583187474,0.1935201401050788,0.26970227670753055,-0.05516637478108577,0.21891418563922938,2025H1
605580,2025-07-16,2,bull,ma_bull,shrinking_volume_acceleration,current_week,0.03964456596035548,0.031442241968557605,0.21667805878332191,-0.028708133971291905,0.07860560492139435,2025H2
605580,2025-08-04,0,bull,ma_bull,two_day_acceleration,current_week,0.13593455003146637,0.10509754562617979,0.3196979232221522,-0.0018879798615480947,0.23222152297042165,2025H2
605580,2025-08-05,1,bull,ma_bull,two_day_acceleration,current_week,0.06491120636864656,0.06062461726883028,0.24984690753214922,-0.004898958971218725,0.19902020820575617,2025H2
605580,2025-08-08,4,bull,ma_bull,two_day_acceleration,current_week,0.013407821229050265,-0.0016759776536313664,0.2648044692737428,-0.09217877094972082,0.09385474860335186,2025H2
605580,2025-09-30,1,bull,ma_bull,shrinking_volume_acceleration,current_week,0.013620071684587787,0.2222222222222221,0.3580645161290321,-0.04408602150537633,0.25412186379928303,2025H2
605580,2025-10-10,4,bull,ma_bull,pullback_holds,current_week,0.011111111111111072,0.2592592592592593,0.48222222222222233,-0.012222222222222134,0.30481481481481487,2025H2
605580,2026-01-05,0,bull,none,shrinking_volume_acceleration,current_week,0.02594547053649965,0.09806508355320998,0.02770448548812654,-0.007915567282322011,0.3192612137203166,2026H1
605580,2026-01-12,0,bull,none,pullback_holds,current_week,0.0712140712140712,0.09824109824109839,0.03732303732303732,-0.002574002574002532,0.287001287001287,2026H1
605580,2026-01-13,1,bull,none,two_day_acceleration,current_week,0.14458333333333329,0.08333333333333326,-0.01749999999999996,-0.008333333333333304,0.25,2026H1
605580,2026-02-09,0,bull,none,two_day_acceleration,current_week,-0.01728395061728405,-0.0341563786008231,-0.10534979423868307,-0.06090534979423867,0.01975308641975304,2026H1
605580,2026-02-26,3,bull,none,pullback_holds,current_week,-0.01626355296080073,-0.0033361134278564464,-0.11926605504587151,-0.06422018348623848,0.033361134278565574,2026H1
605580,2026-02-27,4,bull,none,two_day_acceleration,current_week,-0.02904564315352698,-0.0485477178423237,-0.10622406639004156,-0.06887966804979251,0.02406639004149369,2026H1
605580,2026-03-10,1,bull,none,pullback_holds,current_week,-0.07685774946921442,-0.11974522292993628,-0.0632696390658175,-0.17579617834394912,0.04798301486199574,2026H1
605580,2026-03-11,2,bull,none,two_day_acceleration,current_week,-0.09457236842105265,-0.11472039473684204,-0.11225328947368418,-0.20189144736842102,0.014802631578947345,2026H1
605580,2026-03-12,3,bull,none,pullback_holds,current_week,-0.11293031066330816,-0.11335012594458438,-0.07934508816120911,-0.18513853904282118,0.007556675062972307,2026H1
605399,2025-07-08,1,bull,ma_bull,two_day_acceleration,current_week,0.20946470131885175,0.10473235065942599,0.04965089216446872,-0.031807602792862655,0.43056633048875104,2025H2
605399,2025-08-11,0,bull,ma_bull,shrinking_volume_acceleration,current_week,-0.00875273522975939,0.0,0.004376367614879584,-0.04084609773887682,0.015317286652078765,2025H2
605399,2025-08-12,1,bull,ma_bull,pullback_holds,current_week,0.010286554004408588,0.009551800146950784,0.013960323291697385,-0.033798677443056535,0.022777369581190365,2025H2
605399,2025-08-18,0,bull,ma_bull,pullback_holds,current_week,0.008830022075055233,-0.028697571743929284,-0.023546725533480473,-0.06696100073583522,0.024282560706401668,2025H2
605399,2025-08-19,1,bull,ma_bull,pullback_holds,current_week,-0.0007272727272726875,-0.050181818181818105,-0.03418181818181809,-0.07781818181818179,0.012363636363636354,2025H2
605399,2025-08-22,4,bull,ma_bull,pullback_holds,current_week,-0.052211747643219786,-0.020304568527918843,-0.0819434372733866,-0.08266860043509794,0.005801305293691161,2025H2
605399,2025-09-29,0,bull,none,pullback_holds,current_week,-0.0039525691699605625,0.057707509881423036,0.07035573122529648,-0.04189723320158101,0.08063241106719365,2025H2
605399,2025-10-13,0,bull,none,two_day_acceleration,current_week,0.06796874999999991,0.04218749999999982,0.1171875,-0.032031249999999956,0.06796874999999991,2025H2
605399,2025-10-15,2,bull,none,pullback_holds,current_week,0.048475371383893684,0.03518373729476143,0.11258795934323684,-0.03127443315089917,0.06880375293197805,2025H2
605399,2025-10-22,2,bull,macd_stabilizing,shrinking_volume_acceleration,current_week,-0.007496251874062887,0.025487256371814038,0.32608695652173925,-0.04722638680659663,0.040479760119940034,2025H2
605399,2025-10-23,3,bull,macd_stabilizing,shrinking_volume_acceleration,current_week,-0.026587887740029625,0.0,0.39955686853766603,-0.06129985228951251,0.025110782865583436,2025H2
605399,2025-11-11,1,bull,none,shrinking_volume_acceleration,current_week,0.09387755102040818,0.06530612244897949,0.027891156462585,-0.036054421768707545,0.32380952380952377,2025H2
605399,2026-01-05,0,bull,none,pullback_holds,current_week,0.03279883381924198,-0.001457725947521804,0.04008746355685133,-0.0276967930029155,0.07871720116618075,2026H1
605399,2026-01-06,1,bull,macd_stabilizing,two_day_acceleration,current_week,-0.020552799433026125,0.04748405386250898,0.056697377746279365,-0.05457122608079379,0.06732813607370658,2026H1
605399,2026-01-09,4,bull,none,pullback_holds,current_week,-0.032258064516129115,0.06379928315412187,0.07168458781362008,-0.04372759856630837,0.0795698924731183,2026H1
605399,2026-01-22,3,bull,macd_stabilizing,shrinking_volume_acceleration,current_week,0.05409153952843271,0.02219140083217752,0.12066574202496527,-0.015256588072121935,0.10887656033287096,2026H1
605399,2026-01-23,4,bull,macd_stabilizing,two_day_acceleration,current_week,0.005333333333333412,-0.0033333333333332993,0.05133333333333323,-0.05333333333333323,0.06600000000000006,2026H1
605399,2026-02-12,3,bull,ma_bull,pullback_holds,current_week,0.07304116865869847,0.10491367861885781,-0.06905710491367867,-0.016600265604249653,0.13280212483399723,2026H1
605399,2026-03-11,2,bull,ma_bull,two_day_acceleration,current_week,-0.06956004756242573,-0.13376932223543403,-0.122473246135553,-0.21581450653983358,0.0,2026H1
605399,2026-04-08,2,mid,none,pullback_holds,current_week,0.04410751206064778,0.02136457615437637,-0.019297036526533362,-0.006202618883528577,0.06547208821502415,2026H1
605399,2026-04-09,3,mid,none,pullback_holds,current_week,0.013559322033898313,-0.003389830508474523,-0.05220338983050843,-0.014237288135593107,0.04813559322033911,2026H1
605399,2026-04-13,0,mid,none,two_day_acceleration,current_week,0.0053050397877985045,-0.0053050397877983935,0.009283819628647327,-0.035809018567639184,0.025198938992042397,2026H1
605399,2026-05-20,2,bull,none,two_day_acceleration,current_week,-0.0174193548387096,-0.14193548387096766,-0.11612903225806448,-0.1670967741935484,0.04451612903225821,2026H1
605399,2026-05-22,4,mid,none,shrinking_volume_acceleration,current_week,-0.10546139359698681,-0.18518518518518512,-0.12241054613935964,-0.2303829252981795,0.01443816698053979,2026H1
605399,2026-06-15,0,bull,none,two_day_acceleration,current_week,-0.01877256317689524,0.06064981949458481,-0.18194945848375443,-0.09025270758122739,0.07220216606498187,2026H1
605399,2026-06-16,1,bull,none,two_day_acceleration,current_week,-0.043227665706051854,0.04971181556195958,-0.1938040345821327,-0.09221902017291073,0.08285302593659938,2026H1
605399,2026-06-23,1,bull,none,pullback_holds,current_week,0.1120363361090082,0.09841029523088562,-0.2763058289174868,-0.046177138531415696,0.13777441332323992,2026H1
605399,2026-06-30,1,bull,none,shrinking_volume_acceleration,current_week,-0.015603799185888723,-0.23134328358208955,-0.3371777476255089,-0.24355495251017634,0.019674355495250984,2026H1
603232,2023-06-19,0,mid,none,two_day_acceleration,current_week,-0.15974625144175314,-0.1505190311418685,-0.2076124567474048,-0.17531718569780852,0.025374855824682907,2023H1
603232,2025-04-22,1,mid,none,pullback_holds,current_week,-0.03796507213363709,0.006833712984054552,0.09339407744874717,-0.0721336370539104,0.03264996203492787,2025H1
603232,2025-04-23,2,mid,none,pullback_holds,current_week,-0.02056359482102066,0.045696877380045686,0.08834729626808846,-0.06930693069306937,0.04722010662604714,2025H1
603232,2025-04-30,2,mid,none,pullback_holds,current_week,0.05778120184899849,0.03081664098613257,0.16255778120184905,0.0,0.06548536209553157,2025H1
603232,2025-05-06,1,mid,none,two_day_acceleration,current_week,0.0052238805970148405,0.00746268656716409,0.09552238805970137,-0.022388059701492602,0.03208955223880605,2025H1
603232,2025-05-08,3,bull,none,shrinking_volume_acceleration,current_week,-0.0185459940652819,-0.028931750741839846,0.0956973293768546,-0.03115727002967361,0.02596439169139453,2025H1
603232,2025-05-27,1,mid,none,shrinking_volume_acceleration,current_week,0.016620498614958512,-0.0027700831024930483,0.09556786703601117,-0.020083102493074767,0.09764542936288101,2025H1
603232,2025-06-16,0,bull,none,shrinking_volume_acceleration,current_week,-0.04145408163265296,0.08099489795918369,0.12244897959183687,-0.10778061224489788,0.2104591836734695,2025H1
603232,2025-07-09,2,bull,ma_bull,pullback_holds,current_week,0.019405700424499406,0.04669496664645245,-0.010915706488781263,-0.01758641600970301,0.13159490600363855,2025H2
603232,2025-08-11,0,bull,ma_bull,pullback_holds,current_week,0.008739076154806513,0.02684144818976275,-0.054307116104868824,-0.03995006242197241,0.04431960049937578,2025H2
603232,2025-08-15,4,bull,ma_bull,pullback_holds,current_week,0.03387703889585958,0.012547051442910906,-0.05081555834378915,-0.04579673776662474,0.06022584692597244,2025H2
603232,2025-08-18,0,bull,none,pullback_holds,current_week,0.018575851393188847,-0.0068111455108358365,-0.06501547987616096,-0.058204334365324906,0.04643962848297223,2025H2
603232,2025-08-19,1,bull,none,pullback_holds,current_week,0.030037546933667114,-0.033166458072590665,-0.05068836045056324,-0.04818523153942422,0.05757196495619521,2025H2
603232,2025-08-20,2,bull,none,pullback_holds,current_week,-0.015479876160990558,-0.08049535603715163,-0.05882352941176461,-0.08297213622291011,0.04643962848297223,2025H2
603232,2025-09-16,1,bull,none,pullback_holds,current_week,-0.05019815059445176,-0.017173051519154492,0.060105680317041,-0.07265521796565388,0.02774108322324964,2025H2
603232,2025-09-17,2,bull,none,pullback_holds,current_week,-0.03664921465968585,0.00654450261780104,0.15575916230366493,-0.08115183246073299,0.018324607329842868,2025H2
603232,2025-09-30,1,bull,none,pullback_holds,current_week,0.09048569527611439,0.06786427145708585,0.5449101796407183,-0.04058549567531611,0.17032601463739172,2025H2
603232,2025-10-09,3,bull,none,two_day_acceleration,current_week,0.05526315789473668,0.1618421052631578,0.6802631578947367,-0.051315789473684315,0.1618421052631578,2025H2
603232,2025-12-09,1,mid,ma_bull,pullback_holds,current_week,-0.05427974947807923,-0.07640918580375777,0.017536534446764174,-0.09895615866388296,0.009185803757828959,2025H2
603232,2026-01-06,1,bull,none,two_day_acceleration,current_week,0.06884827879303024,0.009349766255843495,-0.036549086272843145,-0.0055248618784530246,0.1899702507437313,2026H1
603232,2026-01-08,3,bull,none,two_day_acceleration,current_week,0.04581424406497292,-0.017492711370262426,0.04456476468138271,-0.0420658059142025,0.16618075801749255,2026H1
603232,2026-01-16,4,bull,none,shrinking_volume_acceleration,current_week,-0.043601130399676946,-0.06863140896245457,0.06055712555510695,-0.15704481227291078,0.023415421881308074,2026H1
603232,2026-04-09,3,mid,none,pullback_holds,current_week,0.04790721129601616,-0.04790721129601627,-0.01815431164901682,-0.048915784165406095,0.10943015632879471,2026H1
603232,2026-04-10,4,mid,none,shrinking_volume_acceleration,current_week,0.02602040816326512,-0.0653061224489796,0.0020408163265306367,-0.07602040816326538,0.12244897959183665,2026H1
603232,2026-04-14,1,mid,none,two_day_acceleration,current_week,-0.10059990770650662,-0.1739732348869404,-0.12228887863405635,-0.18181818181818188,0.015228426395939021,2026H1
603232,2026-04-27,0,bull,none,shrinking_volume_acceleration,current_week,0.05853658536585371,0.034146341463414664,0.10298102981029822,-0.0401084010840107,0.102439024390244,2026H1
603232,2026-04-30,3,bull,none,two_day_acceleration,current_week,0.034537725823591936,0.0340063761955367,0.19500531349628059,-0.0005313496280553442,0.08076514346439945,2026H1
603232,2026-05-06,2,bull,none,two_day_acceleration,current_week,0.013415892672858698,-0.023735810113518996,0.13983488132094957,-0.02941176470588236,0.049535603715170407,2026H1
603232,2026-05-07,3,bull,none,pullback_holds,current_week,-0.035876705406771014,-0.07933299646286007,0.04042445679636186,-0.07983830217281451,0.027791814047498864,2026H1
603232,2026-05-08,4,bull,none,two_day_acceleration,current_week,-0.0630541871921183,-0.012807881773399088,-0.07980295566502471,-0.1029556650246305,0.0019704433497536034,2026H1
002545,2025-05-06,1,mid,none,shrinking_volume_acceleration,current_week,-0.0064102564102563875,-0.002564102564102555,-0.002564102564102555,-0.017948717948717885,0.008974358974358942,2025H1
002545,2025-05-08,3,bull,none,pullback_holds,current_week,-0.006426735218509005,-0.015424164524421635,0.06426735218508983,-0.019280205655527016,0.014138817480719768,2025H1
002545,2025-05-09,4,bull,none,pullback_holds,current_week,-0.003841229193341955,-0.016645326504481583,0.06786171574903954,-0.023047375160051287,0.010243277848911658,2025H1
002545,2025-05-21,2,bull,ma_bull,pullback_holds,current_week,-0.020539152759948665,0.05263157894736836,0.11810012836970496,-0.03594351732991019,0.07317073170731692,2025H1
002545,2025-06-04,2,bull,ma_bull,two_day_acceleration,current_week,0.08005082592121981,0.09911054637865324,0.16772554002541296,-0.0025412960609910717,0.13595933926302406,2025H1
002545,2025-06-10,1,bull,ma_bull,two_day_acceleration,current_week,0.05588585017835923,0.04042806183115344,0.07609988109393595,-0.00356718192627814,0.06302021403091551,2025H1
002545,2025-06-11,2,bull,ma_bull,shrinking_volume_acceleration,current_week,0.016451233842538215,0.0199764982373678,0.057579318448883754,0.0,0.05052878965922436,2025H1
002545,2025-06-12,3,bull,ma_bull,two_day_acceleration,current_week,-0.003432494279176135,-0.0022883295194507935,0.041189931350114284,-0.0240274599542335,0.022883295194507935,2025H1
002545,2025-06-24,1,bull,ma_bull,pullback_holds,current_week,0.044571428571428706,0.034285714285714475,0.15885714285714303,-0.01828571428571435,0.058285714285714274,2025H1
002545,2025-06-27,4,bull,ma_bull,pullback_holds,current_week,0.03075170842824626,0.07630979498861068,0.12870159453302965,-0.003416856492027276,0.10022779043280194,2025H1
002545,2025-06-30,0,bull,ma_bull,shrinking_volume_acceleration,current_week,0.013452914798206317,0.07847533632287007,0.11210762331838575,-0.0022421524663677195,0.094170403587444,2025H1
002545,2025-07-01,1,bull,ma_bull,two_day_acceleration,current_week,-0.009846827133479175,0.06126914660831506,0.07439824945295404,-0.021881838074398363,0.08315098468271342,2025H2
002545,2025-07-24,3,bull,ma_bull,shrinking_volume_acceleration,current_week,-0.02195608782435121,-0.027944111776447067,-0.011976047904191489,-0.04291417165668665,0.011976047904191711,2025H2
002545,2025-07-25,4,bull,ma_bull,pullback_holds,current_week,-0.02320887991927345,0.0010090817356205317,0.0020181634712410634,-0.03229061553985879,0.013118062563067578,2025H2
002545,2025-07-28,0,bull,ma_bull,pullback_holds,current_week,-0.02318548387096775,0.002016129032258007,-0.005040322580645018,-0.03326612903225812,0.010080645161290258,2025H2
002545,2025-08-06,2,bull,ma_bull,pullback_holds,current_week,0.007099391480730244,-0.007099391480730022,0.049695740365111485,-0.02941176470588225,0.02941176470588247,2025H2
002545,2025-08-12,1,bull,ma_bull,shrinking_volume_acceleration,current_week,-0.04851485148514856,0.02970297029702973,0.21782178217821802,-0.05247524752475241,0.035643564356435675,2025H2
002545,2025-08-13,2,bull,ma_bull,pullback_holds,current_week,-0.013104838709677269,-0.003024193548387011,0.22983870967741948,-0.035282258064516125,0.05443548387096775,2025H2
002545,2025-08-15,4,bull,ma_bull,pullback_holds,current_week,-0.001006036217303774,0.02213279678068414,0.4014084507042255,-0.037223340040241415,0.05231388329979891,2025H2
002545,2025-09-03,2,bull,ma_bull,shrinking_volume_acceleration,current_week,0.1810261374636981,0.35333978702807367,0.32526621490803476,-0.03484995159728943,0.436592449177154,2025H2
002545,2025-10-17,4,mid,ma_bull,pullback_holds,current_week,0.021428571428571574,0.2607142857142859,0.1971428571428573,-0.0535714285714286,0.355,2025H2
002545,2025-10-30,3,bull,ma_bull,shrinking_volume_acceleration,current_week,-0.029909706546275228,-0.03216704288939032,-0.028216704288939076,-0.08295711060948074,0.07054176072234752,2025H2
002545,2025-12-25,3,bull,ma_bull,pullback_holds,current_week,0.11129848229342332,0.14109050028105696,0.6587970770095561,-0.017987633501967415,0.24002248454187747,2025H2
002545,2025-12-30,1,bull,ma_bull,shrinking_volume_acceleration,current_week,0.1385444743935309,0.23288409703504054,0.500808625336927,-0.0345013477088949,0.23288409703504054,2025H2
002545,2026-01-09,4,bull,ma_bull,shrinking_volume_acceleration,current_week,0.068075117370892,0.36150234741784026,0.2544600938967134,-0.05211267605633796,0.40469483568075115,2026H1
002545,2026-02-27,4,bull,ma_bull,shrinking_volume_acceleration,current_week,0.04321209938782866,-0.01368383147281238,-0.185812027367663,-0.07346056895930853,0.11271155923658638,2026H1
002545,2026-04-09,3,mid,none,pullback_holds,current_week,-0.013626373626373534,-0.03956043956043953,0.11516483516483511,-0.08791208791208793,0.024175824175824312,2026H1
002545,2026-04-10,4,mid,none,pullback_holds,current_week,-0.04288240495137041,0.0013262599469496816,0.1450044208664898,-0.08267020335985853,0.02564102564102555,2026H1
002545,2026-04-13,0,mid,none,shrinking_volume_acceleration,current_week,-0.048471615720524164,0.04890829694323129,0.09563318777292573,-0.09388646288209612,0.08122270742358073,2026H1
002545,2026-04-20,0,bull,none,shrinking_volume_acceleration,current_week,0.10335323840146993,0.1662838768948094,0.05098759761139182,-0.011024345429490046,0.17501148369315578,2026H1
002545,2026-04-22,2,bull,none,pullback_holds,current_week,0.09361135758651296,0.0505767524401064,-0.00044365572315874235,-0.04480922803904164,0.1446317657497782,2026H1
002545,2026-04-29,2,bull,none,shrinking_volume_acceleration,current_week,-0.05657370517928295,-0.03585657370517936,-0.1254980079681276,-0.08366533864541836,0.06573705179282863,2026H1
002545,2026-05-27,2,mid,none,pullback_holds,current_week,-0.09995764506565008,-0.17238458280389668,-0.24354087251164758,-0.1889030072003387,0.016518424396442244,2026H1
002576,2023-03-01,2,bull,ma_bull,two_day_acceleration,current_week,0.09310344827586214,-0.1039408866995074,-0.0945812807881774,-0.11428571428571432,0.10837438423645307,2023H1
002576,2023-03-02,3,bull,ma_bull,pullback_holds,current_week,0.02766990291262128,-0.13495145631067962,-0.0873786407766991,-0.1441747572815535,0.09223300970873782,2023H1
002576,2023-03-08,2,mid,ma_bull,shrinking_volume_acceleration,current_week,-0.1731818181818181,-0.14909090909090916,-0.17636363636363628,-0.19863636363636372,0.022272727272727444,2023H1
002576,2023-03-27,0,mid,none,shrinking_volume_acceleration,current_week,-0.004237288135593098,-0.07838983050847437,-0.16472457627118642,-0.10169491525423724,0.015360169491525522,2023H1
002576,2023-04-10,0,bull,none,two_day_acceleration,current_week,-0.06907717215326503,-0.11548839719373993,-0.10037776578521318,-0.13653534808418788,0.0005396654074472096,2023H1
002576,2023-05-11,3,mid,none,pullback_holds,current_week,0.051204819277108404,0.026506024096385472,-0.055421686746988,-0.006024096385542244,0.11265060240963831,2023H1
002576,2023-06-13,1,mid,none,pullback_holds,current_week,0.05405405405405417,0.14114114114114118,0.25285285285285286,-0.01501501501501501,0.14114114114114118,2023H1
002576,2023-06-20,1,mid,none,two_day_acceleration,current_week,0.08882521489971351,0.1684813753581662,0.05214899713467047,-0.04699140401146129,0.2796561604584529,2023H1
002576,2024-01-02,1,mid,none,pullback_holds,current_week,-0.022941176470588243,-0.04294117647058826,-0.19352941176470584,-0.06470588235294117,0.04235294117647048,2024H1
002576,2024-01-04,3,mid,none,two_day_acceleration,current_week,-0.02507288629737625,-0.09329446064139946,-0.2664723032069972,-0.1253644314868806,0.011661807580174877,2024H1
002576,2025-05-16,4,bull,none,two_day_acceleration,current_week,-0.021406727828746308,0.003669724770642091,-0.010397553516819702,-0.024464831804281384,0.10825688073394502,2025H1
002576,2025-05-21,2,bull,macd_cross,two_day_acceleration,current_week,-0.013181545835829978,-0.02456560814859199,-0.07249850209706421,-0.043738765727980855,0.08568004793289385,2025H1
002576,2025-06-25,2,bull,ma_bull,pullback_holds,current_week,0.01907692307692299,0.025846153846153852,0.06769230769230772,-0.007999999999999896,0.04615384615384621,2025H1
002576,2025-06-26,3,bull,ma_bull,pullback_holds,current_week,0.024600246002459913,0.0159901599015988,0.06396063960639609,-0.008610086100861003,0.04551045510455087,2025H1
002576,2025-06-27,4,bull,ma_bull,shrinking_volume_acceleration,current_week,0.0012232415902140303,0.007339449541284182,0.05932721712538225,-0.007339449541284515,0.039755351681957096,2025H1
002576,2025-06-30,0,bull,ma_bull,two_day_acceleration,current_week,0.004851425106124907,0.018799272286234014,0.04305639781685855,-0.01576713159490606,0.030927835051546282,2025H1
002576,2025-07-02,2,bull,ma_bull,shrinking_volume_acceleration,current_week,0.005428226779252032,0.019300361881785078,0.001809408926417122,-0.021109770808202755,0.02533172496984304,2025H2
002576,2025-07-03,3,bull,ma_bull,two_day_acceleration,current_week,-0.010778443113772407,0.01736526946107797,-0.0119760479041916,-0.028143712574850266,0.017964071856287456,2025H2
002576,2025-07-04,4,bull,ma_bull,pullback_holds,current_week,0.008573178199632325,0.037354562155542004,0.02143294549908137,-0.006123698714023407,0.04837721984078369,2025H2
002576,2025-07-07,0,bull,none,shrinking_volume_acceleration,current_week,0.010830324909747224,0.04632972322503015,0.02767749699157651,-0.019855595667870096,0.0824308062575212,2025H2
002576,2025-07-10,3,bull,none,pullback_holds,current_week,0.032199270959902826,0.051032806804374164,0.07108140947752117,-0.010328068043742533,0.15188335358444705,2025H2
002576,2025-07-11,4,bull,none,pullback_holds,current_week,0.02666666666666684,0.049696969696969795,0.06666666666666665,-0.009090909090909038,0.14909090909090916,2025H2
002576,2025-07-14,0,bull,none,two_day_acceleration,current_week,0.034503271861987095,0.023200475907198204,0.046400951814396185,-0.01844140392623428,0.1279000594883999,2025H2
002576,2025-07-15,1,bull,none,pullback_holds,current_week,0.07462686567164178,0.014328358208955283,0.05253731343283574,-0.006567164179104412,0.1319402985074627,2025H2
002576,2025-07-16,2,bull,none,shrinking_volume_acceleration,current_week,0.02662721893491149,-0.017159763313609466,0.050295857988165826,-0.025443786982248473,0.1218934911242604,2025H2
002576,2025-07-25,4,bull,ma_bull,pullback_holds,current_week,-0.037507212925562694,0.015579919215233717,0.10732833237160988,-0.04962492787074457,0.022504327755337394,2025H2
002576,2025-08-04,0,bull,ma_bull,two_day_acceleration,current_week,0.02326934264107039,0.11751018033740546,0.09714950552646884,-0.006980802792321161,0.13321698662012782,2025H2
002576,2025-09-08,0,bull,ma_bull,pullback_holds,current_week,-0.02127659574468077,-0.019680851063829885,-0.08085106382978724,-0.03191489361702138,0.039893617021276695,2025H2
002576,2025-09-09,1,bull,ma_bull,pullback_holds,current_week,0.01820128479657379,-0.025160599571734443,-0.03907922912205575,-0.05513918629550307,0.04657387580299788,2025H2
002576,2025-09-11,3,bull,ma_bull,pullback_holds,current_week,0.0053050397877982824,-0.04190981432360752,-0.0976127320954907,-0.06366047745358083,0.037135278514588865,2025H2
002576,2025-09-18,3,mid,ma_bull,pullback_holds,current_week,-0.04190981432360752,-0.0557029177718833,-0.03183023872679047,-0.06366047745358083,0.008488063660477385,2025H2
002576,2025-09-29,0,bull,ma_bull,shrinking_volume_acceleration,current_week,-0.061379684953829394,-0.030961434003259125,-0.00869092884302014,-0.09234111895708852,0.0,2025H2
002576,2025-10-22,2,bull,macd_stabilizing,pullback_holds,current_week,0.013804527885146411,0.019326339039204887,-0.04472667034787403,-0.014356709000552081,0.03589177250138054,2025H2
002576,2025-10-31,4,bull,none,pullback_holds,current_week,0.001088139281828271,-0.024483133841131655,-0.06964091403699657,-0.04080522306855283,0.020674646354733595,2025H2
002576,2025-11-03,0,bull,none,two_day_acceleration,current_week,-0.03571428571428581,-0.044243070362473436,-0.08582089552238803,-0.06023454157782526,0.0,2025H2
002576,2025-11-05,2,bull,none,pullback_holds,current_week,-0.03513513513513511,-0.06486486486486487,-0.08918918918918917,-0.07243243243243247,0.010270270270270387,2025H2
002576,2025-11-06,3,bull,none,pullback_holds,current_week,-0.03619665045921128,-0.07023230686115611,-0.09292274446245286,-0.07509454349000544,0.00972447325769843,2025H2
002576,2025-11-07,4,bull,none,pullback_holds,current_week,-0.02923659989171623,-0.11748781808337838,-0.05847319978343246,-0.12181916621548461,0.0,2025H2
002576,2025-12-19,4,mid,none,pullback_holds,current_week,0.00890736342042775,0.030285035629453727,0.08372921615201911,-0.02494061757719701,0.04513064133016642,2025H2
002576,2025-12-25,3,bull,none,two_day_acceleration,current_week,0.012857977790765807,0.030976037405026302,0.06779661016949157,-0.016949152542372836,0.03272939801285801,2025H2
002576,2025-12-26,4,bull,none,pullback_holds,current_week,0.020588235294117796,0.030588235294117583,0.06352941176470606,-0.010588235294117676,0.04117647058823515,2025H2
002576,2025-12-29,0,bull,none,shrinking_volume_acceleration,current_week,0.006425233644859807,0.016355140186915973,0.03855140186915884,-0.009929906542056166,0.035630841121495394,2025H2
002576,2025-12-30,1,bull,none,two_day_acceleration,current_week,-0.004006868918145168,0.010303377218088272,-0.005724098454493287,-0.017744705208929568,0.014882655981683035,2025H2
002576,2026-01-12,0,bull,none,two_day_acceleration,current_week,0.04918032786885229,0.032786885245901454,0.028264556246466954,-0.029960429621255003,0.05992085924250978,2026H1
002576,2026-01-13,1,bull,none,pullback_holds,current_week,0.03575482406356412,0.026106696935300766,0.055618615209988675,-0.026106696935300877,0.06413166855845631,2026H1
002576,2026-01-15,3,bull,none,shrinking_volume_acceleration,current_week,0.04532577903682711,-0.015864022662889554,0.05552407932011305,-0.020963172804532637,0.06232294617563716,2026H1
002576,2026-01-16,4,bull,none,two_day_acceleration,current_week,0.026111111111110974,-0.011111111111111072,0.03944444444444439,-0.039999999999999925,0.04166666666666674,2026H1
002576,2026-01-19,0,bull,macd_cross,two_day_acceleration,current_week,-0.012432432432432416,-0.04378378378378367,0.024864864864864833,-0.06594594594594594,0.004324324324324502,2026H1
002576,2026-01-21,2,bull,none,shrinking_volume_acceleration,current_week,-0.03264417845484213,-0.013057671381936808,0.0337323177366704,-0.05984766050054391,0.010881392818280933,2026H1
002576,2026-02-03,1,mid,none,pullback_holds,current_week,0.0379464285714286,0.04352678571428559,0.0926339285714286,-0.0228794642857143,0.0647321428571428,2026H1
002576,2026-02-04,2,mid,none,pullback_holds,current_week,0.03803748621830216,0.047409040793825685,0.05678059536934965,-0.03472987872105837,0.051819184123484074,2026H1
002576,2026-02-06,4,mid,none,pullback_holds,current_week,0.028021978021978144,0.05384615384615388,0.0483516483516484,-0.01098901098901095,0.12087912087912112,2026H1
002576,2026-02-13,4,mid,none,shrinking_volume_acceleration,current_week,0.019128586609989284,0.013283740701381497,-0.06535600425079702,-0.03825717321997868,0.08395324123273129,2026H1
002576,2026-02-24,1,bull,ma_bull,two_day_acceleration,current_week,-0.03428270042194104,0.02215189873417711,-0.03322784810126578,-0.04535864978902948,0.07594936708860756,2026H1
002576,2026-02-26,3,bull,ma_bull,shrinking_volume_acceleration,current_week,0.0015873015873013596,0.014285714285714235,-0.01957671957671958,-0.042328042328042326,0.0793650793650793,2026H1
002576,2026-04-08,2,mid,macd_stabilizing,pullback_holds,current_week,0.01571815718157188,0.005962059620596261,0.039024390243902474,-0.0119241192411923,0.047154471544715415,2026H1
002576,2026-04-09,3,mid,macd_stabilizing,pullback_holds,current_week,0.017213555675094083,0.004303388918773576,0.019365250134480982,-0.01559978483055402,0.03926842388380858,2026H1
002576,2026-04-10,4,mid,macd_stabilizing,pullback_holds,current_week,0.033134166214014105,-0.005975013579576305,0.041825095057034245,-0.023356871265616475,0.049429657794676896,2026H1
002576,2026-04-14,1,mid,none,two_day_acceleration,current_week,-0.020440251572327095,-0.031970649895178394,-0.006813417190775772,-0.06656184486373184,0.012578616352201255,2026H1
002576,2026-04-16,3,mid,none,shrinking_volume_acceleration,current_week,-0.009023354564755781,-0.01645435244161353,0.018046709129511562,-0.05467091295116777,0.02547770700636942,2026H1
002576,2026-04-27,0,bull,none,pullback_holds,current_week,0.03378746594005433,0.007629427792915644,0.011444141689373133,-0.0010899182561308063,0.0681198910081744,2026H1
002576,2026-04-28,1,bull,none,pullback_holds,current_week,0.04392624728850314,0.02765726681127978,-0.09436008676789598,-0.002169197396963085,0.06290672451193058,2026H1
002576,2026-04-29,2,bull,macd_stabilizing,pullback_holds,current_week,0.022400000000000198,0.022400000000000198,-0.08799999999999997,-0.017066666666666674,0.04533333333333345,2026H1
002576,2026-04-30,3,bull,none,pullback_holds,current_week,0.01174586225306995,0.024025627335824806,-0.12386545648691938,-0.016017084890549982,0.04644954618259489,2026H1
002576,2026-05-08,4,bull,ma_bull,two_day_acceleration,current_week,-0.022187822497420018,0.013931888544891802,-0.16150670794633637,-0.0706914344685241,0.015479876160990669,2026H1
002576,2026-05-19,1,bull,ma_bull,pullback_holds,current_week,0.052604166666666785,-0.14531249999999996,-0.16093749999999996,-0.1572916666666666,0.05989583333333348,2026H1
002576,2026-05-20,2,bull,ma_bull,pullback_holds,current_week,-0.01033591731266148,-0.1684754521963825,-0.18914728682170556,-0.17881136950904397,0.05167958656330751,2026H1
688291,2025-06-03,1,bull,none,pullback_holds,current_week,-0.018793706293706247,0.43138111888111896,0.30594405594405605,-0.029720279720279685,0.5812937062937062,2025H1
688291,2025-06-04,2,bull,none,pullback_holds,current_week,-0.010600706713780883,0.49823321554770317,0.3127208480565371,-0.019434628975265045,0.5980565371024735,2025H1
688291,2025-06-05,3,bull,none,pullback_holds,current_week,-0.010078878177037676,0.5740578439964943,0.35100788781770387,-0.02716914986853647,0.5977212971078001,2025H1
688291,2025-06-06,4,bull,none,pullback_holds,current_week,0.18280977312390911,0.4105584642233855,0.419284467713787,-0.03141361256544517,0.6103839441535777,2025H1
688291,2025-08-28,3,bull,ma_bull,shrinking_volume_acceleration,current_week,-0.10224999999999995,-0.08224999999999993,-0.10250000000000004,-0.14,0.13975000000000004,2025H2
688291,2025-09-17,2,bull,ma_bull,two_day_acceleration,current_week,-0.025401069518716457,-0.06737967914438492,-0.143048128342246,-0.0919786096256684,0.03609625668449201,2025H2
688291,2025-10-13,0,bull,none,shrinking_volume_acceleration,current_week,-0.06081871345029255,-0.023391812865497186,-0.09619883040935684,-0.08011695906432759,0.009356725146198785,2025H2
688291,2026-04-13,0,mid,none,shrinking_volume_acceleration,current_week,0.050084684248729694,0.03411565448826526,0.15678683764819756,-0.0128236148076456,0.07137672392934924,2026H1
688291,2026-04-16,3,mid,none,shrinking_volume_acceleration,current_week,0.006578947368421018,0.08505639097744355,0.25986842105263164,-0.017857142857142794,0.09351503759398483,2026H1
688291,2026-04-22,2,bull,none,shrinking_volume_acceleration,current_week,0.027324913892077918,0.12491389207807102,0.2578645235361652,-0.04018369690011481,0.1676234213547645,2026H1
688291,2026-04-28,1,bull,none,pullback_holds,current_week,0.13307285681452563,0.1578947368421053,0.0889450700988279,-0.01631808779590882,0.23098138358997944,2026H1
688291,2026-06-16,1,bull,ma_bull,pullback_holds,current_week,0.2397979797979799,0.14848484848484844,-0.03979797979797972,-0.019393939393939408,0.2909090909090908,2026H1
688291,2026-08-21,4,mid,none,pullback_holds,current_week,-0.062093023255814006,0.001162790697674554,,-0.08883720930232564,0.040000000000000036,2026H2
002117,2023-03-03,4,bull,ma_bull,pullback_holds,current_week,-0.06554121151936443,-0.06852035749751728,-0.02581926514399202,-0.10029791459781523,0.0,2023H1
002117,2023-03-21,1,mid,ma_bull,shrinking_volume_acceleration,current_week,0.03477344573234986,0.017913593256059013,0.04425711275026334,-0.009483667017913588,0.08008429926238136,2023H1
002117,2023-03-24,4,mid,ma_bull,two_day_acceleration,current_week,-0.022908366533864633,-0.06374501992031878,-0.06374501992031878,-0.07470119521912355,0.021912350597609542,2023H1
002117,2023-04-13,3,bull,ma_bull,two_day_acceleration,current_week,0.03149606299212593,-0.1555118110236221,-0.15354330708661423,-0.17716535433070868,0.03740157480314976,2023H1
002117,2023-05-09,1,bull,none,pullback_holds,current_week,-0.0662323561346364,-0.05211726384364823,0.03148751357220414,-0.0684039087947883,0.018458197611292082,2023H1
002117,2023-05-10,2,mid,none,shrinking_volume_acceleration,current_week,-0.045951859956236296,-0.04266958424507661,0.07111597374179435,-0.06126914660831517,0.00875273522975939,2023H1
002117,2023-05-22,0,mid,none,pullback_holds,current_week,-0.00891861761426982,0.0624303232998884,0.13266443701226294,-0.053511705685618804,0.06688963210702337,2023H1
002117,2023-06-19,0,mid,none,two_day_acceleration,current_week,-0.06796116504854377,0.0902912621359222,0.028155339805825186,-0.08349514563106808,0.1640776699029125,2023H1
002117,2023-07-25,1,mid,ma_bull,two_day_acceleration,current_week,-0.061302681992337016,-0.04693486590038298,-0.07375478927203061,-0.08237547892720298,0.005747126436781658,2023H2
002117,2023-07-31,0,bull,ma_bull,shrinking_volume_acceleration,current_week,0.0,-0.01816347124117046,-0.08274470232088804,-0.04439959636730573,0.020181634712411523,2023H2
002117,2023-08-07,0,bull,none,pullback_holds,current_week,-0.01717171717171717,-0.05555555555555558,-0.02929292929292937,-0.06565656565656564,0.021212121212121016,2023H2
002117,2023-08-08,1,bull,none,pullback_holds,current_week,-0.028397565922920864,-0.01926977687626774,-0.02738336713995937,-0.06186612576064898,0.008113590263691739,2023H2
002117,2023-09-06,2,mid,none,shrinking_volume_acceleration,current_week,-0.07723995880535528,-0.11534500514933066,-0.07209062821833168,-0.11740473738414015,0.006179196704428236,2023H2
002117,2025-02-21,4,bull,ma_bull,shrinking_volume_acceleration,current_week,-0.09943582510578286,-0.026798307475317307,-0.030324400564174847,-0.11565585331452743,0.06346967559943595,2025H1
002117,2025-05-08,3,bull,none,shrinking_volume_acceleration,current_week,-0.06765676567656764,-0.10561056105610567,-0.11716171617161719,-0.10808580858085814,0.0,2025H1
002117,2025-06-03,1,bull,none,pullback_holds,current_week,0.0037914691943126133,0.08625592417061623,0.10047393364928903,-0.009478672985781977,0.11848341232227488,2025H1
002117,2025-06-04,2,bull,none,pullback_holds,current_week,-0.0037488284910964786,0.04592314901593264,0.07591377694470491,-0.020618556701030855,0.10590440487347719,2025H1
002117,2025-06-05,3,bull,none,two_day_acceleration,current_week,-0.008137432188065064,-0.019891500904159143,0.029837251356238603,-0.05515370705244116,0.06690777576853524,2025H1
002117,2025-06-06,4,bull,none,pullback_holds,current_week,0.044776119402985204,0.041977611940298365,0.06156716417910446,-0.025186567164179108,0.10074626865671643,2025H1
002117,2025-06-09,0,bull,none,pullback_holds,current_week,0.0847145488029466,0.05340699815837935,0.05156537753222845,-0.03775322283609561,0.08655616942909772,2025H1
002117,2025-06-12,3,bull,none,two_day_acceleration,current_week,-0.0278026905829597,0.0717488789237668,0.03228699551569503,-0.036771300448430466,0.10134529147982074,2025H1
002117,2025-06-24,1,bull,none,two_day_acceleration,current_week,-0.0059931506849315586,-0.006849315068493178,0.03510273972602751,-0.03852739726027388,0.03510273972602751,2025H1
002117,2025-06-26,3,bull,none,two_day_acceleration,current_week,-0.05004170141784814,-0.04003336113427858,0.007506255212677226,-0.06338615512927437,0.008340283569641338,2025H1
002117,2025-07-08,1,bull,none,pullback_holds,current_week,-0.020725388601036343,0.04404145077720201,0.032815198618307395,-0.02590673575129543,0.09240069084628666,2025H2
002117,2025-07-10,3,bull,none,pullback_holds,current_week,0.0703735881841876,0.049522154648132144,0.04691572545612521,-0.019982623805386623,0.09904430929626407,2025H2
002117,2025-07-11,4,bull,none,pullback_holds,current_week,0.049700085689802886,0.041988003427592124,0.06341045415595548,-0.033419023136246784,0.08397600685518425,2025H2
002117,2025-07-28,0,bull,macd_cross,pullback_holds,current_week,-0.023712183156173405,0.0245298446443174,0.1242845461978741,-0.04824202780049058,0.06623058053965658,2025H2
002117,2025-08-25,0,bull,ma_bull,shrinking_volume_acceleration,current_week,-0.05963636363636371,-0.12436363636363634,-0.15781818181818186,-0.1621818181818182,0.0,2025H2
002117,2025-12-08,0,bull,none,two_day_acceleration,current_week,0.00840978593272168,-0.002293577981651307,-0.08639143730886845,-0.02981651376146799,0.051223241590214075,2025H2
002117,2025-12-09,1,mid,none,shrinking_volume_acceleration,current_week,-0.012112036336109022,-0.022710068130204486,-0.08554125662376988,-0.039364118092354405,0.04087812263436774,2025H2
002117,2025-12-25,3,bull,ma_bull,two_day_acceleration,current_week,-0.08130081300813019,-0.06356245380635628,-0.12342941611234304,-0.12195121951219512,0.06799704360679959,2025H2
002117,2026-02-03,1,mid,none,pullback_holds,current_week,0.018851756640959838,0.00856898029134534,-0.03856041131105392,-0.014567266495287057,0.023136246786632286,2026H1
002117,2026-02-04,2,mid,none,pullback_holds,current_week,0.01807228915662651,0.01032702237521499,-0.033562822719449326,-0.010327022375215211,0.02753872633390686,2026H1
002117,2026-02-05,3,mid,none,pullback_holds,current_week,0.012964563526361328,0.01987899740708743,-0.04753673292999139,-0.006050129645635338,0.03197925669835766,2026H1
002117,2026-02-06,4,mid,none,pullback_holds,current_week,-0.005110732538330498,-0.029812606473594516,-0.047700170357751315,-0.03407155025553665,0.017035775127768327,2026H1
002117,2026-02-09,0,bull,none,pullback_holds,current_week,-0.00932994062765069,-0.07379134860050895,-0.06022052586938087,-0.07379134860050895,0.012722646310432406,2026H1
002117,2026-02-10,1,bull,none,pullback_holds,current_week,-0.010924369747899232,-0.0714285714285714,-0.055462184873949605,-0.09411764705882364,0.003361344537815114,2026H1
002117,2026-02-11,2,bull,none,pullback_holds,current_week,-0.0076077768385460764,-0.059171597633136064,-0.07185122569737956,-0.08875739644970415,0.0033812341504650956,2026H1
002117,2026-03-16,0,mid,none,pullback_holds,current_week,-0.10625000000000007,-0.07232142857142865,-0.10357142857142854,-0.11250000000000016,0.011607142857142705,2026H1
688501,2023-04-13,3,bull,none,pullback_holds,current_week,0.011149228130360234,0.045454545454545414,0.1449399656946826,-0.09176672384219553,0.08490566037735858,2023H1
688501,2025-05-19,0,bull,ma_bull,two_day_acceleration,current_week,-0.005110732538330609,0.011925042589437718,-0.059965928449744466,-0.05383304940374789,0.0347529812606473,2025H1
688501,2025-05-20,1,bull,ma_bull,shrinking_volume_acceleration,current_week,-0.06657833719774764,-0.00662471016893007,-0.06492215965551507,-0.08015899304405438,0.005962239152037085,2025H1
688501,2025-06-06,4,bull,ma_bull,shrinking_volume_acceleration,current_week,-0.06247944755014789,-0.1266030910884577,-0.09898059848733964,-0.13909898059848735,0.0608352515619861,2025H1
688501,2025-06-23,0,bull,ma_bull,shrinking_volume_acceleration,current_week,0.02164343360234766,0.015040352164343407,-0.00843727072633893,-0.01687454145267797,0.055759354365370495,2025H1
688501,2025-06-24,1,bull,ma_bull,two_day_acceleration,current_week,-0.0017825311942959443,0.00855614973262031,-0.045632798573975064,-0.0445632798573975,0.026024955436720232,2025H1
688501,2025-07-07,0,bull,none,pullback_holds,current_week,0.07878568847126854,-0.023129743404409098,0.011926273942898469,-0.03939284423563427,0.09504878930249361,2025H2
688501,2025-07-08,1,bull,none,two_day_acceleration,current_week,-0.014685314685314754,-0.063986013986014,0.027622377622377625,-0.07062937062937058,0.05944055944055937,2025H2
688501,2025-07-10,3,bull,none,pullback_holds,current_week,-0.04341637010676169,-0.07686832740213523,0.03736654804270456,-0.08113879003558722,0.07829181494661919,2025H2
688501,2025-07-11,4,bull,none,pullback_holds,current_week,-0.03962870403427343,-0.05390931810067834,0.058907533023919934,-0.08068546947518751,0.08175651553016783,2025H2
688501,2025-07-28,0,bull,none,pullback_holds,current_week,0.05263157894736836,0.17368421052631589,0.17255639097744369,-0.027819548872180522,0.20300751879699241,2025H2
688501,2025-08-07,3,bull,none,shrinking_volume_acceleration,current_week,0.055478980013783596,0.0796002756719505,-0.01964162646450729,-0.004135079255685681,0.12680909717436273,2025H2
688501,2025-08-08,4,bull,none,shrinking_volume_acceleration,current_week,0.036577181208053755,0.04765100671140954,-0.01744966442953022,-0.004697986577181235,0.09731543624161088,2025H2
688501,2025-08-13,2,bull,ma_bull,shrinking_volume_acceleration,current_week,0.0410737386804656,0.03492884864165591,-0.054980595084088035,-0.020051746442432128,0.06532988357050429,2025H2
688501,2025-08-15,4,bull,ma_bull,shrinking_volume_acceleration,current_week,0.010029116790682746,0.028146230993206123,-0.06211582012293748,-0.03591070850857325,0.06696861857004222,2025H2
688501,2025-08-22,4,bull,ma_bull,pullback_holds,current_week,0.017937219730941756,-0.062139654067905226,-0.10377962844330568,-0.10313901345291487,0.05637411915438828,2025H2
688501,2025-08-29,4,bull,ma_bull,pullback_holds,current_week,-0.05973025048169556,-0.06904303147077706,-0.11817597944765579,-0.100834938985228,0.019267822736030782,2025H2
688501,2025-10-27,0,bull,none,pullback_holds,current_week,-0.051975792096831674,-0.028835884656461364,0.006051975792096931,-0.10573157707369163,0.003559985760057005,2025H2
688501,2025-10-28,1,bull,none,pullback_holds,current_week,-0.0759539236861051,-0.04031677465802741,0.025557955363570972,-0.09575233981281495,0.014758819294456549,2025H2
688501,2025-10-29,2,bull,none,pullback_holds,current_week,-0.06285714285714283,-0.04607142857142854,0.014285714285714457,-0.10285714285714287,0.0,2025H2
688501,2025-11-11,1,bull,none,pullback_holds,current_week,0.011545623836126673,0.06108007448789565,-0.03910614525139666,-0.0219739292364991,0.09683426443202969,2025H2
688501,2025-11-12,2,bull,none,pullback_holds,current_week,0.07097733184689714,0.055369751021925095,-0.049795615013006334,-0.023039762170196987,0.09438870308435532,2025H2
688501,2025-11-13,3,bull,none,pullback_holds,current_week,0.08863636363636362,0.06893939393939386,-0.04053030303030303,-0.004166666666666763,0.11553030303030298,2025H2
688501,2025-11-14,4,bull,none,pullback_holds,current_week,0.02800597460791643,0.041822255414488474,-0.07356235997012694,-0.018297236743838763,0.09970126960418213,2025H2
688501,2025-11-17,0,mid,none,pullback_holds,current_week,0.047054464616524516,0.006669136717302626,-0.07669507224898109,-0.024824008892182392,0.09114486846980352,2025H2
688501,2025-11-18,1,mid,none,pullback_holds,current_week,0.05323475046210735,-0.021811460258780002,-0.12680221811460257,-0.025138632162661767,0.08872458410351203,2025H2
688660,2025-02-10,0,mid,ma_bull,shrinking_volume_acceleration,current_week,-0.01187648456057,-0.013064133016627011,0.009501187648456089,-0.0558194774346793,0.07600950118764849,2025H1
688660,2025-02-13,3,bull,ma_bull,pullback_holds,current_week,-0.01529411764705868,-0.024705882352941022,-0.03529411764705892,-0.06470588235294117,0.021176470588235352,2025H1
688660,2025-03-05,2,bull,none,pullback_holds,current_week,-0.0011918951132300348,0.009535160905840279,-0.09773539928486297,-0.03218116805721094,0.05721096543504167,2025H1
688660,2025-03-06,3,bull,none,pullback_holds,current_week,-0.023809523809523947,0.030952380952380842,-0.11547619047619051,-0.033333333333333215,0.055952380952380976,2025H1
688660,2025-03-07,4,bull,none,pullback_holds,current_week,0.014634146341463428,0.05853658536585371,-0.2756097560975609,-0.009756097560975396,0.10121951219512204,2025H1
688660,2025-03-12,2,bull,none,pullback_holds,current_week,0.01558752997601931,-0.005995203836930307,-0.22062350119904073,-0.027577937649880147,0.08273381294964022,2025H1
688660,2025-03-14,4,bull,none,pullback_holds,current_week,0.042016806722688926,-0.03601440576230497,-0.16926770708283312,-0.03601440576230497,0.08403361344537807,2025H1
688660,2025-03-17,0,bull,none,pullback_holds,current_week,-0.017709563164108655,-0.11924439197166481,-0.1924439197166471,-0.1310507674144038,0.06611570247933862,2025H1
688660,2025-03-19,2,bull,none,pullback_holds,current_week,-0.024705882352941022,-0.10941176470588232,-0.20470588235294118,-0.13411764705882345,0.0623529411764705,2025H1
688660,2025-03-20,3,bull,none,two_day_acceleration,current_week,-0.04181184668989546,-0.1370499419279907,-0.181184668989547,-0.1544715447154471,0.04878048780487809,2025H1
688660,2025-04-23,2,mid,none,pullback_holds,current_week,0.09604519774011289,0.08757062146892647,0.20480225988700562,-0.0014124293785310327,0.20903954802259883,2025H1
688660,2025-05-08,3,bull,none,shrinking_volume_acceleration,current_week,-0.04214559386973182,0.03831417624521083,0.07662835249042144,-0.04980842911877392,0.05874840357598998,2025H1
688660,2025-05-19,0,bull,none,two_day_acceleration,current_week,0.0921895006402047,0.1216389244558258,0.0653008962868118,-0.012804097311139628,0.14468629961587687,2025H1
688660,2025-06-16,0,bull,none,two_day_acceleration,current_week,-0.06706586826347305,0.03952095808383227,0.01916167664670665,-0.08982035928143706,0.05868263473053892,2025H1
688660,2025-06-17,1,bull,none,pullback_holds,current_week,0.012048192771084265,0.03734939759036138,0.0060240963855420215,-0.08433734939759041,0.06867469879518073,2025H1
688660,2025-06-18,2,bull,none,pullback_holds,current_week,0.010765550239234534,0.01674641148325362,0.00837320574162681,-0.09090909090909083,0.061004784688995395,2025H1
688660,2025-06-27,4,bull,ma_bull,shrinking_volume_acceleration,current_week,-0.018604651162790753,0.010465116279069653,0.49767441860465134,-0.03139534883720929,0.0313953488372094,2025H1
688660,2025-08-08,4,bull,ma_bull,shrinking_volume_acceleration,current_week,0.14632701421800953,0.09300947867298581,0.2689573459715642,-0.017772511848341055,0.24052132701421813,2025H2
688660,2025-08-13,2,bull,ma_bull,shrinking_volume_acceleration,current_week,-0.08312214901165738,0.1317790167257984,-0.09325899645210334,-0.11708058793715148,0.2569690826153066,2025H2
688660,2025-08-25,0,bull,ma_bull,pullback_holds,current_week,0.25493333333333346,0.12480000000000002,0.09440000000000004,-0.044266666666666565,0.3786666666666667,2025H2
688660,2025-09-25,3,bull,ma_bull,shrinking_volume_acceleration,current_week,-0.12786885245901647,-0.20737704918032795,-0.15450819672131155,-0.2213114754098361,0.07295081967213113,2025H2
688660,2025-12-08,0,bull,none,pullback_holds,current_week,-0.021403091557669396,-0.07193816884661108,0.03507728894173612,-0.08442330558858502,0.03923900118906065,2025H2
688660,2026-01-08,3,bull,none,shrinking_volume_acceleration,current_week,-0.07317073170731703,-0.10663641520136125,-0.21213840045377186,-0.11968235961429374,0.0255246738513899,2026H1
688660,2026-01-09,4,bull,none,two_day_acceleration,current_week,-0.06296508299942749,-0.07155123068116775,-0.2020606754436176,-0.11161991986262165,0.009158557527189526,2026H1
688660,2026-02-09,0,bull,none,two_day_acceleration,current_week,-0.03087719298245606,-0.04912280701754379,0.024561403508772006,-0.052631578947368474,0.042807017543859516,2026H1
600249,2023-03-03,4,bull,ma_bull,pullback_holds,current_week,-0.032727272727272716,-0.05636363636363628,-0.06909090909090909,-0.06727272727272726,0.0036363636363636598,2023H1
600249,2023-03-22,2,mid,ma_bull,pullback_holds,current_week,-0.061111111111111116,-0.08703703703703713,-0.11111111111111116,-0.09074074074074079,0.0018518518518517713,2023H1
600249,2023-03-23,3,bull,ma_bull,pullback_holds,current_week,-0.05451127819548873,-0.06390977443609025,-0.11466165413533835,-0.0770676691729324,0.003759398496240518,2023H1
600249,2023-03-24,4,mid,none,pullback_holds,current_week,-0.021032504780114758,-0.07456978967495231,-0.09560229445506696,-0.08030592734225617,0.0019120458891013214,2023H1
600249,2023-04-18,1,bull,none,pullback_holds,current_week,-0.02886597938144342,0.07010309278350513,0.08659793814432981,-0.04948453608247427,0.0742268041237113,2023H1
600249,2023-04-27,3,mid,none,two_day_acceleration,current_week,0.048979591836734615,0.07755102040816331,0.07551020408163267,-0.0020408163265307477,0.08775510204081627,2023H1
600249,2023-07-04,1,mid,ma_bull,two_day_acceleration,current_week,-0.01618705035971235,-0.019784172661870603,0.021582733812949506,-0.03776978417266186,0.007194244604316502,2023H2
600249,2023-07-11,1,mid,ma_bull,pullback_holds,current_week,-0.005474452554744547,0.029197080291970767,-0.009124087591241059,-0.02372262773722622,0.041970802919707895,2023H2
600249,2023-07-27,3,mid,ma_bull,pullback_holds,current_week,0.010771992818671361,-0.03590664272890487,-0.07001795332136451,-0.044883303411131004,0.04308797127468589,2023H2
600249,2023-11-23,3,mid,none,two_day_acceleration,current_week,-0.003436426116838587,0.07903780068728516,0.012027491408934665,-0.012027491408934776,0.13745704467353947,2023H2
600249,2024-01-02,1,mid,ma_bull,two_day_acceleration,current_week,-0.021848739495798353,0.02184873949579824,-0.12605042016806722,-0.03361344537815125,0.0672268907563025,2024H1
600249,2025-04-02,2,mid,none,two_day_acceleration,current_week,-0.04914933837429103,0.3572778827977314,0.03402646502835527,-0.16257088846880918,0.5085066162570888,2025H1
600249,2025-04-03,3,mid,ma_bull,pullback_holds,current_week,0.0737864077669903,0.2543689320388349,0.0737864077669903,-0.13980582524271856,0.5495145631067961,2025H1
600249,2025-05-06,1,mid,ma_bull,shrinking_volume_acceleration,current_week,0.0018115942028984477,0.125,0.22282608695652173,-0.010869565217391353,0.21739130434782594,2025H1
600249,2025-05-08,3,bull,ma_bull,pullback_holds,current_week,0.10951526032315972,0.13105924596050267,0.16157989228007175,-0.019748653500897717,0.20646319569120286,2025H1
600249,2025-05-09,4,bull,ma_bull,pullback_holds,current_week,0.06654676258992787,0.07014388489208634,0.16187050359712218,-0.017985611510791477,0.20863309352517967,2025H1
600249,2025-05-14,2,bull,ma_bull,two_day_acceleration,current_week,0.06939501779359425,0.14234875444839856,0.09430604982206403,-0.007117437722419906,0.19572953736654797,2025H1
600249,2025-05-19,0,bull,ma_bull,shrinking_volume_acceleration,current_week,-0.004918032786885296,0.06721311475409819,-0.031147540983606614,-0.060655737704918056,0.10163934426229493,2025H1
600249,2025-06-06,4,bull,ma_bull,shrinking_volume_acceleration,current_week,-0.09938837920489307,-0.14678899082568808,-0.0795107033639143,-0.154434250764526,0.016819571865443583,2025H1
600249,2025-06-25,2,bull,ma_bull,pullback_holds,current_week,-0.010291595197255532,0.018867924528301883,0.015437392795883298,-0.020583190394511175,0.04459691252144071,2025H1
600249,2025-06-26,3,bull,ma_bull,pullback_holds,current_week,0.013937282229965264,0.029616724738676048,0.04006968641114983,-0.005226480836237002,0.06097560975609739,2025H1
600249,2025-06-27,4,bull,ma_bull,pullback_holds,current_week,0.04695652173913056,0.026086956521739202,0.03304347826086973,-0.006956521739130417,0.05913043478260871,2025H1
600249,2025-07-02,2,bull,ma_bull,pullback_holds,current_week,0.029462738301559765,0.0017331022530329143,0.010398613518197486,-0.020797227036395194,0.0554592720970537,2025H2
600249,2025-07-04,4,bull,ma_bull,two_day_acceleration,current_week,-0.008403361344537785,-0.02857142857142858,-0.0235294117647058,-0.05042016806722682,0.0117647058823529,2025H2
600249,2025-07-21,0,bull,none,pullback_holds,current_week,0.0016977928692700761,0.00679117147707986,-0.015280135823429464,-0.025466893039049143,0.025466893039049365,2025H2
600249,2025-07-22,1,bull,none,pullback_holds,current_week,-0.005110732538330498,0.008517887563884052,-0.005110732538330498,-0.022146507666098825,0.030664395229982988,2025H2
600249,2025-07-24,3,bull,macd_stabilizing,shrinking_volume_acceleration,current_week,-0.038525963149078635,-0.01340033500837523,0.0016750418760469454,-0.038525963149078635,0.01340033500837512,2025H2
600249,2025-08-04,0,bull,macd_stabilizing,two_day_acceleration,current_week,-0.008389261744966459,-0.02684563758389269,-0.011744966442953086,-0.04026845637583898,0.015100671140939603,2025H2
600249,2025-08-05,1,bull,macd_stabilizing,pullback_holds,current_week,-0.005059021922428242,-0.015177065767284947,-0.005059021922428242,-0.03541315345699836,0.018549747048903997,2025H2
600249,2025-08-06,2,bull,macd_stabilizing,shrinking_volume_acceleration,current_week,-0.018425460636515845,-0.011725293132328174,-0.03350083752093791,-0.041876046901172526,0.011725293132328396,2025H2
600249,2025-08-07,3,bull,macd_stabilizing,pullback_holds,current_week,-0.025466893039049143,0.015280135823429575,0.011884550084889645,-0.028862478777589073,0.025466893039049365,2025H2
600249,2025-08-08,4,bull,macd_stabilizing,pullback_holds,current_week,-0.020408163265306145,0.006802721088435382,0.011904761904761862,-0.027210884353741527,0.027210884353741527,2025H2
600249,2025-08-18,0,bull,none,two_day_acceleration,current_week,0.020689655172413834,0.01551724137931032,0.10172413793103452,-0.020689655172413834,0.04137931034482767,2025H2
600249,2025-08-19,1,bull,macd_stabilizing,pullback_holds,current_week,0.023972602739726234,0.010273972602739878,0.08390410958904115,-0.0273972602739726,0.03424657534246589,2025H2
600249,2025-08-20,2,bull,macd_stabilizing,pullback_holds,current_week,-0.016949152542372947,-0.02203389830508473,0.05932203389830493,-0.03728813559322042,0.023728813559321882,2025H2
600249,2025-08-21,3,bull,macd_stabilizing,two_day_acceleration,current_week,-0.03166666666666662,-0.00666666666666671,0.020000000000000018,-0.053333333333333344,0.0033333333333334103,2025H2
600249,2025-08-22,4,bull,macd_stabilizing,pullback_holds,current_week,-0.020270270270270285,0.0050675675675675436,0.045608108108108114,-0.04054054054054057,0.016891891891891886,2025H2
600249,2025-09-01,0,bull,macd_stabilizing,pullback_holds,current_week,0.02037351443123936,0.08488964346349759,0.0,-0.02716468590831911,0.19864176570458425,2025H2
600249,2025-09-02,1,bull,macd_stabilizing,pullback_holds,current_week,0.12224108658743638,0.0747028862478778,-0.005093378607809784,-0.02716468590831911,0.19864176570458425,2025H2
600249,2025-09-08,0,bull,ma_bull,shrinking_volume_acceleration,current_week,0.06146179401993357,0.00830564784053145,-0.011627906976744207,-0.0033222591362126463,0.1727574750830565,2025H2
600249,2025-10-09,3,bull,ma_bull,pullback_holds,current_week,0.015228426395939021,0.07445008460236902,0.10998307952622688,-0.016920473773265554,0.10998307952622688,2025H2
600249,2025-10-10,4,bull,ma_bull,pullback_holds,current_week,0.011965811965811923,0.08376068376068369,0.12478632478632479,-0.006837606837606813,0.12136752136752138,2025H2
600249,2025-10-15,2,bull,ma_bull,two_day_acceleration,current_week,0.04785478547854782,0.021452145214521323,0.1551155115511551,-0.024752475247524774,0.08250825082508251,2025H2
600249,2025-11-03,0,bull,ma_bull,two_day_acceleration,current_week,0.027607361963190247,0.05061349693251538,-0.027607361963190247,-0.019938650306748462,0.12269938650306744,2025H2
600249,2025-11-06,3,bull,ma_bull,two_day_acceleration,current_week,0.06859756097560954,-0.004573170731707377,-0.04878048780487809,-0.013719512195122019,0.11585365853658525,2025H2
600249,2025-11-10,0,bull,ma_bull,two_day_acceleration,current_week,0.02391629297458886,-0.08520179372197312,-0.06427503736920781,-0.09417040358744388,0.094170403587444,2025H2
600249,2025-11-12,2,bull,ma_bull,two_day_acceleration,current_week,-0.028653295128939882,-0.10744985673352436,-0.12177650429799436,-0.13180515759312317,0.022922636103151817,2025H2
600249,2025-12-01,0,mid,ma_bull,pullback_holds,current_week,-0.011058451816745696,-0.05371248025276454,-0.06161137440758291,-0.08530805687203791,0.03001579778830976,2025H2
600249,2025-12-19,4,mid,macd_stabilizing,shrinking_volume_acceleration,current_week,-0.024115755627009516,-0.05305466237942125,-0.030546623794212135,-0.07877813504823139,0.003215434083601254,2025H2
600249,2026-01-05,0,bull,none,shrinking_volume_acceleration,current_week,0.020547945205479534,0.017123287671233056,0.0034246575342467,-0.015410958904109595,0.03082191780821919,2026H1
600249,2026-01-08,3,bull,none,shrinking_volume_acceleration,current_week,0.0034188034188034067,0.042735042735042805,0.03589743589743599,-0.010256410256410331,0.04615384615384599,2026H1
600249,2026-01-09,4,bull,none,pullback_holds,current_week,-0.006802721088435382,0.03741496598639471,0.027210884353741527,-0.015306122448979553,0.04251700680272119,2026H1
600249,2026-01-12,0,bull,none,pullback_holds,current_week,-0.003355704697986517,0.01342281879194629,0.030201342281879207,-0.028523489932885893,0.028523489932885893,2026H1
600249,2026-01-13,1,bull,none,pullback_holds,current_week,0.016863406408094583,0.008431703204047292,0.030354131534570117,-0.023608768971332128,0.033726812816188945,2026H1
600249,2026-01-14,2,bull,none,pullback_holds,current_week,0.029010238907849706,0.011945392491467421,0.03924914675767921,-0.011945392491467643,0.04607508532423199,2026H1
600249,2026-01-19,0,bull,none,pullback_holds,current_week,0.011725293132328396,-0.018425460636515845,0.0016750418760469454,-0.025125628140703404,0.02680067001675046,2026H1
600249,2026-01-22,3,bull,none,shrinking_volume_acceleration,current_week,-0.03758169934640532,-0.009803921568627416,-0.021241830065359513,-0.04901960784313719,0.0016339869281045694,2026H1
600249,2026-02-04,2,mid,none,pullback_holds,current_week,0.016694490818029983,-0.0016694490818029983,-0.03338898163606008,-0.02003338898163609,0.026711185308848195,2026H1
600249,2026-02-09,0,bull,none,two_day_acceleration,current_week,-0.02446982055464919,-0.06688417618270803,-0.021207177814029365,-0.06851549755301789,0.0032626427406199365,2026H1
600249,2026-02-24,1,bull,macd_stabilizing,pullback_holds,current_week,-0.0434782608695653,-0.02006688963210701,-0.05685618729096997,-0.07190635451505023,0.021739130434782483,2026H1
600249,2026-02-25,2,bull,macd_stabilizing,pullback_holds,current_week,-0.07768595041322313,-0.0380165289256198,-0.04793388429752066,-0.08264462809917361,0.0016528925619836432,2026H1
600249,2026-02-26,3,bull,macd_stabilizing,pullback_holds,current_week,-0.045226130653266305,-0.03015075376884413,0.00670016750418756,-0.07035175879396982,0.003350083752093891,2026H1
600249,2026-02-27,4,bull,macd_stabilizing,pullback_holds,current_week,-0.011804384485666009,-0.011804384485666009,0.07419898819561555,-0.06408094435075884,0.005059021922428464,2026H1
600249,2026-04-27,0,bull,ma_bull,pullback_holds,current_week,-0.001680672268907557,-0.03361344537815125,-0.10084033613445376,-0.038655462184874034,0.09243697478991586,2026H1
600249,2026-04-28,1,bull,ma_bull,pullback_holds,current_week,0.07070707070707072,-0.03535353535353536,-0.1010101010101011,-0.043771043771043905,0.09427609427609429,2026H1
600249,2026-04-29,2,bull,ma_bull,pullback_holds,current_week,0.03166666666666673,-0.043333333333333335,-0.09166666666666667,-0.05833333333333324,0.08333333333333326,2026H1
600249,2026-04-30,3,bull,ma_bull,pullback_holds,current_week,-0.010016694490818101,-0.04507512520868118,-0.10684474123539223,-0.056761268781302165,0.08514190317195314,2026H1
300682,2025-08-11,0,bull,none,shrinking_volume_acceleration,current_week,0.18396711202466598,0.2708119218910585,0.290339157245632,-0.00565262076053441,0.3442959917780062,2025H2
300682,2025-08-12,1,bull,none,two_day_acceleration,current_week,0.16675012518778187,0.2608913370055084,0.2658988482724087,-0.015523284927391079,0.3239859789684527,2025H2
300682,2025-08-21,3,bull,none,two_day_acceleration,current_week,0.10293473499780981,0.031537450722733285,-0.07928164695576001,-0.010074463425317592,0.21068769163381518,2025H2
300682,2025-08-28,3,bull,ma_bull,shrinking_volume_acceleration,current_week,-0.05724579663730989,-0.06645316253002398,-0.20936749399519616,-0.12730184147317858,0.10648518815052044,2025H2
300682,2025-10-09,3,bull,none,two_day_acceleration,current_week,-0.05918057663125942,-0.09003540718259972,-0.11684370257966614,-0.11026808295397061,0.0015174506828528056,2025H2
300682,2025-10-28,1,bull,none,pullback_holds,current_week,-0.015899122807017663,-0.0592105263157896,-0.07894736842105265,-0.06743421052631582,0.030701754385964897,2025H2
300682,2025-10-29,2,bull,none,two_day_acceleration,current_week,-0.0674518201284795,-0.08779443254817987,-0.11349036402569601,-0.09421841541755882,0.0,2025H2
300682,2025-11-03,0,bull,none,pullback_holds,current_week,-0.04226918798665191,-0.05895439377085643,-0.0945494994438264,-0.07119021134593995,0.016129032258064502,2025H2
300682,2025-11-04,1,bull,none,pullback_holds,current_week,-0.029960429621255003,0.0033917467495758746,-0.1124929338609384,-0.055963821368004596,0.06557377049180335,2025H2
300682,2025-12-25,3,bull,none,two_day_acceleration,current_week,-0.0038022813688213253,0.09949302915082381,0.1869455006337135,-0.05513307984790883,0.10202788339670454,2025H2
603282,2025-11-03,0,bull,ma_bull,shrinking_volume_acceleration,current_week,0.01631240731586736,0.022244191794364765,-0.010874938210578278,-0.02026693030153237,0.03657933761739973,2025H2
603282,2025-11-05,2,bull,ma_bull,shrinking_volume_acceleration,current_week,0.01799100449775115,0.008495752123937939,0.002498750624687407,-0.0014992503748126884,0.07946026986506749,2025H2
603282,2025-11-06,3,bull,ma_bull,two_day_acceleration,current_week,0.005421389847215519,-0.015278462296697826,-0.022178413011335607,-0.01922129127649075,0.06456382454411047,2025H2
603282,2025-12-19,4,mid,none,pullback_holds,current_week,0.02273901808785528,0.04857881136950892,0.09354005167958657,0.0,0.058914728682170514,2025H2
603282,2025-12-22,0,bull,macd_stabilizing,two_day_acceleration,current_week,0.002020202020202033,0.02020202020202011,0.07777777777777772,-0.01969696969696977,0.03737373737373728,2025H2
603282,2025-12-24,2,bull,macd_stabilizing,shrinking_volume_acceleration,current_week,-0.002513826043237799,0.043740573152337925,0.09100050276520855,-0.02413273001508298,0.047259929612870843,2025H2
603282,2025-12-25,3,bull,macd_stabilizing,two_day_acceleration,current_week,0.010499999999999954,0.040000000000000036,0.09450000000000003,-0.02949999999999997,0.04800000000000004,2025H2
603282,2025-12-29,0,bull,none,shrinking_volume_acceleration,current_week,0.004975124378109319,0.11442786069651745,0.06467661691542292,-0.02437810945273644,0.1706467661691542,2025H2
603282,2025-12-30,1,bull,none,two_day_acceleration,current_week,0.030576441102756924,0.08220551378446128,0.05814536340852139,-0.017042606516290748,0.17944862155388486,2025H2
603282,2025-12-31,2,bull,none,pullback_holds,current_week,0.0463709677419355,0.07963709677419373,0.08467741935483875,0.0,0.1859879032258065,2025H2
603282,2026-01-26,0,bull,ma_bull,pullback_holds,current_week,-0.03883051621745093,-0.013248058474189084,0.037003197807217836,-0.04979442667884881,0.0,2026H1
603282,2026-02-09,0,bull,ma_bull,pullback_holds,current_week,0.011520737327188835,0.04608294930875578,-0.042857142857142816,-0.019815668202764924,0.12442396313364079,2026H1
603282,2026-02-10,1,bull,ma_bull,pullback_holds,current_week,0.021962616822429837,0.052803738317756865,-0.0014018691588785215,-0.00607476635514026,0.14018691588785037,2026H1
603282,2026-02-11,2,bull,ma_bull,pullback_holds,current_week,0.024040684234859055,0.02542764678687015,-0.041146555709662413,-0.01664355062413314,0.1280628756356914,2026H1
603282,2026-02-12,3,bull,ma_bull,pullback_holds,current_week,0.07305723592368518,0.035365286179618316,-0.055374592833876246,-0.0013959981386691966,0.1354118194509073,2026H1
603282,2026-02-13,4,mid,ma_bull,pullback_holds,current_week,0.06808707735062525,0.02130616025937937,-0.12737378415933298,0.0,0.1301528485409913,2026H1
603282,2026-02-24,1,bull,ma_bull,two_day_acceleration,current_week,0.034168564920273425,0.02232346241457872,-0.09339407744874706,-0.013211845102505615,0.11161731207289316,2026H1
603282,2026-04-09,3,mid,none,pullback_holds,current_week,0.026074360212457792,0.025591501690004792,-0.11974891356832451,-0.01834862385321101,0.0690487687107677,2026H1
603282,2026-04-10,4,mid,none,pullback_holds,current_week,0.01877708233028419,0.029369282619162274,-0.12325469427058255,-0.02118440057775628,0.0659605199807416,2026H1
603282,2026-04-13,0,mid,none,two_day_acceleration,current_week,0.007136060894386453,0.04234062797335869,-0.13225499524262596,-0.032825880114176864,0.05328258801141783,2026H1
603282,2026-04-14,1,mid,none,two_day_acceleration,current_week,0.008490566037735903,0.03160377358490574,-0.15047169811320749,-0.041037735849056456,0.04433962264150959,2026H1
603282,2026-04-15,2,mid,none,pullback_holds,current_week,0.030000000000000027,-0.06285714285714283,-0.13761904761904764,-0.06285714285714283,0.05428571428571427,2026H1
603282,2026-04-21,1,bull,none,shrinking_volume_acceleration,current_week,0.021962616822429837,-0.12336448598130845,-0.17570093457943936,-0.17242990654205614,0.03457943925233642,2026H1
603282,2026-04-22,2,bull,none,two_day_acceleration,current_week,-0.08846688281611859,-0.13756368689207965,-0.19685039370078738,-0.17971283001389526,0.02037980546549334,2026H1
603282,2026-04-23,3,bull,none,pullback_holds,current_week,-0.15960451977401136,-0.14171374764595113,-0.21421845574387943,-0.166195856873823,0.0371939736346516,2026H1
603282,2026-04-24,4,bull,none,pullback_holds,current_week,-0.1342031686859273,-0.15144454799627216,-0.22879776328052193,-0.17474370922646787,0.02656104380242308,2026H1
603282,2026-04-27,0,bull,none,two_day_acceleration,current_week,-0.16447069513857338,-0.17128577919127663,-0.25215810995002275,-0.19536574284416175,0.0009086778736937529,2026H1
603282,2026-05-08,4,bull,none,shrinking_volume_acceleration,current_week,-0.04456233421750666,-0.0641909814323608,-0.16763925729442974,-0.0976127320954907,0.006366047745357983,2026H1
600795,2023-03-01,2,bull,none,pullback_holds,current_week,0.007633587786259444,0.022900763358778775,-0.058524173027989845,-0.0178117048346057,0.040712468193384144,2023H1
600795,2023-03-02,3,bull,none,two_day_acceleration,current_week,-0.002525252525252486,0.0,-0.05555555555555547,-0.025252525252525304,0.03282828282828287,2023H1
600795,2023-03-03,4,bull,none,two_day_acceleration,current_week,-0.034825870646766344,-0.017412935323383172,-0.054726368159204064,-0.039800995024875774,0.01741293532338295,2023H1
600795,2023-03-14,1,mid,none,pullback_holds,current_week,-0.035175879396984966,-0.07035175879396982,-0.04020100502512558,-0.07537688442211055,0.01005025125628145,2023H1
600795,2023-03-15,2,mid,none,shrinking_volume_acceleration,current_week,-0.047381546134663166,-0.07730673316708225,-0.04239401496259354,-0.08229426433915199,0.0024937655860350905,2023H1
600795,2023-03-16,3,mid,none,pullback_holds,current_week,-0.04030226700251893,-0.057934508816120944,-0.02015113350125941,-0.08816120906801006,0.010075566750629594,2023H1
600795,2023-03-17,4,mid,none,pullback_holds,current_week,-0.05316455696202527,-0.03797468354430378,-0.005063291139240533,-0.08354430379746836,0.005063291139240533,2023H1
600795,2024-04-11,3,mid,ma_bull,shrinking_volume_acceleration,current_week,-0.05293005671077511,-0.05860113421550084,0.018903591682419618,-0.07183364839319473,0.018903591682419618,2024H1
600795,2024-04-30,1,bull,ma_bull,shrinking_volume_acceleration,current_week,0.03508771929824572,0.007797270955165692,0.04678362573099415,-0.021442495126705596,0.06627680311890827,2024H1
600795,2024-05-09,3,bull,ma_bull,pullback_holds,current_week,0.005813953488372103,-0.007751937984496138,0.13759689922480622,-0.011627906976744096,0.060077519379844846,2024H1
600795,2024-05-20,0,bull,ma_bull,pullback_holds,current_week,0.042145593869731934,0.04597701149425282,0.10727969348659006,-0.022988505747126298,0.06130268199233724,2024H1
600795,2024-05-21,1,bull,ma_bull,pullback_holds,current_week,0.04606525911708248,0.06909788867562394,0.10556621880998085,-0.02111324376199608,0.07101727447216888,2024H1
600795,2024-05-22,2,bull,ma_bull,pullback_holds,current_week,0.048169556840077066,0.10019267822736011,0.12331406551059731,-0.01734104046242768,0.10597302504816941,2024H1
600795,2024-06-04,1,mid,ma_bull,two_day_acceleration,current_week,0.07001795332136429,0.03411131059245953,0.08976660682226201,-0.0035906642728905647,0.09694793536804314,2024H1
600795,2024-09-24,1,mid,none,two_day_acceleration,current_week,0.04247104247104261,-0.013513513513513375,-0.050193050193050204,-0.050193050193050204,0.16216216216216228,2024H2
600795,2024-09-25,2,bull,none,pullback_holds,current_week,0.007843137254901711,0.0039215686274509665,-0.03333333333333344,-0.03529411764705892,0.18039215686274512,2024H2
600795,2024-09-27,4,bull,none,pullback_holds,current_week,0.0019342359767891004,-0.011605415860734936,-0.05609284332688591,-0.03288201160541582,0.1644100580270793,2024H2
600795,2026-02-09,0,bull,none,two_day_acceleration,current_week,0.012820512820512997,0.05982905982905984,0.06623931623931645,-0.017094017094016922,0.0769230769230771,2026H1
600795,2026-02-10,1,bull,none,pullback_holds,current_week,0.02145922746781115,0.0622317596566524,0.06866952789699576,-0.012875536480686622,0.08154506437768227,2026H1
600795,2026-02-11,2,bull,none,pullback_holds,current_week,0.025531914893617058,0.0787234042553191,0.05319148936170204,-0.02127659574468077,0.08510638297872353,2026H1
600795,2026-02-12,3,bull,none,pullback_holds,current_week,0.05364806866952798,0.09012875536480691,0.0665236051502145,-0.012875536480686622,0.09442060085836923,2026H1
600795,2026-02-13,4,mid,none,pullback_holds,current_week,0.06881720430107507,0.0903225806451613,0.043010752688172005,-0.0021505376344087557,0.10322580645161272,2026H1
600795,2026-02-26,3,bull,none,shrinking_volume_acceleration,current_week,0.04752066115702491,0.08264462809917372,0.05578512396694224,-0.008264462809917328,0.08677685950413228,2026H1
600795,2026-02-27,4,bull,none,two_day_acceleration,current_week,0.03673469387755102,0.03877551020408143,0.02448979591836742,-0.010204081632653073,0.07755102040816331,2026H1
600795,2026-03-05,3,mid,none,two_day_acceleration,current_week,0.03149606299212593,-0.025590551181102317,-0.053149606299212504,-0.03149606299212604,0.03937007874015741,2026H1
600795,2026-03-12,3,bull,none,two_day_acceleration,current_week,-0.05893536121672993,-0.02851711026615955,-0.0874524714828897,-0.08365019011406838,0.0038022813688214363,2026H1
600795,2026-03-13,4,mid,none,pullback_holds,current_week,-0.019723865877712132,-0.009861932938855955,-0.053254437869822535,-0.04930966469428011,0.017751479289940697,2026H1
600795,2026-09-02,2,mid,ma_bull,two_day_acceleration,current_week,-0.011173184357541777,,,-0.035381750465549366,0.020484171322160183,2026H2
002130,2023-05-11,3,mid,none,pullback_holds,current_week,0.02753623188405796,0.01739130434782621,-0.011594202898550732,-0.02898550724637683,0.04202898550724643,2023H1
002130,2023-09-04,0,mid,none,two_day_acceleration,current_week,-0.005633802816901401,-0.018309859154929664,0.030985915492957705,-0.03380281690140852,0.007042253521126751,2023H2
002130,2023-09-11,0,mid,none,pullback_holds,current_week,-0.01134751773049647,-0.028368794326241065,0.009929078014184523,-0.04255319148936165,0.007092198581560405,2023H2
002130,2023-09-12,1,mid,none,pullback_holds,current_week,-0.026836158192090287,-0.03389830508474578,-0.025423728813559254,-0.04661016949152541,0.0028248587570622874,2023H2
002130,2025-01-24,4,mid,ma_bull,shrinking_volume_acceleration,current_week,-0.10820895522388052,-0.07835820895522394,-0.18470149253731338,-0.15820895522388068,0.01455223880597023,2025H1
002130,2025-02-19,2,bull,none,pullback_holds,current_week,0.03561424569827909,-0.11444577831132463,-0.10404161664665867,-0.1660664265706283,0.06842737094837914,2025H1
002130,2025-02-20,3,bull,none,two_day_acceleration,current_week,0.005273833671399553,-0.08843813387423949,-0.09492900608519284,-0.15456389452332664,0.08316430020283971,2025H1
002130,2025-03-10,0,bull,none,shrinking_volume_acceleration,current_week,0.03681818181818186,-0.022272727272727222,-0.26454545454545453,-0.052727272727272734,0.06000000000000005,2025H1
002130,2025-03-12,2,bull,none,pullback_holds,current_week,-0.03157439446366783,-0.07655709342560546,-0.24048442906574408,-0.09861591695501737,0.00865051903114189,2025H1
002130,2025-03-14,4,bull,none,shrinking_volume_acceleration,current_week,-0.07279029462738296,-0.12001733102253043,-0.21447140381282503,-0.12045060658578866,0.010398613518197486,2025H1
002130,2025-03-24,0,mid,none,shrinking_volume_acceleration,current_week,-0.06435185185185188,-0.250925925925926,-0.17222222222222228,-0.2569444444444444,0.03657407407407409,2025H1
002130,2025-03-25,1,mid,none,two_day_acceleration,current_week,-0.06771073238139103,-0.23399355135882094,-0.15338553661906962,-0.3182865039152464,0.0,2025H1
002130,2025-05-28,2,mid,none,pullback_holds,current_week,0.06428930185836279,0.1456554495228528,0.1592164741336013,-0.04068307383224501,0.17327975891511804,2025H1
002130,2025-05-29,3,bull,none,two_day_acceleration,current_week,0.07142857142857162,0.13732394366197176,0.19416498993963804,-0.03923541247484896,0.17505030181086512,2025H1
002130,2025-09-16,1,bull,ma_bull,two_day_acceleration,current_week,0.14835164835164827,0.11758241758241761,0.03992673992674001,-0.022344322344322376,0.28095238095238084,2025H2
002130,2025-09-17,2,bull,ma_bull,two_day_acceleration,current_week,0.15097755249818956,0.1049963794351918,0.022809558291093435,-0.033671252715423594,0.2661115133960896,2025H2
002130,2025-10-28,1,bull,ma_bull,pullback_holds,current_week,-0.09036144578313254,-0.0997322623828647,-0.17001338688085665,-0.11680053547523417,0.016733601070950455,2025H2
002130,2025-10-29,2,bull,ma_bull,two_day_acceleration,current_week,-0.09605662285136507,-0.13481631277384565,-0.16481294236602628,-0.13683855746545337,0.0010111223458038054,2025H2
002130,2025-12-01,0,mid,none,two_day_acceleration,current_week,0.03873239436619702,0.04773082942097018,0.028169014084507005,-0.014084507042253613,0.11502347417840375,2025H2
002130,2025-12-08,0,bull,none,two_day_acceleration,current_week,0.010566037735849187,0.0018867924528302993,0.04037735849056601,-0.030943396226415065,0.07547169811320753,2025H2
002130,2025-12-22,0,bull,none,pullback_holds,current_week,-0.007927519818799578,0.040770101925254654,0.1683654209135521,-0.016610041525103814,0.06379765949414873,2025H2
002130,2025-12-23,1,bull,none,pullback_holds,current_week,0.007530120481927582,0.032379518072289226,0.23230421686746983,-0.019201807228915735,0.06099397590361444,2025H2
002130,2025-12-24,2,bull,none,two_day_acceleration,current_week,-0.019374068554396384,0.04210134128166909,0.17138599105812236,-0.029433681073025353,0.049925484351713845,2025H2
002130,2025-12-26,4,bull,none,two_day_acceleration,current_week,0.014947683109117982,0.007100149476831019,0.217488789237668,-0.026532137518684662,0.060911808669656065,2025H2
002130,2026-01-07,2,bull,none,two_day_acceleration,current_week,-0.00987564008778341,0.13204096561814183,0.014996342355523051,-0.0215801024140454,0.16861741038771028,2026H1
002130,2026-01-09,4,bull,none,two_day_acceleration,current_week,0.10869565217391286,0.12045616535994297,-0.028153955808980835,-0.04668567355666442,0.1903064861012116,2026H1
002130,2026-02-12,3,bull,ma_bull,shrinking_volume_acceleration,current_week,0.0262589928057555,-0.055755395683453224,-0.114748201438849,-0.10251798561151082,0.03776978417266186,2026H1
002130,2026-02-25,2,bull,ma_bull,pullback_holds,current_week,-0.09045760908123446,-0.06775452288045403,-0.12664065271372826,-0.1291238027669387,0.023412557644554743,2026H1
002130,2026-02-26,3,bull,ma_bull,two_day_acceleration,current_week,-0.050177935943060525,-0.08256227758007118,-0.15693950177935945,-0.12633451957295372,0.0185053380782918,2026H1
002130,2026-02-27,4,bull,ma_bull,pullback_holds,current_week,-0.06182987848463184,-0.08577555396711933,-0.1493924231593996,-0.12258756254467473,0.014653323802716223,2026H1
002130,2026-03-10,1,bull,none,shrinking_volume_acceleration,current_week,0.04283548142532223,-0.10159211523881728,-0.07391963608794538,-0.1360879454131918,0.11068991660348759,2026H1
300993,2025-06-24,1,bull,ma_bull,pullback_holds,current_week,0.32887700534759357,0.39572192513368987,0.2691622103386808,-0.007130124777183555,0.5918003565062386,2025H1
300993,2025-07-28,0,bull,ma_bull,pullback_holds,current_week,0.0620641562064157,0.33124128312412826,0.20502092050209209,-0.040446304044630454,0.33124128312412826,2025H2
300993,2025-08-13,2,bull,ma_bull,shrinking_volume_acceleration,current_week,-0.05942184154175589,-0.057815845824411016,-0.06852248394004268,-0.09368308351177734,0.06959314775160608,2025H2
300993,2025-09-02,1,bull,ma_bull,two_day_acceleration,current_week,0.09709887507400827,0.05091770278271168,0.04618117229129659,-0.014801657785671996,0.14268798105387814,2025H2
300993,2025-09-05,4,bull,ma_bull,shrinking_volume_acceleration,current_week,-0.05150684931506855,0.11013698630136992,0.0060273972602740145,-0.08931506849315063,0.11013698630136992,2025H2
300993,2025-12-08,0,bull,none,two_day_acceleration,current_week,-0.022092267706302793,-0.01949317738791423,-0.03248862897985705,-0.05912930474333988,0.016894087069525554,2025H2
300993,2025-12-09,1,mid,none,pullback_holds,current_week,-0.001980198019801982,-0.029042904290428995,0.015181518151815121,-0.04422442244224423,0.03300330033003296,2025H2
300993,2025-12-26,4,bull,none,two_day_acceleration,current_week,-0.007868852459016362,-0.003278688524590123,-0.019016393442622848,-0.047213114754098284,0.032786885245901676,2025H2
300993,2026-01-07,2,bull,none,pullback_holds,current_week,0.0288590604026846,0.07852348993288594,-0.014765100671141007,-0.004026845637583931,0.0885906040268456,2026H1
300993,2026-01-12,0,bull,none,shrinking_volume_acceleration,current_week,0.009640102827763508,-0.011568123393316143,-0.04113110539845766,-0.028920308483290524,0.0424164524421593,2026H1
300993,2026-01-21,2,bull,none,shrinking_volume_acceleration,current_week,-0.09259259259259245,-0.09382716049382711,-0.13271604938271597,-0.11543209876543203,0.0,2026H1
300993,2026-01-23,4,bull,none,shrinking_volume_acceleration,current_week,-0.07997481108312354,-0.06863979848866497,-0.15428211586901774,-0.09760705289672544,0.0018891687657429657,2026H1
300993,2026-02-24,1,bull,none,pullback_holds,current_week,-0.1071428571428572,-0.07692307692307698,-0.15247252747252749,-0.11813186813186816,0.004807692307692291,2026H1
688360,2025-04-25,4,mid,none,shrinking_volume_acceleration,current_week,0.3143564356435644,0.3514851485148516,0.356930693069307,-0.0004950495049503845,0.467821782178218,2025H1
688360,2025-04-28,0,mid,none,two_day_acceleration,current_week,0.3198090692124107,0.3212410501193317,0.34176610978520294,-0.005250596658711193,0.4152744630071601,2025H1
688360,2025-05-15,3,bull,ma_bull,shrinking_volume_acceleration,current_week,-0.02084831056793668,0.01042415528396834,-0.39432063263838957,-0.05823148813803025,0.0744069015097053,2025H1
688360,2025-07-11,4,bull,none,shrinking_volume_acceleration,current_week,0.2552645095017978,0.1890087313816129,0.20852593733949676,-0.012840267077555256,0.2994350282485876,2025H2
688360,2025-08-18,0,bull,macd_cross,pullback_holds,current_week,0.001276595744680975,-0.0685106382978723,-0.0310638297872341,-0.1059574468085106,0.019574468085106433,2025H2
688360,2025-08-25,0,bull,macd_cross,two_day_acceleration,current_week,-0.05646551724137927,-0.018103448275861966,0.13620689655172424,-0.09784482758620683,0.03275862068965529,2025H2
688360,2025-08-26,1,bull,none,pullback_holds,current_week,-0.06303972366148536,-0.0073402417962002975,0.10060449050086362,-0.09628670120898097,0.0345423143350605,2025H2
688360,2025-09-12,4,bull,macd_stabilizing,pullback_holds,current_week,0.04625550660792954,0.016740088105726914,-0.08414096916299563,-0.011013215859030812,0.21145374449339216,2025H2
301035,2025-08-15,4,bull,ma_bull,pullback_holds,current_week,0.08058498731532593,0.16176690046261766,0.16072228025667812,-0.01596776600507399,0.18758394269512002,2025H2
301035,2025-08-18,0,bull,ma_bull,pullback_holds,current_week,0.07082779991146548,0.18105356352368318,0.13457281983178415,-0.026117751217352714,0.18179135310609418,2025H2
301035,2025-08-20,2,bull,ma_bull,shrinking_volume_acceleration,current_week,0.06830122591943977,0.11879743140688848,0.1287215411558671,-0.007443082311733629,0.16885580852305915,2025H2
301035,2025-09-01,0,bull,ma_bull,two_day_acceleration,current_week,-0.009762202753441862,-0.03767209011264083,-0.020525657071339132,-0.06420525657071352,0.0,2025H2
301035,2025-09-10,2,bull,ma_bull,pullback_holds,current_week,0.004415584415584428,-0.0029870129870130935,0.044415584415584464,-0.056493506493506374,0.024415584415584446,2025H2
301035,2025-09-11,3,bull,ma_bull,pullback_holds,current_week,-0.012304537298128637,-0.02524993591386826,0.003716995642143228,-0.06882850551140718,0.011022814662906999,2025H2
301035,2025-10-10,4,bull,ma_bull,shrinking_volume_acceleration,current_week,-0.0031822810590631523,-0.024949083503054914,-0.08541242362525447,-0.07051934826883921,0.05804480651731159,2025H2
301035,2025-10-13,0,bull,ma_bull,two_day_acceleration,current_week,-0.06355366889023639,-0.08004851425106119,-0.11097634930260769,-0.11437234687689513,0.0035172832019405575,2025H2
301035,2025-10-29,2,bull,ma_bull,shrinking_volume_acceleration,current_week,-0.08334405144694534,-0.06366559485530554,-0.0842443729903537,-0.09221864951768488,0.005016077170417965,2025H2
301035,2026-01-05,0,bull,none,shrinking_volume_acceleration,current_week,0.005459770114942364,0.019971264367815822,0.11666666666666647,-0.024281609195402454,0.029022988505747138,2026H1
301035,2026-01-07,2,bull,none,pullback_holds,current_week,-0.025637413720242197,0.11395971263558247,0.14635864206226223,-0.04338639244964082,0.16467108043386403,2026H1
301035,2026-01-08,3,bull,none,pullback_holds,current_week,-0.011660578814273626,0.15524023602135428,0.12686147794324243,-0.04593987075021089,0.188957572351784,2026H1
301035,2026-01-09,4,bull,none,pullback_holds,current_week,0.010533807829181452,0.13722419928825613,0.16298932384341636,-0.03330960854092535,0.2173665480427045,2026H1
301035,2026-01-15,3,bull,none,pullback_holds,current_week,0.1594754653130288,0.15834743372814453,0.17879300620417382,-0.01565143824027071,0.20586576424139857,2026H1
301035,2026-01-16,4,bull,none,pullback_holds,current_week,0.11843763124737494,0.1619767604647906,0.13369732605347884,-0.014699706005879998,0.1972560548789022,2026H1
301035,2026-02-26,3,bull,ma_bull,pullback_holds,current_week,-0.07128211313472432,0.004100832227716733,-0.10710408877095645,-0.08093113014111675,0.023157640815341995,2026H1
301035,2026-02-27,4,bull,ma_bull,pullback_holds,current_week,-0.009640024405125125,0.0037827943868211644,-0.06186699206833446,-0.07016473459426475,0.0395363026235509,2026H1
301035,2026-03-11,2,bull,ma_bull,two_day_acceleration,current_week,-0.07651651651651659,-0.10966966966966962,-0.007087087087087163,-0.14714714714714716,0.023303303303303213,2026H1
301035,2026-04-09,3,mid,macd_stabilizing,shrinking_volume_acceleration,current_week,-0.05621230398069976,-0.0542822677925211,-0.027020506634499508,-0.09047044632086854,0.019059107358262883,2026H1
301035,2026-04-21,1,bull,none,shrinking_volume_acceleration,current_week,0.12923397602918185,0.03217821782178221,-0.0766023970818136,-0.002996352266805724,0.14643043251693588,2026H1
301035,2026-04-22,2,bull,macd_stabilizing,two_day_acceleration,current_week,0.10961855278165,0.0049423393739702615,-0.12381193765048781,-0.014953744772525535,0.11519452540869346,2026H1
301035,2026-04-23,3,bull,none,pullback_holds,current_week,0.07810711105457324,0.026078107111054516,-0.10176822287240805,-0.01068566340160293,0.11945045159648893,2026H1
301035,2026-05-11,0,bull,ma_bull,shrinking_volume_acceleration,current_week,-0.0948482176596549,-0.12910945962967624,-0.3707015996976949,-0.1326363521854138,0.030356468069026254,2026H1
301035,2026-05-12,1,bull,ma_bull,pullback_holds,current_week,-0.09508440913604765,-0.12351042701092352,-0.38195134061569025,-0.15057100297914594,0.015392254220456758,2026H1
003816,2023-07-11,1,mid,none,pullback_holds,current_week,-0.016233766233766156,-0.019480519480519543,0.009740259740259605,-0.025974025974025983,0.0032467532467532756,2023H2
003816,2023-07-27,3,mid,none,pullback_holds,current_week,0.0364238410596025,0.016556291390728672,0.019867549668874274,-0.0033112582781456013,0.04966887417218535,2023H2
003816,2023-07-28,4,bull,none,pullback_holds,current_week,0.019607843137254832,-0.006535947712418277,0.02941176470588225,-0.009803921568627416,0.035947712418300526,2023H2
003816,2023-07-31,0,bull,macd_stabilizing,two_day_acceleration,current_week,-0.00952380952380949,-0.025396825396825307,0.0031746031746031633,-0.0444444444444444,0.006349206349206327,2023H2
003816,2023-08-03,3,bull,macd_stabilizing,shrinking_volume_acceleration,current_week,-0.019169329073482344,0.012779552715654896,0.0031948881789138905,-0.0383386581469648,0.015974440894568787,2023H2
003816,2023-09-11,0,mid,ma_bull,two_day_acceleration,current_week,-0.01538461538461533,-0.01846153846153853,-0.03384615384615386,-0.027692307692307683,0.009230769230769376,2023H2
003816,2023-09-14,3,mid,ma_bull,two_day_acceleration,current_week,-0.024464831804281384,-0.03975535168195721,-0.06422018348623848,-0.042813455657492394,0.0,2023H2
003816,2023-09-19,1,mid,ma_bull,pullback_holds,current_week,-0.015432098765432167,-0.04629629629629639,-0.06790123456790131,-0.04938271604938271,0.0,2023H2
003816,2023-11-13,0,mid,none,pullback_holds,current_week,0.003389830508474523,-0.003389830508474634,0.04067796610169494,-0.01016949152542379,0.02033898305084758,2023H2
003816,2023-11-14,1,mid,none,pullback_holds,current_week,-0.013377926421404673,-0.016722408026755953,0.03344481605351168,-0.026755852842809347,0.006688963210702337,2023H2
003816,2023-11-15,2,mid,none,pullback_holds,current_week,-0.020134228187919434,0.0,0.04026845637583887,-0.02348993288590595,0.006711409395973256,2023H2
003816,2023-11-16,3,mid,none,pullback_holds,current_week,-0.01342281879194629,0.016778523489932917,0.04026845637583887,-0.02348993288590595,0.020134228187919545,2023H2
003816,2023-11-17,4,mid,none,pullback_holds,current_week,-0.006756756756756799,0.020270270270270396,0.03716216216216228,-0.016891891891891886,0.027027027027026973,2023H2
003816,2023-11-20,0,mid,none,pullback_holds,current_week,-0.006756756756756799,0.027027027027026973,0.04729729729729737,-0.016891891891891886,0.03378378378378377,2023H2
003816,2024-02-08,3,mid,ma_bull,shrinking_volume_acceleration,current_week,0.05066666666666664,0.01866666666666683,0.01866666666666683,-0.010666666666666713,0.08266666666666689,2024H1
003816,2024-02-19,0,mid,ma_bull,shrinking_volume_acceleration,current_week,-0.018041237113401998,0.023195876288659933,-0.002577319587628857,-0.03350515463917525,0.046391752577319645,2024H1
003816,2024-02-22,3,bull,ma_bull,shrinking_volume_acceleration,current_week,-0.025252525252525304,0.0277777777777779,-0.02020202020202022,-0.05303030303030298,0.04040404040404044,2024H1
003816,2024-03-07,3,bull,ma_bull,shrinking_volume_acceleration,current_week,-0.06157635467980305,-0.044334975369458296,0.012315270935960632,-0.08866995073891637,0.027093596059113212,2024H1
003816,2024-03-08,4,bull,ma_bull,two_day_acceleration,current_week,-0.08173076923076916,-0.07451923076923073,-0.028846153846153855,-0.11057692307692302,0.0024038461538460343,2024H1
003816,2024-03-27,2,mid,ma_bull,pullback_holds,current_week,0.028350515463917647,0.054123711340206215,0.046391752577319645,-0.002577319587628857,0.07216494845360821,2024H1
003816,2024-03-28,3,mid,ma_bull,shrinking_volume_acceleration,current_week,0.035264483627204024,0.07052896725440805,0.0176322418136019,-0.015113350125944613,0.07556675062972307,2024H1
003816,2024-03-29,4,mid,ma_bull,shrinking_volume_acceleration,current_week,0.0,0.03960396039603964,0.017326732673267342,-0.03217821782178221,0.06930693069306937,2024H1
003816,2024-04-10,2,mid,ma_bull,shrinking_volume_acceleration,current_week,0.043902439024390505,0.03170731707317098,0.007317073170731714,-0.007317073170731603,0.05365853658536612,2024H1
003816,2024-04-17,2,bull,ma_bull,shrinking_volume_acceleration,current_week,-0.00704225352112664,-0.039906103286385,-0.0563380281690139,-0.06572769953051638,0.014084507042253724,2024H1
003816,2024-04-19,4,bull,ma_bull,shrinking_volume_acceleration,current_week,-0.0491803278688524,-0.04449648711943799,-0.06088992974238894,-0.06791569086651061,0.011709601873536313,2024H1
003816,2024-04-30,1,bull,ma_bull,pullback_holds,current_week,-0.012106537530266248,-0.03389830508474567,0.014527845036319764,-0.04358353510895874,0.007263922518159882,2024H1
003816,2024-05-13,0,bull,ma_bull,pullback_holds,current_week,-0.024271844660194053,0.012135922330096971,0.05339805825242716,-0.04611650485436891,0.01941747572815533,2024H1
003816,2024-05-14,1,bull,ma_bull,pullback_holds,current_week,-0.01715686274509809,0.03676470588235303,0.0808823529411764,-0.03676470588235292,0.04411764705882337,2024H1
003816,2024-05-20,0,bull,ma_bull,pullback_holds,current_week,0.03990024937655856,0.06234413965087282,0.0847880299251873,-0.012468827930174564,0.07231920199501252,2024H1
003816,2024-05-21,1,bull,ma_bull,pullback_holds,current_week,0.054862842892768215,0.05985037406483795,0.07980049875311734,-0.012468827930174564,0.07231920199501252,2024H1
003816,2024-05-22,2,bull,ma_bull,pullback_holds,current_week,0.05985037406483795,0.06234413965087282,0.09226932668329191,-0.012468827930174564,0.0748129675810476,2024H1
003816,2024-07-18,3,mid,ma_bull,shrinking_volume_acceleration,current_week,0.03992015968063867,-0.05189620758483027,-0.0359281437125748,-0.0738522954091817,0.04790419161676662,2024H2
003816,2024-10-22,1,bull,none,pullback_holds,current_week,-0.039906103286385,-0.030516431924882625,-0.03755868544600938,-0.06103286384976525,0.011737089201877993,2024H2
003816,2024-11-05,1,bull,none,pullback_holds,current_week,-0.024271844660194053,-0.004854368932038944,-0.01941747572815533,-0.03398058252427183,0.024271844660194164,2024H2
003816,2024-11-06,2,bull,none,pullback_holds,current_week,0.0,0.012224938875305513,-0.007334963325183241,-0.02689486552567233,0.0317848410757946,2024H2
003816,2024-11-07,3,bull,none,pullback_holds,current_week,-0.03588516746411474,0.0,-0.03349282296650713,-0.04784688995215303,0.009569377990430672,2024H2
003816,2024-11-08,4,bull,none,pullback_holds,current_week,-0.0024271844660194164,-0.016990291262136026,-0.014563106796116387,-0.03398058252427183,0.024271844660194164,2024H2
003816,2024-11-18,0,mid,none,pullback_holds,current_week,-0.048309178743961345,-0.05072463768115931,-0.009661835748792313,-0.07004830917874383,0.019323671497584627,2024H2
003816,2024-11-20,2,bull,none,pullback_holds,current_week,-0.05072463768115931,-0.019323671497584294,-0.0024154589371979673,-0.07004830917874383,0.019323671497584627,2024H2
003816,2026-04-28,1,bull,ma_bull,two_day_acceleration,current_week,-0.006369426751592355,0.014861995753715496,-0.027600849256900206,-0.05520169851380041,0.04033970276008492,2026H1
003816,2026-05-06,2,bull,ma_bull,pullback_holds,current_week,0.05458515283842802,0.0,0.0065502183406114245,-0.004366812227074135,0.0786026200873362,2026H1
003816,2026-05-07,3,bull,ma_bull,pullback_holds,current_week,0.02807775377969768,-0.049676025917926414,-0.02591792656587477,-0.049676025917926414,0.06695464362850978,2026H1
003816,2026-05-11,0,bull,ma_bull,shrinking_volume_acceleration,current_week,0.008403361344537785,-0.042016806722688926,-0.10294117647058809,-0.08193277310924363,0.037815126050420256,2026H1
003816,2026-05-13,2,bull,ma_bull,shrinking_volume_acceleration,current_week,-0.051759834368530044,-0.06832298136645965,-0.11801242236024856,-0.09523809523809523,0.022774327122153215,2026H1
003816,2026-05-15,4,bull,ma_bull,shrinking_volume_acceleration,current_week,-0.060924369747899165,-0.037815126050420145,-0.08193277310924363,-0.08193277310924363,0.037815126050420256,2026H1
003816,2026-05-19,1,bull,ma_bull,two_day_acceleration,current_week,-0.05725971370143135,-0.047034764826175746,-0.1288343558282209,-0.10633946830265839,0.004089979550102374,2026H1
003816,2026-06-02,1,mid,ma_bull,pullback_holds,current_week,-0.0820734341252699,-0.07991360691144711,-0.16198704103671702,-0.09935205183585316,0.002159827213822796,2026H1
003816,2026-06-03,2,mid,ma_bull,pullback_holds,current_week,-0.07189542483660127,-0.08714596949891051,-0.1612200435729847,-0.09150326797385622,0.004357298474945592,2026H1
003816,2026-06-15,0,bull,none,pullback_holds,current_week,-0.07918552036199089,-0.11538461538461531,-0.11764705882352944,-0.1244343891402715,0.020361990950226172,2026H1
003816,2026-08-17,0,mid,none,shrinking_volume_acceleration,current_week,0.005181347150259086,0.10621761658031104,0.12435233160621761,-0.007772020725388518,0.11398963730569944,2026H2
003816,2026-08-19,2,mid,none,pullback_holds,current_week,0.06153846153846154,0.11025641025641031,,-0.017948717948717885,0.12051282051282053,2026H2
003816,2026-08-20,3,mid,none,pullback_holds,current_week,0.08290155440414493,0.13989637305699487,,-0.007772020725388518,0.15803108808290145,2026H2
003816,2026-08-28,4,mid,none,shrinking_volume_acceleration,current_week,0.035545023696682554,0.026066350710900466,,-0.0023696682464454666,0.05924170616113744,2026H2
003816,2026-09-01,1,bull,none,two_day_acceleration,current_week,0.0,0.002320185614849146,,-0.011600928074246064,0.03712296983758678,2026H2
003816,2026-09-03,3,mid,none,two_day_acceleration,current_week,-0.018223234624145546,,,-0.029612756264236872,0.006833712984054774,2026H2
002409,2023-08-02,2,bull,ma_bull,pullback_holds,current_week,-0.007479861910241636,-0.09090909090909083,-0.05753739930955126,-0.09378596087456836,0.044303797468354666,2023H2
002409,2023-08-03,3,bull,ma_bull,pullback_holds,current_week,-0.01779106177056644,-0.1009109023626531,-0.033162539140335845,-0.11614005123825799,0.031881582692855126,2023H2
002409,2025-02-26,2,bull,none,shrinking_volume_acceleration,current_week,-0.026656274356975818,-0.036632891660171474,-0.06453624318004691,-0.05440374123148872,0.02229150428682769,2025H1
002409,2025-03-04,1,mid,none,pullback_holds,current_week,-0.0030216284987276687,-0.009541984732824416,-0.025445292620865145,-0.0430979643765903,0.03657760814249378,2025H1
002409,2025-03-28,4,mid,ma_bull,pullback_holds,current_week,-0.11575668142318418,-0.08886702738153796,-0.1344482702082309,-0.20150844400721424,0.03787506148548947,2025H1
002409,2025-03-31,0,mid,ma_bull,pullback_holds,current_week,-0.1672051696284329,-0.11599353796445877,-0.154281098546042,-0.21324717285945072,0.016155088852988664,2025H1
002409,2025-11-03,0,bull,ma_bull,shrinking_volume_acceleration,current_week,0.04441591784338894,-0.04518613607188715,-0.08344030808729141,-0.06238767650834398,0.06790757381258006,2025H2
002409,2025-11-12,2,bull,ma_bull,pullback_holds,current_week,-0.0843312101910828,-0.13222929936305727,-0.09222929936305724,-0.15031847133757958,0.0557961783439489,2025H2
002409,2025-12-09,1,mid,none,pullback_holds,current_week,0.0015495140160588505,0.038737850401465046,0.21453725876884078,-0.026623468094097547,0.056345964220312794,2025H2
002409,2025-12-24,2,bull,macd_stabilizing,two_day_acceleration,current_week,-0.019192587690271212,0.1489080079417604,0.2536068828590339,-0.043017868960953054,0.22157511581733957,2025H2
002409,2025-12-31,2,bull,none,two_day_acceleration,current_week,0.14210526315789473,0.26986842105263165,0.26697368421052636,-0.009868421052631526,0.28052631578947373,2025H2
002409,2026-01-09,4,bull,ma_bull,shrinking_volume_acceleration,current_week,0.10058159425248037,0.08005473828258647,-0.0033071045729272663,-0.021439160679667002,0.1511004675561638,2026H1
002409,2026-01-12,0,bull,ma_bull,two_day_acceleration,current_week,0.11024774774774793,0.03614864864864864,0.017905405405405528,-0.03367117117117113,0.13671171171171181,2026H1
002409,2026-01-30,4,bull,ma_bull,pullback_holds,current_week,-0.07444668008048294,-0.04532457905326703,-0.0690458540717993,-0.09763846235306572,0.012390130255215626,2026H1
002409,2026-02-09,0,bull,ma_bull,two_day_acceleration,current_week,0.026718403547671743,0.0031042128603104846,-0.037694013303769425,-0.013525498891352572,0.10343680709534375,2026H1
002409,2026-03-16,0,mid,none,pullback_holds,current_week,-0.12790052181636513,-0.04318863106472748,-0.02198290218718779,-0.15343621627622972,0.02287110025535677,2026H1
002409,2026-04-10,4,mid,none,shrinking_volume_acceleration,current_week,0.016568047337278236,0.05443786982248522,0.22189349112426027,-0.0017751479289940253,0.09514792899408286,2026H1
002409,2026-04-14,1,mid,none,two_day_acceleration,current_week,-0.015400179856115193,-0.06002697841726623,0.20795863309352525,-0.0950989208633094,0.04024280575539563,2026H1
002409,2026-04-16,3,mid,none,shrinking_volume_acceleration,current_week,0.04343245141653007,-0.008311870756263051,0.35752751112151726,-0.06052446733785999,0.08335284476703353,2026H1
002409,2026-04-20,0,bull,none,two_day_acceleration,current_week,0.03076567198704594,0.06500115660420991,0.31737219523479054,-0.07182512144344211,0.07552625491556775,2026H1
002409,2026-04-21,1,bull,none,two_day_acceleration,current_week,-0.04543378995433789,0.014383561643835474,0.32990867579908656,-0.08390410958904115,0.06152968036529671,2026H1
002409,2026-04-22,2,bull,none,two_day_acceleration,current_week,-0.08760869565217388,0.027717391304347805,0.39293478260869574,-0.12771739130434778,0.05434782608695654,2026H1
002409,2026-08-12,2,mid,none,shrinking_volume_acceleration,current_week,-0.0956989247311828,-0.14465528146742568,-0.16812144212523705,-0.17659709044908278,0.03219481340923469,2026H2
002409,2026-08-31,0,bull,none,pullback_holds,current_week,-0.08951904364748398,-0.10675562969140939,,-0.1309424520433694,0.004865165415624206,2026H2
002857,2023-05-18,3,mid,ma_bull,shrinking_volume_acceleration,current_week,-0.006522829904666239,0.002007024586051065,-0.01354741595584541,-0.04365278474661316,0.07225288509784256,2023H1
002857,2023-07-31,0,bull,ma_bull,pullback_holds,current_week,0.0019920318725099584,-0.04980079681274896,-0.08316733067729087,-0.06972111553784865,0.03187250996015911,2023H2
002857,2023-09-22,4,mid,none,two_day_acceleration,current_week,-0.0016042780748661833,-0.04652406417112287,-0.03475935828876997,-0.05187165775401059,0.021925133689839615,2023H2
002857,2023-11-13,0,mid,none,pullback_holds,current_week,0.00996677740863805,-0.04318936877076396,-0.09413067552602428,-0.060354374307862724,0.03156146179401986,2023H2
002857,2023-11-14,1,mid,none,pullback_holds,current_week,-0.012127894156560015,-0.04024255788313125,-0.09922822491730987,-0.0644983461962515,0.027012127894156412,2023H2
002857,2023-11-15,2,mid,none,two_day_acceleration,current_week,-0.03133589884551957,-0.04617921935129188,-0.11269928532160534,-0.06706981858163841,0.02418911489829556,2023H2
002857,2023-11-16,3,mid,none,pullback_holds,current_week,-0.012849162011173254,-0.03519553072625714,-0.09664804469273747,-0.05195530726257003,0.03016759776536304,2023H2
002857,2023-11-17,4,mid,none,shrinking_volume_acceleration,current_week,-0.05905077262693159,-0.06181015452538641,-0.10982339955849896,-0.06843267108167783,0.012693156732891842,2023H2
002857,2025-06-30,0,bull,ma_bull,pullback_holds,current_week,0.048012390294269514,0.24212700051626235,0.48786783686112534,-0.04852865255549821,0.3107898812596799,2025H1
002857,2025-07-01,1,bull,ma_bull,shrinking_volume_acceleration,current_week,0.011247443762781417,0.20552147239263818,0.5316973415132926,-0.0577709611451942,0.29805725971370145,2025H2
002857,2025-07-02,2,bull,ma_bull,pullback_holds,current_week,0.04963427377220486,0.28526645768025083,0.5506792058516197,-0.03709508881922674,0.3265412748171368,2025H2
002857,2025-07-04,4,bull,ma_bull,pullback_holds,current_week,0.19689922480620137,0.28888888888888875,0.4139534883720928,-0.02842377260981921,0.31576227390180867,2025H2
002857,2025-08-18,0,bull,ma_bull,pullback_holds,current_week,-0.022897897897897868,0.06306306306306309,-0.06644144144144137,-0.05930930930930922,0.1711711711711712,2025H2
002857,2025-08-29,4,bull,ma_bull,shrinking_volume_acceleration,current_week,-0.09417368999633569,-0.0769512641993404,-0.15463539758153166,-0.12019054598754109,0.10113594723341879,2025H2
002857,2025-10-09,3,bull,none,two_day_acceleration,current_week,0.036666666666666625,0.027083333333333348,-0.08374999999999988,-0.06666666666666654,0.09000000000000008,2025H2
002857,2025-10-10,4,bull,none,two_day_acceleration,current_week,0.05803571428571419,0.10401785714285716,-0.029017857142857206,0.0,0.1678571428571427,2025H2
002857,2025-10-14,1,bull,none,shrinking_volume_acceleration,current_week,0.009211053263916691,-0.07689227072486982,-0.15058069683620334,-0.08289947937525022,0.024429315178214006,2025H2
002857,2025-10-22,2,bull,none,pullback_holds,current_week,-0.08427419354838706,-0.08548387096774201,-0.1689516129032258,-0.11774193548387102,0.019758064516129048,2025H2
002857,2025-10-23,3,bull,none,pullback_holds,current_week,-0.09127789046653145,-0.10791075050709942,-0.17281947261663289,-0.11237322515212989,0.025963488843813165,2025H2
002857,2025-10-24,4,bull,none,pullback_holds,current_week,-0.0912379421221865,-0.12580385852090026,-0.22990353697749188,-0.13906752411575551,0.008440514469453486,2025H2
002857,2025-12-08,0,bull,none,two_day_acceleration,current_week,0.02400000000000002,0.03400000000000003,0.007500000000000062,-0.014000000000000012,0.0714999999999999,2025H2
002857,2025-12-19,4,mid,none,shrinking_volume_acceleration,current_week,0.0,-0.017249640632486796,0.08337326305701964,-0.05797795879252521,0.03737422137038826,2025H2
300625,2023-08-03,3,bull,none,pullback_holds,current_week,-0.04351265822784811,-0.05854430379746833,0.014240506329114,-0.08544303797468356,0.0,2023H2
300625,2023-08-04,4,bull,none,pullback_holds,current_week,-0.0601443464314354,-0.049719326383319995,0.02646351242983158,-0.0729751403368083,0.005613472333600766,2023H2
300625,2023-09-12,1,mid,macd_cross,pullback_holds,current_week,-0.010852713178294615,-0.011627906976744207,-0.01705426356589157,-0.023255813953488413,0.01317829457364339,2023H2
300625,2023-09-18,0,mid,none,pullback_holds,current_week,-0.0046224961479198745,-0.0046224961479198745,0.0023112480739599928,-0.026964560862865916,0.016949152542372836,2023H2
300625,2023-09-22,4,mid,none,two_day_acceleration,current_week,0.001537279016141424,0.006917755572636519,0.06994619523443513,-0.02690238278247503,0.04150653343581867,2023H2
300625,2023-11-13,0,mid,ma_bull,two_day_acceleration,current_week,0.034702549575070796,0.04390934844192618,0.016997167138810054,-0.008498583569405138,0.09915014164305935,2023H2
300625,2023-12-28,3,mid,ma_bull,pullback_holds,current_week,0.038054968287526414,0.025369978858351017,-0.04862579281183932,-0.0035236081747709314,0.0620155038759691,2023H2
300625,2024-02-20,1,bull,none,pullback_holds,current_week,0.13611111111111107,0.10277777777777763,0.19444444444444442,0.0,0.1601851851851852,2024H1
300625,2024-02-21,2,bull,none,two_day_acceleration,current_week,0.0008904719501334757,0.06945681211041843,0.1745325022261799,-0.01068566340160293,0.11576135351736427,2024H1
300625,2024-03-12,1,bull,none,two_day_acceleration,current_week,0.027070063694267565,0.013535031847133672,0.018312101910828105,-0.027070063694267454,0.056528662420382014,2024H1
300625,2024-03-15,4,bull,none,shrinking_volume_acceleration,current_week,0.02456418383518222,0.03961965134706813,-0.11885895404120439,-0.019809825673534065,0.05150554675118846,2024H1
300625,2025-08-07,3,bull,ma_bull,pullback_holds,current_week,0.01284109149277679,0.021669341894061,-0.051364365971107606,-0.013643659711075395,0.06500802568218278,2025H2
300625,2025-08-08,4,bull,ma_bull,pullback_holds,current_week,0.0,0.0008032128514054993,-0.04417670682730934,-0.009638554216867545,0.06586345381526093,2025H2
300625,2025-08-14,3,bull,ma_bull,pullback_holds,current_week,0.008716323296354966,-0.03407290015847875,-0.03407290015847875,-0.06259904912836778,0.04912836767036444,2025H2
300625,2025-09-08,0,bull,ma_bull,two_day_acceleration,current_week,-0.004950495049504955,-0.02310231023102316,-0.021452145214521545,-0.031353135313531455,0.024752475247524552,2025H2
300625,2025-09-09,1,bull,ma_bull,pullback_holds,current_week,0.01227495908346965,-0.05319148936170215,-0.027004909983633363,-0.07937806873977094,0.016366612111292866,2025H2
300625,2025-09-10,2,bull,ma_bull,pullback_holds,current_week,0.014876033057851457,-0.0049586776859502635,-0.027272727272727226,-0.07024793388429751,0.026446280991735627,2025H2
300625,2025-09-11,3,bull,ma_bull,pullback_holds,current_week,-0.016460905349794164,-0.014814814814814836,-0.04115226337448563,-0.07407407407407407,0.022222222222222143,2025H2
300625,2025-09-17,2,bull,none,pullback_holds,current_week,-0.016339869281045694,-0.022058823529411686,0.008986928104575131,-0.08088235294117652,0.0106209150326797,2025H2
300625,2025-09-29,0,bull,macd_stabilizing,two_day_acceleration,current_week,-0.023064250411861664,-0.012355848434925876,0.04365733113673809,-0.06836902800658984,0.018945634266886335,2025H2
300625,2025-10-20,0,mid,none,pullback_holds,current_week,0.04219409282700415,0.06413502109704639,0.08776371308016895,-0.005907172995780585,0.07004219409282708,2025H2
300625,2025-10-21,1,bull,macd_stabilizing,pullback_holds,current_week,0.042052144659377566,0.06560134566862907,0.07485281749369221,-0.003364171572750263,0.07317073170731692,2025H2
300625,2025-10-23,3,bull,macd_stabilizing,two_day_acceleration,current_week,-0.009716599190283337,0.035627530364372495,0.012955465587044523,-0.012955465587044523,0.04291497975708514,2025H2
300625,2025-10-29,2,bull,none,two_day_acceleration,current_week,0.030473135525260542,0.027265437048917374,-0.03368083400160382,-0.02245388933440262,0.0617481956696071,2025H2
300625,2025-10-31,4,bull,none,shrinking_volume_acceleration,current_week,0.030595813204508993,0.037842190016103006,-0.0024154589371979673,0.0,0.06602254428341392,2025H2
300625,2025-11-05,2,bull,macd_cross,shrinking_volume_acceleration,current_week,-0.0007800312012480326,-0.026521060842433664,-0.03432137285491421,-0.032761310452418035,0.032761310452418035,2025H2
300625,2025-11-13,3,bull,none,pullback_holds,current_week,-0.025700934579439227,-0.04439252336448596,-0.06464174454828664,-0.08099688473520239,0.014018691588784993,2025H2
300625,2025-11-14,4,bull,ma_bull,pullback_holds,current_week,-0.07254290171606859,-0.03354134165366618,-0.0865834633385335,-0.0795631825273011,0.010920436817472678,2025H2
300625,2025-12-08,0,bull,ma_bull,pullback_holds,current_week,-0.03836930455635479,-0.048760991207034365,-0.048760991207034365,-0.08233413269384482,0.007194244604316502,2025H2
300625,2025-12-09,1,mid,ma_bull,pullback_holds,current_week,-0.04431909750201457,-0.04593070104754238,-0.013698630136986245,-0.07493956486704267,0.010475423045930743,2025H2
300625,2025-12-19,4,mid,none,pullback_holds,current_week,-0.007499999999999951,-0.0008333333333333526,0.0558333333333334,-0.032500000000000084,0.014999999999999902,2025H2
300625,2026-01-05,0,bull,macd_stabilizing,pullback_holds,current_week,0.03428093645484953,0.06438127090301005,0.06270903010033435,-0.014214046822742521,0.06856187290969906,2026H1
300625,2026-01-06,1,bull,macd_stabilizing,pullback_holds,current_week,0.046705587989991804,0.056713928273561365,0.08090075062552127,-0.016680567139282676,0.06922435362802326,2026H1
300625,2026-01-07,2,bull,macd_stabilizing,pullback_holds,current_week,0.059071729957806074,0.07932489451476799,0.10632911392405053,-0.005063291139240422,0.08185654008438825,2026H1
300625,2026-01-12,0,bull,none,shrinking_volume_acceleration,current_week,0.028271405492730217,0.03796445880452337,0.058158319870759145,-0.009693053311793265,0.06138933764135701,2026H1
300625,2026-01-13,1,bull,none,two_day_acceleration,current_week,0.011173184357541777,0.01995211492418192,0.043894652833200265,-0.0159616919393456,0.04868316041500398,2026H1
300625,2026-01-15,3,bull,none,shrinking_volume_acceleration,current_week,0.026856240126382325,0.0,0.00789889415481837,-0.01579778830963663,0.03791469194312791,2026H1
300625,2026-01-21,2,bull,macd_cross,shrinking_volume_acceleration,current_week,-0.00390930414386248,0.02501954652071925,0.020328381548084362,-0.02111024237685699,0.03127443315089895,2026H1
300625,2026-01-22,3,bull,macd_cross,two_day_acceleration,current_week,-0.0365296803652968,-0.013698630136986245,-0.011415525114155223,-0.04718417047184176,0.003805175038051667,2026H1
300625,2026-02-03,1,mid,ma_bull,pullback_holds,current_week,0.013953488372093092,0.0,0.003875968992248069,-0.01705426356589157,0.02248062015503871,2026H1
300625,2026-02-05,3,mid,ma_bull,pullback_holds,current_week,-0.025210084033613467,-0.007639419404125269,-0.005347593582887722,-0.031321619556913705,0.005347593582887722,2026H1
300625,2026-02-06,4,mid,ma_bull,pullback_holds,current_week,-0.025974025974025983,-0.04278074866310155,-0.01145912910618796,-0.04278074866310155,0.005347593582887722,2026H1
300625,2026-02-09,0,bull,ma_bull,shrinking_volume_acceleration,current_week,-0.012927756653992373,-0.0684410646387833,-0.03117870722433458,-0.07528517110266164,0.0007604562737641984,2026H1
300625,2026-02-24,1,bull,ma_bull,pullback_holds,current_week,-0.05769230769230771,-0.004615384615384688,-0.1184615384615384,-0.08307692307692305,0.007692307692307665,2026H1
300625,2026-02-25,2,bull,ma_bull,pullback_holds,current_week,-0.07098765432098764,-0.0007716049382715529,-0.11805555555555558,-0.08024691358024694,0.010802469135802406,2026H1
300625,2026-02-26,3,bull,ma_bull,pullback_holds,current_week,-0.0346153846153846,-0.019230769230769273,-0.13769230769230767,-0.08307692307692305,0.005384615384615321,2026H1
300625,2026-02-27,4,bull,ma_bull,pullback_holds,current_week,-0.004680187207488307,0.015600624024960874,-0.1115444617784711,-0.07020280811232449,0.032761310452418035,2026H1
300625,2026-05-22,4,mid,none,pullback_holds,current_week,-0.08099173553718997,-0.10991735537190084,-0.20082644628099167,-0.16115702479338834,0.04132231404958686,2026H1
300625,2026-05-25,0,bull,macd_cross,two_day_acceleration,current_week,-0.07512116316639739,-0.15912762520193868,-0.20113085621970916,-0.18012924071082392,0.01050080775444262,2026H1
688336,2023-07-26,2,mid,ma_bull,shrinking_volume_acceleration,current_week,-0.03125,-0.032762096774193505,-0.07157258064516114,-0.08366935483870963,0.051411290322580516,2023H2
688336,2023-07-28,4,bull,ma_bull,two_day_acceleration,current_week,-0.06035328753680058,-0.08439646712463189,-0.06771344455348371,-0.10794896957801758,0.023552502453385804,2023H2
688336,2023-09-12,1,mid,ma_bull,pullback_holds,current_week,0.12474437627811863,0.1027607361963192,0.059304703476482645,-0.012269938650306678,0.16002044989775066,2023H2
688336,2023-11-23,3,mid,ma_bull,shrinking_volume_acceleration,current_week,0.007447248655357841,-0.004964832436905264,-0.08771203971865948,-0.058750517170045535,0.05419942076954887,2023H2
688336,2023-12-29,4,mid,none,two_day_acceleration,current_week,-0.05587583148558761,-0.019955654101995512,-0.07050997782705104,-0.06474501108647457,0.017294900221729526,2023H2
688336,2024-02-22,3,bull,none,shrinking_volume_acceleration,current_week,0.014789038712483604,0.016528925619834656,0.05698129621574588,-0.02000869943453676,0.06568073075250092,2024H1
688336,2024-03-04,0,bull,none,two_day_acceleration,current_week,-0.017717346518335342,0.06716110424392263,-0.04120313143798926,-0.04779563246806762,0.09188298310671605,2024H1
688336,2024-03-20,2,bull,none,shrinking_volume_acceleration,current_week,-0.13859111791730483,-0.15160796324655434,-0.19333843797856054,-0.15811638591117916,0.010719754977029039,2024H1
688336,2024-04-25,3,bull,none,pullback_holds,current_week,0.09062776304155618,0.08311229000884168,-0.0004420866489832642,-0.0053050397877985045,0.10875331564986745,2024H1
688336,2024-04-30,1,bull,none,shrinking_volume_acceleration,current_week,0.010373443983402453,-0.025311203319502096,-0.06556016597510383,-0.03360995850622417,0.04066390041493784,2024H1
688336,2024-05-06,0,bull,macd_cross,two_day_acceleration,current_week,-0.012219959266802527,-0.050916496945010215,-0.08431771894093687,-0.05987780040733193,0.021588594704684327,2024H1
688336,2024-05-22,2,bull,ma_bull,two_day_acceleration,current_week,-0.06404353285893682,-0.05818334030975303,-0.0866471326915027,-0.07408957722896603,0.0012557555462537895,2024H1
688336,2025-06-03,1,bull,ma_bull,shrinking_volume_acceleration,current_week,0.0951724137931036,-0.04655172413793096,-0.037931034482758585,-0.053103448275862,0.18413793103448284,2025H1
688336,2025-06-10,1,bull,ma_bull,two_day_acceleration,current_week,-0.1037277147487844,-0.09303079416531612,-0.1500810372771476,-0.13695299837925445,0.034035656401944836,2025H1
688336,2025-07-01,1,bull,ma_bull,two_day_acceleration,current_week,-0.06357142857142861,0.05714285714285716,0.0,-0.08142857142857152,0.08678571428571424,2025H2
688336,2025-07-03,3,bull,ma_bull,shrinking_volume_acceleration,current_week,-0.0381526104417671,0.112814895947426,-0.008032128514056214,-0.06097115735669956,0.131434830230011,2025H2
688336,2025-07-16,2,bull,ma_bull,shrinking_volume_acceleration,current_week,-0.09067925164335067,-0.09944378897690875,-0.1404011461318051,-0.12169222990055617,0.04466543064217099,2025H2
688336,2025-07-17,3,bull,ma_bull,two_day_acceleration,current_week,-0.022537562604340478,-0.092821368948247,-0.14123539232053428,-0.13005008347245406,0.0016694490818029983,2025H2
688336,2025-08-14,3,bull,none,pullback_holds,current_week,0.03742690058479514,-0.050682261208576995,0.07602339181286544,-0.08810916179337236,0.10857699805068233,2025H2
688336,2025-08-15,4,bull,none,shrinking_volume_acceleration,current_week,-0.005586592178770999,-0.020484171322160183,0.03631284916201105,-0.12886405959031655,0.05903165735567972,2025H2
688336,2025-08-25,0,bull,none,two_day_acceleration,current_week,-0.017625231910946115,0.07346938775510203,-0.03673469387755102,-0.13209647495361776,0.17439703153988884,2025H2
688336,2025-09-04,3,mid,none,two_day_acceleration,current_week,0.007483117357182101,-0.018981565979193316,-0.042891038510677104,-0.0768388392042344,0.15532031392589896,2025H2
688336,2025-09-23,1,mid,none,two_day_acceleration,current_week,0.06544159009938122,-0.006187886742921367,0.15732233264579043,-0.06619163697731101,0.10256891055690986,2025H2
688336,2025-10-23,3,bull,ma_bull,shrinking_volume_acceleration,current_week,0.03050847457627115,0.17288135593220333,0.11220338983050859,-0.081864406779661,0.4067796610169492,2025H2
688336,2026-01-06,1,bull,none,pullback_holds,current_week,-0.008400646203554074,-0.058481421647819,-0.0437802907915994,-0.0773828756058158,0.04474959612277862,2026H1
688336,2026-01-30,4,bull,none,pullback_holds,current_week,0.0029880478087649376,-0.0239043824701195,-0.05909694555112888,-0.04083665338645415,0.03502656042496688,2026H1
688336,2026-03-11,2,bull,none,pullback_holds,current_week,0.1255060728744939,0.17982456140350878,0.38495276653171406,-0.046727395411605976,0.21221322537111997,2026H1
688336,2026-04-17,4,mid,ma_bull,pullback_holds,current_week,-0.09632653061224494,-0.14787172011661798,-0.25970845481049554,-0.16034985422740522,0.01795918367346938,2026H1
688336,2026-05-07,3,bull,ma_bull,shrinking_volume_acceleration,current_week,-0.09020134228187915,-0.13422818791946312,-0.23597315436241606,-0.16201342281879194,0.010738255033557076,2026H1
603007,2023-03-02,3,bull,macd_stabilizing,pullback_holds,current_week,0.176056338028169,0.3779342723004695,0.32863849765258224,0.0,0.3779342723004695,2023H1
603007,2023-03-03,4,bull,macd_stabilizing,pullback_holds,current_week,0.22325581395348837,0.37209302325581417,0.3046511627906978,-0.009302325581395321,0.43255813953488387,2023H1
603007,2023-04-07,4,bull,ma_bull,pullback_holds,current_week,0.0034482758620690834,-0.03275862068965507,-0.09999999999999998,-0.08620689655172409,0.005172413793103514,2023H1
603007,2024-01-03,2,mid,ma_bull,shrinking_volume_acceleration,current_week,0.10090090090090098,0.145945945945946,0.09009009009009006,-0.0018018018018017834,0.21981981981982002,2024H1
603007,2024-01-29,0,mid,ma_bull,shrinking_volume_acceleration,current_week,-0.2207207207207207,-0.09909909909909909,-0.1636636636636637,-0.25975975975975985,0.01501501501501501,2024H1
603007,2024-04-12,4,mid,none,shrinking_volume_acceleration,current_week,-0.03242320819112632,-0.023890784982935287,0.0017064846416381396,-0.09726962457337884,0.022184300341296925,2024H1
603007,2024-04-30,1,bull,none,two_day_acceleration,current_week,-0.015437392795883298,0.04459691252144071,0.012006861063464935,-0.044596912521440824,0.05660377358490565,2024H1
603007,2024-05-17,4,bull,macd_stabilizing,two_day_acceleration,current_week,-0.02287581699346397,-0.03594771241830064,-0.02450980392156865,-0.07189542483660138,0.03921568627450989,2024H1
603007,2024-07-15,0,mid,none,pullback_holds,current_week,0.027675276752767486,-0.020295202952029467,-0.009225092250922495,-0.03874538745387457,0.03690036900368998,2024H2
603007,2024-07-16,1,mid,none,pullback_holds,current_week,0.022181146025878062,-0.01663585951940849,-0.009242144177449174,-0.0369685767097967,0.038817005545286554,2024H2
603007,2024-07-18,3,mid,none,pullback_holds,current_week,-0.030741410488245968,-0.0452079566003617,-0.03616636528028938,-0.05786618444846303,0.016274864376130127,2024H2
603007,2024-08-19,0,mid,none,pullback_holds,current_week,-0.018761726078799223,-0.05816135084427765,0.2551594746716699,-0.07504690431519712,0.009380863039399667,2024H2
603007,2024-10-08,1,bull,ma_bull,shrinking_volume_acceleration,current_week,0.08972503617945016,0.25615050651230087,0.8668596237337192,-0.03183791606367581,0.25615050651230087,2024H2
603007,2024-10-16,2,bull,ma_bull,shrinking_volume_acceleration,current_week,0.1739690721649485,0.3891752577319587,1.0489690721649487,-0.01675257731958757,0.3891752577319587,2024H2
603007,2025-03-11,1,bull,none,pullback_holds,current_week,-0.14784633294528515,-0.32130384167636783,-0.49825378346915006,-0.3329452852153666,0.0,2025H1
603007,2025-03-13,3,bull,none,pullback_holds,current_week,-0.19128329297820823,-0.3389830508474576,-0.423728813559322,-0.3389830508474576,0.004842615012106588,2025H1
688343,2025-04-02,2,mid,none,shrinking_volume_acceleration,current_week,-0.1059811122770199,-0.09566281916754105,-0.006470793983910372,-0.21965722280517663,0.04337180832458909,2025H1
688343,2025-04-03,3,mid,none,pullback_holds,current_week,0.041538461538461524,-0.023653846153846136,0.07057692307692309,-0.14192307692307693,0.0738461538461539,2025H1
688343,2025-04-22,1,mid,none,pullback_holds,current_week,-0.009961261759822926,-0.018262313226342086,-0.10127282789153291,-0.04408780667773471,0.07507839881940592,2025H1
688343,2025-04-23,2,mid,none,pullback_holds,current_week,0.030797773654916538,0.013914656771799594,-0.082003710575139,-0.03858998144712422,0.08126159554730994,2025H1
688343,2025-05-12,0,bull,none,shrinking_volume_acceleration,current_week,-0.06057866184448468,-0.1052441229656419,-0.11030741410488243,-0.12188065099457512,0.012658227848101111,2025H1
688343,2025-05-13,1,bull,none,pullback_holds,current_week,-0.045244690674053456,-0.10637119113573401,-0.1032317636195752,-0.10969529085872576,0.019205909510618735,2025H1
688343,2025-05-14,2,bull,none,pullback_holds,current_week,-0.0622926649465535,-0.11795060818282344,-0.11094729082196819,-0.12255805381496498,0.0,2025H1
688343,2025-06-04,2,bull,none,shrinking_volume_acceleration,current_week,0.013355592654423987,-0.0010434056761268184,-0.009390651085141921,-0.03610183639399012,0.08785475792988318,2025H1
688343,2025-06-06,4,bull,none,pullback_holds,current_week,-0.07544554455445551,-0.08158415841584155,-0.0758415841584158,-0.08534653465346542,0.017227722772277243,2025H1
688343,2025-06-17,1,bull,none,two_day_acceleration,current_week,0.016085230833507325,0.023396699394192533,0.03175266346354699,-0.04700229789011923,0.044077710465844966,2025H1
688343,2025-06-24,1,bull,none,pullback_holds,current_week,0.00492307692307703,-0.014358974358974264,0.03835897435897451,-0.050256410256410144,0.02523076923076939,2025H1
688343,2025-06-25,2,bull,none,shrinking_volume_acceleration,current_week,-0.04812512532584734,-0.045518347704030515,0.03509123721676355,-0.07158612392219776,0.0014036494886704443,2025H1
688343,2025-06-26,3,bull,none,pullback_holds,current_week,-0.04282828282828277,-0.04747474747474756,0.05050505050505061,-0.06464646464646451,0.0060606060606061,2025H1
688343,2025-06-27,4,bull,none,pullback_holds,current_week,-0.036937680561287656,0.0010317787866280792,0.13351217498968215,-0.04457284358233593,0.027651671481634388,2025H1
688343,2025-07-07,0,bull,none,shrinking_volume_acceleration,current_week,0.025473684210526315,0.08000000000000007,0.26210526315789484,-0.01663157894736844,0.12210526315789472,2025H2
688343,2025-07-08,1,bull,none,pullback_holds,current_week,0.02299088649544334,0.04846727423363717,0.2634631317315659,-0.03251864125932058,0.10397680198840109,2025H2
688343,2025-07-09,2,bull,none,pullback_holds,current_week,0.0739406779661016,0.09364406779661016,0.3133474576271187,-0.010381355932203462,0.1292372881355932,2025H2
688343,2025-07-15,1,bull,none,two_day_acceleration,current_week,0.021594349142280533,0.10938446014127123,0.31200807265388497,-0.0046417759838547346,0.1259334006054489,2025H2
688343,2025-07-16,2,bull,none,two_day_acceleration,current_week,0.019956530329974465,0.11302114206678526,0.26220114601857336,-0.011855364552460057,0.15174866627148775,2025H2
688343,2025-07-30,2,bull,none,two_day_acceleration,current_week,0.1010657193605684,0.13463587921847253,0.6429840142095913,-0.005861456483126193,0.18117229129662515,2025H2
688343,2025-08-15,4,bull,ma_bull,shrinking_volume_acceleration,current_week,0.232891660171473,0.5575993764614184,0.40810600155884624,-0.02338269680436489,0.6104442712392828,2025H2
688343,2025-08-19,1,bull,ma_bull,shrinking_volume_acceleration,current_week,0.2653852115951014,0.43388621919082304,0.39854286157184915,-0.02526740040303832,0.7206634630289876,2025H2
688343,2025-11-17,0,mid,none,shrinking_volume_acceleration,current_week,-0.004798193621225022,0.07013830087496475,0.005221563646627292,-0.03499858876658202,0.10033869602032186,2025H2
688343,2025-12-08,0,bull,none,pullback_holds,current_week,-0.026114301339896007,-0.03527481542247746,0.05838118676510806,-0.07560842220399233,0.03609515996718615,2025H2
688343,2025-12-25,3,bull,none,two_day_acceleration,current_week,0.06140713203910231,0.18876497315159035,0.1559961448437286,-0.004956629491945419,0.1923447611179956,2025H2
688343,2026-01-16,4,bull,none,shrinking_volume_acceleration,current_week,0.04716640596799415,0.10395860907231391,0.16375887378173504,-0.03140416315726147,0.16195403681867404,2026H1
688343,2026-04-10,4,mid,none,shrinking_volume_acceleration,current_week,0.11204819277108435,0.11349397590361443,0.04578313253012034,0.0,0.19277108433734935,2026H1
688343,2026-04-16,3,mid,none,shrinking_volume_acceleration,current_week,0.035828112979448434,-0.03286075392900312,-0.06143532256291884,-0.10045059896691932,0.08803165182987138,2026H1
688343,2026-05-18,0,bull,none,shrinking_volume_acceleration,current_week,-0.03975903614457832,-0.20530120481927705,-0.2302409638554217,-0.2060240963855421,0.039397590361445634,2026H1
688343,2026-05-19,1,bull,none,two_day_acceleration,current_week,-0.08528328780140149,-0.23019360969236247,-0.12697470008314526,-0.23530110464425702,0.024706022092885194,2026H1
688343,2026-06-18,3,bull,none,two_day_acceleration,current_week,-0.06600265604249667,0.09827357237715817,-0.07370517928286846,-0.0715803452855246,0.14860557768924298,2026H1
601179,2023-07-03,0,mid,none,two_day_acceleration,current_week,-0.005424954792043413,0.005424954792043524,-0.0018083182640143969,-0.02169981916817365,0.009041591320072317,2023H2
601179,2023-07-11,1,mid,none,pullback_holds,current_week,0.005434782608695565,-0.01630434782608714,-0.01630434782608714,-0.048913043478260976,0.0126811594202898,2023H2
601179,2023-07-13,3,mid,none,shrinking_volume_acceleration,current_week,-0.032432432432432434,-0.03423423423423411,-0.03063063063063065,-0.05405405405405406,0.007207207207207134,2023H2
601179,2023-07-31,0,bull,none,two_day_acceleration,current_week,-0.001814882032667886,-0.04537205081669693,-0.10163339382940106,-0.06715063520871145,0.012704174228675091,2023H2
601179,2023-08-02,2,bull,none,pullback_holds,current_week,-0.01642335766423375,-0.058394160583941646,-0.10401459854014605,-0.06569343065693434,0.012773722627737127,2023H2
601179,2023-08-03,3,bull,none,pullback_holds,current_week,-0.027124773960217063,-0.061482820976491825,-0.13019891500904157,-0.07414104882459316,0.0036166365280287938,2023H2
601179,2023-08-04,4,bull,none,pullback_holds,current_week,-0.04744525547445266,-0.06386861313868619,-0.12591240875912413,-0.06569343065693434,0.007299270072992803,2023H2
601179,2023-08-07,0,bull,none,pullback_holds,current_week,-0.04014598540145997,-0.07299270072992703,-0.10218978102189791,-0.07664233576642332,0.0036496350364962904,2023H2
601179,2023-09-11,0,mid,none,pullback_holds,current_week,-0.008163265306122436,-0.014285714285714346,-0.05102040816326525,-0.028571428571428692,0.008163265306122547,2023H2
601179,2023-09-12,1,mid,none,pullback_holds,current_week,-0.016260162601625994,-0.028455284552845517,-0.07317073170731692,-0.0325203252032521,0.004065040650406582,2023H2
601179,2024-03-06,2,bull,ma_bull,two_day_acceleration,current_week,-0.03508771929824561,-0.028070175438596467,-0.05087719298245619,-0.04561403508771922,0.007017543859649145,2024H1
601179,2024-03-08,4,bull,ma_bull,shrinking_volume_acceleration,current_week,-0.017761989342806372,-0.03374777975133203,-0.03374777975133203,-0.03730017761989346,0.019538188277087087,2024H1
601179,2024-03-18,0,bull,ma_bull,two_day_acceleration,current_week,-0.04247787610619469,-0.02831858407079646,0.36283185840707954,-0.06548672566371683,0.008849557522123908,2024H1
601179,2024-03-19,1,bull,ma_bull,pullback_holds,current_week,-0.0357142857142857,-0.025000000000000133,0.46964285714285703,-0.05714285714285716,0.0071428571428568954,2024H1
601179,2024-04-08,0,mid,ma_bull,pullback_holds,current_week,0.28,0.4236363636363636,0.3054545454545454,-0.020000000000000018,0.54,2024H1
601179,2024-04-09,1,mid,ma_bull,pullback_holds,current_week,0.37614678899082565,0.41834862385321103,0.37981651376146797,-0.003669724770642313,0.5541284403669726,2024H1
601179,2024-04-10,2,mid,ma_bull,pullback_holds,current_week,0.3556338028169015,0.3503521126760565,0.41021126760563376,0.0,0.4911971830985917,2024H1
601179,2024-05-06,0,bull,ma_bull,shrinking_volume_acceleration,current_week,0.125,-0.0252808988764045,-0.047752808988763995,-0.050561797752809,0.13061797752809,2024H1
601179,2024-05-08,2,bull,ma_bull,two_day_acceleration,current_week,-0.041095890410958846,-0.06438356164383563,0.021917808219177992,-0.07397260273972606,0.10273972602739745,2024H1
601179,2024-05-09,3,bull,ma_bull,pullback_holds,current_week,-0.03760445682451252,-0.07520891364902493,0.009749303621169991,-0.08077994428969348,0.12116991643454056,2024H1
601179,2024-05-27,0,mid,ma_bull,pullback_holds,current_week,-0.021645021645021578,0.024531024531024626,0.07070707070707072,-0.04040404040404033,0.1096681096681098,2024H1
601179,2024-05-29,2,mid,ma_bull,pullback_holds,current_week,0.053672316384180796,0.024011299435028333,0.03248587570621475,-0.06073446327683607,0.08615819209039555,2024H1
601179,2024-09-24,1,mid,none,two_day_acceleration,current_week,0.1646090534979423,0.056241426611796985,0.08230452674897126,-0.008230452674897082,0.308641975308642,2024H2
601179,2024-09-25,2,bull,none,two_day_acceleration,current_week,0.11036339165545095,0.021534320323014722,0.14266487213997325,-0.026917900403768402,0.28398384925975795,2024H2
601179,2024-10-22,1,bull,ma_bull,shrinking_volume_acceleration,current_week,-0.02832512315270941,0.07512315270935943,-0.0024630541871922818,-0.05295566502463056,0.10221674876847286,2024H2
601179,2024-12-03,1,bull,none,two_day_acceleration,current_week,-0.019059720457433316,-0.021601016518424387,-0.03557814485387556,-0.03684879288437104,0.017789072426937613,2024H2
601179,2024-12-04,2,bull,none,pullback_holds,current_week,-0.0012919896640826156,0.007751937984496138,-0.07493540051679592,-0.02067183462532296,0.0348837209302324,2024H2
601179,2024-12-05,3,bull,none,pullback_holds,current_week,0.007822685788787531,0.0,-0.08344198174706641,-0.016949152542372836,0.04432855280312897,2024H2
601179,2024-12-06,4,bull,none,pullback_holds,current_week,-0.01036269430051806,0.005181347150259086,-0.07383419689119164,-0.023316062176165775,0.03756476683937815,2024H2
601179,2024-12-09,0,bull,none,two_day_acceleration,current_week,-0.03643216080402012,-0.02386934673366825,-0.1080402010050251,-0.05276381909547734,0.006281407035175768,2024H2
601179,2024-12-16,0,bull,none,pullback_holds,current_week,0.01171875,0.00390625,-0.0546875,-0.01822916666666663,0.04427083333333326,2024H2
601179,2024-12-17,1,bull,none,pullback_holds,current_week,0.024421593830334043,-0.024421593830334265,-0.08097686375321334,-0.03084832904884316,0.03084832904884305,2024H2
601179,2024-12-18,2,bull,none,two_day_acceleration,current_week,0.01675257731958779,-0.07731958762886593,-0.07345360824742264,-0.0850515463917525,0.03350515463917514,2024H2
601179,2024-12-19,3,bull,none,pullback_holds,current_week,0.017060367454068137,-0.07742782152230965,-0.04593175853018372,-0.0813648293963255,0.052493438320209806,2024H2
601179,2024-12-20,4,bull,none,pullback_holds,current_week,0.016774193548387162,-0.07741935483870965,-0.05290322580645168,-0.10193548387096774,0.0348387096774192,2024H2
601179,2024-12-23,0,mid,none,pullback_holds,current_week,-0.007722007722007818,-0.0862290862290862,-0.06306306306306309,-0.10424710424710426,0.03217503217503204,2024H2
601179,2024-12-24,1,bull,none,two_day_acceleration,current_week,-0.048872180451127845,-0.09899749373433586,-0.07894736842105265,-0.1278195488721805,0.005012531328320691,2024H2
601179,2026-01-23,4,bull,ma_bull,shrinking_volume_acceleration,current_week,-0.07170294494238161,-0.060179257362356076,0.03457106274007682,-0.1043533930857875,0.08322663252240714,2026H1
601179,2026-02-04,2,mid,ma_bull,pullback_holds,current_week,-0.057328990228012966,0.0469055374592835,0.2143322475570033,-0.08143322475570036,0.05863192182410426,2026H1
601179,2026-03-02,0,bull,ma_bull,two_day_acceleration,current_week,0.2543532338308456,0.07835820895522372,-0.017412935323383172,-0.06094527363184088,0.28420398009950243,2026H1
601179,2026-04-10,4,mid,ma_bull,pullback_holds,current_week,0.0811320754716982,0.08238993710691833,0.19622641509433958,-0.02515723270440251,0.1641509433962265,2026H1
601179,2026-04-22,2,bull,none,shrinking_volume_acceleration,current_week,-0.045100222717149197,0.007795100222717233,-0.07293986636971062,-0.08073496659242763,0.030623608017817494,2026H1
601179,2026-04-23,3,bull,none,two_day_acceleration,current_week,-0.044607566346696714,0.08413325804630145,-0.08639186900056472,-0.06775832862789377,0.0959909655561828,2026H1
601179,2026-05-07,3,bull,ma_bull,pullback_holds,current_week,-0.002266288951841555,-0.08668555240793208,-0.11558073654390943,-0.08781869688385269,0.126912181303116,2026H1
601179,2026-05-08,4,bull,ma_bull,pullback_holds,current_week,-0.0034883720930232176,-0.05523255813953487,-0.12616279069767433,-0.07558139534883712,0.1563953488372094,2026H1
601179,2026-05-25,0,bull,ma_bull,two_day_acceleration,current_week,0.030303030303030276,-0.15090909090909088,-0.018787878787878687,-0.1581818181818182,0.046666666666666634,2026H1
601179,2026-05-29,4,mid,ma_bull,pullback_holds,current_week,-0.07791411042944785,-0.1736196319018405,-0.07975460122699396,-0.1791411042944785,0.05950920245398761,2026H1
601179,2026-06-24,2,bull,none,shrinking_volume_acceleration,current_week,-0.1027227722772277,-0.17883663366336633,-0.2320544554455446,-0.18193069306930687,0.021039603960395947,2026H1
601179,2026-08-07,4,mid,none,shrinking_volume_acceleration,current_week,-0.04522968197879862,-0.08975265017667844,-0.10954063604240283,-0.10671378091872785,0.02473498233215543,2026H2
601179,2026-08-18,1,bull,none,pullback_holds,current_week,-0.04613095238095233,-0.05357142857142849,-0.1004464285714286,-0.0758928571428571,0.0007440476190476719,2026H2
603036,2023-06-19,0,mid,none,pullback_holds,current_week,-0.0019342359767891004,0.06673114119922618,0.08220502901353965,-0.04255319148936165,0.08220502901353965,2023H1
603036,2023-06-20,1,mid,none,two_day_acceleration,current_week,0.008571428571428452,0.05809523809523798,0.0514285714285716,-0.05714285714285716,0.07047619047619058,2023H1
603036,2023-07-04,1,mid,none,shrinking_volume_acceleration,current_week,0.006369426751592355,0.019108280254777066,-0.020928116469517755,-0.016378525932666088,0.02547770700636942,2023H2
603036,2023-07-25,1,mid,none,pullback_holds,current_week,-0.02975653742110007,-0.062218214607754674,-0.02524797114517574,-0.066726780883679,0.0036068530207395977,2023H2
603036,2023-07-26,2,mid,none,pullback_holds,current_week,-0.015525114155251263,-0.05479452054794531,-0.031050228310502415,-0.058447488584474905,0.005479452054794498,2023H2
603036,2023-11-23,3,mid,ma_bull,two_day_acceleration,current_week,0.12693935119887167,0.12411847672778564,0.04654442877291953,-0.012693935119887145,0.16995768688293378,2023H2
603036,2024-12-13,4,bull,ma_bull,shrinking_volume_acceleration,current_week,-0.057636887608069176,-0.04092219020172916,-0.1550432276657061,-0.10144092219020184,0.02074927953890482,2024H2
603036,2025-01-24,4,mid,none,shrinking_volume_acceleration,current_week,-0.01666666666666672,-0.13809523809523816,-0.14642857142857146,-0.16488095238095235,0.011309523809523991,2025H1
603036,2025-02-10,0,mid,ma_bull,shrinking_volume_acceleration,current_week,-0.12718505123568413,-0.14406268836648572,-0.07594936708860756,-0.1561181434599156,0.0006027727546715766,2025H1
603036,2025-03-07,4,bull,none,pullback_holds,current_week,-0.021621621621621623,0.04594594594594592,-0.10675675675675678,-0.03175675675675682,0.07432432432432434,2025H1
603036,2025-03-17,0,bull,none,two_day_acceleration,current_week,0.020875420875420936,-0.025589225589225495,-0.08484848484848484,-0.04175084175084165,0.07070707070707072,2025H1
603036,2025-04-22,1,mid,none,two_day_acceleration,current_week,0.03269367448471927,0.07320540156361055,0.127221037668799,-0.000710732054015617,0.08742004264392333,2025H1
603036,2025-04-23,2,mid,none,two_day_acceleration,current_week,0.01799307958477514,0.04775086505190318,0.08166089965397916,-0.01384083044982709,0.0622837370242213,2025H1
603036,2025-04-25,4,mid,none,shrinking_volume_acceleration,current_week,0.024137931034482696,0.0427586206896553,0.07379310344827594,-0.017241379310344862,0.06620689655172418,2025H1
603036,2025-05-12,0,bull,none,two_day_acceleration,current_week,0.03498349834983494,0.03168316831683171,0.09306930693069293,-0.027722772277227747,0.08382838283828398,2025H1
603036,2025-05-13,1,bull,none,two_day_acceleration,current_week,0.051099611901681774,0.007115135834411257,0.12483829236739963,-0.047218628719275624,0.062095730918499514,2025H1
603036,2025-09-09,1,bull,ma_bull,pullback_holds,current_week,0.01619818961410191,0.056693663649356685,0.08766079085278711,-0.04716531681753222,0.11100524059075734,2025H2
603036,2025-11-11,1,bull,none,pullback_holds,current_week,-0.03581526861451456,-0.04618284637134762,-0.012723845428840752,-0.1404335532516493,0.013195098963242335,2025H2
603036,2025-11-12,2,bull,none,pullback_holds,current_week,-0.04446546830652798,-0.04210028382213815,-0.027436140018921584,-0.13718070009460726,0.017029328287606393,2025H2
603036,2025-11-13,3,bull,none,pullback_holds,current_week,-0.07515557683101959,0.028243178554332227,-0.031594064145524126,-0.12685495452369544,0.04595500239348982,2025H2
603036,2025-11-14,4,bull,none,pullback_holds,current_week,-0.10989010989010994,0.09651218346870527,-0.03726708074534146,-0.12852365026278056,0.098901098901099,2025H2
603036,2026-01-07,2,bull,none,shrinking_volume_acceleration,current_week,0.03446669771774569,0.017699115044247815,-0.01909641360037262,-0.01257568700512346,0.07405682347461573,2026H1
603036,2026-01-14,2,bull,none,shrinking_volume_acceleration,current_week,-0.016651665166516505,-0.04455445544554448,-0.07200720072007194,-0.08550855085508546,0.03780378037803778,2026H1
603036,2026-01-15,3,bull,none,two_day_acceleration,current_week,-0.04104148278905562,-0.07369814651368045,-0.09708737864077666,-0.10326566637246248,0.017652250661959412,2026H1
603036,2026-02-10,1,bull,none,pullback_holds,current_week,-0.034725480994838076,-0.0708587517597371,-0.07930549038010315,-0.09338338808071323,0.012670107930549124,2026H1
603036,2026-02-26,3,bull,none,pullback_holds,current_week,-0.002916869227029606,-0.07243558580456966,-0.11375789985415652,-0.07535245503159949,0.0491006319883327,2026H1
603036,2026-03-03,1,bull,none,pullback_holds,current_week,-0.043269230769230727,-0.05576923076923079,-0.13557692307692304,-0.11490384615384619,0.019230769230769162,2026H1
600301,2023-04-03,0,bull,none,pullback_holds,current_week,0.024477611940298516,0.1767164179104479,0.04477611940298498,-0.05671641791044768,0.24,2023H1
600301,2023-05-04,3,bull,ma_bull,pullback_holds,current_week,-0.054565701559020074,-0.04732739420935417,-0.05957683741648112,-0.09187082405345226,0.0027839643652560753,2023H1
600301,2023-05-15,0,mid,ma_bull,shrinking_volume_acceleration,current_week,0.020710059171597628,0.0011834319526629056,0.020710059171597628,-0.041420118343195256,0.06804733727810675,2023H1
600301,2023-05-18,3,mid,ma_bull,two_day_acceleration,current_week,-0.006428988895382792,-0.012857977790765585,0.0847457627118644,-0.05318527177089427,0.05493863237872598,2023H1
600301,2023-05-22,0,mid,none,shrinking_volume_acceleration,current_week,-0.011682242990654124,0.09579439252336441,0.027453271028037296,-0.053738317757009435,0.10163551401869153,2023H1
600301,2023-07-25,1,mid,ma_bull,pullback_holds,current_week,-0.0252808988764045,-0.026404494382022414,-0.07696629213483153,-0.0561797752808989,0.055617977528089835,2023H2
600301,2023-07-28,4,bull,ma_bull,pullback_holds,current_week,-0.01186440677966083,-0.06327683615819191,-0.14124293785310726,-0.06440677966101693,0.031073446327683607,2023H2
600301,2023-09-04,0,mid,none,two_day_acceleration,current_week,-0.030883261272390494,-0.03829524397776407,-0.09264978381717115,-0.0667078443483633,0.010500308832612548,2023H2
600301,2023-09-05,1,mid,none,pullback_holds,current_week,-0.027534418022528095,-0.05319148936170215,-0.09073842302878599,-0.05444305381727166,0.0031289111389236623,2023H2
600301,2023-09-06,2,mid,none,pullback_holds,current_week,-0.026700572155117563,-0.04450095359186268,-0.062301335028607796,-0.04895104895104896,0.010171646535282797,2023H2
600301,2024-10-23,2,bull,none,pullback_holds,current_week,0.05931695626123412,0.29179149191132403,0.0964649490713001,-0.008388256440982622,0.3259436788496104,2024H2
600301,2024-10-25,4,bull,none,two_day_acceleration,current_week,0.11264367816091947,0.1775862068965517,0.02643678160919527,-0.005747126436781658,0.2718390804597699,2024H2
600301,2024-10-28,0,bull,macd_cross,shrinking_volume_acceleration,current_week,0.06910112359550569,0.1499999999999999,0.0589887640449438,-0.0252808988764045,0.24325842696629207,2024H2
600301,2024-10-30,2,bull,macd_cross,shrinking_volume_acceleration,current_week,0.21670428893905203,0.08295711060948086,0.058690744920993465,-0.015237020316027028,0.24887133182844257,2024H2
600301,2024-10-31,3,bull,macd_cross,two_day_acceleration,current_week,0.18242865137101272,0.04980414101846664,0.052042529378847124,-0.004476776720761189,0.2383883603805259,2024H2
600301,2024-11-26,1,mid,ma_bull,pullback_holds,current_week,-0.006820566631689395,0.0005246589716685346,-0.06400839454354668,-0.06295907660020983,0.04144805876180491,2024H2
600301,2024-11-29,4,mid,ma_bull,shrinking_volume_acceleration,current_week,-0.024697845507094196,-0.011560693641618602,-0.06148187073042577,-0.04519180241723586,0.04308985811875976,2024H2
600301,2024-12-09,0,bull,ma_bull,two_day_acceleration,current_week,-0.05668016194331993,-0.09615384615384626,-0.11690283400809731,-0.11791497975708509,0.0045546558704452345,2024H2
600301,2024-12-11,2,bull,ma_bull,shrinking_volume_acceleration,current_week,-0.05197505197505192,-0.08991683991683996,-0.10810810810810823,-0.10758835758835761,0.011954261954261858,2024H2
600301,2024-12-13,4,bull,ma_bull,pullback_holds,current_week,-0.054991991457554734,-0.04644954618259478,-0.09076348104644949,-0.08328884143085946,0.010678056593699914,2024H2
600301,2024-12-23,0,mid,none,two_day_acceleration,current_week,-0.006741573033707926,-0.01966292134831471,0.02134831460674147,-0.06910112359550569,0.01797752808988773,2024H2
600301,2025-05-06,1,mid,none,shrinking_volume_acceleration,current_week,-0.00350350350350348,-0.03153153153153143,-0.021521521521521536,-0.049049049049049054,0.021521521521521425,2025H1
600301,2025-05-08,3,bull,none,pullback_holds,current_week,-0.02750000000000008,-0.04599999999999993,-0.02400000000000002,-0.050000000000000044,0.015000000000000124,2025H1
600301,2025-05-12,0,bull,none,shrinking_volume_acceleration,current_week,-0.03876739562624265,-0.05516898608349896,-0.0034791252485089075,-0.06013916500994043,0.008946322067594492,2025H1
600301,2025-05-13,1,bull,none,pullback_holds,current_week,-0.03153153153153143,-0.06706706706706711,0.022022022022022192,-0.07107107107107113,0.014514514514514465,2025H1
600301,2025-05-14,2,bull,none,pullback_holds,current_week,-0.015648662291771753,-0.06309944472488638,0.02624936900555297,-0.0661282180716809,0.0035335689045936647,2025H1
600301,2025-06-06,4,bull,none,shrinking_volume_acceleration,current_week,0.02003081664098616,-0.0364663585002567,0.05238828967642539,-0.04057524396507439,0.0667693888032872,2025H1
600301,2025-06-11,2,bull,none,two_day_acceleration,current_week,-0.050830889540566915,-0.05131964809384171,-0.016129032258064613,-0.08699902248289348,0.004887585532746819,2025H1
600301,2025-06-24,1,bull,none,two_day_acceleration,current_week,0.08577405857740583,0.08368200836820061,0.20135983263598312,-0.0067991631799162455,0.1009414225941423,2025H1
600301,2025-06-25,2,bull,none,pullback_holds,current_week,0.055811571940604265,0.030721966205837115,0.1587301587301586,-0.011264720942140372,0.07782898105478742,2025H1
600301,2025-06-26,3,bull,none,pullback_holds,current_week,0.07420675537359278,0.0547594677584442,0.20266120777891516,0.0,0.07727737973387927,2025H1
600301,2025-07-03,3,bull,none,shrinking_volume_acceleration,current_week,-0.004347826086956497,0.009661835748792313,0.05990338164251208,-0.033333333333333215,0.0758454106280193,2025H2
600301,2025-07-11,4,bull,none,two_day_acceleration,current_week,0.0037523452157599557,0.13273921200750483,0.07082551594746733,-0.023921200750469107,0.14821763602251403,2025H2
600301,2025-08-11,0,bull,ma_bull,shrinking_volume_acceleration,current_week,0.13020833333333326,0.26171875,0.3758680555555556,-0.00954861111111105,0.2855902777777779,2025H2
600301,2025-08-15,4,bull,ma_bull,shrinking_volume_acceleration,current_week,0.04686318972033243,0.20408163265306123,0.28495842781557057,-0.04383975812547236,0.23129251700680253,2025H2
600301,2025-08-22,4,bull,ma_bull,shrinking_volume_acceleration,current_week,0.11398601398601382,0.12377622377622366,0.08286713286713288,-0.027972027972028024,0.21678321678321688,2025H2
600301,2025-08-28,3,bull,ma_bull,shrinking_volume_acceleration,current_week,0.03431210821511055,0.11250412405146815,0.012207192345760287,-0.025074232926426965,0.15011547344110854,2025H2
600301,2025-09-03,2,bull,ma_bull,shrinking_volume_acceleration,current_week,-0.0015323322096231218,-0.02911431198283798,0.05792215752375118,-0.0750842782715293,0.0683420165491877,2025H2
600301,2025-09-05,4,bull,ma_bull,shrinking_volume_acceleration,current_week,0.053610164239231484,-0.040285094515029485,0.015494267121165084,-0.0669352339634336,0.08026030368763548,2025H2
600301,2025-10-13,0,bull,ma_bull,shrinking_volume_acceleration,current_week,-0.1867256637168141,-0.16932153392330385,-0.09292035398230081,-0.23274336283185837,0.04159292035398243,2025H2
600301,2025-10-14,1,bull,ma_bull,pullback_holds,current_week,-0.14404432132963985,-0.14558325638658054,-0.020006155740227793,-0.19944598337950137,0.008002462296091029,2025H2
600301,2026-01-19,0,bull,ma_bull,shrinking_volume_acceleration,current_week,0.18700000000000006,0.019000000000000128,0.033400000000000096,-0.06299999999999994,0.3575999999999999,2026H1
600301,2026-04-10,4,mid,none,pullback_holds,current_week,0.022262699858328183,0.09370572758550888,0.22060311677798006,-0.015786278081360017,0.1738514470754906,2026H1
600301,2026-04-16,3,mid,none,shrinking_volume_acceleration,current_week,0.08100000000000018,0.010599999999999943,0.08600000000000008,-0.028999999999999915,0.15999999999999992,2026H1
600301,2026-04-20,0,bull,none,two_day_acceleration,current_week,-0.0013461538461538858,0.15038461538461534,0.010576923076923261,-0.06634615384615372,0.15961538461538471,2026H1
600301,2026-05-28,3,mid,none,pullback_holds,current_week,0.12403508771929839,0.027017543859649162,0.039298245614035165,-0.07719298245614037,0.2238596491228071,2026H1
600301,2026-05-29,4,mid,none,pullback_holds,current_week,0.07040998217468819,0.12299465240641716,0.10481283422459908,-0.0623885918003565,0.2434937611408201,2026H1
600301,2026-07-01,2,bull,ma_bull,pullback_holds,current_week,-0.16631130063965882,-0.29473511563063803,-0.32655404297195334,-0.30047564375922586,0.06560603575528945,2026H2
600301,2026-08-07,4,mid,none,shrinking_volume_acceleration,current_week,-0.011946729338033646,-0.0656090873482178,-0.11927144535840195,-0.08891500195848023,0.020368194281237706,2026H2
600301,2026-08-28,4,mid,none,two_day_acceleration,current_week,-0.05802262253875168,-0.048387096774193616,,-0.10033514872224547,0.02387934645999157,2026H2
600563,2025-02-14,4,bull,ma_bull,shrinking_volume_acceleration,current_week,-0.05197189845122152,-0.023710681781893617,0.00534887434136988,-0.07951460961200707,0.012134759699824249,2025H1
600563,2025-03-07,4,bull,none,pullback_holds,current_week,0.02482096354166674,0.009114583333333481,-0.23095703125,-0.03076171874999989,0.077880859375,2025H1
600563,2025-03-13,3,bull,none,pullback_holds,current_week,-0.0299212598425197,-0.13110236220472438,-0.22377952755905517,-0.14133858267716537,0.014881889763779688,2025H1
600563,2025-03-14,4,bull,none,pullback_holds,current_week,-0.015013106680435317,-0.11907220589403444,-0.2199539280324092,-0.13376757486694735,0.01969973786639123,2025H1
600563,2025-03-17,0,bull,none,pullback_holds,current_week,-0.11161910767775496,-0.13668611067318304,-0.22339586946239953,-0.14046980923853059,0.004966104367018831,2025H1
600563,2025-05-06,1,mid,none,two_day_acceleration,current_week,-0.011223448659679058,-0.02151933957888874,-0.047490956312030486,-0.0538911047212689,0.009275577404693536,2025H1
600563,2025-05-08,3,bull,none,shrinking_volume_acceleration,current_week,-0.01850302185030217,-0.02203626220362609,-0.0384007438400743,-0.051603905160390484,0.010506741050674284,2025H1
600563,2025-05-29,3,bull,none,two_day_acceleration,current_week,-0.006341275941583402,-0.006437355880092199,0.029592621060722468,-0.034396617986164446,0.04035357417371266,2025H1
600563,2025-05-30,4,mid,none,pullback_holds,current_week,-0.012911367828366216,0.0003883118143868103,0.0590233957868167,-0.024366566352781338,0.05116008154548091,2025H1
600563,2025-10-29,2,bull,ma_bull,two_day_acceleration,current_week,-0.08191230207064559,-0.11974725943970776,-0.20866321559074308,-0.12583739342265543,0.023903775883069356,2025H2
600563,2025-11-07,4,bull,ma_bull,two_day_acceleration,current_week,-0.058557467086665094,-0.15434940634843708,-0.16614166868588964,-0.1607301510378807,0.008642274452790533,2025H2
600563,2025-12-01,0,mid,none,shrinking_volume_acceleration,current_week,-0.004688995215310965,-0.027559808612440118,0.022488038277512112,-0.04258373205741628,0.01320574162679411,2025H2
600563,2025-12-08,0,bull,none,pullback_holds,current_week,-0.018827845901322804,-0.008979434199092418,0.03553152457275255,-0.03784879791445406,0.022303755913874568,2025H2
600563,2025-12-22,0,bull,none,pullback_holds,current_week,0.04091573307355101,0.044812469556746226,0.1260594252313687,-0.002435460301997039,0.05776911836337062,2025H2
600563,2025-12-23,1,bull,none,pullback_holds,current_week,0.02982609540464387,0.036918293986204276,0.1119207228213348,-0.0017487612940834119,0.05489167395317196,2025H2
600563,2025-12-24,2,bull,none,two_day_acceleration,current_week,0.0006674294431732175,0.030225019069412662,0.12090007627765065,-0.0006674294431731065,0.035278413424866484,2025H2
600563,2025-12-26,4,bull,none,two_day_acceleration,current_week,0.019813189923577612,0.009529200868006349,0.08500801962449289,-0.010189640532125788,0.028398905557127874,2025H2
600563,2025-12-29,0,bull,none,two_day_acceleration,current_week,0.009696855582752795,-0.005554509508567174,0.0800225946149502,-0.01233289399359816,0.026172095650536686,2025H2
600563,2026-01-08,3,bull,none,pullback_holds,current_week,-0.00715226802183333,0.07707509881422925,-0.0015057406361753678,-0.015245623941276154,0.09429700734048563,2026H1
600563,2026-01-16,4,bull,none,two_day_acceleration,current_week,0.07360730593607312,-0.0073972602739725835,0.013515981735159777,-0.026484018264840148,0.08036529680365301,2026H1
600563,2026-08-18,1,bull,none,pullback_holds,current_week,-0.05270270270270261,-0.04512012012012001,-0.0636636636636636,-0.07657657657657646,0.020720720720720953,2026H2
600563,2026-08-31,0,bull,none,pullback_holds,current_week,-0.022591876208897466,-0.03427466150870395,,-0.08046421663442938,0.025145067698259194,2026H2
301167,2025-06-03,1,bull,ma_bull,pullback_holds,current_week,0.034389750505731564,0.03169251517194871,0.07687120701281192,-0.004045853000674393,0.05799055967633171,2025H1
301167,2025-06-04,2,bull,ma_bull,two_day_acceleration,current_week,0.019230769230769384,0.0026525198938993633,0.06034482758620685,-0.003978779840848823,0.040450928381962736,2025H1
301167,2025-06-05,3,bull,ma_bull,two_day_acceleration,current_week,0.013097576948264633,-0.03274394237066147,0.056319580877537634,-0.037328094302553905,0.027504911591355485,2025H1
301167,2025-06-09,0,bull,ma_bull,shrinking_volume_acceleration,current_week,-0.016046213093709905,-0.046854942233632846,0.05070603337612334,-0.07188703465982027,0.007060333761232274,2025H1
301167,2025-06-16,0,bull,ma_bull,pullback_holds,current_week,-0.03508771929824572,0.03703703703703698,0.08382066276803113,-0.060428849902534054,0.047433398310591235,2025H1
301167,2025-06-24,1,bull,ma_bull,two_day_acceleration,current_week,0.03432642487046644,0.08225388601036276,0.12176165803108807,-0.018782383419689075,0.0900259067357514,2025H1
301167,2025-06-26,3,bull,ma_bull,shrinking_volume_acceleration,current_week,0.04604409857328129,0.09922178988326835,0.11219195849546049,-0.01037613488975353,0.14007782101167332,2025H1
301167,2025-06-27,4,bull,ma_bull,two_day_acceleration,current_week,0.020125786163522008,0.04779874213836477,0.07358490566037745,-0.01572327044025157,0.10566037735849076,2025H1
301167,2025-06-30,0,bull,ma_bull,two_day_acceleration,current_week,0.02762084118016328,0.04708097928436916,0.0721908349026994,-0.013810420590081529,0.10357815442561225,2025H1
301167,2025-07-02,2,bull,ma_bull,shrinking_volume_acceleration,current_week,0.06812499999999999,0.028750000000000053,0.07687500000000003,-0.018124999999999947,0.09875000000000012,2025H2
301167,2025-07-03,3,bull,ma_bull,two_day_acceleration,current_week,0.05410447761194015,0.024253731343283347,0.05348258706467668,-0.010572139303482664,0.09328358208955212,2025H2
301167,2025-07-07,0,bull,ma_bull,shrinking_volume_acceleration,current_week,0.018937080024434838,0.0360415394013438,0.050702504581551455,-0.013439218081857218,0.07391569945021392,2025H2
301167,2025-07-08,1,bull,ma_bull,two_day_acceleration,current_week,-0.01433691756272415,0.03464755077658288,0.04241338112305848,-0.03524492234169674,0.05017921146953408,2025H2
301167,2025-07-09,2,bull,ma_bull,two_day_acceleration,current_week,-0.034604105571847454,0.0023460410557183398,0.031085043988269945,-0.052785923753665864,0.031085043988269945,2025H2
301167,2025-07-21,0,bull,ma_bull,two_day_acceleration,current_week,0.006482027106659016,0.013553329404832004,0.00707130229817321,-0.016499705362404082,0.03123158515026514,2025H2
301167,2025-07-24,3,bull,ma_bull,shrinking_volume_acceleration,current_week,-0.009935710111046103,0.02454704850964351,-0.008766803039158333,-0.016364699006428896,0.037405026300409094,2025H2
301167,2025-08-04,0,bull,ma_bull,pullback_holds,current_week,0.03641618497109822,-0.012138728323699444,-0.062427745664739964,-0.02774566473988438,0.043352601156069426,2025H2
301167,2025-08-05,1,bull,ma_bull,two_day_acceleration,current_week,0.026361031518624678,-0.00859598853868182,-0.07793696275071627,-0.036103151862464156,0.03438395415472795,2025H2
301167,2025-08-11,0,bull,ma_bull,shrinking_volume_acceleration,current_week,-0.04791086350974927,-0.017270194986072407,-0.09136490250696383,-0.0807799442896936,0.050139275766016844,2025H2
301167,2025-08-18,0,bull,ma_bull,two_day_acceleration,current_week,0.03218256290228205,-0.050906963136337136,-0.056758338209479176,-0.09771796372147457,0.10298420128730257,2025H2
301167,2025-08-19,1,bull,ma_bull,pullback_holds,current_week,0.018934911242603603,-0.047928994082840126,-0.031952662721893454,-0.08757396449704136,0.11538461538461564,2025H2
301167,2025-08-26,1,bull,ma_bull,pullback_holds,current_week,-0.06180758017492727,-0.04897959183673484,-0.10379008746355689,-0.10087463556851328,0.0,2025H2
301167,2025-09-16,1,bull,none,pullback_holds,current_week,-0.06280487804878032,-0.03170731707317065,0.01585365853658538,-0.09573170731707303,0.005487804878048896,2025H2
301167,2025-09-17,2,bull,none,pullback_holds,current_week,-0.03516347933374464,0.022825416409623767,0.02776064157927194,-0.08513263417643435,0.030228254164096136,2025H2
301167,2025-09-29,0,bull,none,pullback_holds,current_week,0.020754716981132182,0.037106918238993813,0.0792452830188679,-0.04339622641509433,0.05471698113207535,2025H2
301167,2025-10-21,1,bull,macd_stabilizing,two_day_acceleration,current_week,0.01637355973317156,0.040630685263796096,0.0715585203153426,-0.007883565797453196,0.08429351121892026,2025H2
301167,2025-11-03,0,bull,none,two_day_acceleration,current_week,0.0275014628437682,0.044470450555880614,0.009362200117027486,-0.00702165008777067,0.0643651258045641,2025H2
301167,2025-11-05,2,bull,macd_cross,two_day_acceleration,current_week,-0.0011318619128466434,-0.022637238256932757,-0.04753820033955858,-0.029994340690435828,0.029428409734012506,2025H2
301167,2025-11-07,4,bull,macd_cross,shrinking_volume_acceleration,current_week,-0.0056022408963586345,-0.08683473389355745,-0.04705882352941171,-0.09131652661064438,0.01904761904761898,2025H2
301167,2025-12-01,0,mid,ma_bull,pullback_holds,current_week,-0.0005777007510108234,-0.07394569612940483,-0.05603697284806464,-0.0987868284228769,0.007510109763142925,2025H2
301167,2025-12-08,0,bull,ma_bull,pullback_holds,current_week,-0.07180081065431376,-0.04342790966994792,-0.06948465547191662,-0.10943833236826861,0.009843659525188286,2025H2
301167,2025-12-09,1,mid,ma_bull,pullback_holds,current_week,-0.08347826086956522,-0.05333333333333323,-0.04811594202898539,-0.10840579710144926,0.001159420289855051,2025H2
301167,2025-12-19,4,mid,none,two_day_acceleration,current_week,-0.013939393939393918,-0.013939393939393918,0.07333333333333347,-0.035151515151515156,0.012727272727272698,2025H2
301167,2025-12-22,0,bull,none,pullback_holds,current_week,-0.008495145631068013,-0.02487864077669899,0.08009708737864085,-0.03398058252427183,0.006674757281553312,2025H2
301167,2025-12-25,3,bull,none,pullback_holds,current_week,-0.009079903147699686,0.01937046004842613,0.08232445520581111,-0.036319612590798966,0.021186440677966267,2025H2
301167,2026-01-05,0,bull,none,pullback_holds,current_week,0.025578562728379994,0.06516443361753965,0.10535931790499387,-0.026187576126674883,0.06699147381242376,2026H1
301167,2026-01-06,1,bull,none,pullback_holds,current_week,0.0374923171481254,0.08850645359557485,0.13460356484326996,-0.017209588199139536,0.09280885064535971,2026H1
301167,2026-01-12,0,bull,none,two_day_acceleration,current_week,0.034911242603550496,0.05798816568047349,0.09940828402366875,-0.014201183431952535,0.08106508875739649,2026H1
301167,2026-01-15,3,bull,none,shrinking_volume_acceleration,current_week,0.04800462695199559,0.028918449971081506,0.06593406593406592,-0.014459224985540753,0.05668016194331993,2026H1
301167,2026-01-19,0,bull,ma_bull,shrinking_volume_acceleration,current_week,0.015909090909090873,0.03125,0.06988636363636358,-0.005681818181818232,0.05397727272727271,2026H1
301167,2026-01-22,3,bull,ma_bull,two_day_acceleration,current_week,-0.017669795692987322,0.03147432357813362,0.029265599116510277,-0.032578685808945296,0.03423522915516286,2026H1
301167,2026-02-03,1,mid,ma_bull,shrinking_volume_acceleration,current_week,0.00706521739130439,0.011956521739130421,-0.007608695652173925,-0.021739130434782705,0.027717391304347805,2026H1
301167,2026-02-09,0,bull,ma_bull,shrinking_volume_acceleration,current_week,0.01182160128962928,-0.0720042987641053,-0.05427189682966138,-0.07469102632993019,0.0161203653949491,2026H1
301167,2026-02-24,1,bull,ma_bull,two_day_acceleration,current_week,-0.08672659968270757,-0.022210470650449454,-0.1433104177683766,-0.10576414595452144,0.0,2026H1
301167,2026-02-27,4,bull,ma_bull,pullback_holds,current_week,-0.02119565217391306,-0.013043478260869712,-0.11902173913043479,-0.08097826086956528,0.016304347826086696,2026H1
301167,2026-03-11,2,bull,ma_bull,pullback_holds,current_week,-0.021358159912376773,-0.10624315443592558,-0.09912376779846666,-0.16757940854326403,0.012048192771084265,2026H1
301167,2026-03-13,4,mid,ma_bull,pullback_holds,current_week,-0.07842046718576201,-0.0984427141268075,-0.08898776418242504,-0.1546162402669633,0.016685205784204626,2026H1
301167,2026-04-09,3,mid,none,pullback_holds,current_week,0.002402402402402526,-0.007207207207207023,0.06846846846846844,-0.033033033033032844,0.016216216216216495,2026H1
301167,2026-04-10,4,mid,none,pullback_holds,current_week,0.007250755287009136,0.0060422960725075026,0.06525679758308156,-0.027190332326283984,0.022356495468278004,2026H1
301167,2026-04-27,0,bull,none,two_day_acceleration,current_week,0.036649214659685736,0.020942408376963373,-0.09191390343222805,-0.010471204188481686,0.05933682373472937,2026H1
301167,2026-04-29,2,bull,none,shrinking_volume_acceleration,current_week,0.03669724770642202,0.005733944954128267,-0.10779816513761475,-0.02350917431192656,0.04415137614678888,2026H1
301167,2026-04-30,3,bull,none,shrinking_volume_acceleration,current_week,-0.0005617977528090679,-0.022471910112359494,-0.15955056179775284,-0.04325842696629212,0.023033707865168562,2026H1
301167,2026-05-08,4,bull,none,shrinking_volume_acceleration,current_week,-0.04162042175360714,-0.05771365149833518,-0.17314095449500555,-0.09378468368479453,0.010543840177580588,2026H1
301167,2026-05-19,1,bull,none,pullback_holds,current_week,-0.07705577918343876,-0.139735480161012,-0.1983898792409431,-0.14606095457159296,0.0034502587694076325,2026H1
600605,2023-03-08,2,mid,none,pullback_holds,current_week,-0.04123711340206182,0.10402999062792873,0.38612933458294285,-0.06373008434864103,0.10402999062792873,2023H1
600605,2023-11-10,4,mid,ma_bull,shrinking_volume_acceleration,current_week,-0.07971698113207537,0.05377358490566042,0.2264150943396226,-0.16839622641509433,0.06556603773584913,2023H2
600605,2024-03-07,3,bull,none,shrinking_volume_acceleration,current_week,0.0873655913978495,0.08960573476702516,0.19668458781362008,-0.029569892473118253,0.12903225806451601,2024H1
600605,2024-03-14,3,bull,none,shrinking_volume_acceleration,current_week,0.01333333333333342,-0.036666666666666625,0.039166666666666794,-0.14125,0.03750000000000009,2024H1
600605,2024-03-27,2,mid,none,pullback_holds,current_week,0.14573510501500198,0.15173596228032582,0.1350192884697814,-0.0377196742391771,0.1680240034290612,2024H1
600605,2024-03-28,3,mid,none,pullback_holds,current_week,0.14931153184165225,0.07314974182444067,0.23838209982788294,-0.001290877796901957,0.17254733218588636,2024H1
600605,2024-07-15,0,mid,none,two_day_acceleration,current_week,0.023828435266084247,0.028196981731533066,0.11199364575059567,-0.06592533756949959,0.052422557585385166,2024H2
600605,2024-07-16,1,mid,none,pullback_holds,current_week,0.026220250100847275,0.0903590157321501,0.1262605889471562,-0.05123033481242434,0.1093182734973781,2024H2
600605,2024-12-02,0,bull,ma_bull,shrinking_volume_acceleration,current_week,-0.050119331742243256,-0.17541766109785195,-0.14367541766109782,-0.17541766109785195,0.032935560859188584,2024H2
600605,2025-02-18,1,bull,none,pullback_holds,current_week,-0.025501899077590817,-0.03662506782419972,-0.015192620727075279,-0.0558871405317416,0.037981551817688475,2025H1
600605,2025-02-21,4,bull,none,pullback_holds,current_week,-0.04405765569757969,-0.00435137340223013,0.04541745988577639,-0.05765569757954869,0.004895295077508743,2025H1
600605,2025-03-04,1,mid,none,shrinking_volume_acceleration,current_week,0.03167420814479649,0.026583710407239947,-0.0002828054298642524,-0.02007918552036203,0.06759049773755654,2025H1
600605,2025-03-17,0,bull,none,pullback_holds,current_week,-0.006593406593406459,-0.024725274725274637,-0.04807692307692313,-0.028021978021977922,0.08489010989011003,2025H1
600605,2025-03-18,1,bull,none,pullback_holds,current_week,-0.004705231109881081,-0.021588707445336364,-0.048159424301134846,-0.021588707445336364,0.0929975089952948,2025H1
600605,2025-03-20,3,bull,none,pullback_holds,current_week,-0.00983606557377048,-0.066120218579235,-0.06311475409836076,-0.0710382513661203,0.07896174863387984,2025H1
600605,2025-05-08,3,bull,none,shrinking_volume_acceleration,current_week,-0.06346666666666678,-0.010666666666666602,0.005333333333333412,-0.09333333333333338,0.09733333333333327,2025H1
600605,2025-05-29,3,bull,ma_bull,two_day_acceleration,current_week,-0.03605216057274341,-0.08079774993607769,-0.06392227051904886,-0.08182050626438242,0.02275632830478136,2025H1
600605,2025-06-04,2,bull,ma_bull,two_day_acceleration,current_week,-0.0581365828890581,-0.08377760853008376,-0.08403148007108407,-0.09621731403909617,0.006854531607006997,2025H1
600605,2025-06-09,0,bull,ma_bull,shrinking_volume_acceleration,current_week,-0.04362771020624001,-0.06821787414066627,-0.0137493389740877,-0.08487572712850344,0.005023796932839719,2025H1
600605,2025-06-17,1,bull,ma_bull,two_day_acceleration,current_week,-0.027694814010317592,0.0035297311973934153,0.02579418951941359,-0.060276948140103204,0.026337225088243432,2025H1
600605,2025-06-24,1,bull,none,pullback_holds,current_week,0.031537817471392726,0.02902595590287471,0.06419201786212692,-0.015908456600614018,0.05498185877756079,2025H1
600605,2025-06-25,2,bull,none,pullback_holds,current_week,0.0022222222222221255,0.014444444444444482,0.07416666666666671,-0.019444444444444375,0.050000000000000044,2025H1
600605,2025-07-01,1,bull,macd_stabilizing,pullback_holds,current_week,-0.0010837171498240261,0.023570848008669598,0.05824979680303444,-0.02790571660796537,0.056624221078298564,2025H2
600605,2025-07-03,3,bull,macd_stabilizing,pullback_holds,current_week,-0.008444565513484159,0.04521928629801142,0.001362026695723051,-0.02070280577499317,0.06238082266412426,2025H2
600605,2025-07-08,1,bull,macd_stabilizing,pullback_holds,current_week,0.026351534908992003,0.03585982070089644,0.04183645748437925,-0.023363216517250707,0.06764466177669126,2025H2
600605,2025-07-09,2,bull,macd_stabilizing,pullback_holds,current_week,0.03849303849303842,0.05569205569205571,0.04641004641004631,-0.01856401856401857,0.072891072891073,2025H2
600605,2025-07-10,3,bull,none,pullback_holds,current_week,0.055280528052805256,0.08635863586358639,0.03712871287128716,-0.0112761276127612,0.10671067106710685,2025H2
600605,2025-07-16,2,bull,macd_stabilizing,shrinking_volume_acceleration,current_week,0.01629434954007869,0.003942181340341522,-0.013929040735873865,-0.009198423127463884,0.05755584756898813,2025H2
600605,2025-07-17,3,bull,macd_stabilizing,shrinking_volume_acceleration,current_week,0.029718456725756015,-0.04171011470281549,-0.03936392075078199,-0.04457768508863402,0.049009384775808185,2025H2
600605,2025-07-24,3,bull,ma_bull,two_day_acceleration,current_week,-0.069367088607595,-0.04531645569620246,-0.1126582278481012,-0.07620253164556956,0.009873417721518951,2025H2
600605,2025-08-04,0,bull,ma_bull,pullback_holds,current_week,0.08601864181091878,-0.04074567243675098,-0.09773635153129168,-0.04394141145139829,0.08655126498002663,2025H2
600605,2025-08-05,1,bull,ma_bull,pullback_holds,current_week,0.013899816417519029,-0.051665355363231025,-0.1295567794387622,-0.07290847102019404,0.07002360346184111,2025H2
600605,2025-08-06,2,bull,ma_bull,pullback_holds,current_week,-0.02010968921389389,-0.0689475058762079,-0.1410289892922434,-0.07678244972577686,0.06555236354139482,2025H2
600605,2025-09-10,2,bull,none,pullback_holds,current_week,-0.03746397694524506,0.021613832853025983,-0.05648414985590777,-0.05417867435158508,0.04553314121037455,2025H2
600605,2025-09-11,3,bull,none,pullback_holds,current_week,-0.032484635645302906,0.024290313140181485,-0.023997658764998597,-0.039508340649692775,0.06175007316359382,2025H2
600605,2025-09-12,4,bull,none,pullback_holds,current_week,0.021791044776119595,0.013432835820895717,-0.03522388059701487,-0.020298507462686577,0.08298507462686566,2025H2
600605,2025-09-23,1,mid,none,two_day_acceleration,current_week,-0.01199882938249941,-0.08340649692712909,-0.08457711442786076,-0.09482001755926261,0.06175007316359382,2025H2
600605,2025-09-24,2,bull,none,two_day_acceleration,current_week,-0.08347338935574244,-0.08291316526610648,-0.12072829131652663,-0.13361344537815134,0.009803921568627416,2025H2
603016,2023-03-06,0,bull,ma_bull,pullback_holds,current_week,-0.01986143187066991,-0.03233256351039271,0.038337182448036966,-0.049422632794457244,0.06605080831408783,2023H1
603016,2023-03-13,0,mid,ma_bull,pullback_holds,current_week,-0.00992438563327036,0.07088846880907362,0.23298676748582237,-0.027410207939508435,0.12051039697542532,2023H1
603016,2023-03-17,4,mid,ma_bull,pullback_holds,current_week,0.06574074074074066,0.056944444444444464,0.26388888888888884,-0.03194444444444455,0.09768518518518521,2023H1
603016,2023-03-24,4,mid,ma_bull,shrinking_volume_acceleration,current_week,-0.013396715643906654,0.1097666378565254,0.05315471045808118,-0.06222990492653424,0.17545375972342248,2023H1
603016,2023-04-13,3,bull,ma_bull,shrinking_volume_acceleration,current_week,0.006228104320747274,-0.06578435188789422,-0.026080186843129738,-0.09692487349163104,0.10315297781237831,2023H1
603016,2023-04-19,2,bull,ma_bull,shrinking_volume_acceleration,current_week,-0.09666666666666668,-0.12148148148148152,-0.09444444444444444,-0.14074074074074072,0.0,2023H1
603016,2023-05-08,0,bull,ma_bull,shrinking_volume_acceleration,current_week,0.08881298035866769,0.04397950469684031,-0.0183603757472246,-0.021349274124679796,0.11912894961571308,2023H1
603016,2023-05-18,3,mid,ma_bull,pullback_holds,current_week,0.029317269076305053,-0.07309236947791165,-0.09036144578313254,-0.08554216867469888,0.03855421686746974,2023H1
603016,2023-06-19,0,mid,none,two_day_acceleration,current_week,-0.012499999999999956,0.005603448275862233,0.0,-0.0387931034482758,0.0431034482758621,2023H1
603016,2023-07-13,3,mid,none,pullback_holds,current_week,-0.04531977975434143,-0.07666243117323168,-0.11224057602710713,-0.08005082592121981,0.007200338839474796,2023H2
603016,2023-07-14,4,mid,none,pullback_holds,current_week,-0.05008561643835607,-0.07191780821917804,-0.11900684931506844,-0.08433219178082185,0.015839041095890405,2023H2
603016,2023-07-31,0,bull,none,two_day_acceleration,current_week,-0.011921137093076517,-0.052269601100412566,-0.07015130674002745,-0.07473635946813384,0.01329665291150861,2023H2
603016,2023-08-01,1,bull,none,shrinking_volume_acceleration,current_week,-0.014678899082568808,-0.07431192660550467,-0.031651376146789034,-0.07660550458715609,0.013761467889908285,2023H2
603016,2023-08-04,4,bull,none,pullback_holds,current_week,-0.051175656984785545,-0.0603964960811435,-0.041032733978792146,-0.08898109727985248,0.0,2023H2
603016,2023-09-11,0,mid,none,pullback_holds,current_week,-0.026974951830443294,-0.041907514450867045,-0.016859344894027073,-0.06695568400770713,0.004335260115607031,2023H2
603016,2023-09-12,1,mid,none,pullback_holds,current_week,-0.047826086956521685,-0.04009661835748779,-0.0367149758454105,-0.06425120772946857,0.0028985507246377384,2023H2
603016,2024-12-06,4,bull,ma_bull,two_day_acceleration,current_week,0.08040519151630265,0.07312440645773965,0.399810066476733,-0.011712567268122753,0.11427666983222551,2024H2
603016,2024-12-11,2,bull,ma_bull,shrinking_volume_acceleration,current_week,-0.02824858757062154,0.08355634849836435,0.18435920309247678,-0.06036277133511747,0.08355634849836435,2024H2
603016,2024-12-13,4,bull,ma_bull,two_day_acceleration,current_week,-0.012237762237762295,0.127039627039627,0.054195804195804165,-0.07925407925407923,0.13578088578088598,2024H2
603016,2024-12-30,0,bull,ma_bull,shrinking_volume_acceleration,current_week,0.027361899845121274,-0.016004130098089986,-0.13371192565823442,-0.07743933918430568,0.1615900877645844,2024H2
603016,2025-01-24,4,mid,ma_bull,shrinking_volume_acceleration,current_week,-0.051756503083936756,-0.034325556449450234,-0.08554572271386429,-0.12577098417806376,0.03244837758112107,2025H1
603016,2025-02-11,1,mid,none,pullback_holds,current_week,-0.025669642857142905,-0.01562500000000011,-0.0895647321428572,-0.05524553571428581,0.0401785714285714,2025H1
603016,2025-02-12,2,bull,none,pullback_holds,current_week,-0.028047764509858353,0.07775617883921138,-0.08719800055540128,-0.059705637322965854,0.07775617883921138,2025H1
603016,2025-02-17,0,bull,none,two_day_acceleration,current_week,-0.031061022539857097,-0.06267179769103903,-0.13991203958218812,-0.0651456844420012,0.06679494227597571,2025H1
603016,2025-04-25,4,mid,none,two_day_acceleration,current_week,0.06087602078693388,0.06904231625835178,0.1507052709725314,-0.042687453600594005,0.10838901262063838,2025H1
603016,2025-05-06,1,mid,none,two_day_acceleration,current_week,0.050664750269493464,0.20661157024793364,0.11749910168882494,-0.002155946819978549,0.23895077254761055,2025H1
603016,2025-05-07,2,bull,none,two_day_acceleration,current_week,0.014084507042253502,0.17253521126760551,0.07746478873239426,-0.02042253521126769,0.21408450704225368,2025H1
603016,2025-05-22,3,bull,none,shrinking_volume_acceleration,current_week,-0.06240757172434197,-0.0801538006506951,-0.1410825199645076,-0.10647737355811893,0.04495711328009455,2025H1
603016,2026-01-06,1,bull,ma_bull,shrinking_volume_acceleration,current_week,0.018999999999999906,0.03833333333333333,0.06000000000000005,-0.018333333333333313,0.06600000000000006,2026H1
603016,2026-01-13,1,bull,ma_bull,shrinking_volume_acceleration,current_week,0.0236608609924418,0.04173512980611238,0.14032205060795278,-0.0023003614853762677,0.09661518238580347,2026H1
603016,2026-01-14,2,bull,ma_bull,shrinking_volume_acceleration,current_week,0.06355932203389836,0.025423728813559254,0.10039113428943924,-0.006518904823989535,0.08767926988265962,2026H1
603016,2026-01-23,4,bull,ma_bull,shrinking_volume_acceleration,current_week,-0.039396737457679354,0.09264389042782395,-0.009849184364419838,-0.06309633733456455,0.10741766697445376,2026H1
603016,2026-02-03,1,mid,ma_bull,shrinking_volume_acceleration,current_week,0.09188168659534313,0.06167400881057272,0.05506607929515428,-0.03083700440528636,0.13278791692888614,2026H1
603016,2026-02-04,2,mid,ma_bull,pullback_holds,current_week,0.08727858293075674,0.08695652173913038,0.04154589371980677,-0.008051529790660261,0.1594202898550725,2026H1
603016,2026-08-14,4,mid,none,pullback_holds,current_week,0.02907971262401654,0.08416010947656516,-0.042764283270612435,-0.05234348272322964,0.08416010947656516,2026H2
000890,2023-11-14,1,mid,macd_cross,pullback_holds,current_week,0.02330508474576276,0.004237288135593209,-0.01483050847457612,-0.010593220338983023,0.05084745762711873,2023H2
000890,2023-11-15,2,mid,macd_cross,pullback_holds,current_week,0.014893617021276562,0.012765957446808418,-0.02127659574468077,-0.00638297872340432,0.05531914893617018,2023H2
000890,2023-11-16,3,mid,macd_cross,pullback_holds,current_week,0.012765957446808418,0.010638297872340496,-0.004255319148936287,-0.00638297872340432,0.05531914893617018,2023H2
000890,2023-11-17,4,mid,macd_cross,shrinking_volume_acceleration,current_week,-0.004201680672268782,-0.008403361344537785,0.0,-0.018907563025210017,0.04201680672268915,2023H2
000890,2023-11-20,0,mid,none,two_day_acceleration,current_week,-0.02886597938144342,-0.01030927835051565,-0.03298969072164948,-0.03711340206185576,0.02268041237113394,2023H2
000890,2023-11-23,3,mid,none,pullback_holds,current_week,-0.01041666666666663,-0.022916666666666585,0.08125000000000004,-0.027083333333333348,0.016666666666666607,2023H2
000890,2023-12-29,4,mid,ma_bull,two_day_acceleration,current_week,-0.08988764044943809,-0.1179775280898876,-0.2415730337078652,-0.12546816479400746,0.09550561797752821,2023H2
000890,2025-07-07,0,bull,ma_bull,shrinking_volume_acceleration,current_week,-0.022277227722772297,0.004950495049504955,-0.014851485148514865,-0.06930693069306926,0.14603960396039595,2025H2
000890,2025-07-18,4,bull,ma_bull,pullback_holds,current_week,0.017676767676767735,-0.007575757575757569,0.07070707070707072,-0.03282828282828276,0.04797979797979801,2025H2
000890,2025-07-21,0,bull,ma_bull,shrinking_volume_acceleration,current_week,-0.009756097560975396,-0.029268292682926744,0.03658536585365857,-0.06585365853658531,0.012195121951219745,2025H2
000890,2025-08-04,0,bull,ma_bull,pullback_holds,current_week,0.13000000000000012,0.0625,-0.007499999999999951,-0.0050000000000000044,0.14749999999999996,2025H2
000890,2025-08-05,1,bull,ma_bull,two_day_acceleration,current_week,0.07862407862407839,0.06633906633906617,-0.002457002457002422,-0.0073710073710073765,0.1277641277641277,2025H2
000890,2025-08-08,4,bull,ma_bull,shrinking_volume_acceleration,current_week,-0.042889390519187276,-0.05643340857787815,-0.07900677200902928,-0.0744920993227991,0.036117381489842115,2025H2
000890,2025-08-11,0,bull,ma_bull,shrinking_volume_acceleration,current_week,-0.06798245614035103,-0.08771929824561409,-0.10307017543859665,-0.10087719298245634,0.004385964912280604,2025H2
000890,2025-08-26,1,bull,ma_bull,pullback_holds,current_week,-0.0379146919431278,-0.0308056872037914,-0.0023696682464454666,-0.10663507109004733,0.004739336492891155,2025H2
000890,2025-09-12,4,bull,ma_bull,pullback_holds,current_week,0.03357314148681079,0.06474820143884896,0.14868105515587526,-0.02877697841726623,0.14388489208633115,2025H2
000890,2025-09-22,0,mid,none,shrinking_volume_acceleration,current_week,0.048275862068965614,0.21379310344827585,0.06206896551724128,-0.06896551724137945,0.21379310344827585,2025H2
000890,2025-09-29,0,bull,ma_bull,shrinking_volume_acceleration,current_week,0.14782608695652155,0.05434782608695654,0.043478260869564966,-0.06304347826086953,0.14782608695652155,2025H2
000890,2025-11-03,0,bull,ma_bull,two_day_acceleration,current_week,0.01467505241090139,0.025157232704402288,-0.06079664570230603,-0.016771488469601636,0.04821802935010466,2025H2
000890,2025-11-05,2,bull,ma_bull,two_day_acceleration,current_week,-0.006198347107437829,-0.04752066115702469,-0.07438016528925606,-0.06404958677685946,0.03305785123966953,2025H2
000890,2025-11-07,4,bull,ma_bull,pullback_holds,current_week,0.022727272727272707,-0.12603305785123953,-0.08471074380165289,-0.12809917355371903,0.03305785123966953,2025H2
000890,2025-11-14,4,bull,ma_bull,two_day_acceleration,current_week,-0.1523046092184368,-0.10220440881763526,0.1763527054108216,-0.15430861723446898,0.0,2025H2
000890,2025-12-08,0,bull,none,two_day_acceleration,current_week,0.42920353982300874,0.2920353982300883,0.18805309734513265,-0.04646017699115046,0.7300884955752212,2025H2
000890,2025-12-09,1,mid,none,pullback_holds,current_week,0.5764966740576498,0.19733924611973408,0.17294900221729503,-0.04434589800443445,0.7339246119733926,2025H2
000890,2025-12-22,0,bull,ma_bull,shrinking_volume_acceleration,current_week,-0.08318584070796475,-0.04955752212389386,-0.06194690265486735,-0.10796460176991152,0.008849557522123908,2025H2
000890,2026-01-05,0,bull,ma_bull,shrinking_volume_acceleration,current_week,0.14341846758349708,0.05304518664047153,0.0,-0.005893909626718985,0.2180746561886051,2026H1
000890,2026-01-06,1,bull,ma_bull,two_day_acceleration,current_week,0.08108108108108114,0.01737451737451745,0.007722007722007707,-0.007722007722007707,0.19691119691119696,2026H1
000890,2026-01-08,3,bull,ma_bull,pullback_holds,current_week,0.015238095238095273,0.040000000000000036,0.017142857142857126,-0.020952380952381056,0.18095238095238098,2026H1
000890,2026-01-09,4,bull,ma_bull,pullback_holds,current_week,-0.07570422535211263,-0.028169014084506894,-0.05457746478873238,-0.09507042253521125,0.09154929577464799,2026H1
000890,2026-02-03,1,mid,none,shrinking_volume_acceleration,current_week,0.05363984674329503,0.39655172413793105,0.7547892720306515,-0.007662835249042099,0.39655172413793105,2026H1
000890,2026-02-04,2,mid,none,pullback_holds,current_week,0.020754716981132182,0.5132075471698112,0.9018867924528302,-0.011320754716981019,0.5132075471698112,2026H1
000890,2026-02-05,3,mid,none,pullback_holds,current_week,0.035916824196597474,0.448015122873346,1.09640831758034,-0.009451795841209809,0.5160680529300565,2026H1
000890,2026-02-06,4,mid,ma_bull,pullback_holds,current_week,0.1166666666666667,0.5611111111111109,1.2592592592592595,-0.012962962962963065,0.5611111111111109,2026H1
000890,2026-02-09,0,bull,macd_cross,two_day_acceleration,current_week,0.20765027322404372,0.46812386156648444,1.4444444444444442,-0.029143897996357082,0.6120218579234971,2026H1
000890,2026-04-27,0,bull,ma_bull,shrinking_volume_acceleration,current_week,-0.060248447204969025,-0.19813664596273295,-0.3397515527950311,-0.20062111801242233,0.08633540372670812,2026H1
000890,2026-05-06,2,bull,ma_bull,pullback_holds,current_week,-0.1279357231149567,-0.2058096415327565,-0.3071693448702101,-0.3164400494437577,0.050679851668726794,2026H1
000890,2026-06-02,1,mid,none,two_day_acceleration,current_week,-0.10564010743061769,-0.15219337511190678,-0.26589077887197854,-0.16741271262309754,0.071620411817368,2026H1
000890,2026-08-05,2,mid,none,shrinking_volume_acceleration,current_week,0.025401069518716568,-0.05882352941176472,0.22192513368983957,-0.06149732620320858,0.052139037433154956,2026H2
300690,2024-04-29,0,bull,ma_bull,shrinking_volume_acceleration,current_week,-0.09999999999999998,-0.1597938144329898,-0.2793814432989692,-0.23539518900343648,0.003092783505154628,2024H1
300690,2024-05-06,0,bull,ma_bull,shrinking_volume_acceleration,current_week,-0.13071161048689128,-0.09176029962546817,-0.20486891385767791,-0.16666666666666663,0.07378277153558055,2024H1
300690,2024-05-17,4,bull,ma_bull,two_day_acceleration,current_week,-0.11898016997167149,-0.1448806151355727,-0.20801295022258193,-0.1622824767300689,0.025091056252529276,2024H1
300690,2024-09-26,3,bull,none,shrinking_volume_acceleration,current_week,0.26942148760330564,0.19999999999999996,0.5647382920110193,-0.008264462809917439,0.4247933884297519,2024H2
300690,2024-11-11,0,bull,ma_bull,shrinking_volume_acceleration,current_week,-0.14156079854809434,-0.1455535390199637,-0.08711433756805798,-0.16261343012704177,0.0021778584392013745,2024H2
300690,2024-12-03,1,bull,ma_bull,pullback_holds,current_week,0.09859154929577452,-0.05633802816901412,-0.09014084507042264,-0.05835010060362167,0.11750503018108649,2024H2
300690,2024-12-05,3,bull,ma_bull,pullback_holds,current_week,0.06047077922077926,-0.0535714285714286,-0.17167207792207795,-0.07061688311688308,0.12702922077922074,2024H2
300690,2024-12-06,4,bull,ma_bull,pullback_holds,current_week,0.020098441345365092,-0.030762920426579132,-0.1644790812141098,-0.06070549630844946,0.1390484003281378,2024H2
300690,2024-12-27,4,bull,none,pullback_holds,current_week,-0.13796022005924669,-0.1146847228099872,-0.09860347016504434,-0.16758358019466768,0.02327549724925948,2024H2
300690,2025-02-17,0,bull,none,shrinking_volume_acceleration,current_week,0.06769230769230772,0.029010989010989086,0.0219780219780219,-0.042197802197802226,0.10241758241758259,2025H1
300690,2025-03-18,1,bull,macd_stabilizing,pullback_holds,current_week,-0.032516891891891886,-0.08445945945945943,-0.2010135135135135,-0.11275337837837829,0.04645270270270285,2025H1
300690,2025-03-19,2,bull,macd_stabilizing,pullback_holds,current_week,-0.03171953255425719,-0.08305509181969961,-0.19282136894824708,-0.12312186978297157,0.03422370617696169,2025H1
300690,2025-03-20,3,bull,macd_cross,two_day_acceleration,current_week,-0.057083333333333375,-0.10291666666666666,-0.16749999999999998,-0.12458333333333327,0.03249999999999997,2025H1
300690,2025-03-21,4,mid,macd_stabilizing,pullback_holds,current_week,-0.08945147679324883,-0.27341772151898736,-0.0675105485232067,-0.27341772151898736,0.006329113924050667,2025H1
300690,2025-08-01,4,bull,ma_bull,pullback_holds,current_week,0.1052843888664785,0.5603065752319485,0.47841871722468743,-0.007664380798709014,0.5945945945945947,2025H2
300690,2025-08-04,0,bull,ma_bull,two_day_acceleration,current_week,0.2990912682734097,0.634926906361122,0.41248518372184884,-0.00395100750691435,0.7416041090478069,2025H2
300690,2025-08-05,1,bull,ma_bull,two_day_acceleration,current_week,0.3340874811463048,0.48793363499245856,0.46191553544494734,-0.019607843137254832,0.6621417797888385,2025H2
300690,2025-08-08,4,bull,ma_bull,shrinking_volume_acceleration,current_week,0.33149741824440615,0.28537005163511187,0.2581755593803787,-0.000688468158347666,0.5173838209982788,2025H2
300690,2025-09-11,3,bull,ma_bull,pullback_holds,current_week,0.010326086956521596,-0.006793478260869512,0.07581521739130426,-0.08668478260869572,0.059782608695652106,2025H2
300690,2026-01-12,0,bull,none,shrinking_volume_acceleration,current_week,-0.010071942446043258,-0.03913669064748204,-0.09410071942446041,-0.05697841726618691,0.01410071942446045,2026H1
300690,2026-01-20,1,bull,none,two_day_acceleration,current_week,-0.050724637681159424,-0.08811594202898543,-0.07594202898550728,-0.11217391304347823,0.021449275362318998,2026H1
300690,2026-01-21,2,bull,none,pullback_holds,current_week,-0.059237536656891576,-0.08504398826979476,-0.04897360703812326,-0.1017595307917889,0.033431085043988285,2026H1
300690,2026-01-23,4,bull,none,two_day_acceleration,current_week,-0.09279538904899143,-0.1028818443804036,-0.10547550432276664,-0.11988472622478397,0.0014409221902016434,2026H1
300690,2026-02-09,0,bull,none,pullback_holds,current_week,0.00825658939345808,-0.059383931406795876,0.3016830739917433,-0.059701492537313494,0.03715465227056214,2026H1
300690,2026-02-12,3,bull,none,pullback_holds,current_week,0.030842607313195547,-0.03529411764705881,0.16565977742448346,-0.07535771065182817,0.038473767885532695,2026H1
300690,2026-02-25,2,bull,none,pullback_holds,current_week,-0.06869510664993717,-0.02227101631116679,0.1038268506900879,-0.08782936010037634,0.0244667503136764,2026H1
300690,2026-03-11,2,bull,none,pullback_holds,current_week,0.22920575359599749,0.10037523452157582,-0.07317073170731703,-0.01000625390869292,0.3302063789868668,2026H1
600699,2023-11-15,2,mid,macd_stabilizing,two_day_acceleration,current_week,0.0010427528675702735,0.05891553701772678,-0.030239833159541152,-0.01929092805005217,0.07038581856100112,2023H2
600699,2023-11-16,3,mid,macd_stabilizing,pullback_holds,current_week,0.08293460925039886,0.04518872939925589,-0.02286018075491758,0.0,0.09144072301967054,2023H2
600699,2025-06-25,2,bull,macd_stabilizing,pullback_holds,current_week,-0.023308698123934102,-0.022171688459351913,0.018760659465605567,-0.04150085275724846,0.0022740193291641564,2025H1
600699,2025-06-26,3,bull,none,pullback_holds,current_week,-0.008027522935779796,-0.01662844036697242,0.03096330275229353,-0.03325688073394506,0.010894495412843819,2025H1
600699,2025-06-27,4,bull,macd_stabilizing,pullback_holds,current_week,-0.012658227848101222,-0.010356731875719172,0.05466052934407384,-0.029919447640966657,0.014384349827387899,2025H1
600699,2025-06-30,0,bull,none,pullback_holds,current_week,-0.028686173264486525,-0.002868617326448719,0.04704532415375784,-0.03270223752151469,0.011474469305794655,2025H1
600699,2025-07-09,2,bull,macd_stabilizing,pullback_holds,current_week,0.04074505238649584,0.043073341094295836,0.11932479627473813,-0.0075669383003491575,0.05471478463329471,2025H2
600699,2025-07-11,4,bull,macd_stabilizing,pullback_holds,current_week,0.030127462340671984,0.061993047508690724,0.0811123986095017,-0.009269988412514474,0.06894553881807641,2025H2
600699,2025-07-14,0,bull,none,pullback_holds,current_week,0.024193548387096975,0.05126728110599088,0.08122119815668194,-0.01440092165898621,0.07085253456221197,2025H2
600699,2025-07-16,2,bull,none,two_day_acceleration,current_week,0.0022371364653246406,0.002796420581655523,0.09340044742729314,-0.015659955257270597,0.039709172259507985,2025H2
600699,2025-07-23,2,bull,none,two_day_acceleration,current_week,-0.0011142061281337323,0.07130919220055709,0.135933147632312,-0.003342618384401086,0.08857938718662961,2025H2
600699,2025-07-25,4,bull,macd_cross,two_day_acceleration,current_week,-0.020000000000000018,0.00864864864864856,0.10810810810810811,-0.03243243243243232,0.056216216216216086,2025H2
600699,2025-08-08,4,bull,ma_bull,pullback_holds,current_week,0.09758713136729202,0.09919571045576392,0.24396782841823028,-0.00750670241286866,0.11957104557640741,2025H2
600699,2025-08-26,1,bull,ma_bull,two_day_acceleration,current_week,-0.021395348837209394,0.2558139534883721,0.7348837209302328,-0.07162790697674415,0.2641860465116279,2025H2
600699,2025-08-28,3,bull,ma_bull,shrinking_volume_acceleration,current_week,-0.009394081728510972,0.2583372475340535,0.6744950681070925,-0.0624706434945983,0.2992015030530766,2025H2
600699,2025-10-24,4,bull,ma_bull,shrinking_volume_acceleration,current_week,-0.010852713178294504,-0.10294573643410854,-0.2027906976744186,-0.10697674418604652,0.07565891472868214,2025H2
600699,2025-12-01,0,mid,none,two_day_acceleration,current_week,-0.006193078324225776,-0.032786885245901565,0.08306010928961749,-0.04080145719489969,0.006921675774134828,2025H2
600699,2025-12-08,0,bull,none,two_day_acceleration,current_week,-0.016666666666666607,0.11481481481481493,0.17851851851851852,-0.024814814814814734,0.14592592592592601,2025H2
600699,2026-03-10,1,bull,none,shrinking_volume_acceleration,current_week,-0.06066314996232103,-0.12622456669178594,-0.013564431047475511,-0.1454408440090429,0.007912584777694187,2026H1
002681,2023-03-20,0,mid,ma_bull,pullback_holds,current_week,0.12962962962962954,0.09027777777777768,0.26157407407407396,-0.01157407407407407,0.1527777777777779,2023H1
002681,2023-03-21,1,mid,ma_bull,pullback_holds,current_week,0.04147465437788034,0.19354838709677424,0.26036866359447,-0.011520737327188946,0.19354838709677424,2023H1
002681,2023-03-27,0,mid,ma_bull,two_day_acceleration,current_week,-0.05421686746987964,0.3012048192771084,-0.014056224899598457,-0.13855421686746994,0.34337349397590367,2023H1
002681,2023-05-05,4,bull,ma_bull,two_day_acceleration,current_week,0.03476482617586929,0.07361963190184051,0.059304703476482645,-0.07770961145194277,0.1165644171779141,2023H1
002681,2023-05-08,0,bull,ma_bull,pullback_holds,current_week,0.0020000000000000018,0.04400000000000004,0.040000000000000036,-0.09800000000000009,0.09200000000000008,2023H1
002681,2023-05-09,1,bull,ma_bull,two_day_acceleration,current_week,-0.03232323232323231,-0.002020202020201922,-0.002020202020201922,-0.08888888888888902,0.10303030303030303,2023H1
002681,2023-06-15,3,mid,none,pullback_holds,current_week,-0.03799999999999992,-0.03400000000000003,0.0020000000000000018,-0.06799999999999995,0.05600000000000005,2023H1
002681,2023-07-26,2,mid,none,pullback_holds,current_week,0.04674796747967491,0.00203252032520318,-0.07926829268292679,-0.012195121951219412,0.054878048780487854,2023H2
002681,2023-07-28,4,bull,none,pullback_holds,current_week,0.036511156186612714,-0.024340770791074884,-0.12576064908722095,-0.026369168356997985,0.05273833671399619,2023H2
002681,2023-07-31,0,bull,none,two_day_acceleration,current_week,0.007936507936507908,-0.0357142857142857,-0.11111111111111105,-0.05753968253968256,0.029761904761904878,2023H2
002681,2023-09-11,0,mid,none,two_day_acceleration,current_week,-0.044897959183673564,-0.028571428571428692,-0.0020408163265307477,-0.07959183673469394,0.01836734693877551,2023H2
002681,2023-09-22,4,mid,none,two_day_acceleration,current_week,0.033898305084745894,0.04872881355932224,0.12500000000000022,-0.01906779661016944,0.0783898305084747,2023H2
002681,2023-11-13,0,mid,ma_bull,two_day_acceleration,current_week,0.013084112149532645,-0.016822429906542147,-0.057943925233645,-0.024299065420560928,0.08785046728971957,2023H2
002681,2023-11-15,2,mid,ma_bull,shrinking_volume_acceleration,current_week,0.03195488721804507,-0.026315789473684292,-0.06954887218045114,-0.02819548872180455,0.09398496240601495,2023H2
002681,2023-11-16,3,mid,ma_bull,pullback_holds,current_week,0.03396226415094361,-0.03396226415094339,-0.06792452830188667,-0.05094339622641497,0.09811320754717001,2023H2
002681,2023-12-28,3,mid,none,pullback_holds,current_week,-0.004210526315789331,-0.010526315789473606,-0.03157894736842093,-0.0189473684210526,0.06105263157894747,2023H2
002681,2025-02-11,1,mid,ma_bull,two_day_acceleration,current_week,0.09583858764186615,0.12105926860025229,0.08448928121059263,-0.04161412358133665,0.20680958385876402,2025H1
002681,2025-02-12,2,bull,ma_bull,shrinking_volume_acceleration,current_week,0.13805970149253732,0.14925373134328357,0.08830845771144258,-0.054726368159204064,0.1902985074626864,2025H1
002681,2025-03-10,0,bull,ma_bull,two_day_acceleration,current_week,0.06547619047619047,0.08690476190476204,-0.2785714285714286,-0.017857142857142905,0.14642857142857157,2025H1
002681,2025-03-11,1,bull,ma_bull,pullback_holds,current_week,0.03488372093023262,-0.016279069767441756,-0.2581395348837209,-0.04069767441860461,0.11976744186046528,2025H1
002681,2025-03-12,2,bull,ma_bull,two_day_acceleration,current_week,0.055172413793103336,-0.026436781609195492,-0.23448275862068968,-0.051724137931034586,0.10689655172413781,2025H1
002681,2025-03-13,3,bull,ma_bull,two_day_acceleration,current_week,0.004540295119182636,-0.08399545970488087,-0.23950056753688997,-0.08399545970488087,0.09307604994324636,2025H1
002681,2025-03-17,0,bull,ma_bull,shrinking_volume_acceleration,current_week,0.015572858731924377,-0.16129032258064513,-0.23248053392658508,-0.1846496106785317,0.07119021134593995,2025H1
002681,2025-04-21,0,mid,none,two_day_acceleration,current_week,0.0014409221902016434,0.08933717579250722,-0.0014409221902018654,-0.012968299711815567,0.13400576368876083,2025H1
002681,2025-04-24,3,mid,none,pullback_holds,current_week,0.052482269503546064,0.053900709219858234,-0.041134751773049705,-0.028368794326241065,0.1163120567375886,2025H1
002681,2025-04-25,4,mid,none,shrinking_volume_acceleration,current_week,0.03966005665722361,0.049575070821529676,-0.04674220963172804,-0.029745042492917873,0.1147308781869687,2025H1
002681,2025-06-04,2,bull,none,two_day_acceleration,current_week,-0.007256894049346929,-0.0319303338171264,-0.023222060957910018,-0.04789550072568938,0.013062409288824295,2025H1
002681,2025-06-06,4,bull,none,pullback_holds,current_week,-0.037735849056603876,-0.0740203193033383,-0.01741654571843254,-0.07547169811320764,0.011611030478954953,2025H1
002681,2025-06-17,1,bull,none,shrinking_volume_acceleration,current_week,0.009063444108761365,0.0332326283987916,-0.024169184290030232,-0.052870090634441036,0.0392749244712991,2025H1
002681,2025-06-18,2,bull,none,two_day_acceleration,current_week,0.018045112781954975,0.012030075187969835,-0.018045112781954864,-0.05714285714285716,0.03458646616541339,2025H1
002681,2025-06-23,0,bull,none,shrinking_volume_acceleration,current_week,0.04798761609907132,0.03869969040247678,0.051083591331269274,0.0,0.0727554179566563,2025H1
002681,2025-06-25,2,bull,none,pullback_holds,current_week,-0.002962962962962945,0.004444444444444473,0.008888888888888946,-0.013333333333333308,0.026666666666666616,2025H1
002681,2025-06-26,3,bull,none,pullback_holds,current_week,0.02686567164179099,0.013432835820895495,0.028358208955223896,-0.005970149253731294,0.03432835820895508,2025H1
002681,2025-06-27,4,bull,none,pullback_holds,current_week,0.005943536404160454,0.005943536404160454,0.013372956909361022,-0.010401188707280906,0.029717682020802272,2025H1
002681,2025-07-01,1,bull,none,two_day_acceleration,current_week,-0.001468428781204234,-0.05139500734214397,-0.016152716593245242,-0.06314243759177685,0.017621145374449254,2025H2
002681,2025-07-02,2,bull,none,pullback_holds,current_week,0.008928571428571397,-0.028273809523809423,-0.019345238095238027,-0.050595238095238027,0.03125,2025H2
002681,2025-07-04,4,bull,none,pullback_holds,current_week,0.002962962962963056,-0.0503703703703704,-0.022222222222222143,-0.059259259259259234,0.01925925925925931,2025H2
002681,2025-07-24,3,bull,none,shrinking_volume_acceleration,current_week,-0.050724637681159535,-0.01304347826086949,0.03913043478260869,-0.05942028985507253,0.004347826086956497,2025H2
002681,2025-09-16,1,bull,ma_bull,two_day_acceleration,current_week,0.016731016731016624,-0.06048906048906055,-0.10810810810810823,-0.07722007722007729,0.0514800514800513,2025H2
002681,2025-09-24,2,bull,ma_bull,pullback_holds,current_week,-0.06812339331619544,-0.141388174807198,-0.147814910025707,-0.14395886889460152,0.023136246786632286,2025H2
002681,2025-12-08,0,bull,macd_cross,pullback_holds,current_week,-0.07242339832869071,-0.07660167130919215,-0.06545961002785516,-0.11142061281337046,0.009749303621169991,2025H2
002681,2025-12-30,1,bull,macd_stabilizing,pullback_holds,current_week,0.002971768202080227,0.03714710252600306,-0.02823179791976227,-0.01634472511144136,0.05646359583952454,2025H2
300718,2023-03-06,0,bull,none,shrinking_volume_acceleration,current_week,-0.04497751124437788,-0.10294852573713154,-0.11294352823588216,-0.11994002998500763,0.0034982508745626806,2023H1
300718,2023-03-08,2,mid,none,shrinking_volume_acceleration,current_week,-0.04494949494949496,-0.08333333333333326,-0.1202020202020202,-0.11060606060606071,0.014141414141414232,2023H1
300718,2025-03-18,1,bull,ma_bull,two_day_acceleration,current_week,-0.11095715199317857,-0.12683862715838845,-0.20262204220848434,-0.17522916222553842,0.055212108292474804,2025H1
300718,2025-03-20,3,bull,ma_bull,two_day_acceleration,current_week,-0.11746472851645995,-0.14664386489952974,-0.21205643437366395,-0.17293715262932885,0.004275331338178701,2025H1
300718,2025-05-13,1,bull,none,pullback_holds,current_week,-0.04903699949315765,-0.1059300557526609,-0.1014951849974659,-0.1128991383679675,0.0485301571211354,2025H1
300718,2025-05-14,2,bull,none,pullback_holds,current_week,-0.06623099157974122,-0.11524443885886637,-0.1200201080809351,-0.12027145909262293,0.0,2025H1
300718,2025-06-05,3,bull,none,pullback_holds,current_week,-0.006808510638297904,-0.02879432624113476,-0.050780141843971616,-0.05390070921985812,0.022269503546099356,2025H1
300718,2025-06-11,2,bull,none,pullback_holds,current_week,-0.03394665525602614,0.009841677364142098,-0.030095564113535866,-0.0870061332192269,0.01754385964912286,2025H1
300718,2025-06-19,3,mid,none,two_day_acceleration,current_week,0.0402833111996459,-0.012542422900988504,0.18356204810388088,-0.05548177659731435,0.12144016526486645,2025H1
300718,2025-06-27,4,bull,none,pullback_holds,current_week,-0.041588447653429506,-0.018194945848375554,0.3223104693140795,-0.05256317689530687,0.025270758122743597,2025H1
300718,2025-07-08,1,bull,none,two_day_acceleration,current_week,0.12119013062409278,0.4197387518142235,0.3746008708272859,-0.044992743105950805,0.4802612481857764,2025H2
300718,2025-07-09,2,bull,none,pullback_holds,current_week,0.14581458145814574,0.40309030903090326,0.5301530153015301,-0.012901290129012866,0.5300030003000302,2025H2
300718,2025-07-24,3,bull,none,shrinking_volume_acceleration,current_week,-0.07703564335737434,0.0745270199644612,0.00898923382460537,-0.10400334483119056,0.14748615030835155,2025H2
300718,2025-08-18,0,bull,ma_bull,two_day_acceleration,current_week,-0.012308616031221908,-0.07885519863904744,-0.031221855298709134,-0.10877614330031027,0.09286500550385268,2025H2
300718,2025-08-25,0,bull,ma_bull,pullback_holds,current_week,-0.061671763506625954,-0.027726809378185613,-0.04373088685015292,-0.10927624872579011,0.019367991845056,2025H2
300718,2025-09-05,4,bull,ma_bull,shrinking_volume_acceleration,current_week,0.028087431693989195,0.023934426229508254,-0.06240437158469936,-0.016393442622950838,0.16721311475409828,2025H2
300718,2025-09-15,0,bull,ma_bull,two_day_acceleration,current_week,-0.022710699031149195,-0.05625585998541516,-0.10615689134284834,-0.07282008542556528,0.11261589748932166,2025H2
300718,2025-10-21,1,bull,none,pullback_holds,current_week,0.01140197789412456,-0.018499127399650983,-0.06375799883653288,-0.024781849912739906,0.07015706806282718,2025H2
300718,2025-10-22,2,bull,none,two_day_acceleration,current_week,0.008092485549132888,-0.035722543352601166,-0.06843930635838147,-0.04971098265895946,0.0326011560693642,2025H2
300718,2025-10-24,4,bull,none,shrinking_volume_acceleration,current_week,0.0065509711527409475,-0.04217905987817494,-0.04792552580163201,-0.05528100218365706,0.026548672566371723,2025H2
300718,2025-11-19,2,mid,none,pullback_holds,current_week,-0.01618004866180045,-0.025304136253041287,-0.041362530413625365,-0.044160583941605824,0.04622871046228716,2025H2
300718,2025-11-20,3,mid,none,two_day_acceleration,current_week,0.01639959939909863,0.011767651477216035,-0.02704056084126183,-0.01639959939909852,0.07661492238357548,2025H2
300718,2025-12-01,0,mid,none,two_day_acceleration,current_week,0.009324566646742305,-0.04435146443514648,0.014225941422594035,-0.057979677226539295,0.01685594739988039,2025H2
300718,2025-12-29,0,bull,none,shrinking_volume_acceleration,current_week,-0.0050000000000000044,-0.00952380952380949,-0.04738095238095241,-0.020714285714285685,0.0714285714285714,2025H2
300718,2026-01-12,0,bull,none,two_day_acceleration,current_week,-0.016093803885503966,-0.0556385791470283,-0.08150362110587417,-0.06793884354523505,0.02149672376135192,2026H1
300718,2026-02-09,0,bull,none,pullback_holds,current_week,0.03997493734335844,-0.06929824561403508,-0.09774436090225558,-0.06929824561403508,0.09022556390977443,2026H1
300718,2026-02-11,2,bull,none,pullback_holds,current_week,0.017210832700582213,-0.06226271829916463,-0.11794482409516571,-0.08706656542647428,0.10098709187547472,2026H1
300295,2023-07-13,3,mid,none,pullback_holds,current_week,0.00725221595487513,0.08219178082191769,0.1651893634165995,-0.012892828364222453,0.16841257050765512,2023H2
300295,2023-07-14,4,mid,none,two_day_acceleration,current_week,-0.021259842519685157,0.13070866141732274,0.12598425196850394,-0.03543307086614178,0.14960629921259838,2023H2
300295,2025-02-07,4,mid,none,two_day_acceleration,current_week,0.0011820330969267712,-0.03900709219858156,-0.06087470449172583,-0.0691489361702129,0.03900709219858167,2025H1
300295,2025-02-17,0,bull,none,two_day_acceleration,current_week,-0.05669199298655747,-0.08883693746347165,0.05669199298655769,-0.10227936879018118,0.0,2025H1
300295,2025-03-10,0,bull,none,pullback_holds,current_week,0.1328320802005014,-0.028822055137844638,-0.1986215538847118,-0.05827067669172925,0.18483709273182947,2025H1
300295,2025-04-23,2,mid,none,two_day_acceleration,current_week,-0.005208333333333259,0.041015625,0.041015625,-0.060546875,0.091796875,2025H1
002644,2023-03-10,4,mid,macd_cross,pullback_holds,current_week,0.06382978723404253,-0.021276595744680882,0.07215541165587402,-0.028677150786309058,0.09898242368177623,2023H1
002644,2023-03-15,2,mid,none,pullback_holds,current_week,0.008234217749313766,-0.05489478499542544,0.15645013723696266,-0.06678865507776754,0.08691674290942375,2023H1
002644,2023-04-04,1,bull,ma_bull,shrinking_volume_acceleration,current_week,0.01371036846615259,0.22964867180805482,0.21593830334190223,-0.011996572407883543,0.2999143101970865,2023H1
002644,2023-04-21,4,mid,ma_bull,two_day_acceleration,current_week,-0.08132322536181946,-0.06202618883528599,-0.09717436250861478,-0.12405237767057198,0.02963473466574773,2023H1
002644,2023-05-10,2,mid,ma_bull,pullback_holds,current_week,-0.01928783382789312,-0.028189910979228516,-0.10459940652818989,-0.07121661721068251,0.02596439169139453,2023H1
002644,2023-07-25,1,mid,none,pullback_holds,current_week,-0.03706896551724137,-0.03706896551724137,-0.06982758620689644,-0.06896551724137923,0.01379310344827589,2023H2
002644,2023-07-26,2,mid,none,pullback_holds,current_week,-0.05272255834053585,-0.03370786516853941,-0.07605877268798622,-0.06655142610198783,0.006914433880726101,2023H2
002644,2023-07-31,0,bull,none,shrinking_volume_acceleration,current_week,-0.06217616580310892,-0.025043177892918767,-0.08894645941278057,-0.06735751295336778,0.0008635578583764403,2023H2
002644,2023-08-10,3,bull,none,pullback_holds,current_week,0.009786476868327343,-0.04893238434163705,-0.06316725978647697,-0.06227758007117434,0.026690391459074814,2023H2
002644,2023-09-04,0,mid,none,pullback_holds,current_week,0.002785515320334442,0.0473537604456824,0.005571030640668662,-0.02785515320334253,0.05385329619312906,2023H2
002644,2023-09-11,0,mid,none,pullback_holds,current_week,0.04638218923933213,0.032467532467532534,-0.03988868274582558,-0.0009276437847866026,0.0556586270871986,2023H2
002644,2023-09-12,1,mid,none,two_day_acceleration,current_week,0.018115942028985366,0.005434782608695565,-0.08061594202898559,-0.02264492753623193,0.030797101449275388,2023H2
002644,2025-07-04,4,bull,ma_bull,pullback_holds,current_week,0.008333333333333304,0.028571428571428692,0.24166666666666647,-0.010714285714285676,0.0345238095238094,2025H2
002644,2025-07-14,0,bull,none,shrinking_volume_acceleration,current_week,0.017564402810304358,0.13817330210772827,0.1135831381733019,-0.02693208430913352,0.13817330210772827,2025H2
002644,2025-07-21,0,bull,ma_bull,shrinking_volume_acceleration,current_week,0.12110726643598624,0.25490196078431393,0.08650519031141868,-0.009227220299884653,0.3667820069204153,2025H2
002644,2025-09-08,0,bull,ma_bull,pullback_holds,current_week,-0.008695652173913104,-0.04456521739130437,-0.04782608695652191,-0.05326086956521736,0.0,2025H2
002644,2025-09-11,3,bull,ma_bull,pullback_holds,current_week,-0.02631578947368418,-0.05043859649122817,-0.018640350877192957,-0.06798245614035103,0.007675438596491002,2025H2
002644,2025-09-12,4,bull,ma_bull,pullback_holds,current_week,-0.0424836601307188,-0.06209150326797386,-0.008714596949891074,-0.07407407407407407,0.0010893246187364536,2025H2
002644,2025-10-10,4,bull,none,pullback_holds,current_week,0.04556074766355156,0.052570093457943834,0.06658878504672905,-0.01985981308411211,0.07476635514018692,2025H2
002644,2025-10-14,1,bull,none,pullback_holds,current_week,0.0365296803652968,0.026255707762557146,0.060502283105023036,-0.003424657534246478,0.05022831050228316,2025H2
002644,2025-10-15,2,bull,none,pullback_holds,current_week,0.03733031674208154,0.012443438914027327,0.05316742081447967,-0.004524886877827927,0.040723981900452566,2025H2
002644,2025-10-16,3,bull,none,two_day_acceleration,current_week,0.020247469066366763,0.0,0.050618672665916575,-0.0022497187851517886,0.03487064116985383,2025H2
002644,2025-10-20,0,mid,none,shrinking_volume_acceleration,current_week,-0.00879120879120876,0.0,0.027472527472527375,-0.02417582417582409,0.010989010989011172,2025H2
002644,2025-10-22,2,bull,none,shrinking_volume_acceleration,current_week,-0.020787746170678245,-0.001094091903719896,-0.006564551422319487,-0.02844638949671774,0.003282275711159688,2025H2
002644,2025-10-24,4,bull,none,pullback_holds,current_week,-0.00221483942414169,0.011074197120708895,-0.04540420819490565,-0.01661129568106301,0.01439645625692143,2025H2
002644,2025-11-03,0,bull,none,pullback_holds,current_week,0.01764057331863289,0.030871003307607392,-0.0022050716648290836,-0.006615214994487362,0.05292171995589867,2025H2
002644,2025-11-04,1,bull,none,pullback_holds,current_week,0.026519337016574607,0.018784530386740217,-0.0044198895027625085,-0.0044198895027625085,0.05524861878453047,2025H2
002644,2025-11-05,2,bull,none,two_day_acceleration,current_week,0.018599562363238453,-0.006564551422319487,-0.002188183807439792,-0.01422319474835898,0.0448577680525164,2025H2
002644,2025-11-06,3,bull,none,pullback_holds,current_week,0.03204419889502752,-0.0022099447513813653,0.0022099447513812542,-0.012154696132596787,0.05524861878453047,2025H2
002644,2025-11-10,0,bull,none,two_day_acceleration,current_week,0.014099783080260275,-0.04772234273318887,-0.033622559652928485,-0.06724511930585697,0.03579175704989157,2025H2
002644,2025-11-13,3,bull,none,shrinking_volume_acceleration,current_week,-0.03319057815845827,-0.03426124197002145,-0.08458244111349023,-0.07922912205567456,0.022483940042826722,2025H2
002644,2025-11-14,4,bull,none,two_day_acceleration,current_week,-0.08879492600422834,-0.060253699788583526,-0.10887949260042296,-0.09090909090909105,0.004228329809724984,2025H2
002644,2025-12-01,0,mid,macd_stabilizing,pullback_holds,current_week,-0.015469613259668558,-0.06629834254143663,-0.02541436464088398,-0.07513812154696131,0.015469613259668336,2025H2
002644,2026-01-13,1,bull,ma_bull,two_day_acceleration,current_week,-0.012195121951219412,0.006651884700665134,0.045454545454545414,-0.03658536585365857,0.031042128603104402,2026H1
002644,2026-01-26,0,bull,none,two_day_acceleration,current_week,0.0010869565217390686,0.017391304347825987,-0.06304347826086953,-0.05869565217391315,0.1978260869565216,2026H1
002397,2025-05-09,4,bull,none,two_day_acceleration,current_week,-0.03076923076923066,-0.02564102564102555,0.007692307692307665,-0.038461538461538436,0.04615384615384621,2025H1
002397,2025-05-22,3,bull,macd_stabilizing,shrinking_volume_acceleration,current_week,-0.07379134860050895,-0.0483460559796437,-0.03816793893129766,-0.10432569974554706,0.010178117048346147,2025H1
002397,2025-06-24,1,bull,macd_stabilizing,pullback_holds,current_week,0.04499999999999993,-0.07499999999999996,-0.09499999999999997,-0.09999999999999998,0.05750000000000011,2025H1
002397,2025-06-25,2,bull,macd_stabilizing,pullback_holds,current_week,-0.045685279187817174,-0.06598984771573602,-0.08629441624365475,-0.08629441624365475,0.07360406091370564,2025H1
002397,2025-06-26,3,bull,none,pullback_holds,current_week,-0.0641025641025641,-0.06153846153846143,-0.0641025641025641,-0.07692307692307687,0.08461538461538476,2025H1
002397,2025-06-27,4,bull,none,pullback_holds,current_week,-0.03076923076923066,-0.06153846153846143,-0.06666666666666665,-0.07692307692307687,0.08461538461538476,2025H1
002397,2025-08-18,0,bull,none,pullback_holds,current_week,0.08563535911602216,0.05248618784530379,0.05248618784530379,0.0,0.1353591160220995,2025H2
002397,2025-08-21,3,bull,none,shrinking_volume_acceleration,current_week,-0.04292929292929293,-0.04292929292929293,-0.05303030303030298,-0.08333333333333337,0.03282828282828287,2025H2
002397,2025-09-16,1,bull,none,two_day_acceleration,current_week,-0.07692307692307687,-0.07435897435897432,0.01538461538461533,-0.09743589743589742,0.00512820512820511,2025H2
002397,2025-09-17,2,bull,none,pullback_holds,current_week,-0.054545454545454564,-0.07012987012987015,0.03896103896103886,-0.08571428571428574,0.007792207792207684,2025H2
002397,2025-10-13,0,bull,none,pullback_holds,current_week,0.09418282548476453,0.09141274238227148,0.1828254847645432,-0.005540166204986208,0.12465373961218851,2025H2
002397,2025-10-14,1,bull,none,pullback_holds,current_week,0.10192837465564741,0.09090909090909083,0.21212121212121215,-0.011019283746556474,0.11845730027548229,2025H2
002397,2025-10-15,2,bull,none,pullback_holds,current_week,0.07608695652173902,0.07336956521739135,0.1657608695652173,-0.0027173913043478937,0.10326086956521752,2025H2
002397,2025-10-17,4,mid,macd_stabilizing,two_day_acceleration,current_week,0.031088082901554515,0.08031088082901561,0.1709844559585494,-0.03626943005181338,0.08290155440414493,2025H2
002397,2025-10-23,3,bull,none,shrinking_volume_acceleration,current_week,0.010025062656641603,0.07268170426065157,0.06516290726817031,-0.03508771929824561,0.09774436090225547,2025H2
002397,2025-11-07,4,bull,ma_bull,shrinking_volume_acceleration,current_week,0.04629629629629628,-0.05555555555555558,-0.03472222222222232,-0.06018518518518512,0.08333333333333326,2025H2
002397,2025-12-19,4,mid,none,pullback_holds,current_week,-0.04306220095693769,-0.028708133971291683,0.01674641148325362,-0.07655502392344493,0.055023923444976086,2025H2
002397,2026-01-06,1,bull,none,pullback_holds,current_week,-0.014814814814814725,0.04938271604938271,0.10617283950617296,-0.02962962962962956,0.05679012345679024,2026H1
002397,2026-01-08,3,bull,none,pullback_holds,current_week,-0.01728395061728394,0.19012345679012355,0.09382716049382722,-0.02962962962962956,0.22222222222222232,2026H1
002397,2026-01-16,4,bull,none,pullback_holds,current_week,0.2263681592039799,0.10696517412935314,0.08955223880596996,-0.007462686567164201,0.2512437810945274,2026H1
002397,2026-02-25,2,bull,ma_bull,pullback_holds,current_week,-0.09210526315789491,-0.08114035087719296,-0.149122807017544,-0.10745614035087725,0.004385964912280604,2026H1
002397,2026-04-09,3,mid,none,pullback_holds,current_week,0.079896907216495,0.13144329896907214,0.4948453608247423,-0.010309278350515427,0.18556701030927858,2026H1
002397,2026-04-30,3,bull,macd_cross,shrinking_volume_acceleration,current_week,0.18609406952965246,0.10838445807770958,-0.047034764826175746,-0.047034764826175746,0.20858895705521485,2026H1
300785,2025-02-13,3,bull,ma_bull,two_day_acceleration,current_week,-0.04336734693877553,-0.028061224489795977,-0.08112244897959187,-0.09489795918367339,0.06836734693877555,2025H1
300785,2025-04-23,2,mid,none,two_day_acceleration,current_week,0.07164916615194561,0.13187152563310667,0.13928350833848047,-0.04014823965410752,0.169857936998147,2025H1
300785,2025-04-25,4,mid,none,pullback_holds,current_week,0.13827082008900193,0.1471710108073745,0.045454545454545414,-0.012078830260648377,0.21869040050858235,2025H1
300785,2025-05-15,3,bull,none,pullback_holds,current_week,-0.013494114269308022,-0.047085845535457915,-0.1102497846683892,-0.09043927648578809,0.08326155612977337,2025H1
300785,2025-06-11,2,bull,none,pullback_holds,current_week,-0.02623360399750163,0.000936914428482094,-0.016552154903185512,-0.09431605246720809,0.05434103685196745,2025H1
300785,2025-06-12,3,bull,none,pullback_holds,current_week,0.004681647940074862,-0.011860174781523014,-0.02777777777777768,-0.09488139825218478,0.0536828963795255,2025H1
300785,2025-06-16,0,bull,none,shrinking_volume_acceleration,current_week,-0.04521024343977231,0.0063231109705976785,-0.009800822004426113,-0.0831489092633575,0.06734113183686374,2025H1
300785,2025-06-26,3,bull,none,pullback_holds,current_week,-0.025000000000000022,-0.014240506329113889,0.08291139240506329,-0.04398734177215191,0.0313291139240508,2025H1
300785,2025-08-04,0,bull,ma_bull,shrinking_volume_acceleration,current_week,-0.05733005733005736,-0.036582036582036626,-0.04258804258804261,-0.08053508053508063,0.0832650832650832,2025H2
300785,2025-08-18,0,bull,ma_bull,two_day_acceleration,current_week,0.06736050881757727,0.013876843018213236,0.17895345475570967,-0.025151777970511824,0.1214223764093667,2025H2
300785,2025-08-19,1,bull,ma_bull,pullback_holds,current_week,0.09088252483927528,-0.014611338398597296,0.22238457042665116,-0.023670368205727543,0.1335476329631795,2025H2
300785,2025-08-20,2,bull,ma_bull,pullback_holds,current_week,0.021576524741081737,-0.05638665132336018,0.19102416570771008,-0.060701956271576485,0.1159378596087457,2025H2
300785,2025-08-22,4,bull,ma_bull,pullback_holds,current_week,0.016538351867693146,-0.02423723980610215,0.18619903051040776,-0.09609352723125186,0.10607356715141147,2025H2
300785,2025-08-28,3,bull,ma_bull,pullback_holds,current_week,-0.07218506131549618,0.07190635451505001,0.13294314381270889,-0.11649944258639922,0.11120401337792618,2025H2
300785,2025-08-29,4,bull,ma_bull,pullback_holds,current_week,-0.06117969821673541,0.11604938271604937,0.020576131687242816,-0.13031550068587117,0.137997256515775,2025H2
300785,2025-11-11,1,bull,none,pullback_holds,current_week,0.36035242290748903,0.5036710719530104,0.2105726872246696,-0.024375917767988198,0.6117474302496331,2025H2
300785,2025-11-12,2,bull,none,pullback_holds,current_week,0.32553317535545023,0.45142180094786744,0.2277843601895737,-0.015995260663507094,0.6255924170616116,2025H2
300785,2026-01-08,3,bull,ma_bull,two_day_acceleration,current_week,0.4532265049805111,0.3274144651364228,0.4675184062364659,-0.00822867042009523,0.8165872672152448,2026H1
300785,2026-02-03,1,mid,ma_bull,shrinking_volume_acceleration,current_week,-0.12105978260869577,-0.20529891304347836,-0.2979619565217392,-0.21399456521739135,0.0017663043478259866,2026H1
300785,2026-04-10,4,mid,none,shrinking_volume_acceleration,current_week,0.03894523326571986,0.049695740365111485,0.10405679513184585,-0.010141987829614618,0.1460446247464502,2026H1
300785,2026-04-24,4,bull,none,pullback_holds,current_week,-0.01040261991909075,0.04854555962242335,-0.11481410132922365,-0.06530533615873624,0.09901753034097482,2026H1
300785,2026-05-13,2,bull,none,shrinking_volume_acceleration,current_week,-0.03557883330323286,-0.17012822828246343,-0.28968755643850475,-0.1983023297814701,0.022214195412678217,2026H1
300785,2026-06-22,0,bull,none,two_day_acceleration,current_week,-0.11874696454589606,-0.14230208839242353,-0.17265662943176296,-0.1452161243322,0.007042253521126751,2026H1
601298,2023-04-04,1,bull,ma_bull,shrinking_volume_acceleration,current_week,-0.01710730948678063,0.04199066874028001,0.31726283048211523,-0.04043545878693622,0.05754276827371707,2023H1
601298,2023-04-18,1,bull,ma_bull,two_day_acceleration,current_week,0.03186646433990892,0.22610015174506826,0.10166919575113798,-0.006069802731411222,0.2336874051593325,2023H1
601298,2023-04-21,4,mid,ma_bull,two_day_acceleration,current_week,0.07014925373134329,0.12537313432835817,0.03134328358208949,-0.011940298507462699,0.3104477611940297,2023H1
601298,2023-04-27,3,mid,ma_bull,two_day_acceleration,current_week,0.1572052401746724,0.06404657933042213,0.05094614264919928,-0.005822416302765698,0.2780203784570596,2023H1
601298,2023-07-25,1,mid,none,pullback_holds,current_week,-0.022727272727272818,-0.050000000000000044,-0.040909090909091006,-0.053030303030303094,0.033333333333333215,2023H2
601298,2023-07-26,2,mid,none,pullback_holds,current_week,-0.028831562974203306,-0.053110773899848196,-0.047040971168436974,-0.05766312594840661,0.03490136570561453,2023H2
601298,2023-07-27,3,mid,none,pullback_holds,current_week,-0.031722054380664666,-0.034743202416918306,-0.06797583081571001,-0.0619335347432024,0.030211480362537735,2023H2
601298,2023-07-28,4,bull,none,two_day_acceleration,current_week,-0.05803571428571419,-0.07738095238095233,-0.07886904761904756,-0.07886904761904756,0.01488095238095255,2023H2
601298,2023-09-11,0,mid,none,pullback_holds,current_week,0.028708133971291794,0.031897926634768536,-0.0031897926634769647,0.0,0.04306220095693769,2023H2
601298,2023-09-12,1,mid,none,pullback_holds,current_week,0.025236593059936974,0.012618296529968376,-0.025236593059936974,-0.00473186119873803,0.03154574132492116,2023H2
601298,2023-09-19,1,mid,none,shrinking_volume_acceleration,current_week,-0.013824884792626668,-0.04608294930875578,-0.07066052227342545,-0.04761904761904756,0.004608294930875667,2023H2
601298,2024-03-04,0,bull,ma_bull,pullback_holds,current_week,-0.01109570041608876,0.00277392510402219,0.015256588072122046,-0.04993065187239931,0.023578363384188616,2024H1
601298,2024-03-18,0,bull,ma_bull,two_day_acceleration,current_week,-0.004143646408839796,0.011049723756906049,0.17127071823204432,-0.035911602209944715,0.03314917127071837,2024H1
601298,2024-03-20,2,bull,ma_bull,shrinking_volume_acceleration,current_week,0.019607843137254832,0.057422969187674866,0.1932773109243695,-0.01680672268907568,0.06162464985994398,2024H1
601298,2024-03-21,3,bull,ma_bull,pullback_holds,current_week,0.025174825174825166,0.07132867132867138,0.17062937062937067,-0.018181818181818188,0.08531468531468533,2024H1
601298,2024-03-25,0,mid,ma_bull,pullback_holds,current_week,0.011049723756906049,0.07320441988950277,0.1533149171270718,-0.006906077348066253,0.0787292817679559,2024H1
601298,2024-03-29,4,mid,ma_bull,two_day_acceleration,current_week,0.046070460704606964,0.11517615176151774,0.09756097560975596,-0.016260162601625994,0.13414634146341475,2024H1
601298,2024-04-02,1,bull,ma_bull,shrinking_volume_acceleration,current_week,0.0535475234270415,0.12048192771084354,0.10441767068273089,-0.00669344042838016,0.1445783132530123,2024H1
601298,2024-04-08,0,mid,ma_bull,two_day_acceleration,current_week,0.06797385620915031,0.09411764705882364,0.09019607843137245,-0.006535947712418277,0.12418300653594772,2024H1
601298,2024-04-11,3,mid,ma_bull,two_day_acceleration,current_week,0.06353240152477779,0.07750952986022885,0.07496823379923767,-0.003811944091486663,0.09275730622617528,2024H1
601298,2024-04-15,0,bull,ma_bull,two_day_acceleration,current_week,0.02447980416156681,-0.013463892288861579,0.01346389228886169,-0.019583843329253336,0.05263157894736836,2024H1
601298,2024-04-17,2,bull,ma_bull,shrinking_volume_acceleration,current_week,-0.013002364066194039,-0.023640661938534424,-0.0023640661938535423,-0.05555555555555558,0.016548463356973908,2024H1
601298,2024-04-19,4,bull,ma_bull,shrinking_volume_acceleration,current_week,-0.03512880562060894,-0.030444964871194524,-0.021077283372365474,-0.06440281030444972,0.007025761124121566,2024H1
601298,2024-05-06,0,bull,ma_bull,pullback_holds,current_week,0.04131227217496969,0.025516403402187082,0.021871202916160293,-0.010935601458080146,0.053462940461725283,2024H1
601298,2024-05-07,1,bull,ma_bull,pullback_holds,current_week,0.027946537059538423,0.013365735115431265,0.03402187120291611,-0.0036452004860269005,0.053462940461725283,2024H1
601298,2024-05-08,2,bull,ma_bull,pullback_holds,current_week,0.02289156626506017,0.0072289156626503814,0.00120481927710836,-0.009638554216867434,0.04457831325301198,2024H1
601298,2024-05-09,3,bull,ma_bull,pullback_holds,current_week,-0.010752688172043223,-0.011947431302270162,-0.0011947431302271605,-0.015531660692951088,0.03584229390680993,2024H1
601298,2024-05-10,4,bull,ma_bull,pullback_holds,current_week,0.004807692307692291,0.006009615384615419,0.019230769230769162,-0.009615384615384581,0.04206730769230771,2024H1
601298,2024-05-15,2,bull,ma_bull,shrinking_volume_acceleration,current_week,-0.016470588235294237,-0.0023529411764705577,0.009411764705882453,-0.030588235294117583,0.0117647058823529,2024H1
601298,2024-05-17,4,bull,ma_bull,pullback_holds,current_week,-0.0023837902264600697,0.014302741358760418,0.05005959475566146,-0.017878426698450522,0.029797377830750982,2024H1
601298,2024-05-20,0,bull,ma_bull,pullback_holds,current_week,0.003537735849056478,-0.008254716981132115,0.06485849056603765,-0.028301886792452824,0.018867924528301883,2024H1
601298,2024-05-27,0,mid,ma_bull,two_day_acceleration,current_week,-0.017523364485981352,-0.007009345794392607,0.08060747663551404,-0.032710280373831946,0.02686915887850483,2024H1
601298,2024-05-28,1,mid,ma_bull,pullback_holds,current_week,0.009489916963226541,0.017793594306049876,0.09608540925266906,-0.017793594306049876,0.04270462633451966,2024H1
601298,2024-05-29,2,mid,ma_bull,shrinking_volume_acceleration,current_week,-0.022352941176470575,0.009411764705882453,0.09529411764705897,-0.02588235294117658,0.034117647058823586,2024H1
601298,2024-05-30,3,mid,ma_bull,two_day_acceleration,current_week,-0.027906976744186074,0.016279069767441978,0.1116279069767443,-0.037209302325581395,0.032558139534883956,2024H1
601298,2024-05-31,4,mid,ma_bull,pullback_holds,current_week,0.0,0.03891509433962259,0.14033018867924518,-0.02358490566037752,0.04716981132075482,2024H1
601298,2024-08-19,0,mid,macd_stabilizing,shrinking_volume_acceleration,current_week,0.02423603793466822,-0.0337197049525817,-0.08113804004214964,-0.05163329820864071,0.04952581664910438,2024H2
601298,2024-09-26,3,bull,none,shrinking_volume_acceleration,current_week,-0.026077097505669,-0.06462585034013613,-0.0487528344671202,-0.06689342403628118,0.14739229024943312,2024H2
601298,2024-09-27,4,bull,none,pullback_holds,current_week,-0.03181818181818197,-0.04886363636363633,-0.036363636363636376,-0.07272727272727275,0.1499999999999999,2024H2
601298,2024-11-01,4,mid,none,pullback_holds,current_week,0.00235017626321965,0.029377203290246845,0.003525264394829808,-0.0199764982373678,0.05052878965922436,2024H2
601298,2024-11-04,0,bull,none,shrinking_volume_acceleration,current_week,-0.024277456647398887,0.012716763005780285,-0.016184971098266,-0.03583815028901738,0.03583815028901749,2024H2
601298,2024-11-07,3,bull,none,shrinking_volume_acceleration,current_week,-0.0034762456546930665,0.031286210892236266,-0.018539976825028948,-0.03360370799536516,0.04055619930475074,2024H2
601298,2024-11-08,4,bull,none,pullback_holds,current_week,0.030588235294117583,0.025882352941176467,0.007058823529411784,-0.018823529411764683,0.05647058823529427,2024H2
601298,2024-11-14,3,bull,none,pullback_holds,current_week,0.03368176538908263,-0.00580720092915199,-0.017421602787456303,-0.015098722415795462,0.04297328687572599,2024H2
601298,2024-11-15,4,mid,none,two_day_acceleration,current_week,-0.010215664018161208,-0.030646992054483513,-0.07037457434733263,-0.03745743473325769,0.0192962542565267,2024H2
601298,2024-11-20,2,bull,none,two_day_acceleration,current_week,-0.028216704288939076,-0.03950338600451464,-0.04176072234762973,-0.055304740406320385,0.011286681715575675,2024H2
601298,2024-11-25,0,mid,none,pullback_holds,current_week,-0.030751708428245927,-0.003416856492027276,-0.05239179954441908,-0.04669703872437336,0.01025056947608216,2024H2
601298,2024-12-06,4,bull,none,pullback_holds,current_week,-0.04210526315789487,-0.0339181286549709,0.03274853801169586,-0.04210526315789487,0.037426900584795364,2024H2
601298,2024-12-09,0,bull,none,two_day_acceleration,current_week,-0.05316742081447956,-0.05882352941176461,0.007918552036199067,-0.07352941176470595,0.0033936651583712507,2024H2
601298,2024-12-10,1,bull,none,pullback_holds,current_week,-0.01744186046511631,-0.016279069767441756,0.07325581395348846,-0.04767441860465116,0.009302325581395321,2024H2
601298,2024-12-17,1,bull,none,pullback_holds,current_week,0.004750593824228044,0.08194774346793343,0.04156769596199528,-0.02137767220902609,0.09501187648456066,2024H2
601298,2024-12-18,2,bull,none,pullback_holds,current_week,0.017688679245283057,0.061320754716981174,0.04952830188679247,-0.028301886792452824,0.11438679245283034,2024H2
601298,2024-12-30,0,bull,none,two_day_acceleration,current_week,-0.003355704697986517,-0.02572706935123026,0.012304250559284302,-0.05033557046979853,0.05704697986577201,2024H2
601298,2025-01-27,0,mid,ma_bull,two_day_acceleration,current_week,-0.017391304347826098,-0.023913043478260954,-0.0826086956521741,-0.05978260869565222,0.006521739130434634,2025H1
601298,2025-04-01,1,mid,ma_bull,shrinking_volume_acceleration,current_week,-0.051999999999999935,-0.09999999999999998,-0.132,-0.134,0.06099999999999994,2025H1
601298,2025-05-07,2,bull,macd_stabilizing,two_day_acceleration,current_week,0.023702031602709006,0.018058690744920947,0.018058690744920947,-0.007900677200902817,0.04401805869074504,2025H1
601298,2025-05-12,0,bull,none,two_day_acceleration,current_week,-0.0032858707557503752,-0.03614457831325302,0.008762322015334112,-0.040525739320920184,0.013143483023001057,2025H1
601298,2025-05-19,0,bull,macd_stabilizing,two_day_acceleration,current_week,-0.03296703296703285,-0.006593406593406459,-0.020879120879120805,-0.0461538461538461,0.004395604395604602,2025H1
601298,2025-05-20,1,bull,macd_stabilizing,pullback_holds,current_week,-0.015712682379349086,0.01683501683501687,0.004489337822671358,-0.02581369248035914,0.02805836139169471,2025H1
601298,2025-05-21,2,bull,macd_stabilizing,pullback_holds,current_week,-0.030133928571428714,0.006696428571428381,-0.017857142857142905,-0.03125000000000011,0.02232142857142838,2025H1
601298,2025-06-05,3,bull,none,pullback_holds,current_week,-0.0022123893805311434,-0.026548672566371723,-0.030973451327433787,-0.027654867256637128,0.028761061946902533,2025H1
601298,2025-06-06,4,bull,none,shrinking_volume_acceleration,current_week,-0.016339869281045805,-0.02614379084967322,-0.03267973856209139,-0.0424836601307188,0.013071895424836777,2025H1
601298,2025-06-23,0,bull,macd_cross,pullback_holds,current_week,-0.026875699888017968,-0.01007838745800671,-0.006718924972004325,-0.03135498320268748,0.004479283314669846,2025H1
601298,2025-07-09,2,bull,none,pullback_holds,current_week,-0.0022421524663677195,0.0,-0.01457399103139001,-0.015695067264574036,0.022421524663677195,2025H2
601298,2025-07-10,3,bull,none,pullback_holds,current_week,-0.012331838565022402,0.0,0.0033632286995517457,-0.015695067264574036,0.022421524663677195,2025H2
601298,2025-07-15,1,bull,macd_stabilizing,pullback_holds,current_week,0.003374578177727683,-0.013498312710911287,0.0011248593925758943,-0.01687289088863897,0.014623172103486848,2025H2
601298,2025-07-16,2,bull,macd_stabilizing,pullback_holds,current_week,0.0011223344556676729,-0.0056116722783390305,-0.007856341189674598,-0.019079685746352437,0.007856341189674598,2025H2
601298,2025-07-21,0,bull,macd_stabilizing,pullback_holds,current_week,-0.0022547914317927464,-0.016910935738444266,-0.014656144306651742,-0.024802705749718212,0.012401352874858995,2025H2
601298,2025-07-22,1,bull,macd_stabilizing,pullback_holds,current_week,-0.01681614349775784,-0.017937219730941756,-0.024663677130044692,-0.030269058295964046,0.0067264573991032695,2025H2
601298,2025-07-23,2,bull,macd_stabilizing,pullback_holds,current_week,-0.0056116722783390305,-0.013468013468013407,-0.02020202020202022,-0.029180695847362492,0.006734006734006703,2025H2
601298,2025-07-24,3,bull,macd_stabilizing,pullback_holds,current_week,-0.02572706935123026,0.0011185682326624313,-0.021252796420581643,-0.032438478747203514,0.003355704697986628,2025H2
601298,2025-07-25,4,bull,macd_stabilizing,pullback_holds,current_week,-0.020293122886133164,0.011273957158962844,-0.021420518602029426,-0.024802705749718212,0.01465614430665152,2025H2
601298,2026-09-09,2,bull,ma_bull,shrinking_volume_acceleration,current_week,,,,-0.007391763463569179,0.03062302006335793,2026H2
002953,2025-07-03,3,bull,none,shrinking_volume_acceleration,current_week,0.016314779270633295,0.02399232245681393,0.015355086372360827,-0.013435700575815779,0.04414587332053754,2025H2
002953,2025-07-11,4,bull,none,pullback_holds,current_week,0.002838221381267658,0.013245033112582849,0.03784295175023655,-0.004730368968779652,0.030274361400189242,2025H2
002953,2025-07-15,1,bull,none,pullback_holds,current_week,0.012138188608776801,0.017740429505135324,0.03267973856209139,-0.017740429505135547,0.03548085901027065,2025H2
002953,2025-07-16,2,bull,none,pullback_holds,current_week,0.005649717514124131,0.013182674199623268,0.04237288135593209,-0.009416195856873921,0.044256120527306875,2025H2
002953,2025-07-17,3,bull,none,pullback_holds,current_week,0.00748362956033688,-0.010289990645462987,0.017773620205799867,-0.015902712815715647,0.037418147801683954,2025H2
002953,2025-07-18,4,bull,none,pullback_holds,current_week,0.010377358490566202,0.006603773584905603,0.03301886792452846,-0.006603773584905714,0.04622641509433967,2025H2
002953,2025-07-23,2,bull,none,pullback_holds,current_week,0.008434864104967188,0.030927835051546504,0.18181818181818188,-0.013120899718837897,0.03936269915651369,2025H2
002953,2025-07-24,3,bull,none,pullback_holds,current_week,-0.01855287569573283,0.012987012987013102,0.2866419294990725,-0.023191094619666064,0.0287569573283859,2025H2
002953,2025-07-25,4,bull,none,pullback_holds,current_week,-0.0037348272642391267,0.024276377217553602,0.28011204481792706,-0.016806722689075793,0.03548085901027065,2025H2
002953,2025-07-29,1,bull,macd_cross,two_day_acceleration,current_week,0.0009174311926605228,0.014678899082568808,0.3660550458715597,-0.03394495412844045,0.023853211009174258,2025H2
002953,2025-07-30,2,bull,macd_cross,pullback_holds,current_week,0.026119402985074647,0.0326492537313432,0.4496268656716418,-0.017723880597015018,0.041044776119402826,2025H2
002953,2025-08-06,2,bull,ma_bull,two_day_acceleration,current_week,0.00453720508166966,0.1442831215970961,0.17967332123411972,-0.019963702359346525,0.1442831215970961,2025H2
002953,2025-08-11,0,bull,ma_bull,two_day_acceleration,current_week,0.013562386980108476,0.22423146473779387,0.18716094032549724,-0.023508137432188048,0.3743218806509947,2025H2
002953,2025-08-13,2,bull,ma_bull,shrinking_volume_acceleration,current_week,0.13808664259927794,0.40252707581227454,0.1543321299638989,-0.025270758122743597,0.4620938628158844,2025H2
002953,2025-08-18,0,bull,ma_bull,two_day_acceleration,current_week,0.207850133809099,0.37109723461195365,0.1355932203389829,-0.003568242640499597,0.44513826940231915,2025H2
002953,2025-10-09,3,bull,ma_bull,two_day_acceleration,current_week,-0.0007490636704119424,-0.03895131086142323,-0.0007490636704119424,-0.06966292134831453,0.0786516853932584,2025H2
002953,2025-10-13,0,bull,none,shrinking_volume_acceleration,current_week,-0.06060606060606066,-0.01921655580192172,-0.004434589800443534,-0.0820399113082041,0.06430155210643007,2025H2
002953,2025-10-14,1,bull,none,two_day_acceleration,current_week,-0.05190058479532156,-0.04312865497076024,-0.023391812865497075,-0.09210526315789469,0.05263157894736836,2025H2
002953,2025-10-27,0,bull,none,pullback_holds,current_week,0.03683806600153483,0.033768227168073706,-0.04988488104374522,-0.03453568687643904,0.05909439754412893,2025H2
002953,2025-11-06,3,bull,ma_bull,pullback_holds,current_week,-0.022556390977443663,0.024060150375939893,-0.14060150375939862,-0.03157894736842104,0.06766917293233088,2025H2
002953,2025-11-07,4,bull,ma_bull,pullback_holds,current_week,-0.009694258016405555,-0.06487695749440714,-0.13571961222967932,-0.06785980611483966,0.05891126025354221,2025H2
002953,2025-12-22,0,bull,none,pullback_holds,current_week,0.0017226528854437095,0.008613264427218104,0.12144702842377253,-0.019810508182601105,0.023255813953488413,2025H2
002953,2025-12-29,0,bull,none,pullback_holds,current_week,0.012975778546712835,0.04757785467128017,0.16003460207612452,-0.01557093425605538,0.06833910034602075,2025H2
002953,2026-01-05,0,bull,none,pullback_holds,current_week,0.05440414507772018,0.2098445595854923,0.08462867012089803,-0.002590673575129432,0.24697754749568213,2026H1
002953,2026-01-06,1,bull,none,two_day_acceleration,current_week,0.015215553677092153,0.13271344040574817,0.07607776838546076,-0.014370245139475935,0.220625528317836,2026H1
002953,2026-01-07,2,bull,none,pullback_holds,current_week,0.037703513281919454,0.11568123393316188,0.10625535561268218,-0.0008568980291344674,0.23736075407026558,2026H1
002953,2026-02-10,1,bull,none,pullback_holds,current_week,0.024256651017214192,-0.012519561815336422,0.022691705790297334,-0.05242566510172153,0.04225352112676051,2026H1
002953,2026-02-12,3,bull,none,pullback_holds,current_week,0.03680501174628037,0.030540328895849678,-0.056382145653876226,-0.05168363351605332,0.04306969459671106,2026H1
002953,2026-02-26,3,bull,macd_cross,two_day_acceleration,current_week,-0.015873015873015928,-0.005291005291005346,-0.12622826908541196,-0.08465608465608476,0.017384731670446074,2026H1
688162,2025-06-09,0,bull,none,two_day_acceleration,current_week,-0.031030661248614644,-0.0624307351311415,-0.01810121906169182,-0.08274842999630583,0.015515330624307433,2025H1
688162,2025-06-25,2,bull,macd_stabilizing,pullback_holds,current_week,0.0011152416356876582,-0.01635687732342017,0.03791821561338282,-0.03234200743494431,0.02899628252788089,2025H1
688162,2025-06-26,3,bull,macd_stabilizing,pullback_holds,current_week,-0.004444444444444473,-0.0159259259259259,0.04962962962962969,-0.03592592592592592,0.0251851851851852,2025H1
688162,2025-06-27,4,bull,macd_stabilizing,pullback_holds,current_week,-0.006744098913450736,0.01086549269389292,0.06744098913450736,-0.02472836268265266,0.03709254402397888,2025H1
688162,2025-07-11,4,bull,none,pullback_holds,current_week,0.050670640834575176,0.0614754098360657,0.17250372578241446,-0.0011177347242919966,0.072280178837556,2025H2
688162,2025-07-15,1,bull,none,pullback_holds,current_week,0.035055350553505615,0.1605166051660516,0.16199261992619918,-0.0044280442804428555,0.17712177121771222,2025H2
688162,2025-07-16,2,bull,none,shrinking_volume_acceleration,current_week,0.015642051655147204,0.11022189887231715,0.15096398690432888,-0.0065478355765732354,0.16042197162604577,2025H2
688162,2025-07-17,3,bull,macd_cross,two_day_acceleration,current_week,0.013953488372093092,0.06475849731663685,0.10196779964221836,-0.012522361359570633,0.14132379248658333,2025H2
688162,2025-08-20,2,bull,ma_bull,shrinking_volume_acceleration,current_week,-0.04834377797672329,-0.0910176066845717,0.030737093404953786,-0.09877648463145328,0.028946583109519697,2025H2
688162,2025-08-22,4,bull,ma_bull,shrinking_volume_acceleration,current_week,-0.025664527956003713,-0.045218454017720844,-0.009471432936144275,-0.1017415215398717,0.053467766575007625,2025H2
688162,2025-09-11,3,bull,ma_bull,shrinking_volume_acceleration,current_week,0.009379727685325356,0.06807866868381263,-0.004236006051437036,-0.05748865355521926,0.10378214826021193,2025H2
688162,2025-10-29,2,bull,ma_bull,pullback_holds,current_week,-0.07467438494934886,-0.09840810419681623,-0.16382054992764117,-0.10303907380607824,0.009840810419681434,2025H2
688162,2025-12-22,0,bull,none,two_day_acceleration,current_week,0.02450486740516955,0.07015777106411547,0.12856663309835503,0.0,0.08425646189996638,2025H2
688162,2025-12-25,3,bull,none,shrinking_volume_acceleration,current_week,0.00938511326860847,0.07572815533980592,0.10550161812297731,-0.029126213592233108,0.09385113268608403,2025H2
688162,2026-01-05,0,bull,none,shrinking_volume_acceleration,current_week,0.06232023010546506,0.0667945030361139,0.06359859379993615,-0.0047938638542665,0.08053691275167796,2026H1
688162,2026-01-07,2,bull,none,two_day_acceleration,current_week,0.022948758252121948,0.056900345803206465,0.08425023577491353,-0.004715498270984053,0.06507387613957882,2026H1
688162,2026-01-09,4,bull,none,two_day_acceleration,current_week,0.032527881040892215,0.07125154894671604,0.059169764560099036,-0.008054522924411334,0.07125154894671604,2026H1
688162,2026-01-12,0,bull,none,two_day_acceleration,current_week,0.004211793020457266,0.02767749699157651,0.05956678700361007,-0.036101083032491044,0.04933814681107096,2026H1
688162,2026-01-15,3,bull,none,shrinking_volume_acceleration,current_week,0.022034409900392404,-0.01116812556595248,0.052218533051614724,-0.01871415635375806,0.05282221551463939,2026H1
688162,2026-01-16,4,bull,none,two_day_acceleration,current_week,0.04093919325707396,0.013245033112582849,0.056291390728477,-0.021372667068031315,0.04996989765201687,2026H1
688162,2026-02-03,1,mid,none,two_day_acceleration,current_week,0.01661807580174912,0.04227405247813398,-0.03790087463556868,-0.03119533527696794,0.06326530612244885,2026H1
688162,2026-02-09,0,bull,ma_bull,two_day_acceleration,current_week,0.03066439522998321,-0.08177172061328775,-0.08631459398069274,-0.08177172061328775,0.035491198182850736,2026H1
688162,2026-02-12,3,bull,ma_bull,shrinking_volume_acceleration,current_week,0.029386343993085706,-0.054163065399020494,-0.11091904350331316,-0.0898876404494382,0.05070584845865733,2026H1
688162,2026-02-24,1,bull,ma_bull,two_day_acceleration,current_week,-0.11251372118551028,-0.0861690450054885,-0.18496158068057078,-0.14599341383095488,0.0,2026H1
688162,2026-02-26,3,bull,ma_bull,shrinking_volume_acceleration,current_week,-0.09964018820924447,-0.07971215056739556,-0.16385275394409082,-0.13866592859119853,0.0005535566011622972,2026H1
688162,2026-03-12,3,bull,ma_bull,pullback_holds,current_week,-0.04209569957601467,-0.0850999394306482,-0.037855844942459194,-0.1393095093882496,0.025136281041792774,2026H1
688162,2026-04-10,4,mid,none,shrinking_volume_acceleration,current_week,0.15220845249443893,0.07562758182395934,0.038449316809659795,-0.0019065776930410339,0.1661900222434065,2026H1
688162,2026-04-27,0,bull,ma_bull,shrinking_volume_acceleration,current_week,-0.031615925058548155,-0.06323185011709609,0.009074941451990393,-0.08196721311475419,0.009660421545667486,2026H1
688162,2026-05-07,3,bull,macd_stabilizing,shrinking_volume_acceleration,current_week,-0.03264812575574361,0.029625151148730433,-0.17019347037484878,-0.051995163240628695,0.07224909310761785,2026H1
688162,2026-05-08,4,bull,macd_stabilizing,pullback_holds,current_week,0.008415990381725136,0.06251878569281621,-0.15299068229636315,-0.057409077246768914,0.07213706041478796,2026H1
688162,2026-05-18,0,bull,macd_cross,pullback_holds,current_week,0.0644583706356312,-0.10623694419576246,-0.22948373619814977,-0.11757684273351232,0.09191286183228908,2026H1
688162,2026-05-19,1,bull,macd_cross,shrinking_volume_acceleration,current_week,0.041449275362318794,-0.15101449275362322,-0.23681159420289855,-0.16898550724637673,0.06057971014492769,2026H1
600992,2025-02-26,2,bull,none,shrinking_volume_acceleration,current_week,-0.023994811932555038,0.02788586251621261,0.004539559014267169,-0.04345006485084302,0.08560311284046707,2025H1
301118,2025-05-16,4,bull,none,two_day_acceleration,current_week,-0.001359311282283726,-0.046669687358405154,0.24739465337562305,-0.050747621205256,0.03126415949252381,2025H1
301118,2025-05-20,1,bull,none,shrinking_volume_acceleration,current_week,-0.031704095112285335,-0.08322324966974903,0.2294143549097314,-0.09819462791721711,0.0022016732716865217,2025H1
301118,2025-06-09,0,bull,ma_bull,pullback_holds,current_week,0.2852474323062557,0.22782446311858062,0.07236227824463115,-0.019140989729225066,0.3818860877684407,2025H1
301118,2025-06-10,1,bull,ma_bull,pullback_holds,current_week,0.26507713884993,0.08835904628330993,0.0841514726507715,-0.0014025245441795509,0.3838242169237962,2025H1
301118,2025-06-18,2,bull,ma_bull,two_day_acceleration,current_week,-0.12742487637885125,-0.12095853936858125,-0.14111829593001135,-0.13845568657284124,0.08406238113351083,2025H1
301118,2025-07-18,4,bull,ma_bull,two_day_acceleration,current_week,0.003837953091684332,-0.0034115138592749616,0.02686567164179121,-0.01321961620469081,0.04136460554371002,2025H2
301118,2025-07-24,3,bull,none,shrinking_volume_acceleration,current_week,0.0004237288135593431,0.03601694915254239,0.06779661016949134,-0.02627118644067805,0.044491525423728806,2025H2
301118,2025-07-29,1,bull,none,two_day_acceleration,current_week,-0.0008413967185527671,0.027766091712242424,0.06689103912494732,-0.03323517038283552,0.04669751787968024,2025H2
301118,2025-07-30,2,bull,none,shrinking_volume_acceleration,current_week,-0.00041788549937304964,0.018804847471792785,0.0154617634768075,-0.03969912244045126,0.03969912244045126,2025H2
301118,2025-07-31,3,bull,none,pullback_holds,current_week,0.034701650444350474,-0.003808717731696998,0.02454506982649174,-0.02750740584003375,0.052898857384680475,2025H2
301118,2025-08-11,0,bull,none,shrinking_volume_acceleration,current_week,-0.009744214372716109,0.010962241169305775,-0.01867641088103933,-0.04466098254161588,0.07064555420219243,2025H2
301118,2025-08-18,0,bull,ma_bull,pullback_holds,current_week,0.023848684210526327,-0.009046052631578871,-0.016858552631578982,-0.046052631578947456,0.08429276315789469,2025H2
301118,2025-08-19,1,bull,ma_bull,two_day_acceleration,current_week,0.024232633279482885,-0.06340872374798057,-0.008077544426494332,-0.07471728594507276,0.0650242326332795,2025H2
301118,2025-08-20,2,bull,ma_bull,two_day_acceleration,current_week,-0.0459363957597172,-0.11857086768747549,-0.00785237534354144,-0.12210443659206904,0.019238319591676545,2025H2
301118,2025-09-09,1,bull,ma_bull,pullback_holds,current_week,0.03497682258744206,0.0054782975136957734,0.08217446270543616,-0.027391487568478645,0.09102402022756007,2025H2
301118,2025-09-10,2,bull,ma_bull,pullback_holds,current_week,0.06714527027027017,0.0760135135135136,0.09290540540540548,-0.025337837837837718,0.09332770270270263,2025H2
301118,2025-09-15,0,bull,ma_bull,pullback_holds,current_week,0.035131744040150625,0.031367628607277265,0.11543287327478047,-0.0347135089920535,0.08281053952321216,2025H2
301118,2025-09-16,1,bull,ma_bull,two_day_acceleration,current_week,-0.030475416497358743,0.02844372206420176,0.056887444128403075,-0.06216984965461181,0.05201137748882578,2025H2
301118,2025-09-17,2,bull,ma_bull,two_day_acceleration,current_week,0.007911392405063333,0.0035601265822784445,-0.011075949367088667,-0.08702531645569622,0.02412974683544311,2025H2
301118,2025-09-19,4,mid,ma_bull,pullback_holds,current_week,0.0008116883116882079,0.07386363636363646,0.016639610389610482,-0.06331168831168821,0.08928571428571419,2025H2
301118,2025-09-22,0,mid,ma_bull,shrinking_volume_acceleration,current_week,-0.013599999999999945,0.030399999999999983,0.01200000000000001,-0.07679999999999998,0.07919999999999994,2025H2
301118,2025-09-26,4,mid,ma_bull,pullback_holds,current_week,0.07255776246453172,0.0616132955006079,0.012565869477097591,-0.021888933927847742,0.09363599513579235,2025H2
301118,2025-10-13,0,bull,ma_bull,two_day_acceleration,current_week,-0.010204081632653073,-0.053287981859410416,0.0011337868480725266,-0.07407407407407407,0.019652305366591127,2025H2
301118,2025-10-22,2,bull,ma_bull,pullback_holds,current_week,-0.03205629397967158,-0.04769351055512128,0.23455824863174346,-0.055512118842846014,0.012509773260359625,2025H2
301118,2025-11-03,0,bull,ma_bull,pullback_holds,current_week,0.06002400960384158,0.10884353741496589,0.03681472589035617,-0.03321328531412571,0.2416966786714685,2025H2
301118,2025-11-11,1,bull,ma_bull,two_day_acceleration,current_week,-0.028064992614475703,-0.04615952732644013,-0.10819793205317574,-0.06646971935007384,0.1669128508124076,2025H2
301118,2025-11-17,0,mid,ma_bull,shrinking_volume_acceleration,current_week,-0.07639885222381637,-0.07065997130559543,-0.17718794835007168,-0.1050932568149211,0.13342898134863712,2025H2
301118,2026-01-05,0,bull,none,pullback_holds,current_week,0.04869215291750506,0.06317907444668003,0.024547283702213152,0.0,0.0663983903420522,2026H1
301118,2026-01-06,1,bull,none,two_day_acceleration,current_week,0.010176125244618417,0.03561643835616435,0.045009784735812186,-0.018395303326810164,0.044227005870841385,2026H1
301118,2026-01-07,2,bull,none,pullback_holds,current_week,0.02467170712296074,0.06167926780740163,0.07122960604854756,0.0,0.0664544369279747,2026H1
301118,2026-01-12,0,bull,none,two_day_acceleration,current_week,0.014592933947772835,0.05721966205837181,0.031105990783410142,-0.032258064516129004,0.08602150537634423,2026H1
301118,2026-01-21,2,bull,none,shrinking_volume_acceleration,current_week,0.036662925551814496,0.007108118219229409,0.04826038159371482,-0.05312383090160866,0.0579872802095025,2026H1
301118,2026-01-22,3,bull,none,two_day_acceleration,current_week,-0.004036697247706389,-0.04330275229357794,0.053211009174311874,-0.07119266055045859,0.03779816513761469,2026H1
301118,2026-02-27,4,bull,ma_bull,shrinking_volume_acceleration,current_week,-0.03029271613342399,-0.040163376446562316,-0.18413886997957796,-0.08781484002722939,0.017018379850238352,2026H1
301118,2026-04-09,3,mid,none,pullback_holds,current_week,-0.004081632653061162,0.028163265306122565,0.2326530612244897,-0.03469387755102027,0.05714285714285716,2026H1
301118,2026-04-10,4,mid,none,pullback_holds,current_week,-0.006112469437652757,0.030562347188264116,0.29176854115729434,-0.0362673186634066,0.055419722901385526,2026H1
301118,2026-04-21,1,bull,none,two_day_acceleration,current_week,0.07556270096463025,0.204983922829582,0.3613344051446945,-0.010450160771704131,0.22668810289389074,2026H1
301118,2026-04-24,4,bull,none,shrinking_volume_acceleration,current_week,0.15185909980430523,0.24070450097847362,0.17377690802348345,-0.03639921722113504,0.29941291585127217,2026H1
301118,2026-04-27,0,bull,none,two_day_acceleration,current_week,0.10343511450381682,0.2393129770992366,0.1770992366412214,-0.003816793893129722,0.2671755725190841,2026H1
301118,2026-04-28,1,bull,none,two_day_acceleration,current_week,0.1381928625664388,0.40015186028853456,0.13743356112376626,-0.009111617312072884,0.4791192103264996,2026H1
301118,2026-05-06,2,bull,macd_cross,shrinking_volume_acceleration,current_week,0.08228064185728923,0.15397746671218848,-0.006828269033799961,-0.10447251621713893,0.33014680778422667,2026H1
002292,2023-06-20,1,mid,ma_bull,pullback_holds,current_week,-0.08445642407906573,-0.1671159029649597,-0.0026954177897574594,-0.1823899371069183,0.008984725965857976,2023H1
002292,2025-05-22,3,bull,none,shrinking_volume_acceleration,current_week,0.014141414141414232,-0.0010101010101010166,-0.0757575757575758,-0.053535353535353436,0.06060606060606055,2025H1
002292,2025-05-29,3,bull,none,shrinking_volume_acceleration,current_week,-0.003024193548387011,0.06451612903225823,-0.04939516129032262,-0.040322580645161366,0.16733870967741926,2025H1
002292,2025-06-06,4,bull,none,pullback_holds,current_week,0.05705705705705699,-0.08408408408408408,-0.041041041041041004,-0.08508508508508505,0.15915915915915924,2025H1
002292,2025-07-04,4,bull,ma_bull,pullback_holds,current_week,0.02098635886673672,0.050367261280167996,-0.006295907660020861,-0.012591815320041944,0.057712486883525704,2025H2
002292,2025-07-18,4,bull,macd_cross,two_day_acceleration,current_week,-0.006048387096774244,-0.045362903225806384,-0.05443548387096764,-0.05947580645161288,0.022177419354838745,2025H2
002292,2025-08-18,0,bull,macd_stabilizing,two_day_acceleration,current_week,0.04663212435233155,0.012435233160621673,-0.01761658031088087,-0.02797927461139893,0.05388601036269436,2025H2
002292,2025-08-19,1,bull,macd_stabilizing,pullback_holds,current_week,0.03626943005181338,-0.03419689119170988,0.01968911917098448,-0.042487046632124326,0.05388601036269436,2025H2
002292,2025-08-20,2,bull,ma_bull,two_day_acceleration,current_week,-0.028056112224448815,-0.08917835671342689,-0.02605210420841686,-0.09318637274549091,0.019038076152304573,2025H2
002292,2025-08-22,4,bull,ma_bull,shrinking_volume_acceleration,current_week,-0.016048144433299938,-0.06820461384152454,-0.04513540621865608,-0.1093279839518555,0.020060180541624728,2025H2
002292,2025-09-10,2,bull,none,pullback_holds,current_week,0.046286329386437064,-0.006458557588805203,-0.06996770721205603,-0.03767491926803024,0.07319698600645852,2025H2
002292,2025-09-18,3,mid,none,pullback_holds,current_week,-0.021321961620469176,-0.04584221748400852,-0.08848614072494665,-0.04797441364605559,0.02771855010660973,2025H2
002292,2025-09-19,4,mid,macd_stabilizing,pullback_holds,current_week,-0.032154340836012985,-0.06645230439442651,-0.08360128617363338,-0.09431939978563786,0.009646302250803762,2025H2
002445,2025-03-17,0,bull,none,pullback_holds,current_week,0.012345679012345512,-0.04526748971193428,-0.09053497942386834,-0.04938271604938271,0.07407407407407396,2025H1
002445,2025-03-18,1,bull,none,pullback_holds,current_week,0.004149377593360981,-0.020746887966805128,-0.0954356846473029,-0.04149377593361003,0.08298755186721984,2025H1
002445,2025-04-21,0,mid,none,pullback_holds,current_week,-0.009049773755656076,0.045248868778280604,0.07239819004524883,-0.018099547511312264,0.05429864253393668,2025H1
002445,2025-04-22,1,mid,none,pullback_holds,current_week,-0.009009009009009028,0.03153153153153143,0.06756756756756754,-0.022522522522522626,0.04954954954954949,2025H1
002445,2025-04-23,2,mid,none,pullback_holds,current_week,0.0181818181818183,0.040909090909090784,0.09999999999999987,-0.01363636363636378,0.05909090909090908,2025H1
002445,2025-04-24,3,mid,none,pullback_holds,current_week,0.03603603603603611,0.03153153153153143,0.10810810810810789,-0.022522522522522626,0.054054054054053946,2025H1
002445,2025-04-25,4,mid,none,pullback_holds,current_week,0.026785714285714413,0.026785714285714413,0.09375,-0.03125000000000011,0.044642857142856984,2025H1
002445,2025-04-30,2,mid,none,two_day_acceleration,current_week,0.004385964912280604,0.030701754385964897,0.070175438596491,-0.00877192982456143,0.06140350877192957,2025H1
002445,2025-05-06,1,mid,none,shrinking_volume_acceleration,current_week,-0.012931034482758563,0.01724137931034475,0.06896551724137945,-0.025862068965517127,0.0431034482758621,2025H1
002445,2025-05-08,3,bull,none,shrinking_volume_acceleration,current_week,0.02586206896551735,0.02155172413793105,0.07327586206896575,-0.025862068965517127,0.0431034482758621,2025H1
002445,2025-05-14,2,bull,none,shrinking_volume_acceleration,current_week,0.026200873362445476,0.06986899563318794,0.10480349344978168,-0.008733624454148492,0.0786026200873362,2025H1
002445,2025-05-15,3,bull,none,two_day_acceleration,current_week,0.02155172413793105,0.056034482758620774,0.06034482758620685,-0.012931034482758563,0.06465517241379337,2025H1
002445,2025-05-16,4,bull,none,pullback_holds,current_week,0.030434782608695476,0.05217391304347818,0.07826086956521716,-0.004347826086956608,0.07826086956521716,2025H1
002445,2025-05-19,0,bull,none,shrinking_volume_acceleration,current_week,0.029787234042553123,0.038297872340425476,0.042553191489361764,-0.008510638297872353,0.05531914893617018,2025H1
002445,2025-05-26,0,bull,none,shrinking_volume_acceleration,current_week,0.008264462809917328,0.04132231404958686,0.012396694214876103,-0.004132231404958553,0.045454545454545636,2025H1
002445,2025-05-30,4,mid,none,pullback_holds,current_week,0.04132231404958686,0.024793388429751984,0.053719008264462964,-0.004132231404958553,0.0702479338842974,2025H1
002445,2025-06-04,2,bull,none,two_day_acceleration,current_week,0.003984063745019917,-0.03585657370517936,0.015936254980079667,-0.043824701195219196,0.03187250996015911,2025H1
002445,2025-06-06,4,bull,none,shrinking_volume_acceleration,current_week,-0.016000000000000014,-0.05600000000000005,0.0,-0.05600000000000005,0.03600000000000003,2025H1
002445,2025-06-12,3,bull,macd_cross,shrinking_volume_acceleration,current_week,-0.051587301587301515,-0.023809523809523836,0.011904761904762085,-0.07142857142857151,0.003968253968253954,2025H1
002445,2025-06-16,0,bull,none,pullback_holds,current_week,-0.04016064257028118,0.024096385542168752,0.02008032128514059,-0.06024096385542177,0.03614457831325302,2025H1
002445,2025-06-26,3,bull,none,pullback_holds,current_week,0.03252032520325199,0.03658536585365857,0.05284552845528445,-0.004065040650406471,0.05284552845528445,2025H1
002445,2025-07-23,2,bull,ma_bull,pullback_holds,current_week,-0.007843137254901933,-0.03137254901960784,0.0235294117647058,-0.04313725490196085,0.0235294117647058,2025H2
002445,2025-08-11,0,bull,ma_bull,pullback_holds,current_week,-0.020408163265306256,0.07346938775510181,0.10612244897959178,-0.048979591836734726,0.1142857142857141,2025H2
002445,2025-08-18,0,bull,none,two_day_acceleration,current_week,0.09583333333333344,0.09166666666666679,0.17500000000000004,-0.008333333333333304,0.13749999999999996,2025H2
002445,2025-08-22,4,bull,ma_bull,shrinking_volume_acceleration,current_week,-0.041353383458646586,0.011278195488721776,0.03007518796992481,-0.06015037593984962,0.02631578947368407,2025H2
002445,2025-09-02,1,bull,ma_bull,pullback_holds,current_week,0.0076045627376426506,0.12547528517110274,-0.0038022813688212143,-0.019011406844106404,0.17870722433460084,2025H2
002445,2025-09-03,2,bull,ma_bull,pullback_holds,current_week,0.041984732824427384,0.13740458015267176,0.003816793893129722,-0.01526717557251911,0.1832061068702291,2025H2
002445,2025-09-05,4,bull,ma_bull,shrinking_volume_acceleration,current_week,0.03345724907063219,0.01858736059479571,-0.03717472118959109,-0.02230483271375472,0.15241635687732358,2025H2
002445,2025-09-15,0,bull,ma_bull,two_day_acceleration,current_week,-0.028368794326240954,-0.05673758865248213,-0.07092198581560272,-0.08865248226950351,0.09929078014184411,2025H2
002445,2025-10-21,1,bull,macd_stabilizing,two_day_acceleration,current_week,-0.007633587786259555,-0.007633587786259555,0.01908396946564883,-0.041984732824427384,0.01908396946564883,2025H2
002445,2025-10-22,2,bull,macd_stabilizing,pullback_holds,current_week,-0.01532567049808431,0.015325670498084198,0.011494252873563315,-0.03831417624521061,0.026819923371647514,2025H2
002445,2025-10-23,3,bull,macd_stabilizing,pullback_holds,current_week,-0.049056603773584895,-0.011320754716981019,-0.011320754716981019,-0.05283018867924516,0.01132075471698113,2025H2
002445,2025-10-24,4,bull,none,pullback_holds,current_week,-0.026717557251908386,-0.011450381679389388,-0.04580152671755733,-0.041984732824427384,0.022900763358778553,2025H2
002445,2025-10-27,0,bull,macd_stabilizing,pullback_holds,current_week,-0.003831417624520994,0.003831417624521105,-0.026819923371647403,-0.03831417624521061,0.026819923371647514,2025H2
002445,2025-11-03,0,bull,macd_stabilizing,pullback_holds,current_week,0.007692307692307665,0.050000000000000044,-0.011538461538461608,-0.015384615384615441,0.05384615384615388,2025H2
002445,2025-11-04,1,bull,macd_stabilizing,pullback_holds,current_week,0.03100775193798455,0.0348837209302324,-0.011627906976744096,-0.007751937984496138,0.0620155038759691,2025H2
002445,2025-11-07,4,bull,none,pullback_holds,current_week,0.04247104247104261,-0.03474903474903468,-0.015444015444015302,-0.03474903474903468,0.05791505791505802,2025H2
002445,2025-11-11,1,bull,macd_stabilizing,two_day_acceleration,current_week,0.003759398496240518,-0.041353383458646586,0.0601503759398494,-0.06390977443609025,0.03007518796992481,2025H2
002445,2025-11-14,4,bull,macd_stabilizing,two_day_acceleration,current_week,-0.07407407407407418,-0.05185185185185193,0.051851851851851816,-0.07777777777777772,0.014814814814814836,2025H2
002445,2025-12-08,0,bull,macd_stabilizing,pullback_holds,current_week,0.07450980392156858,0.04313725490196063,0.027450980392156765,-0.03137254901960784,0.1568627450980391,2025H2
002445,2026-01-05,0,bull,none,pullback_holds,current_week,0.050000000000000044,0.03461538461538449,0.023076923076922995,0.0,0.08461538461538454,2026H1
002445,2026-01-06,1,bull,macd_stabilizing,pullback_holds,current_week,0.015037593984962516,0.018796992481203034,0.022556390977443552,-0.022556390977443663,0.0601503759398494,2026H1
002445,2026-01-07,2,bull,none,pullback_holds,current_week,0.04597701149425282,0.03065134099616862,0.05363984674329503,-0.003831417624520994,0.08045977011494254,2026H1
002445,2026-01-15,3,bull,ma_bull,pullback_holds,current_week,0.02602230483271395,0.04460966542750944,0.03345724907063219,-0.029739776951672847,0.06691449814126393,2026H1
002445,2026-02-09,0,bull,ma_bull,two_day_acceleration,current_week,0.20357142857142851,0.3214285714285714,0.4392857142857143,-0.010714285714285787,0.7035714285714285,2026H1
002445,2026-02-12,3,bull,ma_bull,pullback_holds,current_week,0.4673202614379086,0.2810457516339868,0.1797385620915033,0.0,0.5588235294117647,2026H1
002445,2026-04-29,2,bull,none,shrinking_volume_acceleration,current_week,0.015748031496062964,0.047244094488189115,-0.07611548556430447,-0.04986876640419946,0.12073490813648302,2026H1
002445,2026-05-13,2,bull,none,two_day_acceleration,current_week,-0.06075949367088618,-0.1164556962025316,-0.18481012658227847,-0.12658227848101267,0.08101265822784809,2026H1
002445,2026-06-02,1,mid,ma_bull,pullback_holds,current_week,-0.047752808988763995,-0.0814606741573034,-0.1882022471910112,-0.1207865168539326,0.06741573033707882,2026H1
002445,2026-06-16,1,bull,none,two_day_acceleration,current_week,-0.06790123456790131,-0.10802469135802473,-0.15123456790123457,-0.1358024691358024,0.006172839506172867,2026H1
002445,2026-08-05,2,mid,none,shrinking_volume_acceleration,current_week,0.02006688963210701,0.20401337792642127,0.05685618729096986,-0.03678929765886296,0.36454849498327757,2026H2
002445,2026-08-07,4,mid,none,pullback_holds,current_week,0.037288135593220195,0.14915254237288122,0.04406779661016946,-0.01016949152542379,0.3830508474576271,2026H2
002445,2026-08-10,0,mid,none,shrinking_volume_acceleration,current_week,0.1308724832214765,0.1476510067114094,0.03691275167785224,-0.006711409395973145,0.3691275167785235,2026H2
002445,2026-08-27,3,mid,none,shrinking_volume_acceleration,current_week,-0.09659090909090906,-0.12215909090909094,,-0.12784090909090906,0.0028409090909091717,2026H2
002445,2026-08-31,0,bull,none,shrinking_volume_acceleration,current_week,-0.047337278106508784,-0.08579881656804733,,-0.10650887573964496,0.026627218934911268,2026H2
600380,2023-05-18,3,mid,none,pullback_holds,current_week,0.021638330757341562,0.044049459041731076,0.021638330757341562,-0.007727975270479082,0.07805255023183943,2023H1
600380,2023-05-22,0,mid,macd_stabilizing,two_day_acceleration,current_week,0.026022304832713727,0.024535315985130035,-0.039405204460966625,-0.02750929368029742,0.037174721189590976,2023H1
600380,2023-07-11,1,mid,none,pullback_holds,current_week,-0.014342629482071656,-0.0015936254980079,-0.07968127490039845,-0.03904382470119527,0.0015936254980080111,2023H2
600380,2023-07-25,1,mid,none,pullback_holds,current_week,-0.008792965627497984,-0.0767386091127098,-0.10151878497202238,-0.09752198241406862,0.03517186250999216,2023H2
600380,2023-07-26,2,mid,none,two_day_acceleration,current_week,-0.0306845003933911,-0.09047993705743507,-0.12667191188040916,-0.11172305271439809,0.018882769472855943,2023H2
600380,2025-08-01,4,bull,ma_bull,pullback_holds,current_week,-0.0215482841181166,0.03750997605746198,-0.008778930566640142,-0.0319233838786912,0.04469273743016755,2025H2
600380,2025-08-13,2,bull,ma_bull,pullback_holds,current_week,0.02642113690952752,0.0024019215372297342,0.04003202562049646,-0.021617293835068052,0.07285828662930349,2025H2
600380,2025-09-05,4,bull,ma_bull,shrinking_volume_acceleration,current_week,-0.030347890451517423,-0.06143597335307183,-0.09252405625462623,-0.07846039970392293,0.013323464100666094,2025H2
600380,2025-09-30,1,bull,ma_bull,pullback_holds,current_week,-0.013643659711075395,-0.01765650080256831,-0.029695024077046606,-0.038523274478330705,0.01284109149277679,2025H2
600380,2025-10-09,3,bull,none,pullback_holds,current_week,-0.02081665332265814,-0.019215372297838318,-0.03122497998398721,-0.04083266613290626,0.01040832666132907,2025H2
600380,2025-10-10,4,bull,none,pullback_holds,current_week,-0.007407407407407418,-0.004115226337448652,0.013991769547325061,-0.013991769547325061,0.018930041152263488,2025H2
600380,2025-10-21,1,bull,none,pullback_holds,current_week,-0.03104575163398704,-0.016339869281045694,0.002450980392156854,-0.03349673202614378,0.008169934640522847,2025H2
600380,2025-10-22,2,bull,none,pullback_holds,current_week,-0.023712183156173405,-0.011447260834014816,-0.009811937857726938,-0.03270645952575635,0.004905968928863524,2025H2
600380,2025-10-23,3,bull,none,pullback_holds,current_week,-0.02782324058919805,-0.009819967266775809,0.004091653027823217,-0.03191489361702127,0.005728314238952592,2025H2
600380,2025-11-03,0,bull,none,pullback_holds,current_week,0.023026315789473673,0.022203947368421018,0.023848684210526327,-0.0172697368421052,0.05674342105263164,2025H2
600380,2025-11-14,4,bull,none,two_day_acceleration,current_week,-0.05974842767295596,-0.029088050314465486,-0.04245283018867929,-0.062106918238993836,0.002358490566037652,2025H2
600380,2026-01-05,0,bull,none,pullback_holds,current_week,0.03421727972626187,0.019674935842600494,-0.03250641573994861,-0.0034217279726260763,0.06159110350727115,2026H1
600380,2026-01-06,1,bull,none,pullback_holds,current_week,0.04092071611253201,0.019607843137254832,-0.026427962489343648,-0.0008525149190110604,0.05797101449275366,2026H1
600380,2026-01-07,2,bull,none,pullback_holds,current_week,0.02284263959390853,0.012690355329949332,-0.019458544839255576,-0.008460236886632777,0.04991539763113373,2026H1
600380,2026-01-08,3,bull,none,pullback_holds,current_week,0.012722646310432406,0.010178117048345925,-0.014418999151823542,-0.00593723494486853,0.052586938083121204,2026H1
300224,2025-03-05,2,bull,ma_bull,pullback_holds,current_week,-0.010958904109588996,-0.017808219178082174,-0.09109589041095889,-0.06301369863013695,0.053424657534246744,2025H1
300224,2025-03-06,3,bull,ma_bull,pullback_holds,current_week,-0.049416609471516826,-0.03363074811256006,-0.07000686341798212,-0.06108442004118053,0.055593685655456415,2025H1
300224,2025-03-07,4,bull,ma_bull,two_day_acceleration,current_week,-0.06964520367936933,-0.12023653088042052,-0.21484888304862015,-0.12286465177398165,0.010512483574244502,2025H1
300224,2025-04-24,3,mid,none,pullback_holds,current_week,0.0625,0.049679487179487225,0.0,-0.03685897435897445,0.08974358974358965,2025H1
300224,2025-04-25,4,mid,none,pullback_holds,current_week,0.060532687651331685,0.06618240516545604,0.0016142050040355294,-0.02986279257465707,0.09765940274414842,2025H1
300224,2025-05-08,3,bull,none,shrinking_volume_acceleration,current_week,-0.006838905775075954,-0.04331306990881456,-0.020516717325227973,-0.045592705167173175,0.033434650455927084,2025H1
300224,2025-06-04,2,bull,none,two_day_acceleration,current_week,0.14553990610328627,0.10485133020344284,0.08137715179968685,-0.003912363067292701,0.21909233176838794,2025H1
300224,2025-06-06,4,bull,none,pullback_holds,current_week,0.11372251705837755,0.01743745261561802,0.02501895375284313,-0.014404852160727732,0.1811978771796816,2025H1
300224,2025-07-01,1,bull,none,pullback_holds,current_week,0.025234318673395872,0.07858687815428977,0.20403749098774315,-0.03244412400865182,0.15212689257390055,2025H2
300224,2025-07-02,2,bull,none,pullback_holds,current_week,0.01091703056768556,0.07641921397379914,0.1746724890829694,-0.02328966521106257,0.16302765647743822,2025H2
300224,2025-07-03,3,bull,none,pullback_holds,current_week,0.050000000000000044,0.07536231884057965,0.14927536231884053,-0.02753623188405807,0.15797101449275353,2025H2
300224,2025-07-08,1,bull,none,two_day_acceleration,current_week,0.0625,0.07244318181818188,0.1015625,-0.01846590909090906,0.13494318181818188,2025H2
300224,2025-07-09,2,bull,none,pullback_holds,current_week,0.040084388185654074,0.05485232067510548,0.11392405063291133,-0.021097046413502185,0.12376933895921227,2025H2
300224,2025-10-29,2,bull,none,pullback_holds,current_week,-0.05759162303664933,-0.09831297265852246,-0.13147178592204778,-0.11285631180919142,0.04479348458406052,2025H2
300224,2025-12-01,0,mid,none,pullback_holds,current_week,0.011818778726198298,-0.017071569271175258,0.023637557452396596,-0.03282994090610636,0.019697964543663904,2025H2
300224,2025-12-24,2,bull,none,shrinking_volume_acceleration,current_week,0.003896103896103842,0.07207792207792219,0.15389610389610375,-0.0071428571428571175,0.08181818181818179,2025H2
300224,2025-12-25,3,bull,none,two_day_acceleration,current_week,0.0070739549839227145,0.08553054662379411,0.12926045016077148,-0.0167202572347267,0.08745980707395495,2025H2
300224,2026-01-07,2,bull,none,two_day_acceleration,current_week,0.024922118380062308,0.08037383177570079,0.06915887850467284,-0.008722741433021874,0.09470404984423664,2026H1
300224,2026-01-09,4,bull,none,two_day_acceleration,current_week,0.02850212249848383,0.07762280169799873,-0.004851425106125018,-0.021831412977562303,0.08186779866585803,2026H1
300224,2026-01-16,4,bull,none,two_day_acceleration,current_week,0.04899645808736697,0.032467532467532534,0.03482880755608031,-0.0017709563164108877,0.16883116883116878,2026H1
300224,2026-01-23,4,bull,macd_cross,two_day_acceleration,current_week,-0.01741573033707855,-0.07808988764044944,0.04044943820224711,-0.10449438202247197,0.1123595505617978,2026H1
300224,2026-02-10,1,bull,ma_bull,pullback_holds,current_week,0.10449503794512571,0.0029188558085231353,-0.06946876824284876,-0.009924109748978283,0.12375948628137778,2026H1
300224,2026-02-11,2,bull,ma_bull,two_day_acceleration,current_week,0.06816868861929537,-0.018486424032351012,-0.12998266897746957,-0.029462738301559654,0.1120739456961295,2026H1
300224,2026-02-12,3,bull,ma_bull,two_day_acceleration,current_week,0.08806818181818188,-0.03125,-0.1647727272727273,-0.05227272727272736,0.09375,2026H1
301512,2026-01-07,2,bull,none,shrinking_volume_acceleration,current_week,0.0380869941571087,0.07292793767582761,0.11447738584721923,-0.004544470893745989,0.11014931832936603,2026H1
301512,2026-01-09,4,bull,none,two_day_acceleration,current_week,0.05637411915438828,0.07644672218663251,0.11787315823190281,-0.01580183642963906,0.09545163356822561,2026H1
301512,2026-01-14,2,bull,none,two_day_acceleration,current_week,0.035073068893528125,0.032985386221294544,0.0772442588726514,-0.017745302713987332,0.09728601252609614,2026H1
301512,2026-01-16,4,bull,macd_cross,two_day_acceleration,current_week,0.022515212981744304,-0.0018255578093306912,0.04807302231237309,-0.034279918864097425,0.06612576064908726,2026H1
301512,2026-01-19,0,bull,none,two_day_acceleration,current_week,0.006273279749068772,-0.019800039207998443,0.02646539894138411,-0.06665359733385612,0.030386198784552176,2026H1
301512,2026-01-21,2,bull,none,shrinking_volume_acceleration,current_week,-0.002218189151038552,0.03851582980439594,0.05706795724944547,-0.03065134099616862,0.05989110707803991,2026H1
301512,2026-01-23,4,bull,none,shrinking_volume_acceleration,current_week,-0.028813893822774883,0.0331557134399052,-0.012630747977106727,-0.051312413656996236,0.04756266035129264,2026H1
301512,2026-02-02,0,mid,none,pullback_holds,current_week,0.034401415372518285,0.029290347945744033,0.0139571456654215,-0.019461372125024634,0.05838411637507379,2026H1
301512,2026-02-05,3,mid,none,pullback_holds,current_week,0.020019821605550048,0.03785926660059458,-0.03567888999008928,-0.011298315163528305,0.06719524281466804,2026H1
301512,2026-02-24,1,bull,ma_bull,two_day_acceleration,current_week,-0.062368471398507874,-0.013200688731586085,-0.15247752056629038,-0.08551750526114399,0.00880045915439065,2026H1
301512,2026-02-26,3,bull,ma_bull,shrinking_volume_acceleration,current_week,-0.06456542502387774,-0.0632282712511939,-0.15339063992359125,-0.08691499522445079,0.0047755491881567025,2026H1
301512,2026-02-27,4,bull,ma_bull,pullback_holds,current_week,-0.02404692082111426,-0.04887585532746819,-0.11436950146627556,-0.06549364613880737,0.02404692082111448,2026H1
301512,2026-03-11,2,bull,ma_bull,pullback_holds,current_week,-0.03692003948667322,-0.10839091806515289,-0.09555774925962479,-0.1846001974333661,0.010858835143139345,2026H1
301512,2026-04-09,3,mid,none,pullback_holds,current_week,0.0012875536480687622,0.024248927038626578,0.15879828326180245,-0.19635193133047202,0.11502145922746787,2026H1
301512,2026-04-10,4,mid,none,pullback_holds,current_week,0.017166449369839132,0.02520643198609296,0.18709256844850053,-0.18622338113863535,0.12907431551499338,2026H1
301512,2026-04-20,0,bull,none,two_day_acceleration,current_week,0.05294117647058827,0.09873949579831942,0.09054621848739508,-0.022899159663865576,0.10903361344537821,2026H1
301512,2026-04-21,1,bull,none,two_day_acceleration,current_week,0.016914191419141966,0.09199669966996682,0.12169966996699677,-0.0406353135313533,0.10643564356435631,2026H1
301512,2026-04-30,3,bull,none,shrinking_volume_acceleration,current_week,0.06930693069306937,0.042178217821782216,0.056633663366336684,-0.012277227722772177,0.11089108910891099,2026H1
301512,2026-05-07,3,bull,macd_cross,two_day_acceleration,current_week,0.044401544401544424,0.002123552123552086,0.026640926640926654,-0.005405405405405461,0.08301158301158296,2026H1
301512,2026-05-13,2,bull,none,shrinking_volume_acceleration,current_week,-0.038806516565989435,0.0031118433095369546,0.01134907559948739,-0.06626395753249137,0.09463664653121007,2026H1
301512,2026-05-28,3,mid,none,shrinking_volume_acceleration,current_week,-0.04558506819813346,-0.03948312993539116,-0.17031586503948304,-0.09350323043790387,0.05437903804737987,2026H1
301499,2025-07-21,0,bull,ma_bull,two_day_acceleration,current_week,0.014164305949008416,0.010977337110481544,0.046388101983002805,-0.028328611898017053,0.05453257790368271,2025H2
301499,2025-08-04,0,bull,ma_bull,two_day_acceleration,current_week,0.03182931094788377,0.033578174186778664,-0.0020986358866735833,-0.012591815320041944,0.04651976215459963,2025H2
301499,2025-08-11,0,bull,ma_bull,two_day_acceleration,current_week,0.00101626016260159,-0.0003387533875338633,-0.035230352303523005,-0.04369918699186992,0.033197831978319714,2025H2
301499,2025-08-18,0,bull,ma_bull,two_day_acceleration,current_week,-0.0030405405405404817,-0.03614864864864864,-0.0449324324324325,-0.07533783783783787,0.03040540540540526,2025H2
301499,2025-08-22,4,bull,ma_bull,pullback_holds,current_week,-0.059531772575250885,-0.08193979933110374,-0.06856187290969906,-0.11973244147157192,0.016053511705685475,2025H2
301499,2025-09-01,0,bull,ma_bull,shrinking_volume_acceleration,current_week,-0.05066666666666664,-0.057666666666666644,-0.09599999999999997,-0.1226666666666667,0.012666666666666604,2025H2
301499,2025-09-16,1,bull,ma_bull,two_day_acceleration,current_week,-0.03114186851211076,-0.07370242214532885,-0.09653979238754329,-0.07543252595155725,0.02802768166089953,2025H2
301499,2025-09-23,1,mid,none,pullback_holds,current_week,-0.04392857142857143,-0.08071428571428563,-0.01749999999999996,-0.12107142857142861,0.00642857142857145,2025H2
301499,2025-09-24,2,bull,none,pullback_holds,current_week,-0.05618776671408254,-0.05832147937411092,-0.024182076813655695,-0.12482219061166433,0.002133712660028486,2025H2
301499,2025-09-29,0,bull,none,shrinking_volume_acceleration,current_week,-0.0714285714285714,-0.03956043956043964,0.03076923076923066,-0.09853479853479863,0.002564102564102555,2025H2
301499,2025-10-16,3,bull,none,two_day_acceleration,current_week,0.07642585551330794,0.043346007604562864,0.07490494296577932,-0.04562737642585546,0.17870722433460062,2025H2
301499,2025-10-20,0,mid,none,shrinking_volume_acceleration,current_week,0.08149864812668972,0.07531865585168007,0.09926612591734263,-0.010428736964078755,0.19737350328312098,2025H2
301499,2026-01-05,0,bull,ma_bull,two_day_acceleration,current_week,0.04604604604604612,0.06072739406072736,-0.0023356690023355053,-0.005672339005672322,0.11711711711711725,2026H1
301499,2026-01-06,1,bull,ma_bull,two_day_acceleration,current_week,-0.001966568338249819,0.05899705014749257,0.0003277613897081366,-0.023271058669288802,0.09734513274336298,2026H1
301499,2026-01-08,3,bull,ma_bull,shrinking_volume_acceleration,current_week,-0.006581112207963091,0.10628496215860461,0.000987166831194486,-0.019414281013491297,0.13524185587364257,2026H1
301499,2026-01-12,0,bull,ma_bull,two_day_acceleration,current_week,0.009526833915528554,0.06382978723404253,-0.02413464591933956,-0.05366783105747863,0.11622737376945058,2026H1
301499,2026-02-09,0,bull,ma_bull,pullback_holds,current_week,0.05564594858444516,0.019199479336153624,0.05369345916042967,-0.005857468272046806,0.08037748128864308,2026H1
301499,2026-02-10,1,bull,ma_bull,pullback_holds,current_week,0.06035889070146805,0.047308319738988525,0.09461663947797705,-0.0032626427406199365,0.0831973898858076,2026H1
301499,2026-02-13,4,mid,ma_bull,pullback_holds,current_week,0.016134134767478603,0.06611831698829485,-0.07118000632711163,-0.029421069281872825,0.09617209743751975,2026H1
301499,2026-02-26,3,bull,ma_bull,shrinking_volume_acceleration,current_week,0.0082949308755762,0.13978494623655924,-0.0967741935483869,-0.05745007680491543,0.1781874039938558,2026H1
301499,2026-03-06,4,bull,ma_bull,shrinking_volume_acceleration,current_week,0.06105263157894747,-0.04571428571428571,-0.14466165413533827,-0.049624060150375904,0.1533834586466165,2026H1
301499,2026-04-16,3,mid,macd_cross,two_day_acceleration,current_week,0.006367583212735228,0.03560057887120105,0.10130246020260492,-0.09290882778581777,0.07380607814761198,2026H1
301499,2026-06-24,2,bull,none,two_day_acceleration,current_week,-0.2289758534554538,-0.19095198445739658,-0.3880099916736053,-0.2589508742714405,0.008881487649181175,2026H1
600318,2024-03-14,3,bull,none,pullback_holds,current_week,0.014884979702300294,-0.08795669824086605,-0.1150202976995941,-0.11366711772665772,0.03653585926928282,2024H1
600318,2024-03-15,4,bull,none,pullback_holds,current_week,-0.019099590723055893,-0.07230559345156895,-0.17189631650750337,-0.106412005457026,0.045020463847203374,2024H1
600318,2024-03-19,1,bull,none,pullback_holds,current_week,-0.07287449392712553,-0.07692307692307698,-0.1443994601889339,-0.11605937921727405,0.022941970310391246,2024H1
600318,2024-03-20,2,bull,macd_stabilizing,pullback_holds,current_week,-0.11796246648793562,-0.0951742627345844,-0.16353887399463807,-0.12198391420911525,0.01608579088471851,2024H1
600318,2024-03-21,3,bull,macd_stabilizing,pullback_holds,current_week,-0.09893048128342252,-0.11497326203208558,-0.160427807486631,-0.12433155080213909,0.0,2024H1
600318,2024-04-01,0,bull,none,two_day_acceleration,current_week,-0.04366812227074235,-0.07569141193595341,-0.008733624454148381,-0.11935953420669587,0.008733624454148492,2024H1
600318,2024-05-20,0,bull,none,pullback_holds,current_week,-0.05112781954887213,-0.08721804511278197,-0.022556390977443663,-0.09022556390977454,0.003007518796992459,2024H1
600318,2024-11-28,3,mid,ma_bull,two_day_acceleration,current_week,0.10749185667752448,0.1378935939196524,-0.08469055374592849,-0.008686210640608039,0.19435396308360464,2024H2
600318,2024-12-03,1,bull,ma_bull,two_day_acceleration,current_week,-0.0059880239520956335,-0.06387225548902187,-0.15469061876247492,-0.06686626746506985,0.08383233532934131,2024H2
600318,2025-02-07,4,mid,none,two_day_acceleration,current_week,-0.016607354685646336,-0.048635824436536246,-0.003558718861209842,-0.07473309608540923,0.02016607354685651,2025H1
600318,2025-02-24,0,bull,none,shrinking_volume_acceleration,current_week,-0.04287515762925609,0.06557377049180313,0.2042875157629256,-0.049180327868852514,0.146279949558638,2025H1
600318,2025-03-18,1,bull,none,shrinking_volume_acceleration,current_week,0.055374592833876246,0.04343105320303997,-0.0032573289902281255,-0.026058631921824116,0.15418023887079269,2025H1
600318,2025-03-19,2,bull,macd_cross,two_day_acceleration,current_week,0.004237288135593209,0.045550847457627386,-0.03495762711864403,-0.04978813559322026,0.12605932203389836,2025H1
600318,2025-04-03,3,mid,none,two_day_acceleration,current_week,-0.004123711340206282,-0.04226804123711336,-0.04329896907216513,-0.11340206185567026,0.1103092783505153,2025H1
600318,2025-04-23,2,mid,ma_bull,pullback_holds,current_week,-0.07716701902748413,-0.019027484143763318,-0.06976744186046513,-0.09090909090909105,0.05708245243128962,2025H1
600318,2025-04-25,4,mid,ma_bull,pullback_holds,current_week,-0.005359056806002238,0.025723472668810254,-0.090032154340836,-0.07824222936763137,0.07181136120042875,2025H1
600318,2025-05-07,2,bull,none,pullback_holds,current_week,0.013771186440677985,-0.004237288135593098,-0.0201271186440678,-0.05084745762711851,0.038135593220339103,2025H1
600318,2025-05-08,3,bull,none,pullback_holds,current_week,0.002178649237472907,-0.007625272331154731,-0.007625272331154731,-0.023965141612200314,0.0675381263616559,2025H1
600318,2025-05-13,1,bull,none,pullback_holds,current_week,0.022050716648291058,-0.03858875413450935,0.02535832414553485,-0.044101433296582226,0.0804851157662625,2025H1
600318,2025-05-16,4,bull,none,pullback_holds,current_week,-0.04475982532751088,-0.029475982532751077,0.012008733624454093,-0.07641921397379903,0.03820960698689957,2025H1
600318,2025-06-03,1,bull,macd_stabilizing,shrinking_volume_acceleration,current_week,0.011074197120708895,0.04097452934662238,0.07308970099667778,-0.011074197120708673,0.04651162790697683,2025H1
600318,2025-06-06,4,bull,macd_stabilizing,pullback_holds,current_week,-0.019586507072905324,-0.08161044613710555,0.04134929270946697,-0.08161044613710555,0.02829162132753016,2025H1
600318,2025-06-16,0,bull,none,shrinking_volume_acceleration,current_week,-0.057173678532901784,0.06580366774541546,0.08414239482200658,-0.09816612729234087,0.11650485436893199,2025H1
600318,2025-06-18,2,bull,none,pullback_holds,current_week,0.08552631578947367,0.04385964912280693,0.0942982456140351,-0.08333333333333348,0.13486842105263142,2025H1
600318,2025-07-07,0,bull,ma_bull,two_day_acceleration,current_week,0.025510204081632626,0.06632653061224492,-0.0010204081632653184,-0.01224489795918382,0.12040816326530601,2025H2
600318,2025-07-11,4,bull,ma_bull,shrinking_volume_acceleration,current_week,-0.015355086372360827,-0.013435700575815779,-0.07101727447216888,-0.06621880998080609,0.05374280230326289,2025H2
600318,2025-07-21,0,bull,ma_bull,shrinking_volume_acceleration,current_week,-0.003883495145631133,-0.04951456310679614,0.05242718446601935,-0.05728155339805818,0.029126213592232997,2025H2
600318,2025-08-20,2,bull,ma_bull,shrinking_volume_acceleration,current_week,-0.01187214611872156,-0.06666666666666665,-0.05205479452054795,-0.07305936073059371,0.041095890410958846,2025H2
600318,2025-08-22,4,bull,ma_bull,shrinking_volume_acceleration,current_week,-0.0018248175182482562,-0.06569343065693434,-0.1140510948905109,-0.09397810218978109,0.04014598540145986,2025H2
600318,2025-08-28,3,bull,ma_bull,shrinking_volume_acceleration,current_week,-0.07414104882459316,-0.08227848101265822,-0.14195298372513565,-0.11121157323688968,0.030741410488245968,2025H2
600318,2025-09-16,1,bull,ma_bull,pullback_holds,current_week,-0.06268364348677768,-0.06953966699314407,-0.07835455435847216,-0.09304603330068573,0.025465230166503483,2025H2
600318,2025-09-17,2,bull,ma_bull,pullback_holds,current_week,-0.06782945736434098,-0.07170542635658916,-0.07848837209302328,-0.10271317829457371,0.0,2025H2
600318,2025-10-09,3,bull,none,pullback_holds,current_week,-0.0031578947368420263,0.001052631578947416,0.001052631578947416,-0.028421052631578902,0.040000000000000036,2025H2
600318,2025-10-10,4,bull,none,pullback_holds,current_week,-0.01700318809776835,0.0340063761955367,-0.0031880977683315104,-0.019128586609989395,0.04994686503719459,2025H2
600318,2025-10-14,1,bull,none,two_day_acceleration,current_week,-0.02579979360165119,-0.010319917440660409,-0.023735810113518996,-0.0474716202270381,0.019607843137255054,2025H2
600318,2025-10-24,4,bull,none,two_day_acceleration,current_week,-0.03169734151329229,-0.04089979550102241,-0.13292433537832304,-0.042944785276073594,0.002044989775051187,2025H2
600318,2025-11-11,1,bull,none,pullback_holds,current_week,-0.036997885835095334,-0.08668076109936573,-0.06131078224101483,-0.10887949260042296,0.0,2025H2
600318,2025-12-01,0,mid,none,pullback_holds,current_week,0.04477611940298498,-0.0022962112514353095,0.042479908151549894,-0.014925373134328401,0.07347876004592413,2025H2
600318,2025-12-22,0,bull,none,two_day_acceleration,current_week,0.004424778761061843,0.006637168141592875,-0.02212389380530988,-0.026548672566371723,0.0265486725663715,2025H2
600318,2025-12-23,1,bull,none,pullback_holds,current_week,0.00901916572717032,0.027057497181510515,0.01014656144306647,-0.007891770011273946,0.046223224351747305,2025H2
600318,2025-12-24,2,bull,none,shrinking_volume_acceleration,current_week,0.003351955307262511,0.034636871508379796,0.007821229050279266,-0.012290502793296243,0.03910614525139655,2025H2
600318,2025-12-26,4,bull,none,pullback_holds,current_week,0.026726057906458767,0.018930957683741534,-0.020044543429844075,-0.015590200445434355,0.05011135857461024,2025H2
600318,2025-12-31,2,bull,none,pullback_holds,current_week,0.03695408734602457,-0.0011198208286673506,-0.03135498320268748,-0.01007838745800671,0.06047032474804048,2025H2
601609,2025-06-05,3,bull,ma_bull,pullback_holds,current_week,0.07022900763358786,-0.013740458015267132,0.09007633587786268,-0.018320610687022953,0.09160305343511466,2025H1
601609,2025-06-06,4,bull,ma_bull,shrinking_volume_acceleration,current_week,0.03016591251885381,-0.03318250377073906,0.045248868778280604,-0.034690799396681626,0.07843137254901977,2025H1
601609,2025-06-10,1,bull,ma_bull,two_day_acceleration,current_week,-0.0014903129657227732,-0.02235469448584193,0.06408345752608047,-0.046199701937406745,0.06557377049180335,2025H1
601609,2025-06-11,2,bull,ma_bull,two_day_acceleration,current_week,-0.0516499282639884,-0.057388809182209344,0.010043041606886627,-0.08177905308464839,0.011477761836441891,2025H1
601609,2025-06-24,1,bull,none,pullback_holds,current_week,0.07656967840735063,0.09341500765696797,0.35222052067381315,0.0,0.14395099540581913,2025H1
601609,2025-06-25,2,bull,none,pullback_holds,current_week,0.07458143074581436,0.07153729071537285,0.28158295281582957,-0.0060882800608828,0.1369863013698629,2025H1
601609,2025-06-26,3,bull,none,pullback_holds,current_week,0.06886227544910195,0.0628742514970062,0.2619760479041917,0.0,0.11826347305389229,2025H1
601609,2025-07-24,3,bull,ma_bull,shrinking_volume_acceleration,current_week,-0.06682577565632464,0.019093078758949833,0.5847255369928401,-0.09188544152744638,0.029832935560859086,2025H2
601609,2025-08-11,0,bull,ma_bull,shrinking_volume_acceleration,current_week,0.4535962877030162,0.4663573085846866,0.34802784222737815,-0.015081206496519783,0.7111368909512759,2025H2
601609,2025-08-25,0,bull,ma_bull,shrinking_volume_acceleration,current_week,-0.03039999999999987,-0.07039999999999991,-0.05840000000000001,-0.14,0.09040000000000004,2025H2
601609,2025-08-28,3,bull,ma_bull,shrinking_volume_acceleration,current_week,-0.148062015503876,-0.08217054263565893,-0.07364341085271309,-0.16666666666666674,0.003875968992248069,2025H2
601609,2025-09-10,2,bull,ma_bull,shrinking_volume_acceleration,current_week,0.1255565449688334,0.014247551202137165,0.07479964381121995,-0.00801424755120217,0.1495992876224399,2025H2
601609,2025-09-17,2,bull,ma_bull,two_day_acceleration,current_week,-0.07323026851098458,0.0968266883645239,-0.07241659886086249,-0.09357200976403579,0.10903173311635483,2025H2
601609,2025-10-27,0,bull,ma_bull,two_day_acceleration,current_week,-0.04553119730185495,-0.062394603709949314,-0.15682967959527816,-0.08516020236087685,0.00927487352445211,2025H2
601609,2025-12-22,0,bull,none,two_day_acceleration,current_week,0.020715630885122405,0.044256120527306875,0.0951035781544256,-0.016949152542373058,0.05461393596986808,2025H2
601609,2025-12-26,4,bull,none,two_day_acceleration,current_week,0.016544117647058876,0.01930147058823528,0.12132352941176472,-0.034007352941176516,0.05238970588235303,2025H2
601609,2026-01-09,4,bull,none,two_day_acceleration,current_week,-0.024582967515364484,0.0623353819139596,-0.023705004389815598,-0.04828797190518008,0.07989464442493421,2026H1
601609,2026-01-19,0,bull,none,pullback_holds,current_week,0.10169491525423724,-0.006244424620874267,0.014272970561998166,-0.03300624442462097,0.15343443354148079,2026H1
601609,2026-01-20,1,bull,none,two_day_acceleration,current_week,0.0692375109553025,0.01752848378615246,0.03155127081507447,-0.024539877300613466,0.133216476774759,2026H1
601609,2026-01-21,2,bull,none,two_day_acceleration,current_week,0.07319148936170206,-0.014468085106382977,-0.0017021276595744483,-0.052765957446808454,0.10042553191489367,2026H1
601609,2026-01-26,0,bull,none,two_day_acceleration,current_week,-0.0979757085020242,-0.07854251012145741,-0.07773279352226714,-0.12226720647773281,0.04696356275303648,2026H1
601609,2026-02-09,0,bull,none,two_day_acceleration,current_week,-0.0008787346221440506,0.0008787346221441616,-0.10720562390158173,-0.019332161687170557,0.07908611599297011,2026H1
601609,2026-02-26,3,bull,ma_bull,pullback_holds,current_week,-0.030874785591766707,-0.07375643224699824,-0.16981132075471705,-0.10806174957118353,0.053173241852487285,2026H1
601609,2026-04-14,1,mid,none,two_day_acceleration,current_week,0.04985618408437209,-0.028763183125599112,0.24640460210930004,-0.03355704697986572,0.0642377756471717,2026H1
601609,2026-04-17,4,mid,none,two_day_acceleration,current_week,-0.030697674418604604,-0.039069767441860415,0.3395348837209302,-0.06232558139534883,0.032558139534883734,2026H1
601609,2026-04-20,0,bull,none,two_day_acceleration,current_week,-0.053832116788321116,-0.051094890510948954,0.20802919708029188,-0.08029197080291972,0.010036496350364965,2026H1
601609,2026-04-22,2,bull,none,shrinking_volume_acceleration,current_week,-0.0563124432334241,0.0363306085376931,0.2461398728428703,-0.08446866485013627,0.0363306085376931,2026H1
601609,2026-06-02,1,mid,ma_bull,two_day_acceleration,current_week,-0.029341792228390062,0.00793021411578132,-0.10705789056304515,-0.1030927835051546,0.09912767644726417,2026H1
601609,2026-06-16,1,bull,ma_bull,pullback_holds,current_week,-0.07484076433121012,-0.10350318471337583,-0.17515923566878988,-0.19506369426751602,0.05891719745222934,2026H1
601609,2026-08-21,4,mid,macd_cross,shrinking_volume_acceleration,current_week,-0.009160305343511421,0.018320610687022842,,-0.04122137404580151,0.0625954198473282,2026H2
601609,2026-09-08,1,mid,none,pullback_holds,current_week,-0.07101449275362326,,,-0.09710144927536235,0.01594202898550723,2026H2
301326,2025-02-19,2,bull,ma_bull,pullback_holds,current_week,0.00537500000000013,-0.11850000000000005,-0.16425,-0.13624999999999987,0.08374999999999999,2025H1
301326,2025-02-20,3,bull,ma_bull,pullback_holds,current_week,0.05846903449160146,-0.07231696371329643,-0.15604564687780464,-0.11398897294524923,0.11168098474163357,2025H1
301326,2025-02-21,4,bull,ma_bull,pullback_holds,current_week,-0.0461538461538461,-0.05564102564102569,-0.19974358974358974,-0.11410256410256403,0.11153846153846159,2025H1
301326,2025-04-02,2,mid,none,pullback_holds,current_week,-0.13603818615751784,-0.1466984884645982,-0.031662688941925254,-0.30135242641209226,0.01320604614160703,2025H1
301326,2025-04-03,3,mid,none,pullback_holds,current_week,-0.06245662734212354,-0.04666897987508667,0.04528105482303957,-0.2382026370575988,0.013185287994448291,2025H1
301326,2025-04-21,0,mid,none,two_day_acceleration,current_week,-0.039226127085552065,0.07170749023784162,0.036031238906638396,-0.05040823571175013,0.1304579339723111,2025H1
301326,2025-05-08,3,bull,none,shrinking_volume_acceleration,current_week,-0.029816133841311987,-0.03312903760145769,0.15785986417094588,-0.04737452377008455,0.036607586549610716,2025H1
301326,2025-05-19,0,bull,none,pullback_holds,current_week,0.026776859504132222,0.0826446280991735,0.10347107438016545,-0.04942148760330578,0.14380165289256208,2025H1
301326,2025-10-31,4,bull,ma_bull,pullback_holds,current_week,-0.10444307312557854,-0.16661524220919477,-0.18751928417155206,-0.19168466522678185,0.00802221536562775,2025H2
301326,2025-12-08,0,bull,none,pullback_holds,current_week,-0.01649424165528024,0.10462619558852237,0.1120437243802459,-0.03708764395861808,0.13117314073784891,2025H2
301326,2025-12-09,1,mid,none,two_day_acceleration,current_week,-0.02405957609318321,0.14454840557571114,0.05060148940232945,-0.05804850105021975,0.1581057857552033,2025H2
301326,2025-12-19,4,mid,none,shrinking_volume_acceleration,current_week,0.02035874439461871,0.047982062780269175,-0.0717488789237668,-0.02780269058295959,0.094170403587444,2025H2
301326,2026-01-05,0,bull,none,shrinking_volume_acceleration,current_week,-0.020980285765961226,-0.05245071441490323,0.10146500271296799,-0.07759088442756379,0.07343100018086468,2026H1
301326,2026-01-07,2,bull,none,pullback_holds,current_week,-0.07876106194690258,-0.05584070796460183,0.12787610619469025,-0.09734513274336287,0.003805309734513429,2026H1
301326,2026-04-16,3,mid,none,shrinking_volume_acceleration,current_week,-0.02297297297297307,0.13003685503685491,0.05239557739557732,-0.06019656019656028,0.1788083538083538,2026H1
301326,2026-04-17,4,mid,none,two_day_acceleration,current_week,-0.09215484755053105,0.03288797533401855,0.035228959689391326,-0.12641315519013363,0.09575196985268919,2026H1
301326,2026-05-08,4,bull,ma_bull,two_day_acceleration,current_week,-0.08933333333333326,-0.04953846153846153,-0.24117948717948723,-0.14358974358974363,0.024923076923077048,2026H1
301326,2026-06-18,3,bull,none,two_day_acceleration,current_week,-0.06065617145125024,-0.1464479428495834,-0.3849054107686203,-0.153327159677206,0.04352427569784356,2026H1
601949,2023-07-26,2,mid,none,pullback_holds,current_week,-0.10017123287671237,-0.11044520547945202,-0.11815068493150682,-0.13013698630136983,0.023116438356164393,2023H2
601949,2023-08-08,1,bull,none,pullback_holds,current_week,-0.05534709193245779,-0.022514071294559068,-0.04502814258911825,-0.09943714821763605,0.017823639774859235,2023H2
601949,2023-11-06,0,mid,none,two_day_acceleration,current_week,0.0022099447513812542,0.03314917127071815,0.022099447513812098,-0.019889502762430955,0.08618784530386736,2023H2
601949,2023-11-20,0,mid,none,shrinking_volume_acceleration,current_week,-0.06203208556149731,-0.010695187165775333,0.028877005347593743,-0.09946524064171125,0.03208556149732633,2023H2
601949,2023-11-22,2,mid,none,two_day_acceleration,current_week,-0.10844629822731999,-0.029197080291970767,-0.05318039624608961,-0.1220020855057351,0.0010427528675702735,2023H2
300046,2024-12-02,0,bull,ma_bull,pullback_holds,current_week,-0.07288698955365602,-0.09164292497625826,-0.06054131054131051,-0.09971509971509962,0.06837606837606836,2024H2
300046,2024-12-04,2,bull,ma_bull,pullback_holds,current_week,-0.015476784822765932,-0.05616575137294055,-0.15751372940589126,-0.09286070893659504,0.062156764852721036,2024H2
300046,2025-02-10,0,mid,none,shrinking_volume_acceleration,current_week,0.02742073693230518,0.06169665809768654,-0.02370751213938871,-0.036846615252784876,0.12339331619537286,2025H1
300046,2025-08-25,0,bull,ma_bull,two_day_acceleration,current_week,-0.08042553191489366,-0.14872340425531916,-0.15468085106382967,-0.19127659574468092,0.03127659574468078,2025H2
300046,2025-10-13,0,bull,none,shrinking_volume_acceleration,current_week,-0.06377739473036192,-0.0278256587047524,-0.08027579413937447,-0.08889436099482884,0.023147008126077395,2025H2
300046,2025-10-22,2,bull,none,pullback_holds,current_week,-0.015369110607205805,-0.06147644242882333,-0.11161501637692117,-0.07533383723859899,0.008818342151675429,2025H2
300046,2025-11-10,0,bull,none,shrinking_volume_acceleration,current_week,-0.050802139037433136,-0.07459893048128341,-0.03128342245989291,-0.10534759358288759,0.009358288770053624,2025H2
300046,2025-11-18,1,mid,none,two_day_acceleration,current_week,-0.029329608938547636,0.024581005586592042,-0.031284916201117396,-0.06536312849162018,0.05754189944134058,2025H2
300046,2025-12-01,0,mid,none,two_day_acceleration,current_week,-0.0071252397917237476,-0.05672787064949303,-0.034530008221430486,-0.058098109070978454,0.03754453274869829,2025H2
300046,2025-12-23,1,bull,none,pullback_holds,current_week,0.01584101382488501,0.0625,0.1408410138248848,-0.0005760368663593196,0.07085253456221197,2025H2
300046,2025-12-24,2,bull,none,pullback_holds,current_week,-0.018109790605546183,0.049801924165251865,0.1151669496321448,-0.018109790605546183,0.05206564799094493,2025H2
300046,2025-12-25,3,bull,none,two_day_acceleration,current_week,-0.0005555555555554204,0.05277777777777781,0.05500000000000016,-0.03611111111111098,0.05527777777777776,2025H2
300046,2025-12-26,4,bull,none,pullback_holds,current_week,0.02465287616888645,0.026919807310852972,0.11788041938226135,-0.01671861717200329,0.07962595636157555,2025H2
002597,2024-12-02,0,bull,ma_bull,pullback_holds,current_week,-0.05595813204508859,-0.08011272141706915,-0.06199677938808368,-0.0841384863123994,0.008856682769726287,2024H2
002597,2024-12-11,2,bull,ma_bull,shrinking_volume_acceleration,current_week,-0.043624161073825496,-0.03313758389261745,-0.01468120805369122,-0.057046979865771785,0.011325503355704702,2024H2
002597,2024-12-12,3,bull,ma_bull,pullback_holds,current_week,-0.04682274247491647,-0.030936454849498363,-0.020484949832776045,-0.06020066889632114,0.0004180602006689238,2024H2
002597,2024-12-24,1,bull,none,pullback_holds,current_week,-0.001312335958005173,0.034120734908136496,0.05424321959755041,-0.024496937882764636,0.04418197725284356,2024H2
002597,2024-12-25,2,bull,none,pullback_holds,current_week,-0.019138755980861344,0.02174858634188781,0.032622879512831604,-0.030013049151805138,0.038277511961722466,2024H2
002597,2024-12-27,4,bull,none,pullback_holds,current_week,-0.010660980810234588,-0.017057569296375252,0.029850746268656803,-0.049040511727078795,0.017910447761193993,2024H2
002597,2025-01-27,0,mid,none,two_day_acceleration,current_week,-0.029242174629324547,-0.05065897858319601,-0.04200988467874789,-0.07825370675453058,0.007001647446457815,2025H1
002597,2025-03-11,1,bull,macd_cross,shrinking_volume_acceleration,current_week,0.051189036678758626,0.06368399838774685,-0.07295445384925436,-0.006449012494961659,0.07577589681579999,2025H1
002597,2025-03-13,3,bull,none,shrinking_volume_acceleration,current_week,0.0060240963855420215,0.04658634538152606,-0.04497991967871484,-0.010040160642570295,0.07550200803212848,2025H1
002597,2025-03-14,4,bull,macd_cross,two_day_acceleration,current_week,-0.021653543307086687,-0.018897637795275646,-0.06496062992125995,-0.029527559055118058,0.054330708661417315,2025H1
002597,2025-03-27,3,mid,ma_bull,shrinking_volume_acceleration,current_week,-0.04582524271844657,-0.07650485436893195,-0.03300970873786402,-0.17126213592233008,0.011650485436893288,2025H1
002597,2025-04-21,0,mid,ma_bull,shrinking_volume_acceleration,current_week,-0.003236245954692518,-0.010517799352750767,-0.024271844660194053,-0.019822006472491882,0.04085760517799364,2025H1
002597,2025-05-06,1,mid,macd_cross,pullback_holds,current_week,-0.0020072260136491105,0.00883179446005622,0.02810116419108799,-0.027298273785628213,0.028904054596547546,2025H1
002597,2025-05-27,1,mid,ma_bull,two_day_acceleration,current_week,0.022763578274760388,-0.019169329073482344,-0.05591054313099031,-0.027955271565495154,0.02396166134185318,2025H1
002597,2025-05-28,2,mid,ma_bull,pullback_holds,current_week,0.006065507480792487,-0.006469874646178764,-0.06146380913869787,-0.01860088960776385,0.03679741205014153,2025H1
002597,2025-05-29,3,bull,ma_bull,pullback_holds,current_week,0.006467259498787348,-0.01738075990299115,-0.058205335489086574,-0.018997574777688042,0.03637833468067897,2025H1
002597,2025-05-30,4,mid,ma_bull,pullback_holds,current_week,0.00690776107273483,-0.015847216578626644,-0.04307192198293375,-0.019910605444941054,0.041852905323039424,2025H1
002597,2025-06-05,3,bull,ma_bull,pullback_holds,current_week,-0.013253012048192847,-0.051807228915662806,-0.051004016064257196,-0.05582329317269075,0.006425702811244882,2025H1
002597,2025-06-06,4,bull,ma_bull,pullback_holds,current_week,-0.02369477911646589,-0.06425702811244982,-0.05823293172690769,-0.07028112449799195,0.0036144578313253017,2025H1
002597,2025-06-17,1,bull,none,shrinking_volume_acceleration,current_week,-0.03580246913580254,-0.025102880658436244,-0.08271604938271615,-0.047736625514403275,0.0,2025H1
002597,2025-06-25,2,bull,none,pullback_holds,current_week,0.02283298097251585,-0.009302325581395432,-0.037209302325581506,-0.021564482029598375,0.04016913319238902,2025H1
002597,2025-06-30,0,bull,none,pullback_holds,current_week,-0.011499148211243648,-0.002129471890971124,-0.03194207836456564,-0.01320272572402037,0.047700170357751315,2025H1
002597,2025-07-01,1,bull,none,pullback_holds,current_week,-0.005485232067510504,-0.05949367088607593,-0.04556962025316447,-0.07046413502109694,0.03797468354430378,2025H2
002597,2025-07-02,2,bull,macd_stabilizing,two_day_acceleration,current_week,-0.026184538653366674,-0.07315045719035751,-0.05444721529509566,-0.08437240232751464,0.004987531172069737,2025H2
002597,2025-07-03,3,bull,none,pullback_holds,current_week,-0.010126582278480956,-0.056118143459915504,-0.052742616033755296,-0.07046413502109694,0.0,2025H2
002597,2025-07-04,4,bull,none,pullback_holds,current_week,-0.006396588486140664,-0.046481876332622574,-0.03880597014925369,-0.060554371002132124,0.009808102345415737,2025H2
002597,2025-07-14,0,bull,none,pullback_holds,current_week,0.02069275753486277,0.02249212775528564,0.028340080971659853,-0.008996851102114234,0.05443094916779123,2025H2
002597,2025-07-22,1,bull,none,pullback_holds,current_week,-0.014808362369338024,-0.00391986062717764,0.008710801393728262,-0.026132404181184676,0.020905923344947785,2025H2
002597,2025-07-23,2,bull,none,pullback_holds,current_week,-0.0013169446883231073,0.003950834064969211,0.03687445127304656,-0.01843722563652339,0.028972783143107916,2025H2
002597,2025-07-24,3,bull,none,pullback_holds,current_week,-0.022638223770134913,-0.006530256856769667,0.04701784936874187,-0.026556377884196736,0.020461471484545246,2025H2
002597,2025-07-25,4,bull,none,pullback_holds,current_week,-0.01872006965607309,-0.006094906399651601,0.04222899434044414,-0.026556377884196736,0.003482803656943867,2025H2
002597,2025-08-26,1,bull,none,two_day_acceleration,current_week,-0.06332236842105254,-0.06332236842105254,-0.1455592105263157,-0.08305921052631582,0.0028782894736842923,2025H2
600406,2024-10-22,1,bull,ma_bull,shrinking_volume_acceleration,current_week,0.020903322135125135,0.007838745800671898,-0.014930944382232081,-0.03658081373646871,0.03247480403135494,2024H2
600406,2024-10-23,2,bull,ma_bull,pullback_holds,current_week,0.008998875140607376,0.005999250093738251,-0.007499062617172925,-0.032245969253843265,0.03712035995500562,2024H2
600406,2024-11-01,4,mid,ma_bull,shrinking_volume_acceleration,current_week,0.026315789473684292,-0.014661654135338376,-0.07218045112781957,-0.02593984962406015,0.04812030075187956,2024H2
600406,2024-12-04,2,bull,none,pullback_holds,current_week,0.006048387096774244,-0.01008064516129037,-0.023387096774193594,-0.03427419354838712,0.02580645161290329,2024H2
600406,2024-12-06,4,bull,none,pullback_holds,current_week,-0.01609010458567972,-0.0004022526146418848,-0.04304102976669355,-0.03660498793242162,0.023330651649235756,2024H2
600406,2024-12-10,1,bull,none,pullback_holds,current_week,-0.020775069916100675,0.008389932081502183,-0.0571314422692768,-0.04314822213343994,0.009188973232121533,2024H2
600406,2024-12-11,2,bull,none,pullback_holds,current_week,-0.012469831053901759,0.005631536604987941,-0.046259050683829406,-0.03660498793242162,0.023330651649235756,2024H2
600406,2024-12-12,3,bull,none,pullback_holds,current_week,0.010882708585247869,0.01007658202337769,-0.054816606207174656,-0.03466344216041928,0.025392986698911768,2024H2
600406,2024-12-17,1,bull,none,pullback_holds,current_week,0.023935091277890397,0.0231237322515212,-0.05720081135902633,-0.012981744421906694,0.033671399594320306,2024H2
600406,2024-12-18,2,bull,none,pullback_holds,current_week,0.019160211985324027,-0.012637586628618136,-0.06644924582144307,-0.018752547900530048,0.03872808805544237,2024H2
600406,2024-12-20,4,bull,none,pullback_holds,current_week,0.012111425111021479,-0.039563988696003194,-0.07670569236980207,-0.046023415421881375,0.02866370609608393,2024H2
600406,2024-12-25,2,bull,none,pullback_holds,current_week,-0.03158736505397852,-0.05197920831667335,-0.08676529388244714,-0.06877249100359861,0.018792483006797145,2024H2
600406,2024-12-30,0,bull,none,pullback_holds,current_week,-0.05113863363963245,-0.0531362365161806,-0.08509788254095085,-0.08549740311626053,0.01558130243707545,2024H2
600406,2024-12-31,1,mid,none,pullback_holds,current_week,-0.06349206349206338,-0.07777777777777772,-0.08492063492063495,-0.09166666666666656,0.001984126984126977,2024H2
600406,2025-01-24,4,mid,none,shrinking_volume_acceleration,current_week,-0.004714959279897291,0.01243034719245606,0.011144449207029394,-0.022288898414059233,0.027432490355765005,2025H1
600406,2026-04-10,4,mid,ma_bull,pullback_holds,current_week,0.03115384615384631,0.02076923076923065,0.07769230769230773,-0.01692307692307682,0.056538461538461426,2026H1
600406,2026-04-15,2,mid,none,two_day_acceleration,current_week,0.00037037037037035425,-0.014074074074074017,-0.018888888888888844,-0.04222222222222227,0.017407407407407316,2026H1
600406,2026-04-16,3,mid,none,pullback_holds,current_week,0.000371195248700662,-0.036005939123979314,0.00111358574610243,-0.04008908685968826,0.01967334818114308,2026H1
600406,2026-04-17,4,mid,none,pullback_holds,current_week,-0.011913626209977712,-0.023827252419955314,-0.012285927029039412,-0.03723008190618016,0.022710349962769882,2026H1
600406,2026-04-23,3,bull,none,pullback_holds,current_week,-0.03205367126351111,0.002609019754006736,-0.05031680954155804,-0.036153559448378725,0.03689899366380911,2026H1
600406,2026-05-06,2,bull,none,pullback_holds,current_week,0.06580448839863062,0.009128946367440216,-0.07759604412324073,-0.015595283377710212,0.08330163560289083,2026H1
600406,2026-05-07,3,bull,none,pullback_holds,current_week,0.029056603773584877,-0.03169811320754712,-0.10188679245283017,-0.032830188679245365,0.07471698113207559,2026H1
600406,2026-05-15,4,bull,none,pullback_holds,current_week,-0.023809523809523725,-0.05895691609977316,-0.12169312169312163,-0.06651549508692367,0.02947845804988658,2026H1
600406,2026-05-25,0,bull,none,pullback_holds,current_week,-0.039969547011800555,-0.12980586220022838,-0.11800532927293483,-0.13741910925009515,0.0011419870574800317,2026H1
600406,2026-06-16,1,bull,none,pullback_holds,current_week,-0.025063721325403576,-0.03695836873406955,-0.05862361937128291,-0.04970263381478324,0.017841971112999122,2026H1
603096,2023-08-07,0,bull,none,pullback_holds,current_week,0.0005096839959224386,-0.04791029561671767,0.001529051987767538,-0.06574923547400602,0.04587155963302747,2023H2
603096,2023-08-08,1,bull,none,two_day_acceleration,current_week,-0.0653465346534654,-0.05247524752475241,-0.04801980198019795,-0.09257425742574243,0.0,2023H2
603096,2025-02-17,0,bull,ma_bull,two_day_acceleration,current_week,-0.03632075471698115,-0.11698113207547167,-0.08254716981132071,-0.12028301886792436,0.004716981132075526,2025H1
603096,2025-04-01,1,mid,none,two_day_acceleration,current_week,-0.10656565656565653,-0.0792929292929293,-0.1131313131313132,-0.18787878787878787,0.010101010101010166,2025H1
603096,2025-04-03,3,mid,none,shrinking_volume_acceleration,current_week,-0.03384452670544691,-0.04124801692226343,-0.057112638815441485,-0.14965626652564767,0.0015864621893177944,2025H1
603096,2025-04-21,0,mid,none,pullback_holds,current_week,-0.05057724024189125,-0.008796041781198416,-0.036283672347443674,-0.05992303463441451,0.020340846619021358,2025H1
603096,2025-04-22,1,mid,none,pullback_holds,current_week,-0.044637996733805085,-0.02939575394665206,-0.06260206859009265,-0.06913445835601517,0.0059880239520957446,2025H1
603096,2025-05-06,1,mid,none,pullback_holds,current_week,-0.01170568561872909,0.009476031215161607,0.0512820512820511,-0.03232998885172811,0.011148272017837302,2025H1
603096,2025-05-07,2,bull,none,pullback_holds,current_week,-0.009534492428491359,0.0022434099831742937,-0.01850813236118909,-0.026360067302299672,0.01738642736960183,2025H1
603096,2025-05-08,3,bull,none,pullback_holds,current_week,-0.02880886426592799,-0.02880886426592799,-0.0343490304709142,-0.03822714681440453,0.00498614958448762,2025H1
603096,2025-05-09,4,bull,none,pullback_holds,current_week,-0.003928170594837299,-0.03367003367003374,-0.0028058361391695152,-0.03367003367003374,0.017957351290684542,2025H1
603096,2025-05-19,0,bull,none,pullback_holds,current_week,-0.015126050420168013,0.018487394957983128,0.08683473389355756,-0.036974789915966366,0.027450980392156765,2025H1
603096,2025-05-20,1,bull,none,two_day_acceleration,current_week,-0.014356709000552081,0.04141358365543901,0.062396466040861576,-0.0508006626173384,0.04307012700165669,2025H1
603096,2025-05-21,2,bull,none,pullback_holds,current_week,0.006730229949523103,-0.01850813236118909,0.06898485698261347,-0.03589455973079081,0.059450364554122226,2025H1
603096,2025-05-27,1,mid,none,pullback_holds,current_week,0.05480984340044737,0.017897091722595126,0.06823266219239388,-0.03076062639821009,0.0564876957494409,2025H1
603096,2025-05-29,3,bull,none,two_day_acceleration,current_week,-0.038079470198675525,0.11092715231788075,0.041390728476821126,-0.043598233995584934,0.18377483443708598,2025H1
603096,2025-05-30,4,mid,none,pullback_holds,current_week,-0.002245929253228529,0.11959573273441904,0.0701852891633914,-0.026951151038742127,0.2043795620437956,2025H1
603096,2026-02-03,1,mid,none,shrinking_volume_acceleration,current_week,0.049427679500520405,-0.0015608740894900164,-0.018730489073881307,-0.019250780437044646,0.08116545265348618,2026H1
603096,2026-02-05,3,mid,none,pullback_holds,current_week,-0.002606882168926017,-0.007299270072992692,-0.030239833159541152,-0.01720542231491129,0.08342022940563099,2026H1
603096,2026-02-10,1,bull,ma_bull,two_day_acceleration,current_week,-0.04858701041150226,-0.11452652454139822,-0.07089737233515114,-0.12444224095190881,0.0,2026H1
603096,2026-02-13,4,mid,ma_bull,pullback_holds,current_week,-0.07386653082017314,-0.051451859398879196,-0.15843097300050946,-0.10035659704533872,0.0,2026H1
301137,2023-11-20,0,mid,ma_bull,two_day_acceleration,current_week,-0.07653319817536752,-0.034972123669538835,-0.08514951849974661,-0.0902179422199696,0.005068423720222981,2023H2
301137,2023-11-21,1,mid,ma_bull,pullback_holds,current_week,-0.041038961038960986,-0.036363636363636376,-0.05974025974025965,-0.06753246753246755,0.009350649350649443,2023H2
301137,2024-01-02,1,mid,none,two_day_acceleration,current_week,-0.04623655913978486,-0.06397849462365601,-0.11182795698924741,-0.08333333333333337,0.005913978494623606,2024H1
301137,2024-01-26,4,mid,none,pullback_holds,current_week,-0.19097832454598707,-0.2501464557703573,-0.13825424721734036,-0.38078500292911543,0.054481546572934914,2024H1
301137,2025-03-20,3,bull,macd_cross,two_day_acceleration,current_week,0.1917098445595855,0.18186528497409316,0.06269430051813485,-0.004663212435233155,0.4528497409326424,2025H1
301137,2025-05-08,3,bull,ma_bull,shrinking_volume_acceleration,current_week,0.0205357142857141,0.022767857142857117,0.4473214285714284,-0.03392857142857153,0.19955357142857144,2025H1
301137,2025-05-13,1,bull,none,two_day_acceleration,current_week,0.11530030688294612,0.735642262165717,0.7330118369136345,-0.035072336694432105,0.735642262165717,2025H1
301137,2025-05-15,3,bull,none,shrinking_volume_acceleration,current_week,-0.008225108225108246,0.7047619047619047,0.741991341991342,-0.04718614718614722,0.8398268398268398,2025H1
301137,2025-07-01,1,bull,ma_bull,pullback_holds,current_week,0.05642289783620935,-0.04190632703368924,-0.06025746370857288,-0.06573541495480684,0.1804984935634073,2025H2
301137,2025-07-04,4,bull,ma_bull,pullback_holds,current_week,-0.06417395916202606,-0.08088040307610711,-0.11164147440997085,-0.09546539379474939,0.07663749668522946,2025H2
301137,2025-07-22,1,bull,ma_bull,two_day_acceleration,current_week,-0.0918475383800953,-0.10137638962413975,-0.09264160931709897,-0.14319745897300173,0.07146638433033359,2025H2
301137,2025-08-05,1,bull,none,two_day_acceleration,current_week,-0.037934053107674504,0.00029180040852061495,-0.09775313685439158,-0.04464546250364754,0.02130142982200156,2025H2
301137,2025-08-11,0,bull,none,pullback_holds,current_week,0.036639857015192234,0.01966041108132277,-0.028894846589216483,-0.024724456359845104,0.04259755734286563,2025H2
301137,2025-08-13,2,bull,none,pullback_holds,current_week,0.014970059880239583,-0.017964071856287456,-0.06047904191616771,-0.0182634730538922,0.04790419161676662,2025H2
301137,2025-08-14,3,bull,none,two_day_acceleration,current_week,-0.008579881656804678,-0.07071005917159756,-0.062426035502958444,-0.101775147928994,0.03402366863905337,2025H2
301137,2025-08-15,4,bull,none,pullback_holds,current_week,-0.02108963093145866,-0.06531927357937906,-0.0779144698301113,-0.11072056239015815,0.023725834797891032,2025H2
301137,2025-08-18,0,bull,none,two_day_acceleration,current_week,-0.010693641618497063,-0.08554913294797695,-0.04942196531791909,-0.12254335260115612,0.0046242774566473965,2025H2
301137,2025-08-19,1,bull,none,pullback_holds,current_week,-0.0058927519151442675,-0.08898055391867987,-0.050383028874484204,-0.10548025928108418,0.020919269298762533,2025H2
301137,2025-08-25,0,bull,none,two_day_acceleration,current_week,-0.0756646216768917,-0.04761904761904767,-0.10371019573473572,-0.12971078001752856,0.012269938650306678,2025H2
301137,2025-08-26,1,bull,none,pullback_holds,current_week,-0.08358032009484295,-0.058684054534676955,-0.10403082394783647,-0.11707172495554241,0.026970954356846377,2025H2
301137,2025-09-10,2,bull,none,pullback_holds,current_week,0.006095604748155292,-0.029194738530638475,0.48155277510426675,-0.05518126403593204,0.07635547000320808,2025H2
301137,2025-09-12,4,bull,none,pullback_holds,current_week,-0.038498556304138676,0.19441770933589986,0.4276547962784729,-0.05518126403593204,0.2512030798845042,2025H2
301137,2025-09-16,1,bull,none,pullback_holds,current_week,-0.05560762261793184,0.2002499218994065,0.5039050296782257,-0.07997500781005928,0.2496094970321776,2025H2
301137,2026-02-04,2,mid,ma_bull,pullback_holds,current_week,-0.05981308411214947,0.0009345794392523477,0.08261682242990664,-0.06411214953271027,0.01084112149532701,2026H1
301137,2026-02-27,4,bull,none,two_day_acceleration,current_week,0.12788461538461537,0.12019230769230771,-0.10153846153846158,-0.004423076923076863,0.2055769230769231,2026H1
301137,2026-03-09,0,mid,macd_cross,shrinking_volume_acceleration,current_week,-0.07137978142076506,-0.22660519125683065,-0.298155737704918,-0.23838797814207646,0.07052595628415315,2026H1
301137,2026-04-14,1,mid,none,two_day_acceleration,current_week,-0.014862466725820589,-0.06677018633540366,0.10470275066548362,-0.07453416149068326,0.026175687666370795,2026H1
301137,2026-04-15,2,mid,none,pullback_holds,current_week,0.008793686583991045,-0.04441939120631344,0.08229988726042836,-0.05997745208568217,0.03269447576099216,2026H1
301137,2026-04-16,3,mid,none,pullback_holds,current_week,-0.02644444444444438,-0.0464444444444444,0.029777777777777903,-0.0735555555555556,0.017777777777777892,2026H1
301137,2026-04-17,4,mid,none,pullback_holds,current_week,-0.04401251117068805,-0.023681858802502176,-0.013851653261840902,-0.0685880250223414,0.02323503127792681,2026H1
301137,2026-04-20,0,bull,none,pullback_holds,current_week,-0.03069787985865724,-0.013913427561837555,-0.01965547703180215,-0.07928445229681991,0.01148409893992941,2026H1
301137,2026-05-06,2,bull,none,pullback_holds,current_week,0.034810126582278444,-0.0022603978300180794,-0.1213833634719712,-0.01672694394213381,0.12567811934900552,2026H1
301137,2026-05-07,3,bull,none,two_day_acceleration,current_week,0.07354260089686093,-0.004708520179372178,-0.12780269058295968,-0.03542600896860981,0.11659192825112119,2026H1
002913,2025-07-08,1,bull,ma_bull,shrinking_volume_acceleration,current_week,-0.036619718309859106,-0.028169014084507005,0.07408450704225356,-0.05718309859154935,0.0473239436619719,2025H2
002913,2025-07-28,0,bull,ma_bull,two_day_acceleration,current_week,0.09123682750970596,0.08097615085967846,0.0745978924015529,-0.004159733777038266,0.144481419855796,2025H2
002913,2025-08-15,4,bull,ma_bull,shrinking_volume_acceleration,current_week,-0.028919330289193357,0.03982749873160829,0.08320649416539827,-0.05936073059360736,0.05048198883815336,2025H2
002913,2025-08-25,0,bull,ma_bull,pullback_holds,current_week,0.058914728682170514,-0.031782945736434254,0.09638242894056837,-0.061757105943152424,0.08423772609819125,2025H2
002913,2025-08-26,1,bull,ma_bull,pullback_holds,current_week,0.014036911879386604,0.01247725500389918,0.1328307772290096,-0.056147647517546084,0.09072004159085001,2025H2
002913,2025-10-30,3,bull,none,pullback_holds,current_week,-0.04902451225612803,-0.08904452226113058,-0.1525762881440721,-0.12006003001500765,0.00500250125062518,2025H2
002913,2025-12-01,0,mid,none,two_day_acceleration,current_week,0.14726027397260277,0.20176940639269403,0.2323059360730595,-0.025970319634703087,0.25456621004566204,2025H2
002913,2025-12-08,0,bull,none,two_day_acceleration,current_week,0.052750000000000075,0.042750000000000066,0.09624999999999995,-0.0012499999999999734,0.09899999999999998,2025H2
002913,2025-12-09,1,mid,none,two_day_acceleration,current_week,0.020904229460379176,0.01361205639280505,0.049343704423918444,-0.003403014098201318,0.06854642683519696,2025H2
002913,2025-12-24,2,bull,none,pullback_holds,current_week,0.009208972845336394,-0.0016528925619835322,0.029043683589138114,-0.0170011806375443,0.04958677685950419,2025H2
002913,2025-12-25,3,bull,none,pullback_holds,current_week,0.03391840607210628,0.0049810246679315995,0.005218216318785496,-0.020398481973434524,0.05431688804554069,2025H2
002913,2025-12-26,4,bull,none,pullback_holds,current_week,-0.0011560693641617936,-0.052485549132947895,-0.02589595375722542,-0.055260115606936444,0.02774566473988438,2025H2
002913,2026-01-07,2,bull,none,shrinking_volume_acceleration,current_week,-0.06891830214513917,-0.0002282062984937383,-0.08717480602464633,-0.10086718393427663,0.0002282062984937383,2026H1
002913,2026-01-08,3,bull,none,pullback_holds,current_week,-0.030224929709465775,0.059981255857544546,-0.07333645735707583,-0.07685098406747892,0.08200562324273664,2026H1
002913,2026-01-12,0,bull,none,pullback_holds,current_week,-0.029265990087325777,0.0002360160490915142,-0.05546377153646431,-0.07009676658012742,0.08992211470379985,2026H1
002913,2026-02-09,0,bull,none,pullback_holds,current_week,0.08895552223888048,0.10044977511244357,0.156671664167916,-0.0062468765617191835,0.2598700649675161,2026H1
002913,2026-02-10,1,bull,none,pullback_holds,current_week,0.14600000000000013,0.09749999999999992,0.27300000000000013,-0.0010000000000000009,0.26049999999999995,2026H1
002913,2026-02-11,2,bull,none,pullback_holds,current_week,0.2598700649675161,0.20664667666166903,0.23388305847076452,0.0,0.2598700649675161,2026H1
002913,2026-04-10,4,mid,ma_bull,two_day_acceleration,current_week,0.033346645367412275,-0.019169329073482344,0.14956070287539935,-0.02316293929712454,0.07587859424920129,2026H1
002913,2026-04-13,0,mid,ma_bull,shrinking_volume_acceleration,current_week,-0.014230769230769269,-0.0494230769230769,0.04038461538461546,-0.06615384615384612,0.0361538461538462,2026H1
002913,2026-04-17,4,mid,ma_bull,two_day_acceleration,current_week,-0.053199691595990695,0.028334618350038587,0.038164996144949725,-0.09406322282189672,0.05936777178103303,2026H1
002913,2026-05-06,2,bull,ma_bull,two_day_acceleration,current_week,0.06532198371576614,-0.0033308660251665234,0.0003700962250186013,-0.09233900814211682,0.11010362694300513,2026H1
002913,2026-06-02,1,mid,ma_bull,pullback_holds,current_week,-0.05971223021582739,0.18327338129496407,0.13363309352517994,-0.1352517985611511,0.21223021582733814,2026H1
002913,2026-06-18,3,bull,ma_bull,shrinking_volume_acceleration,current_week,-0.0864162262533924,-0.18368804456506216,-0.3855163548064562,-0.1858305956291959,0.0024282245393516533,2026H1
002913,2026-08-11,1,mid,none,shrinking_volume_acceleration,current_week,0.09758281110116385,0.01772605192479859,0.1597135183527305,-0.020411817367949836,0.11369740376007154,2026H2
002913,2026-08-12,2,mid,none,shrinking_volume_acceleration,current_week,-0.0013900955690704375,-0.013553431798436155,0.23718505647263255,-0.04934839270199831,0.08079930495221554,2026H2
002913,2026-08-14,4,mid,none,shrinking_volume_acceleration,current_week,0.04790834924492282,0.02516924145113708,0.2582884915813226,-0.05033848290227394,0.07967366776601281,2026H2
002913,2026-08-20,3,mid,none,shrinking_volume_acceleration,current_week,0.013743343068201241,0.08967531352001368,,-0.060127125923380875,0.11080570348737329,2026H2
002913,2026-08-21,4,mid,none,two_day_acceleration,current_week,-0.02056384742951911,0.011608623548921893,,-0.09270315091210624,0.09950248756218882,2026H2
688595,2025-03-14,4,bull,ma_bull,shrinking_volume_acceleration,current_week,-0.11462882096069871,-0.17707423580786041,-0.1923580786026201,-0.17772925764192138,0.05218340611353689,2025H1
688595,2025-05-12,0,bull,macd_cross,shrinking_volume_acceleration,current_week,-0.03056872037914693,-0.1265402843601896,-0.16445497630331762,-0.13507109004739337,0.0004739336492889379,2025H1
688595,2025-06-04,2,bull,none,two_day_acceleration,current_week,-0.013333333333333197,-0.0019444444444444153,0.010277777777777608,-0.05194444444444435,0.029166666666666785,2025H1
688595,2025-06-05,3,bull,none,two_day_acceleration,current_week,-0.04173441734417338,-0.036314363143631345,-0.00596205962059615,-0.0750677506775067,0.004065040650406582,2025H1
688595,2025-06-06,4,bull,none,pullback_holds,current_week,-0.06181917211328969,-0.03594771241830064,-0.024782135076252598,-0.07053376906318076,0.008986928104575354,2025H1
688595,2025-06-18,2,bull,none,two_day_acceleration,current_week,0.061315496098104605,0.0136566332218504,0.00836120401337781,-0.03511705685618738,0.07051282051282048,2025H1
688595,2025-06-19,3,mid,none,pullback_holds,current_week,0.043161434977578406,0.028026905829596327,0.04176008968609879,-0.02970852017937231,0.07651345291479839,2025H1
688595,2025-06-20,4,mid,none,pullback_holds,current_week,0.06712564543889865,0.027251864601262277,0.06224899598393585,-0.0068846815834767705,0.1018359150889272,2025H1
688595,2025-07-16,2,bull,none,pullback_holds,current_week,0.010500138159712735,0.03647416413373872,0.0906327714838353,-0.010776457584968036,0.05526388505111912,2025H2
688595,2025-07-17,3,bull,none,two_day_acceleration,current_week,0.0005380683346782877,0.03255313424804962,0.03255313424804962,-0.01990852838310475,0.05918751681463541,2025H2
688595,2025-07-25,4,bull,none,two_day_acceleration,current_week,-0.007653734494589615,-0.0052784375824757035,0.11850092372657706,-0.026128266033254244,0.0504090789126419,2025H2
688595,2025-08-11,0,bull,none,pullback_holds,current_week,0.05667276051188308,0.09950378688952743,-0.007051449464612114,-0.02010968921389389,0.1446852964220422,2025H2
688595,2025-08-13,2,bull,macd_cross,two_day_acceleration,current_week,0.07279205904810393,0.04861287859506236,-0.06922881140239245,-0.027742428098752825,0.11555103079664031,2025H2
688595,2025-08-14,3,bull,none,pullback_holds,current_week,0.07243355914538818,0.10969254820218866,-0.015893694632621136,-0.004689942678478332,0.14200104220948395,2025H2
688595,2025-08-15,4,bull,macd_cross,shrinking_volume_acceleration,current_week,0.05950000000000011,0.02750000000000008,-0.04249999999999987,-0.0025000000000000577,0.09575,2025H2
688595,2025-08-19,1,bull,ma_bull,two_day_acceleration,current_week,0.01363525687850009,-0.04090577063550038,-0.04480155831507171,-0.055271487703919986,0.06720233747260762,2025H2
688595,2025-09-12,4,bull,ma_bull,pullback_holds,current_week,-0.05193855157278704,-0.04291636186296022,-0.157766398439405,-0.0868080955864422,0.009753718605218342,2025H2
688595,2025-09-23,1,mid,ma_bull,pullback_holds,current_week,0.026797217212058744,-0.07446534398350946,-0.0798763205359444,-0.09275959804174183,0.056171089925276974,2025H2
688595,2025-09-26,4,mid,ma_bull,pullback_holds,current_week,-0.05089896176247144,-0.1253481894150419,-0.09572043555330467,-0.1466193973157761,0.034692327171435666,2025H2
688595,2025-09-30,1,bull,none,pullback_holds,current_week,-0.11308641975308642,-0.14469135802469135,-0.14049382716049374,-0.16790123456790118,0.008888888888888946,2025H2
688595,2025-10-13,0,bull,none,shrinking_volume_acceleration,current_week,-0.08211533351049705,-0.043847993622110004,-0.08397555142173807,-0.10443794844538934,0.022056869519000655,2025H2
688595,2025-11-11,1,bull,none,two_day_acceleration,current_week,-0.0101126841953193,-0.05489742848887602,-0.01531349321005493,-0.09274776076278524,0.022536839063854508,2025H2
688595,2025-11-18,1,mid,none,two_day_acceleration,current_week,-0.04552086372920927,0.009337613072658346,-0.08053691275167785,-0.08374671724540417,0.038809454333236015,2025H2
688595,2025-11-20,3,mid,none,pullback_holds,current_week,-0.008610451306413247,-0.0014845605700711806,-0.052850356294536716,-0.0676959619952493,0.05700712589073631,2025H2
301052,2023-07-05,2,mid,none,pullback_holds,current_week,-0.14912442396313352,-0.13769585253456218,-0.21345622119815666,-0.16036866359447,0.007926267281106014,2023H2
301052,2023-07-25,1,mid,none,pullback_holds,current_week,-0.08207669108143045,0.07432141318397245,-0.08186126669538996,-0.09952606635071082,0.1010340370529943,2023H2
301052,2025-07-07,0,bull,ma_bull,shrinking_volume_acceleration,current_week,0.08287159720549275,0.1240664900024091,0.5502288605155383,0.0,0.17658395567333196,2025H2
301052,2025-08-05,1,bull,ma_bull,shrinking_volume_acceleration,current_week,0.018045112781954975,-0.0025563909774436455,0.2383458646616543,-0.09684210526315784,0.04902255639097741,2025H2
301052,2025-08-08,4,bull,ma_bull,shrinking_volume_acceleration,current_week,-0.016959798994974795,0.22675879396984921,0.3244346733668342,-0.0568467336683417,0.25094221105527637,2025H2
301052,2025-11-03,0,bull,none,pullback_holds,current_week,-0.03141011361104917,-0.05301848964134559,-0.07039429717086199,-0.06326576074849621,0.015370906660726158,2025H2
301052,2025-11-05,2,bull,none,pullback_holds,current_week,-0.04754499000222179,-0.08309264607864908,-0.11841812930459894,-0.08464785603199276,0.0031104199066873672,2025H2
301052,2025-11-18,1,mid,none,pullback_holds,current_week,-0.008187134502923965,-0.03438596491228063,-0.13684210526315788,-0.07017543859649122,0.010058479532163656,2025H2
301052,2025-12-19,4,mid,none,two_day_acceleration,current_week,0.001293661060802087,0.016300129366106253,0.0628719275549805,-0.020439844760672732,0.030789133247089318,2025H2
301052,2025-12-26,4,bull,none,pullback_holds,current_week,0.00976863753213375,0.13650385604113113,0.029820051413881776,-0.020565552699228773,0.22596401028277624,2025H2
002184,2023-04-12,2,bull,none,two_day_acceleration,current_week,-0.04311543810848406,-0.07301808066759397,0.021557719054241975,-0.127260083449235,0.0,2023H1
002184,2023-05-08,0,bull,none,shrinking_volume_acceleration,current_week,0.053802008608321295,0.06671449067431867,0.03371592539454804,-0.035150645624103194,0.10832137733142044,2023H1
002184,2023-05-11,3,mid,none,two_day_acceleration,current_week,0.06474820143884896,0.048920863309352525,-0.009352517985611541,-0.0007194244604316058,0.11151079136690645,2023H1
002184,2023-05-15,0,mid,none,two_day_acceleration,current_week,0.02551724137931033,-0.015172413793103412,-0.037931034482758585,-0.022068965517241357,0.04551724137931035,2023H1
002184,2023-06-20,1,mid,macd_cross,two_day_acceleration,current_week,0.02398523985239831,-0.035055350553505615,-0.09040590405904059,-0.0897908979089791,0.04551045510455087,2023H1
002184,2023-08-01,1,bull,none,pullback_holds,current_week,0.035310734463276816,-0.010593220338983023,0.005649717514124353,-0.01836158192090398,0.05084745762711873,2023H2
002184,2023-08-02,2,bull,none,pullback_holds,current_week,0.0,-0.05567153792623525,0.004871259568545394,-0.056367432150313146,0.035490605427974886,2023H2
002184,2023-08-03,3,bull,none,pullback_holds,current_week,-0.01993127147766327,-0.03230240549828178,-0.01443298969072171,-0.07835051546391758,0.02268041237113394,2023H2
002184,2023-09-05,1,mid,none,two_day_acceleration,current_week,0.002089136490250665,0.047353760445682624,0.07311977715877438,-0.04596100278551518,0.07590529247910882,2023H2
002184,2023-09-06,2,mid,none,two_day_acceleration,current_week,-0.0415814587593728,0.04635310156782557,0.03953646898432184,-0.06612133605998627,0.07702794819359249,2023H2
002184,2025-07-14,0,bull,none,two_day_acceleration,current_week,0.020408163265306145,0.020408163265306145,0.038548752834467015,-0.0045351473922903285,0.05215419501133778,2025H2
002184,2025-07-22,1,bull,ma_bull,two_day_acceleration,current_week,-0.008082292432035176,0.03673769287288753,0.026451138868479163,-0.03306392358559873,0.04922850844966953,2025H2
002184,2025-08-08,4,bull,ma_bull,pullback_holds,current_week,0.008928571428571397,0.048363095238095344,0.02529761904761907,-0.01041666666666663,0.049107142857142794,2025H2
002184,2025-08-18,0,bull,ma_bull,two_day_acceleration,current_week,0.016546762589928043,0.009352517985611541,-0.009352517985611541,-0.020143884892086295,0.06115107913669071,2025H2
002184,2025-08-21,3,bull,ma_bull,pullback_holds,current_week,0.01866475233309406,-0.05168700646087576,0.027279253409906667,-0.06819813352476667,0.05886575735821964,2025H2
002184,2025-08-26,1,bull,ma_bull,shrinking_volume_acceleration,current_week,-0.02160278745644595,-0.04181184668989546,0.013937282229965264,-0.09547038327526125,0.027874564459930307,2025H2
002184,2025-09-10,2,bull,ma_bull,pullback_holds,current_week,0.0608695652173914,0.06956521739130417,0.11014492753623184,-0.019565217391304346,0.08043478260869552,2025H2
002184,2025-09-11,3,bull,ma_bull,two_day_acceleration,current_week,0.007746478873239315,0.020422535211267467,0.07323943661971821,-0.032394366197183166,0.04999999999999982,2025H2
002184,2025-09-12,4,bull,ma_bull,pullback_holds,current_week,-0.009265858873841792,0.006414825374198241,0.1368496079828938,-0.020669992872416332,0.06272273699215969,2025H2
002184,2025-09-26,4,mid,ma_bull,pullback_holds,current_week,0.08073654390934837,0.1296033994334278,0.0729461756373937,-0.015580736543909346,0.17634560906515562,2025H2
002184,2025-10-13,0,bull,ma_bull,shrinking_volume_acceleration,current_week,0.0350421804023362,0.1129136924075278,-0.04088254380272549,-0.0415314730694355,0.12070084360804678,2025H2
002184,2025-11-10,0,bull,ma_bull,shrinking_volume_acceleration,current_week,-0.03924221921515558,-0.09472259810554806,-0.07374830852503389,-0.11975642760487148,0.010825439783491042,2025H2
002184,2025-12-01,0,mid,none,pullback_holds,current_week,0.00735835172921262,-0.06990434142752022,-0.04930095658572475,-0.07726269315673284,0.010301692420897846,2025H2
002184,2025-12-08,0,bull,none,pullback_holds,current_week,-0.06784660766961648,-0.05825958702064904,-0.03244837758112096,-0.10029498525073743,0.012536873156342221,2025H2
002184,2025-12-29,0,bull,none,pullback_holds,current_week,0.01705426356589146,0.08837209302325588,0.04263565891472876,-0.003875968992248069,0.11240310077519378,2025H2
002184,2025-12-30,1,bull,none,two_day_acceleration,current_week,0.03041825095057038,0.04486692015209126,0.009885931558935468,-0.011406844106463865,0.09125475285171092,2025H2
002184,2025-12-31,2,bull,none,pullback_holds,current_week,0.04278074866310155,0.06035141329258975,0.01298701298701288,-0.004583651642475095,0.09625668449197855,2025H2
002184,2026-01-05,0,bull,none,shrinking_volume_acceleration,current_week,0.06302201974183741,0.05922551252847397,-0.009111617312072884,-0.010630220197418327,0.0895975702353835,2026H1
002184,2026-01-12,0,bull,none,two_day_acceleration,current_week,-0.007117437722419906,-0.012099644128113818,-0.05693950177935947,-0.03416370106761568,0.021352313167259718,2026H1
002184,2026-01-16,4,bull,none,shrinking_volume_acceleration,current_week,0.018731988472622474,-0.04466858789625372,-0.054034582132564846,-0.060518731988472574,0.023054755043227626,2026H1
002184,2026-02-09,0,bull,macd_stabilizing,two_day_acceleration,current_week,0.0007547169811321641,-0.08226415094339623,-0.08301886792452828,-0.08452830188679239,0.012830188679245236,2026H1
002184,2026-02-10,1,bull,macd_stabilizing,pullback_holds,current_week,0.0015105740181269312,-0.08081570996978849,-0.0664652567975832,-0.09441087613293053,0.013595166163141936,2026H1
002184,2026-02-12,3,bull,macd_stabilizing,pullback_holds,current_week,0.022154316271963292,-0.03437738731856377,-0.11000763941940406,-0.08403361344537807,0.025210084033613356,2026H1
002184,2026-02-24,1,bull,none,pullback_holds,current_week,-0.07948523845571542,-0.022710068130204486,-0.1370174110522332,-0.09235427706283128,0.015897047691143085,2026H1
002184,2026-02-25,2,bull,none,pullback_holds,current_week,-0.08358433734939763,-0.03162650602409656,-0.12951807228915668,-0.09713855421686757,0.010542168674698704,2026H1
002184,2026-02-26,3,bull,none,pullback_holds,current_week,-0.0682670667666917,-0.045011252813203284,-0.150787696924231,-0.1005251312828207,0.006751687921980443,2026H1
002184,2026-02-27,4,bull,none,pullback_holds,current_week,-0.04387291981845687,-0.056732223903177004,-0.13464447806354018,-0.09304084720121031,0.001512859304084735,2026H1
300177,2023-11-13,0,mid,ma_bull,two_day_acceleration,current_week,0.03884711779448624,-0.0025062656641604564,-0.03884711779448624,-0.02506265664160401,0.04260651629072676,2023H2
300177,2023-11-20,0,mid,ma_bull,two_day_acceleration,current_week,-0.02689486552567233,-0.024449877750611138,-0.10635696821515883,-0.06112469437652812,0.008557457212714059,2023H2
300177,2024-10-17,3,bull,ma_bull,pullback_holds,current_week,0.12592592592592577,0.15185185185185168,0.13796296296296306,-0.00925925925925919,0.2666666666666666,2024H2
300177,2024-10-24,3,bull,ma_bull,shrinking_volume_acceleration,current_week,0.007287449392712642,0.06558704453441311,0.05587044534412966,-0.16437246963562746,0.09716599190283404,2024H2
300177,2024-10-25,4,bull,ma_bull,pullback_holds,current_week,-0.09576271186440688,0.1754237288135594,0.08135593220338966,-0.12542372881355934,0.2118644067796609,2024H2
300177,2024-11-22,4,mid,ma_bull,pullback_holds,current_week,-0.024603174603174516,0.026984126984126888,0.11428571428571432,-0.10158730158730156,0.09444444444444455,2024H2
300177,2025-02-10,0,mid,none,shrinking_volume_acceleration,current_week,0.07594936708860756,0.07004219409282708,-0.026160337552742496,-0.029535864978902926,0.10632911392405053,2025H1
300177,2025-02-12,2,bull,none,shrinking_volume_acceleration,current_week,0.002516778523490082,0.054530201342281925,-0.025167785234899265,-0.033557046979865834,0.15100671140939603,2025H1
300177,2025-02-14,4,bull,none,shrinking_volume_acceleration,current_week,0.007468879668049766,-0.0738589211618258,-0.018257261410788428,-0.08049792531120337,0.1385892116182572,2025H1
300177,2025-02-21,4,bull,none,two_day_acceleration,current_week,-0.08449548810500407,-0.05004101722723542,0.05004101722723564,-0.09680065627563572,0.12551271534044317,2025H1
300177,2025-03-12,2,bull,none,pullback_holds,current_week,0.04565030146425508,-0.009474590869939625,-0.1937984496124031,-0.043927648578811374,0.1808785529715764,2025H1
300177,2025-03-21,4,mid,none,two_day_acceleration,current_week,-0.19153846153846155,-0.37,-0.2569230769230769,-0.37,0.02153846153846173,2025H1
300177,2025-04-21,0,mid,none,two_day_acceleration,current_week,-0.03020833333333328,0.09166666666666679,0.04791666666666683,-0.04583333333333328,0.09375,2025H1
300177,2025-04-23,2,mid,none,two_day_acceleration,current_week,-0.024514811031664974,0.07354443309499481,0.02860061287027582,-0.0643513789581206,0.09090909090909083,2025H1
300177,2025-10-21,1,bull,none,two_day_acceleration,current_week,-0.016163793103448176,0.007543103448275801,0.015086206896551824,-0.04310344827586188,0.02586206896551735,2025H2
002053,2023-03-01,2,bull,ma_bull,pullback_holds,current_week,-0.03927729772191668,-0.058915946582875134,-0.17517674783974868,-0.08876669285153183,0.017282010997643482,2023H1
002053,2023-04-17,0,bull,none,two_day_acceleration,current_week,-0.041591320072332794,0.008137432188065175,0.011754068716093968,-0.06238698010849908,0.03164556962025311,2023H1
002053,2023-04-19,2,bull,none,pullback_holds,current_week,0.03700277520814055,0.03700277520814055,0.03885291396854762,-0.04070305272895458,0.05550416281221082,2023H1
002053,2023-04-20,3,bull,none,pullback_holds,current_week,0.038532110091743066,0.0183486238532109,-0.010091743119265972,-0.04862385321100915,0.04678899082568799,2023H1
002053,2023-05-10,2,mid,none,shrinking_volume_acceleration,current_week,0.005338078291815096,-0.04537366548042698,-0.06316725978647697,-0.051601423487544484,0.019572953736654908,2023H1
002053,2023-05-11,3,mid,none,pullback_holds,current_week,0.001790510295434089,-0.02685765443151289,-0.051029543419874646,-0.056401074306177135,0.025962399283796067,2023H1
002053,2023-05-22,0,mid,none,pullback_holds,current_week,-0.03842716711349414,-0.03485254691688999,-0.025915996425379784,-0.06702412868632712,0.0071492403932083,2023H1
002053,2024-10-23,2,bull,none,two_day_acceleration,current_week,0.06060606060606055,0.07659932659932656,0.005892255892255838,-0.012626262626262652,0.10690235690235683,2024H2
002053,2024-10-25,4,bull,none,two_day_acceleration,current_week,0.03333333333333344,0.050833333333333286,-0.0675,-0.011666666666666714,0.11083333333333334,2024H2
002053,2024-10-29,1,bull,none,two_day_acceleration,current_week,0.020458265139116305,-0.0016366612111292644,-0.0916530278232407,-0.01227495908346976,0.0908346972176759,2024H2
002053,2024-10-30,2,bull,none,shrinking_volume_acceleration,current_week,-0.014637904468412954,-0.06317411402157169,-0.13405238828967647,-0.07781201848998454,0.026964560862865916,2024H2
002053,2024-11-08,4,bull,ma_bull,pullback_holds,current_week,-0.06693227091633469,-0.10836653386454187,-0.0916334661354582,-0.10836653386454187,0.0,2024H2
002053,2024-11-19,1,mid,ma_bull,shrinking_volume_acceleration,current_week,-0.06329113924050633,-0.03459915611814346,-0.024472573839662393,-0.08185654008438814,0.01097046413502123,2024H2
002053,2025-12-19,4,mid,none,pullback_holds,current_week,0.011904761904761862,0.006802721088435382,0.03486394557823136,-0.028911564625850317,0.03741496598639471,2025H2
002053,2026-01-05,0,bull,none,pullback_holds,current_week,0.022260273972602773,0.04965753424657526,-0.02996575342465746,-0.003424657534246478,0.06934931506849318,2026H1
002053,2026-01-06,1,bull,none,two_day_acceleration,current_week,0.013513513513513598,0.02787162162162171,-0.029560810810810745,-0.011824324324324231,0.054898648648648685,2026H1
002053,2026-01-07,2,bull,none,pullback_holds,current_week,0.006728343145500526,0.01766190075693852,-0.02270815811606386,-0.015979814970563444,0.05046257359125317,2026H1
002053,2026-01-08,3,bull,none,pullback_holds,current_week,0.008474576271186418,0.03898305084745757,-0.03389830508474578,-0.0016949152542373724,0.05847457627118646,2026H1
002053,2026-01-09,4,bull,none,pullback_holds,current_week,0.005042016806722671,0.04201680672268915,-0.04201680672268904,-0.010084033613445453,0.049579831932773155,2026H1
002053,2026-01-13,1,bull,none,two_day_acceleration,current_week,0.013322231473771762,-0.029975020815986686,-0.058284762697751846,-0.045795170691090625,0.03996669442131551,2026H1
002053,2026-01-15,3,bull,none,pullback_holds,current_week,0.023372287145241977,-0.036727879799666074,-0.056761268781302165,-0.04424040066777957,0.04257095158597668,2026H1
002053,2026-01-16,4,bull,none,pullback_holds,current_week,0.042893187552565104,-0.011774600504625754,-0.0681244743481918,-0.03700588730025223,0.046257359125315256,2026H1
002053,2026-01-19,0,bull,none,shrinking_volume_acceleration,current_week,-0.028524857375713086,-0.07660961695191515,-0.07579462102689483,-0.0782396088019559,0.013854930725346382,2026H1
002053,2026-01-21,2,bull,none,pullback_holds,current_week,-0.041084634346754356,-0.04519309778142966,-0.04026294165981925,-0.07066557107641736,0.022185702547247388,2026H1
688776,2025-06-12,3,bull,ma_bull,two_day_acceleration,current_week,-0.15509238987652152,-0.16192311060513176,-0.05184341886329802,-0.18372887293107965,0.05858656624923375,2025H1
688776,2025-06-27,4,bull,ma_bull,shrinking_volume_acceleration,current_week,0.05510551055105495,0.10511051105110503,-0.10161016101610176,-0.01980198019801982,0.16531653165316507,2025H1
688776,2025-07-03,3,bull,ma_bull,pullback_holds,current_week,0.041057692307692184,-0.008076923076923093,-0.17307692307692313,-0.04499999999999993,0.12038461538461531,2025H2
688776,2025-07-04,4,bull,ma_bull,pullback_holds,current_week,0.04739336492891,-0.03355450236966817,-0.14957345971563984,-0.058578199052132685,0.10445497630331757,2025H2
688776,2025-08-11,0,bull,none,two_day_acceleration,current_week,-0.014818140996856632,-0.0075213291423439355,-0.01930848675347996,-0.0783565334530758,0.01818590031432432,2025H2
688776,2025-08-12,1,bull,none,pullback_holds,current_week,-0.027008701548197345,-0.014577918408859691,-0.01762911063396977,-0.07221154932760754,0.018194146231212738,2025H2
688776,2025-08-13,2,bull,none,pullback_holds,current_week,-0.030665754673962597,-0.03317373461012307,-0.022001823985408064,-0.06406748746010016,0.022229822161422774,2025H2
688776,2025-08-15,4,bull,none,pullback_holds,current_week,-0.04159999999999997,-0.05714285714285716,0.0061714285714287165,-0.07417142857142855,0.024799999999999933,2025H2
688776,2025-08-26,1,bull,none,pullback_holds,current_week,-0.09393279045762126,-0.0029819933478608673,0.07558206216309205,-0.16274802156210577,0.023855946782887827,2025H2
688776,2025-08-28,3,bull,none,shrinking_volume_acceleration,current_week,-0.10259179265658747,0.030717542596592207,0.09851211903047741,-0.12407007439404849,0.06647468202543783,2025H2
688776,2025-09-12,4,bull,none,two_day_acceleration,current_week,-0.026297814207650316,-0.021061020036429956,-0.03995901639344268,-0.0396174863387978,0.08356102003642984,2025H2
688776,2026-02-06,4,mid,ma_bull,two_day_acceleration,current_week,-0.07568965517241377,-0.022499999999999964,-0.11112068965517241,-0.10456896551724137,0.012931034482758674,2026H1
688776,2026-03-10,1,bull,ma_bull,two_day_acceleration,current_week,-0.17176228100309177,-0.24785297148746133,-0.2662315355547922,-0.28667124699416,0.04774991411885954,2026H1
688776,2026-04-09,3,mid,none,pullback_holds,current_week,0.025835135784667118,-0.016222062004325855,-0.010814708002883866,-0.02667627974044695,0.060322037971641373,2026H1
688776,2026-04-10,4,mid,none,pullback_holds,current_week,0.03013863773357439,-0.03797468354430389,-0.0013261000602772244,-0.03809523809523807,0.0637733574442434,2026H1
688776,2026-04-16,3,mid,none,pullback_holds,current_week,-0.04256812068763882,-0.0532101508595485,-0.055899894749152135,-0.11261840720383587,0.010408139398900618,2026H1
688776,2026-04-27,0,bull,none,shrinking_volume_acceleration,current_week,0.020400593471810113,-0.010262116716122649,-0.11313056379821951,-0.061819980217606374,0.05637982195845703,2026H1
688776,2026-04-30,3,bull,none,two_day_acceleration,current_week,0.01043328832699153,-0.00908309807291019,-0.22253590278630164,-0.05474407757456723,0.04872959371547814,2026H1
688776,2026-05-07,3,bull,none,pullback_holds,current_week,-0.022349780166096678,-0.05923302393746943,-0.21165119687347334,-0.059477283829994954,0.04347826086956519,2026H1
688776,2026-05-08,4,bull,none,two_day_acceleration,current_week,-0.07637091080254188,-0.07660626029654038,-0.23923276064956456,-0.11273240762532355,0.005413038361967493,2026H1
688776,2026-05-19,1,bull,none,two_day_acceleration,current_week,-0.10392666914406046,-0.2154093893224328,-0.2369627152235848,-0.23931623931623935,0.01325405673231761,2026H1
603165,2023-09-06,2,mid,none,shrinking_volume_acceleration,current_week,-0.07715674362089919,-0.05832320777642774,-0.12089914945321989,-0.09416767922235725,0.006682867557715744,2023H2
603165,2023-09-19,1,mid,macd_stabilizing,pullback_holds,current_week,0.009114583333333481,-0.03450520833333326,-0.11979166666666663,-0.07356770833333326,0.05208333333333348,2023H2
603165,2023-11-13,0,mid,none,pullback_holds,current_week,0.0030326004548901775,-0.021986353297952954,-0.08567096285064435,-0.03487490523123571,0.01743745261561802,2023H2
603165,2023-11-14,1,mid,none,pullback_holds,current_week,0.0015140045420136694,-0.021196063588190817,-0.08932626797880394,-0.03633610900832707,0.015897047691143085,2023H2
603165,2023-11-15,2,mid,none,pullback_holds,current_week,-0.011406844106463865,-0.03041825095057038,-0.09505703422053235,-0.03269961977186309,0.020532319391634912,2023H2
603165,2023-11-20,0,mid,none,pullback_holds,current_week,-0.024943310657596363,-0.05668934240362811,-0.1126228269085412,-0.06727135298563869,0.014361300075585781,2023H2
603165,2023-11-21,1,mid,none,pullback_holds,current_week,-0.023413897280966767,-0.07175226586102712,-0.11933534743202412,-0.07175226586102712,0.003776435045317328,2023H2
603165,2025-05-06,1,mid,none,shrinking_volume_acceleration,current_week,-0.007383100902379036,-0.03199343724364223,-0.091878589007383,-0.05578342904019684,0.0,2025H1
603165,2025-05-07,2,bull,none,pullback_holds,current_week,0.010000000000000009,-0.025833333333333375,-0.08166666666666667,-0.04083333333333339,0.012499999999999956,2025H1
603165,2025-05-08,3,bull,none,pullback_holds,current_week,-0.043837882547559937,-0.04052936311000832,-0.08684863523573194,-0.047973531844499595,0.00496277915632759,2025H1
603165,2025-05-09,4,bull,none,pullback_holds,current_week,-0.033333333333333326,-0.032500000000000084,-0.07500000000000007,-0.04083333333333339,0.012499999999999956,2025H1
603165,2025-10-09,3,bull,ma_bull,pullback_holds,current_week,-0.05967976710334788,-0.02911208151382827,-0.024745269286754024,-0.07350800582241623,0.015283842794759916,2025H2
603165,2025-10-10,4,bull,ma_bull,pullback_holds,current_week,-0.04705003734129953,-0.008961911874533324,-0.010455563853622118,-0.04929051530993278,0.041822255414488474,2025H2
603165,2025-11-03,0,bull,none,pullback_holds,current_week,0.008301886792452695,0.02490566037735853,-0.02490566037735853,-0.009811320754716912,0.04528301886792452,2025H2
603165,2025-11-05,2,bull,none,pullback_holds,current_week,0.008239700374532033,-0.01872659176029967,-0.04794007490636698,-0.021722846441947552,0.03745318352059934,2025H2
603165,2025-11-07,4,bull,none,pullback_holds,current_week,0.024060150375939893,-0.06466165413533842,-0.03383458646616544,-0.07067669172932345,0.041353383458646586,2025H2
603165,2025-12-01,0,mid,none,pullback_holds,current_week,-0.0077821011673151474,-0.031906614785992216,-0.01478599221789878,-0.05914396887159534,0.006225680933852118,2025H2
603165,2025-12-19,4,mid,none,pullback_holds,current_week,0.011885895404120328,0.014263074484944571,0.187797147385103,-0.021394611727416857,0.03724247226624389,2025H2
603165,2025-12-24,2,bull,none,pullback_holds,current_week,-0.0007898894154818592,0.00789889415481837,0.15718799368088465,-0.010268562401263726,0.033965244865718835,2025H2
603165,2025-12-25,3,bull,macd_stabilizing,two_day_acceleration,current_week,-0.012441679626749469,0.0062208398133747345,0.18506998444790046,-0.025660964230170946,0.015552099533437058,2025H2
603165,2026-01-05,0,bull,none,pullback_holds,current_week,0.02131018153117603,0.1681136543014996,0.1278610891870562,-0.0047355958958169575,0.1783741120757696,2026H1
603165,2026-01-06,1,bull,none,pullback_holds,current_week,0.04062499999999991,0.17109375000000004,0.1499999999999999,-0.012499999999999956,0.18281250000000004,2026H1
603165,2026-01-07,2,bull,none,pullback_holds,current_week,0.04664031620553355,0.18418972332015815,0.16679841897233194,-0.0007905138339920903,0.1968379446640316,2026H1
603165,2026-01-08,3,bull,none,pullback_holds,current_week,0.05180533751962324,0.1781789638932496,0.1475667189952905,-0.004709576138147598,0.1883830455259028,2026H1
603165,2026-01-09,4,bull,none,pullback_holds,current_week,0.06577916992952226,0.14722004698512148,0.15661707126076752,-0.002349256068911454,0.1855912294440094,2026H1
603165,2026-01-12,0,bull,none,two_day_acceleration,current_week,0.1428571428571428,0.17683397683397684,0.10579150579150576,-0.009266409266409315,0.19691119691119674,2026H1
603165,2026-01-13,1,bull,none,two_day_acceleration,current_week,0.12453113278319572,0.12453113278319572,0.005251312828207011,-0.017254313578394576,0.16279069767441867,2026H1
603165,2026-01-15,3,bull,none,shrinking_volume_acceleration,current_week,0.12014925373134333,0.10447761194029859,0.033582089552238736,-0.007462686567164201,0.15970149253731347,2026H1
603165,2026-01-16,4,bull,none,two_day_acceleration,current_week,0.08438193930421911,0.09548482605477426,0.04663212435233177,-0.0007401924500369805,0.15025906735751304,2026H1
603165,2026-01-22,3,bull,macd_cross,shrinking_volume_acceleration,current_week,-0.012016021361815787,-0.024032042723631464,-0.09546061415220286,-0.04672897196261683,0.03738317757009346,2026H1
603165,2026-03-06,4,bull,ma_bull,two_day_acceleration,current_week,0.07970479704797051,0.10405904059040583,0.07380073800737996,-0.010332103321033292,0.2066420664206643,2026H1
603165,2026-04-14,1,mid,ma_bull,two_day_acceleration,current_week,0.06758448060075084,0.07697121401752183,0.14392991239048825,-0.028785982478097716,0.11514392991239042,2026H1
603165,2026-04-16,3,mid,ma_bull,shrinking_volume_acceleration,current_week,0.09142857142857141,0.10476190476190483,0.1498412698412699,-0.014603174603174618,0.13142857142857145,2026H1
603165,2026-04-21,1,bull,ma_bull,shrinking_volume_acceleration,current_week,0.017139479905437405,0.09988179669030717,0.05200945626477527,-0.01773049645390079,0.13061465721040166,2026H1
603165,2026-04-23,3,bull,ma_bull,two_day_acceleration,current_week,0.02172636523781568,0.06752789195537279,0.02524955960070452,-0.024075161479741647,0.12331180270111552,2026H1
603165,2026-04-30,3,bull,ma_bull,two_day_acceleration,current_week,0.04482758620689631,0.0408045977011493,-0.03218390804597715,-0.013218390804597746,0.17011494252873538,2026H1
603165,2026-05-06,2,bull,ma_bull,two_day_acceleration,current_week,0.12061155152887881,0.007927519818799578,-0.06795016987542468,-0.0277463193657983,0.1528878822197055,2026H1
603165,2026-05-08,4,bull,ma_bull,two_day_acceleration,current_week,-0.01667563206024736,-0.042495965572888594,-0.10220548682087138,-0.07638515330823015,0.0952124798278644,2026H1
603165,2026-08-05,2,mid,none,shrinking_volume_acceleration,current_week,0.0036049026676279183,-0.02956020187454944,0.07858687815428977,-0.03316510454217747,0.020187454938716654,2026H2
603165,2026-08-17,0,mid,none,pullback_holds,current_week,-0.025992779783393427,0.04620938628158844,-0.01949458483754507,-0.031768953068592065,0.06209386281588447,2026H2
603165,2026-08-18,1,bull,none,pullback_holds,current_week,-0.01715511079342391,0.05789849892780552,-0.038598999285203606,-0.04145818441744098,0.06004288777698363,2026H2
603165,2026-08-21,4,mid,none,pullback_holds,current_week,0.05137481910274966,0.07018813314037642,,-0.02966714905933432,0.09479015918958034,2026H2
603165,2026-08-26,2,mid,none,two_day_acceleration,current_week,0.05500705218617785,-0.016925246826516194,,-0.02961918194640334,0.06699576868829338,2026H2
603165,2026-08-28,4,mid,none,shrinking_volume_acceleration,current_week,0.022114720110573582,-0.07118175535590887,,-0.08638562543192807,0.04561161022805815,2026H2
600916,2026-04-20,0,bull,none,pullback_holds,current_week,-0.03618421052631582,-0.0010964912280703176,-0.11403508771929838,-0.05372807017543857,0.00877192982456143,2026H1
600916,2026-04-30,3,bull,none,pullback_holds,current_week,-0.0022471910112359383,-0.05842696629213473,-0.10224719101123592,-0.07415730337078652,0.03370786516853941,2026H1
600916,2026-05-06,2,bull,none,pullback_holds,current_week,-0.01982378854625544,-0.08700440528634357,-0.12665198237885456,-0.09251101321585897,0.013215859030837107,2026H1
600916,2026-05-07,3,bull,none,pullback_holds,current_week,-0.04290429042904276,-0.11111111111111105,-0.14081408140814078,-0.1133113311331132,0.011001100110010986,2026H1
000631,2025-09-01,0,bull,none,pullback_holds,current_week,-0.006430868167202619,0.032154340836012985,0.02893890675241173,-0.03536977491961413,0.03536977491961424,2025H2
000631,2025-09-02,1,bull,none,pullback_holds,current_week,0.006430868167202508,0.06430868167202575,0.032154340836012985,-0.03536977491961413,0.06430868167202575,2025H2
000631,2025-09-08,0,bull,none,pullback_holds,current_week,0.03548387096774186,0.019354838709677358,0.02580645161290329,-0.003225806451612967,0.07096774193548394,2025H2
000631,2025-09-09,1,bull,none,two_day_acceleration,current_week,0.057507987220447365,-0.025559105431309792,0.022364217252396346,-0.04153354632587858,0.060702875399361256,2025H2
000631,2025-09-12,4,bull,none,two_day_acceleration,current_week,-0.009375000000000022,-0.018750000000000044,0.006250000000000089,-0.0625,0.03750000000000009,2025H2
000631,2025-09-16,1,bull,ma_bull,two_day_acceleration,current_week,-0.07854984894259809,-0.030211480362537846,0.0060422960725075026,-0.09365558912386707,0.0030211480362538623,2025H2
000631,2025-09-29,0,bull,ma_bull,pullback_holds,current_week,-0.006249999999999978,0.034375000000000044,-0.018750000000000044,-0.03125,0.03750000000000009,2025H2
000631,2025-10-10,4,bull,ma_bull,shrinking_volume_acceleration,current_week,0.006329113924050667,0.028481012658227778,0.018987341772152,-0.01898734177215189,0.056962025316455556,2025H2
000631,2025-10-16,3,bull,ma_bull,two_day_acceleration,current_week,0.009230769230769376,-0.05230769230769228,0.17230769230769227,-0.055384615384615254,0.027692307692307683,2025H2
000631,2025-10-21,1,bull,ma_bull,two_day_acceleration,current_week,-0.030303030303030276,-0.048484848484848575,0.10606060606060597,-0.0696969696969697,0.012121212121211977,2025H2
000631,2025-10-24,4,bull,ma_bull,pullback_holds,current_week,-0.04587155963302747,-0.015290519877675823,0.021406727828746197,-0.06116207951070329,0.006116207951070374,2025H2
000631,2025-11-05,2,bull,ma_bull,pullback_holds,current_week,0.2382445141065832,0.08463949843260199,0.08150470219435735,-0.006269592476489061,0.25391849529780575,2025H2
000631,2025-11-06,3,bull,ma_bull,pullback_holds,current_week,0.17230769230769227,0.04615384615384621,0.030769230769230882,-0.01538461538461533,0.23076923076923084,2025H2
000631,2025-11-07,4,bull,ma_bull,pullback_holds,current_week,0.15479876160990713,0.034055727554179516,0.05572755417956654,-0.009287925696594312,0.23839009287925705,2025H2
000631,2025-11-17,0,mid,ma_bull,shrinking_volume_acceleration,current_week,-0.11702127659574468,-0.10904255319148937,-0.12234042553191493,-0.13829787234042556,0.02127659574468077,2025H2
000631,2025-12-01,0,mid,ma_bull,pullback_holds,current_week,0.04204204204204198,-0.009009009009008917,-0.024024024024024038,-0.02102102102102099,0.06006006006006004,2025H2
000631,2025-12-08,0,bull,ma_bull,pullback_holds,current_week,-0.04347826086956519,-0.05217391304347829,-0.034782608695652195,-0.08985507246376812,0.0,2025H2
000631,2026-01-05,0,bull,none,pullback_holds,current_week,0.021212121212121238,0.039393939393939315,0.23030303030303045,0.0,0.05454545454545445,2026H1
000631,2026-01-30,4,bull,ma_bull,shrinking_volume_acceleration,current_week,-0.0626506024096386,-0.09156626506024101,-0.06987951807228932,-0.12048192771084343,0.016867469879517927,2026H1
000631,2026-02-25,2,bull,ma_bull,pullback_holds,current_week,-0.043927648578811374,0.03100775193798455,0.0,-0.06976744186046513,0.056847545219638196,2026H1
000631,2026-05-06,2,bull,none,pullback_holds,current_week,0.07430340557275539,0.021671826625387025,0.04334365325077405,-0.009287925696594312,0.09597523219814241,2026H1
000631,2026-05-07,3,bull,none,two_day_acceleration,current_week,0.003039513677811634,-0.03343465045592697,0.027355623100303816,-0.03951367781155013,0.07598784194528885,2026H1
000631,2026-05-08,4,bull,none,two_day_acceleration,current_week,-0.03244837758112096,-0.053097345132743445,-0.04424778761061943,-0.07079646017699126,0.04424778761061954,2026H1
000631,2026-05-25,0,bull,none,two_day_acceleration,current_week,0.04268292682926811,-0.027439024390244038,-0.07621951219512191,-0.03658536585365857,0.0914634146341462,2026H1
000631,2026-05-28,3,mid,none,two_day_acceleration,current_week,-0.03151862464183386,-0.04297994269340988,-0.1690544412607451,-0.13753581661891112,0.025787965616045794,2026H1
301231,2025-06-03,1,bull,none,pullback_holds,current_week,0.011558219178082085,-0.012414383561643816,-0.010273972602739656,-0.03852739726027388,0.05650684931506844,2025H1
301231,2025-06-12,3,bull,macd_stabilizing,two_day_acceleration,current_week,-0.062238930659983316,-0.05096073517126154,-0.040100250626566414,-0.09482038429406847,0.009607351712614953,2025H1
301231,2025-06-23,0,bull,none,shrinking_volume_acceleration,current_week,0.038582323912068395,0.02871242709735311,0.08793180798564393,-0.008075370121130576,0.06953790937640192,2025H1
301231,2025-06-24,1,bull,none,shrinking_volume_acceleration,current_week,0.01581722319859402,0.008787346221441172,0.09402460456941997,-0.027240773286467568,0.047451669595782064,2025H1
301231,2025-06-27,4,bull,none,pullback_holds,current_week,-0.028633405639913234,0.0004338394793925726,0.10845986984815625,-0.03947939262472888,0.03427331887201723,2025H1
301231,2025-06-30,0,bull,none,pullback_holds,current_week,-0.020085470085470236,-0.03418803418803418,0.0658119658119658,-0.05982905982905995,0.018803418803418737,2025H1
301231,2025-07-01,1,bull,none,pullback_holds,current_week,-0.0141691713181622,-0.04465435809360241,0.07900386431945039,-0.06612279948475741,0.013310433662516274,2025H2
301231,2025-07-08,1,bull,none,pullback_holds,current_week,-0.03260869565217395,0.0826086956521741,0.15217391304347827,-0.05434782608695654,0.09782608695652173,2025H2
301231,2025-07-09,2,bull,none,two_day_acceleration,current_week,-0.03442340791738385,0.057228915662650426,0.12822719449225461,-0.06411359724612742,0.08648881239242678,2025H2
301231,2025-07-10,3,bull,none,pullback_holds,current_week,-0.02209705372616988,0.09878682842287678,0.1286828422876949,-0.057625649913344956,0.12608318890814552,2025H2
301231,2025-07-11,4,bull,none,pullback_holds,current_week,0.03958242714223581,0.1113527620704653,0.1152675076120051,-0.05393649412788182,0.13049151805132664,2025H2
301231,2025-07-22,1,bull,none,shrinking_volume_acceleration,current_week,0.02571428571428558,0.08163265306122458,0.13551020408163272,-0.0053061224489795444,0.1093877551020408,2025H2
301231,2025-07-24,3,bull,none,two_day_acceleration,current_week,-0.015810276679841806,0.029644268774703608,0.08735177865612642,-0.031620553359683834,0.07430830039525693,2025H2
301231,2025-09-02,1,bull,ma_bull,pullback_holds,current_week,-0.0446325509811466,-0.04694113120430943,-0.07579838399384387,-0.06656406310119278,0.015390534821084989,2025H2
301231,2025-09-15,0,bull,ma_bull,pullback_holds,current_week,-0.03749999999999998,-0.0346774193548387,0.2338709677419355,-0.09193548387096784,0.007258064516129092,2025H2
301231,2025-09-16,1,bull,ma_bull,pullback_holds,current_week,-0.052886556318126665,-0.030278562777553475,0.2793702058942269,-0.09083568833266042,0.006055712555510739,2025H2
301231,2025-09-25,3,bull,none,pullback_holds,current_week,-0.015410245730945515,0.02915451895043719,0.6493127863390253,-0.06955435235318619,0.038317367763431864,2025H2
301231,2025-10-16,3,bull,none,pullback_holds,current_week,0.5952181208053693,0.3842281879194631,0.3691275167785235,-0.007969798657718075,0.6736577181208052,2025H2
301231,2026-03-09,0,mid,none,two_day_acceleration,current_week,-0.027977839335179944,-0.16288088642659282,-0.17036011080332414,-0.1714681440443213,0.06315789473684208,2026H1
301231,2026-03-12,3,bull,none,pullback_holds,current_week,-0.04408095370113663,-0.14915442195730522,-0.11699473246465208,-0.17077904075408923,0.0,2026H1
301231,2026-04-10,4,mid,none,pullback_holds,current_week,-0.005053695514845247,-0.02621604548325962,0.017687934301958252,-0.050536955148452245,0.03221730890713825,2026H1
301231,2026-04-22,2,bull,none,pullback_holds,current_week,-0.07663077897403425,-0.014882837238758828,0.012666244458517939,-0.11082963901203291,0.06333122229259014,2026H1
301231,2026-05-06,2,bull,none,pullback_holds,current_week,0.05122349102773227,-0.023491027732463365,0.0831973898858076,-0.04763458401305054,0.0955954323001631,2026H1
301231,2026-05-07,3,bull,none,two_day_acceleration,current_week,-0.08970897089708962,-0.15931593159315927,-0.018601860186018504,-0.15991599159915992,0.007500750075007501,2026H1
301231,2026-05-08,4,bull,none,pullback_holds,current_week,-0.04353352399110266,-0.07944073721004141,0.07435653002859866,-0.11503018748013982,0.038449316809659795,2026H1
301231,2026-05-18,0,bull,none,pullback_holds,current_week,0.03696498054474717,0.10084306095979256,0.09662775616083019,-0.09695201037613488,0.16147859922178998,2026H1
301231,2026-05-19,1,bull,none,pullback_holds,current_week,0.016113120683985516,0.059519894771456805,0.10917461361394287,-0.08418283459388354,0.17790200591910565,2026H1
002163,2025-04-30,2,mid,none,shrinking_volume_acceleration,current_week,-0.03614457831325302,-0.0580503833515883,-0.08324205914567362,-0.07228915662650603,0.035049288061336226,2025H1
002163,2025-06-03,1,bull,none,pullback_holds,current_week,0.07637231503579933,0.04892601431980914,0.13842482100238662,0.0,0.10978520286396187,2025H1
002163,2025-06-05,3,bull,none,pullback_holds,current_week,0.018583042973286945,0.010452961672474004,0.10220673635307786,-0.009291521486643473,0.08013937282229988,2025H1
002163,2025-06-10,1,bull,none,two_day_acceleration,current_week,-0.015677491601343685,0.016797312430011146,0.0851063829787233,-0.043673012318029,0.035834266517357216,2025H1
002163,2025-06-13,4,bull,none,pullback_holds,current_week,0.03476245654692911,0.07995365005793742,0.11703360370799532,-0.010428736964078755,0.12166859791425244,2025H1
002163,2025-06-18,2,bull,none,two_day_acceleration,current_week,0.03378378378378377,0.06644144144144137,0.12162162162162171,-0.029279279279279202,0.09009009009009006,2025H1
002163,2025-06-25,2,bull,none,two_day_acceleration,current_week,0.033842794759825434,0.05676855895196509,0.15611353711790388,-0.005458515283842891,0.07751091703056767,2025H1
002163,2025-06-26,3,bull,macd_cross,two_day_acceleration,current_week,0.007430997876857859,0.04140127388535042,0.23673036093418265,-0.019108280254777066,0.04989384288747356,2025H1
002163,2025-08-11,0,bull,ma_bull,pullback_holds,current_week,-0.001994017946161497,-0.007976071784645877,-0.06979062811565295,-0.039880358923230164,0.013958125623130702,2025H2
002163,2025-08-19,1,bull,ma_bull,pullback_holds,current_week,0.00700700700700696,-0.06106106106106102,0.04204204204204198,-0.07407407407407407,0.025025025025025016,2025H2
002163,2025-08-20,2,bull,ma_bull,shrinking_volume_acceleration,current_week,-0.03376365441906648,-0.10228401191658387,0.009930486593842991,-0.10427010923535263,0.01688182720953324,2025H2
002163,2025-08-21,3,bull,ma_bull,pullback_holds,current_week,-0.00704225352112664,-0.06941649899396374,0.01307847082494984,-0.09255533199195176,0.030181086519114775,2025H2
002163,2025-08-22,4,bull,ma_bull,pullback_holds,current_week,-0.012072434607645843,-0.053319919517102576,0.02012072434607659,-0.09255533199195176,0.030181086519114775,2025H2
002163,2025-08-25,0,bull,none,pullback_holds,current_week,-0.023255813953488413,-0.056622851365015214,0.01921132457027297,-0.0879676440849344,0.03538928210313452,2025H2
002163,2025-08-26,1,bull,none,pullback_holds,current_week,-0.06759443339960236,-0.07654075546719674,-0.025844930417495027,-0.10337972166998022,0.004970178926441138,2025H2
002163,2025-09-11,3,bull,none,two_day_acceleration,current_week,0.04136504653567741,0.04136504653567741,0.1261633919338161,-0.0175801447776629,0.07755946225439514,2025H2
002163,2025-09-16,1,bull,macd_cross,two_day_acceleration,current_week,-0.05496624879459988,0.0038572806171648377,0.03567984570877525,-0.08389585342333661,0.017357762777242103,2025H2
002163,2025-09-19,4,mid,none,shrinking_volume_acceleration,current_week,0.010869565217391353,-0.017786561264822254,0.03754940711462451,-0.06521739130434778,0.042490118577074965,2025H2
002163,2025-10-13,0,bull,ma_bull,pullback_holds,current_week,0.0995975855130784,0.05633802816901423,0.6066398390342054,0.0,0.15392354124748509,2025H2
002163,2025-10-14,1,bull,ma_bull,two_day_acceleration,current_week,0.0869140625,0.064453125,0.5302734375,-0.011718749999999889,0.1201171875,2025H2
002163,2025-10-16,3,bull,ma_bull,two_day_acceleration,current_week,0.027462121212121104,0.14109848484848486,0.41382575757575757,-0.01041666666666663,0.19696969696969702,2025H2
002163,2025-10-21,1,bull,ma_bull,shrinking_volume_acceleration,current_week,-0.010889292196007205,0.36297640653357544,0.4319419237749549,-0.04900181488203259,0.4292196007259528,2025H2
002163,2025-12-01,0,mid,ma_bull,pullback_holds,current_week,0.09499999999999997,0.14642857142857157,0.7514285714285713,-0.04571428571428571,0.35142857142857165,2025H2
002163,2026-02-09,0,bull,none,shrinking_volume_acceleration,current_week,-0.07279236276849643,-0.15393794749403356,-0.16587112171837715,-0.1569212410501194,0.008353221957040358,2026H1
002163,2026-04-09,3,mid,none,pullback_holds,current_week,0.0007727975270479526,-0.0587326120556414,-0.057959814528593556,-0.06800618238021627,0.04791344667697062,2026H1
002163,2026-04-13,0,mid,none,pullback_holds,current_week,0.025660964230171057,-0.07231726283048212,-0.05676516329704495,-0.10108864696734055,0.054432348367029704,2026H1
002163,2026-04-14,1,mid,none,pullback_holds,current_week,-0.003088803088803105,-0.05868725868725877,-0.10347490347490362,-0.10733590733590737,0.0471042471042471,2026H1
002163,2026-04-15,2,mid,none,pullback_holds,current_week,-0.01567398119122254,-0.04623824451410652,-0.09482758620689646,-0.09404388714733536,0.06269592476489039,2026H1
002163,2026-04-16,3,mid,none,pullback_holds,current_week,-0.05508145849495738,-0.03335919317300229,-0.11636927851047318,-0.10318076027928624,0.051978277734678,2026H1
002163,2026-04-20,0,bull,none,two_day_acceleration,current_week,-0.09826152683295541,-0.057445200302343125,-0.17913832199546498,-0.12622826908541196,0.003023431594860071,2026H1
002163,2026-04-28,1,bull,none,two_day_acceleration,current_week,0.0504132231404959,-0.04049586776859504,-0.1512396694214876,-0.047107438016528946,0.08677685950413228,2026H1
002163,2026-04-30,3,bull,none,two_day_acceleration,current_week,-0.0193081255028158,-0.0836685438455349,-0.19549477071600962,-0.10056315366049884,0.057924376508447395,2026H1
002512,2023-03-24,4,mid,ma_bull,two_day_acceleration,current_week,-0.024663677130044692,-0.0829596412556054,-0.16816143497757852,-0.08744394618834073,0.013452914798206317,2023H1
002512,2023-05-05,4,bull,none,shrinking_volume_acceleration,current_week,-0.007712082262210873,0.023136246786632286,0.05398457583547556,-0.04113110539845766,0.03598971722365052,2023H1
002512,2023-06-15,3,mid,none,pullback_holds,current_week,-0.06112469437652812,-0.02689486552567233,0.09290953545232261,-0.07334963325183375,0.02689486552567244,2023H1
002512,2023-07-05,2,mid,macd_stabilizing,pullback_holds,current_week,0.054862842892768215,0.05985037406483795,0.04987531172069826,-0.02244389027431415,0.1197007481296759,2023H2
002512,2023-07-14,4,mid,macd_stabilizing,shrinking_volume_acceleration,current_week,-0.04439252336448607,-0.04439252336448607,-0.04672897196261683,-0.0841121495327104,0.0490654205607477,2023H2
002512,2023-07-31,0,bull,ma_bull,pullback_holds,current_week,0.048661800486617945,-0.019464720194647178,0.009732360097323589,-0.03649635036496357,0.055961070559610526,2023H2
002512,2023-08-04,4,bull,ma_bull,two_day_acceleration,current_week,-0.03546099290780147,-0.09456264775413714,0.007092198581560183,-0.09456264775413714,0.026004728132387633,2023H2
002512,2023-09-06,2,mid,ma_bull,shrinking_volume_acceleration,current_week,0.044247787610619316,-0.06415929203539827,0.1836283185840708,-0.07300884955752218,0.10176991150442483,2023H2
002512,2023-11-07,1,mid,ma_bull,pullback_holds,current_week,0.19405940594059423,0.14653465346534666,0.0990099009900991,-0.035643564356435564,0.3128712871287129,2023H2
002512,2023-11-09,3,mid,ma_bull,pullback_holds,current_week,0.19269776876267763,0.15618661257606492,0.19269776876267763,-0.012170385395537497,0.3448275862068966,2023H2
002512,2023-11-10,4,mid,ma_bull,pullback_holds,current_week,0.15308151093439348,0.10735586481113324,0.15308151093439348,-0.001988071570576455,0.31809145129224636,2023H2
002512,2024-02-27,1,bull,none,shrinking_volume_acceleration,current_week,-0.01298701298701288,0.006493506493506551,0.04978354978354993,-0.10389610389610393,0.023809523809523947,2024H1
002512,2024-03-06,2,bull,none,shrinking_volume_acceleration,current_week,0.04166666666666652,0.11842105263157898,0.01754385964912264,-0.04166666666666674,0.16447368421052633,2024H1
002512,2024-03-15,4,bull,none,shrinking_volume_acceleration,current_week,0.04219409282700415,0.021097046413502074,-0.23839662447257393,-0.03375527426160341,0.120253164556962,2024H1
002512,2024-03-18,0,bull,none,two_day_acceleration,current_week,-0.0020746887966804906,0.014522821576763434,-0.1908713692946059,-0.049792531120331995,0.10165975103734448,2024H1
002512,2026-02-25,2,bull,none,two_day_acceleration,current_week,-0.14119601328903664,-0.24584717607973428,-0.31727574750830567,-0.29401993355481737,0.01661129568106312,2026H1
002512,2026-02-26,3,bull,none,pullback_holds,current_week,-0.1803005008347246,-0.23873121869782965,-0.337228714524207,-0.29048414023372293,0.02170283806343898,2026H1
002512,2026-02-27,4,bull,none,pullback_holds,current_week,-0.18673647469458987,-0.16404886561954635,-0.31239092495637,-0.2582897033158814,0.0,2026H1
688198,2026-01-05,0,bull,none,shrinking_volume_acceleration,current_week,0.014495379597753377,0.008244247146222294,-0.04430150389563314,-0.01657909041493022,0.05816271063598477,2026H1
688198,2026-01-06,1,bull,none,pullback_holds,current_week,0.03471464921846601,0.01617593602326428,-0.050072700836059636,-0.013540530716103283,0.061432206470374284,2026H1
688198,2026-01-07,2,bull,none,pullback_holds,current_week,0.03672727272727272,0.0031818181818181746,-0.050181818181818105,-0.009090909090909038,0.06181818181818177,2026H1
688198,2026-01-08,3,bull,none,pullback_holds,current_week,0.04557737344622592,-0.02404972077103218,-0.04107368041794257,-0.026301567285173744,0.05206269140695374,2026H1
688198,2026-01-09,4,bull,none,pullback_holds,current_week,-0.005806792187225018,-0.023931022347351782,-0.0744325180362484,-0.04935773359141293,0.02762625373922223,2026H1
688198,2026-01-15,3,bull,macd_stabilizing,shrinking_volume_acceleration,current_week,-0.06819745442036462,-0.07447540419676635,-0.13226694186446508,-0.08797729618163053,0.0032679738562091387,2026H1
002520,2025-06-23,0,bull,none,shrinking_volume_acceleration,current_week,0.07214765100671161,0.028523489932885893,0.1325503355704698,0.0,0.1006711409395975,2025H1
002520,2025-06-25,2,bull,none,pullback_holds,current_week,0.020967741935483897,0.19516129032258056,0.050000000000000044,-0.03870967741935483,0.19516129032258056,2025H1
002520,2025-06-27,4,bull,none,pullback_holds,current_week,-0.009708737864077555,0.12621359223300965,0.06957928802589008,-0.03559870550161803,0.22977346278317157,2025H1
002520,2025-06-30,0,bull,none,two_day_acceleration,current_week,-0.03767660910518056,0.13657770800627955,0.06750392464678168,-0.06436420722135006,0.19309262166405028,2025H1
002520,2025-07-28,0,bull,macd_cross,two_day_acceleration,current_week,-0.023809523809523725,0.023809523809523725,0.049107142857142794,-0.05654761904761907,0.049107142857142794,2025H2
002520,2025-07-29,1,bull,none,pullback_holds,current_week,0.010494752623688264,0.04197901049475261,0.05697151424287861,-0.04947526236881561,0.05697151424287861,2025H2
002520,2025-08-05,1,bull,macd_cross,two_day_acceleration,current_week,0.019061583577712593,0.04252199413489732,0.032258064516129004,-0.032258064516129004,0.048387096774193505,2025H2
002520,2025-08-08,4,bull,macd_cross,shrinking_volume_acceleration,current_week,-0.01447178002894356,0.00723589001447178,0.01736613603473236,-0.04486251808972497,0.0347322720694645,2025H2
002520,2025-08-19,1,bull,ma_bull,two_day_acceleration,current_week,-0.0014164305949009304,-0.0028328611898017497,0.049575070821529676,-0.07932011331444766,0.026912181303116123,2025H2
002520,2025-08-21,3,bull,ma_bull,pullback_holds,current_week,-0.024460431654676262,-0.03884892086330938,0.03597122302158273,-0.06474820143884896,0.050359712230215736,2025H2
002520,2025-08-22,4,bull,ma_bull,pullback_holds,current_week,-0.049928673323823114,0.0028530670470756636,-0.00998573466476449,-0.07275320970042798,0.041369472182596345,2025H2
002520,2025-08-25,0,bull,ma_bull,two_day_acceleration,current_week,-0.05657708628005664,0.01555869872701554,-0.00990099009900991,-0.08062234794908063,0.032531824611032434,2025H2
002520,2025-09-03,2,bull,ma_bull,pullback_holds,current_week,0.038123167155425186,0.0997067448680351,-0.10117302052785926,-0.038123167155425186,0.1187683284457477,2025H2
002520,2025-09-16,1,bull,ma_bull,two_day_acceleration,current_week,-0.11772665764546686,-0.17185385656292296,-0.19756427604871463,-0.19350473612990537,0.03247631935047357,2025H2
002520,2026-03-09,0,mid,ma_bull,shrinking_volume_acceleration,current_week,-0.037735849056603876,-0.2104499274310595,-0.22060957910014523,-0.22206095791001457,0.046444121915820036,2026H1
002520,2026-03-10,1,bull,ma_bull,shrinking_volume_acceleration,current_week,-0.08522727272727271,-0.1960227272727273,-0.203125,-0.23863636363636365,0.024147727272727293,2026H1
600166,2023-05-04,3,bull,none,pullback_holds,current_week,0.06707317073170715,0.0,-0.04268292682926833,-0.009146341463414753,0.08841463414634143,2023H1
600166,2023-05-05,4,bull,none,shrinking_volume_acceleration,current_week,0.023880597014925398,-0.03880597014925369,-0.03880597014925369,-0.04179104477611939,0.06567164179104479,2023H1
600166,2023-09-14,3,mid,macd_stabilizing,pullback_holds,current_week,-0.0196629213483146,-0.028089887640449507,-0.1095505617977528,-0.0393258426966292,0.02528089887640439,2023H2
600166,2023-11-07,1,mid,none,pullback_holds,current_week,0.0,0.0032051282051281937,-0.04166666666666663,-0.028846153846153855,0.03525641025641013,2023H2
600166,2023-11-09,3,mid,none,pullback_holds,current_week,0.01948051948051943,0.01948051948051943,-0.04870129870129869,-0.016233766233766156,0.04870129870129869,2023H2
600166,2023-11-10,4,mid,none,pullback_holds,current_week,0.035947712418300526,0.006535947712418277,-0.06209150326797386,-0.009803921568627416,0.05555555555555558,2023H2
600166,2023-11-15,2,mid,none,two_day_acceleration,current_week,-0.047021943573667735,-0.031347962382445194,-0.0877742946708463,-0.047021943573667735,0.0031347962382446415,2023H2
600166,2023-11-17,4,mid,none,shrinking_volume_acceleration,current_week,-0.03448275862068961,-0.04388714733542309,-0.10658307210031348,-0.056426332288401215,0.0031347962382446415,2023H2
600166,2025-10-09,3,bull,ma_bull,pullback_holds,current_week,0.0072727272727273196,0.0036363636363636598,0.058181818181818334,-0.039999999999999925,0.029090909090909056,2025H2
600166,2025-10-10,4,bull,ma_bull,pullback_holds,current_week,-0.02573529411764719,0.014705882352941124,0.0625,-0.02941176470588236,0.04044117647058809,2025H2
600166,2025-10-15,2,bull,ma_bull,shrinking_volume_acceleration,current_week,-0.02491103202846967,0.010676156583629748,0.039145907473309594,-0.06049822064056942,0.014234875444839812,2025H2
600166,2025-10-22,2,bull,macd_stabilizing,pullback_holds,current_week,0.04029304029304015,0.06227106227106227,0.06227106227106227,-0.0073260073260073,0.14652014652014644,2025H2
600166,2025-10-23,3,bull,macd_stabilizing,pullback_holds,current_week,0.04347826086956519,0.05434782608695654,0.03985507246376807,-0.007246376811594235,0.13405797101449268,2025H2
600166,2025-11-11,1,bull,ma_bull,pullback_holds,current_week,0.010273972602739878,-0.05821917808219179,-0.05479452054794509,-0.06506849315068497,0.044520547945205546,2025H2
600166,2025-11-12,2,bull,ma_bull,pullback_holds,current_week,-0.006849315068493178,-0.05821917808219179,-0.05136986301369861,-0.06506849315068497,0.044520547945205546,2025H2
600166,2025-12-01,0,mid,ma_bull,pullback_holds,current_week,0.0071428571428568954,-0.021428571428571463,0.03214285714285703,-0.03214285714285725,0.03214285714285703,2025H2
600166,2025-12-19,4,mid,macd_stabilizing,two_day_acceleration,current_week,0.003472222222222321,0.03125,0.06597222222222232,-0.01736111111111105,0.03472222222222232,2025H2
600166,2025-12-22,0,bull,none,two_day_acceleration,current_week,-0.013651877133105783,-0.0034129692832765013,0.06143344709897591,-0.03412969283276457,0.020477815699658786,2025H2
600166,2025-12-24,2,bull,none,shrinking_volume_acceleration,current_week,0.0,-0.003424657534246478,0.10273972602739745,-0.03082191780821908,0.023972602739726234,2025H2
600166,2025-12-30,1,bull,none,shrinking_volume_acceleration,current_week,-0.0068728522336769515,0.01718213058419238,0.06529209621993126,-0.01718213058419249,0.027491408934708028,2025H2
600166,2025-12-31,2,bull,macd_cross,shrinking_volume_acceleration,current_week,-0.003424657534246478,0.006849315068493178,0.010273972602739878,-0.020547945205479423,0.023972602739726234,2025H2
600166,2026-01-12,0,bull,ma_bull,pullback_holds,current_week,0.044520547945205546,0.09246575342465757,0.08561643835616439,-0.017123287671232834,0.13698630136986312,2026H1
600166,2026-01-16,4,bull,ma_bull,pullback_holds,current_week,0.09897610921501698,0.006825938566553003,0.07849829351535842,-0.013651877133105783,0.13310580204778155,2026H1
600166,2026-01-21,2,bull,ma_bull,two_day_acceleration,current_week,0.022508038585209,0.006430868167202508,0.032154340836012985,-0.07395498392282962,0.06752411575562722,2026H1
600166,2026-02-26,3,bull,ma_bull,pullback_holds,current_week,-0.049844236760124505,-0.03738317757009346,-0.11838006230529596,-0.07788161993769471,0.006230529595015577,2026H1
600166,2026-02-27,4,bull,ma_bull,pullback_holds,current_week,-0.022222222222222143,-0.022222222222222143,-0.09206349206349207,-0.060317460317460325,0.009523809523809712,2026H1
600166,2026-03-12,3,bull,ma_bull,pullback_holds,current_week,-0.06840390879478842,-0.07817589576547235,0.08794788273615617,-0.1335504885993486,0.0228013029315961,2026H1
600166,2026-04-16,3,mid,none,shrinking_volume_acceleration,current_week,0.09677419354838701,0.035190615835777095,-0.055718475073313734,-0.02052785923753675,0.1319648093841641,2026H1
600166,2026-04-17,4,mid,none,two_day_acceleration,current_week,0.07267441860465107,0.029069767441860517,-0.07848837209302328,-0.029069767441860517,0.12209302325581395,2026H1
600166,2026-05-08,4,bull,ma_bull,pullback_holds,current_week,-0.05277777777777781,-0.13055555555555565,-0.1611111111111111,-0.1444444444444445,0.0277777777777779,2026H1
600166,2026-05-11,0,bull,ma_bull,pullback_holds,current_week,-0.10164835164835162,-0.14560439560439564,-0.18131868131868134,-0.15384615384615385,0.016483516483516425,2026H1
600166,2026-06-03,2,mid,none,two_day_acceleration,current_week,-0.026058631921824116,0.04885993485342022,-0.02931596091205224,-0.05211726384364823,0.0684039087947883,2026H1
600166,2026-06-22,0,bull,none,shrinking_volume_acceleration,current_week,-0.08125000000000004,0.0,-0.078125,-0.11875000000000013,0.018750000000000044,2026H1
600166,2026-08-10,0,mid,none,pullback_holds,current_week,-0.04901960784313719,-0.06862745098039214,-0.05228758169934644,-0.07516339869281041,0.009803921568627416,2026H2
600166,2026-08-11,1,mid,none,pullback_holds,current_week,-0.05245901639344264,-0.06229508196721323,-0.04262295081967227,-0.07540983606557394,0.003278688524590123,2026H2
600166,2026-08-20,3,mid,none,two_day_acceleration,current_week,-0.0033783783783782884,-0.03378378378378377,,-0.04729729729729737,0.023648648648648685,2026H2
600166,2026-08-26,2,mid,none,pullback_holds,current_week,-0.01379310344827589,0.0034482758620690834,,-0.020689655172413834,0.04482758620689675,2026H2
600166,2026-08-27,3,mid,none,two_day_acceleration,current_week,-0.027210884353741527,-0.017006802721088343,,-0.03401360544217691,0.03061224489795933,2026H2
600166,2026-08-28,4,mid,none,two_day_acceleration,current_week,-0.02684563758389269,-0.05033557046979864,,-0.057046979865771785,0.0,2026H2
300514,2023-07-03,0,mid,ma_bull,pullback_holds,current_week,0.07270233196159115,0.10768175582990391,-0.14197530864197527,-0.039094650205761305,0.1358024691358024,2023H2
300514,2023-08-07,0,bull,none,pullback_holds,current_week,-0.02371541501976293,-0.031620553359683834,0.14150197628458483,-0.057707509881422925,0.0039525691699604515,2023H2
300514,2023-09-04,0,mid,none,shrinking_volume_acceleration,current_week,0.004827586206896495,-0.0386206896551724,0.008275862068965578,-0.055172413793103336,0.05103448275862066,2023H2
300514,2023-11-06,0,mid,ma_bull,two_day_acceleration,current_week,0.02544031311154593,0.07632093933463802,0.017612524461839474,-0.015003261578604099,0.07893020221787328,2023H2
300514,2023-11-08,2,mid,ma_bull,two_day_acceleration,current_week,0.01420271142672691,0.0025823111684959432,-0.016785022595222743,-0.018721755971594534,0.06778566817301468,2023H2
300514,2023-11-14,1,mid,ma_bull,shrinking_volume_acceleration,current_week,-0.008782936010037545,-0.020702634880802928,-0.03764115432873272,-0.04642409033877026,0.03764115432873272,2023H2
300514,2023-11-17,4,mid,ma_bull,shrinking_volume_acceleration,current_week,-0.03341740226986134,-0.004413619167717542,-0.04413619167717531,-0.04161412358133665,0.04287515762925587,2023H2
300514,2024-02-21,2,bull,none,two_day_acceleration,current_week,0.08166666666666678,0.19250000000000012,0.3058333333333334,-0.00666666666666671,0.21500000000000008,2024H1
300514,2024-02-22,3,bull,none,shrinking_volume_acceleration,current_week,0.09734513274336298,0.1319388576025744,0.24778761061946897,-0.007240547063555924,0.1802091713596139,2024H1
300514,2024-03-15,4,bull,none,shrinking_volume_acceleration,current_week,0.03644797879390338,0.003976143141153132,-0.13850231941683233,-0.05168986083499005,0.05036447978793901,2024H1
300514,2024-04-01,0,bull,none,pullback_holds,current_week,-0.09049180327868844,-0.09245901639344267,-0.0485245901639344,-0.16065573770491803,0.006557377049180246,2024H1
300514,2025-02-06,3,mid,none,two_day_acceleration,current_week,0.004663557628247883,0.025982678214523602,0.07861425716189219,-0.01865423051299131,0.04130579613590957,2025H1
300514,2025-02-07,4,mid,macd_cross,two_day_acceleration,current_week,-0.015013054830287254,0.021540469973890364,0.04634464751958234,-0.03851174934725843,0.026109660574412663,2025H1
300514,2025-02-11,1,mid,ma_bull,two_day_acceleration,current_week,-0.0383116883116883,0.0006493506493505663,0.04155844155844157,-0.04350649350649349,0.020779220779220786,2025H1
300514,2025-02-17,0,bull,ma_bull,pullback_holds,current_week,0.02036793692509864,-0.0013140604467805073,0.08147174770039434,-0.03219448094612354,0.04270696452036793,2025H1
300514,2025-02-26,2,bull,none,two_day_acceleration,current_week,0.033586818757921355,0.050697084917617374,-0.012674271229404344,-0.05259822560202787,0.06147021546261078,2025H1
600444,2023-11-07,1,mid,ma_bull,pullback_holds,current_week,0.005730659025787954,0.007879656160458381,0.21919770773638958,-0.007879656160458492,0.022922636103151817,2023H2
600444,2023-11-08,2,mid,ma_bull,two_day_acceleration,current_week,-0.002133712660028375,0.0,0.33143669985775226,-0.014935988620199181,0.015647226173542084,2023H2
600444,2023-11-10,4,mid,ma_bull,pullback_holds,current_week,0.0028510334996436626,0.010691375623663513,0.14754098360655732,-0.010691375623663624,0.02565930149679252,2023H2
600444,2023-11-13,0,mid,ma_bull,two_day_acceleration,current_week,-0.0007037297677691123,-0.005629838142153454,0.09641097818437716,-0.023223082336382816,0.012667135819845132,2023H2
600444,2023-11-14,1,mid,ma_bull,pullback_holds,current_week,0.002136752136752129,0.029202279202279247,0.16168091168091148,-0.01139601139601143,0.030626780626780592,2023H2
600444,2023-11-15,2,mid,ma_bull,pullback_holds,current_week,0.000711743772241924,0.00782918149466183,0.12526690391459083,-0.012099644128113818,0.030604982206405618,2023H2
600444,2023-11-17,4,mid,ma_bull,pullback_holds,current_week,0.008534850640113723,0.0,0.07965860597439534,-0.02133712660028453,0.029871977240398362,2023H2
600444,2023-11-23,3,mid,ma_bull,pullback_holds,current_week,-0.01964912280701747,0.255438596491228,0.037894736842105425,-0.03438596491228074,0.4449122807017545,2023H2
600444,2024-02-27,1,bull,none,shrinking_volume_acceleration,current_week,-0.05537974683544311,-0.005537974683544333,0.010284810126582222,-0.07041139240506333,0.05458860759493667,2024H1
600444,2024-12-02,0,bull,ma_bull,two_day_acceleration,current_week,-0.004736530491415203,-0.011249259917110788,-0.10065127294256959,-0.02072232089994086,0.039668442865600895,2024H2
600444,2024-12-04,2,bull,ma_bull,pullback_holds,current_week,0.008353221957040358,-0.027446300715990524,-0.10799522673031026,-0.06085918854415284,0.04773269689737458,2024H2
600444,2024-12-05,3,bull,ma_bull,pullback_holds,current_week,0.026035502958579926,-0.04023668639053257,-0.16213017751479286,-0.06863905325443775,0.03905325443786989,2024H2
600444,2024-12-06,4,bull,ma_bull,two_day_acceleration,current_week,-0.007079646017698948,-0.04247787610619458,-0.16873156342182893,-0.07138643067846606,0.03598820058997054,2024H2
600444,2024-12-12,3,bull,ma_bull,two_day_acceleration,current_week,-0.058072009291521454,-0.12833914053426243,-0.17479674796747957,-0.1538908246225319,0.004065040650406582,2024H2
600444,2025-02-10,0,mid,none,shrinking_volume_acceleration,current_week,-0.019884541372674702,-0.021167415009621604,-0.015394483643361156,-0.05003207184092362,0.00962155227710082,2025H1
600444,2025-02-17,0,bull,none,pullback_holds,current_week,-0.004566210045662156,-0.0365296803652968,0.022831050228310446,-0.04174820613176777,0.0071754729288975305,2025H1
600444,2025-02-19,2,bull,none,shrinking_volume_acceleration,current_week,0.007905138339921125,-0.008563899868247682,0.05335968379446654,-0.03623188405797095,0.017127799736495364,2025H1
600444,2025-02-20,3,bull,none,pullback_holds,current_week,-0.013707571801566676,-0.007832898172323688,0.060704960835509025,-0.04503916449086154,0.007832898172323688,2025H1
600444,2025-02-21,4,bull,none,pullback_holds,current_week,-0.023888520238885214,0.002654280026542777,0.09887193098871916,-0.029197080291970767,0.02455209024552074,2025H1
600444,2025-02-24,0,bull,none,pullback_holds,current_week,-0.02379378717779257,0.014540647719762045,0.07138136153337737,-0.03304692663582287,0.025776602775941848,2025H1
600444,2025-02-26,2,bull,none,pullback_holds,current_week,-0.016339869281045805,0.01437908496732021,0.08758169934640514,-0.04379084967320257,0.02026143790849666,2025H1
600444,2025-03-04,1,mid,none,shrinking_volume_acceleration,current_week,0.02715231788079464,0.054304635761589504,0.056291390728477,-0.015231788079470121,0.07284768211920523,2025H1
600444,2025-03-05,2,bull,none,pullback_holds,current_week,0.03466666666666662,0.06600000000000006,0.04466666666666663,0.0,0.07999999999999985,2025H1
600444,2025-03-06,3,bull,none,pullback_holds,current_week,0.02960526315789469,0.06907894736842102,0.03618421052631571,-0.009868421052631637,0.08552631578947367,2025H1
600444,2025-03-07,4,bull,none,pullback_holds,current_week,0.041032428855062975,0.09596293845135673,-0.06154864328259424,0.0,0.1482461945731306,2025H1
600444,2025-03-13,3,bull,none,two_day_acceleration,current_week,0.04099935938500954,0.025624599615631016,-0.1191543882126842,-0.014093529788597126,0.11146700832799494,2025H1
600444,2025-03-20,3,bull,none,two_day_acceleration,current_week,-0.009282178217821735,-0.02537128712871284,-0.10829207920792083,-0.07363861386138615,0.07363861386138626,2025H1
600444,2025-03-21,4,mid,none,two_day_acceleration,current_week,-0.07995296884185776,-0.16637272192827757,-0.1510875955320401,-0.16637272192827757,0.01058201058201047,2025H1
600444,2025-04-21,0,mid,none,two_day_acceleration,current_week,0.007644197359277127,0.06601806810284905,0.053509381514941,-0.006254343293954134,0.06879777623349548,2025H1
600444,2025-05-08,3,bull,none,shrinking_volume_acceleration,current_week,-0.011780104712041939,-0.007853403141361293,0.081806282722513,-0.02617801047120416,0.024214659685863893,2025H1
600444,2025-05-19,0,bull,none,two_day_acceleration,current_week,0.038261997405966364,0.05642023346303504,0.05512321660181585,-0.027237354085603127,0.08430609597924765,2025H1
600444,2025-05-21,2,bull,none,pullback_holds,current_week,0.048828125,0.06380208333333326,0.02864583333333348,-0.0234375,0.08854166666666674,2025H1
600444,2025-05-28,2,mid,none,shrinking_volume_acceleration,current_week,0.014276846679081245,0.01365611421477353,0.0018621973929238145,-0.01055245189323406,0.044072004965859835,2025H1
600444,2025-05-29,3,bull,macd_cross,shrinking_volume_acceleration,current_week,-0.0006045949214025237,0.009068923821039965,-0.013905683192261264,-0.03204353083434086,0.08524788391777505,2025H1
600444,2025-07-01,1,bull,ma_bull,pullback_holds,current_week,0.007859733978234695,0.023579201934703864,0.0695284159613061,-0.018137847642079596,0.08464328899637263,2025H2
600444,2025-07-04,4,bull,ma_bull,pullback_holds,current_week,0.05009163103237624,0.16432498472816115,0.054367745876603646,-0.007941356139279154,0.16432498472816115,2025H2
600444,2025-07-07,0,bull,ma_bull,shrinking_volume_acceleration,current_week,0.03537170263788969,0.2571942446043165,0.04616306954436444,-0.007793764988009544,0.2571942446043165,2025H2
600444,2025-07-10,3,bull,ma_bull,pullback_holds,current_week,0.04021608643457397,0.09723889555822329,0.05762304921968786,-0.005402160864345751,0.3847539015606243,2025H2
600444,2025-07-11,4,bull,ma_bull,two_day_acceleration,current_week,0.11461988304093551,0.040935672514619936,0.03567251461988308,-0.01754385964912286,0.34912280701754383,2025H2
600444,2025-07-17,3,bull,ma_bull,two_day_acceleration,current_week,0.059710144927536346,0.0017391304347826875,0.0,-0.004057971014492789,0.33739130434782605,2025H2
600444,2025-08-18,0,bull,ma_bull,pullback_holds,current_week,0.03302961275626437,0.013097949886104798,0.034738041002278175,-0.03302961275626415,0.05353075170842825,2025H2
600444,2025-08-19,1,bull,ma_bull,pullback_holds,current_week,0.011731843575418788,-0.01731843575419012,0.016759776536312776,-0.051396648044692794,0.03351955307262555,2025H2
600444,2025-08-22,4,bull,ma_bull,two_day_acceleration,current_week,-0.03267973856209139,-0.04030501089324612,-0.03867102396514144,-0.07570806100217864,0.0016339869281045694,2025H2
600444,2025-09-09,1,bull,none,pullback_holds,current_week,0.019607843137254832,-0.042577030812325,0.07114845938375347,-0.06554621848739506,0.04705882352941182,2025H2
600444,2025-09-29,0,bull,ma_bull,pullback_holds,current_week,0.09699376063528087,0.054452637549631255,0.16165626772546804,-0.003403289846851898,0.1338627339761771,2025H2
600444,2026-01-06,1,bull,none,pullback_holds,current_week,0.042025862068965525,0.024784482758620774,-0.012931034482758563,-0.00592672413793105,0.06842672413793127,2026H1
600444,2026-01-07,2,bull,macd_stabilizing,two_day_acceleration,current_week,0.015957446808510634,0.021808510638297918,-0.015957446808510634,-0.0015957446808511078,0.05478723404255326,2026H1
600444,2026-01-08,3,bull,macd_stabilizing,two_day_acceleration,current_week,-0.002080083203328087,0.010400416016640657,-0.04784191367654711,-0.023920956838273555,0.03120124804992197,2026H1
600444,2026-02-11,2,bull,macd_stabilizing,shrinking_volume_acceleration,current_week,0.030490956072351416,-0.023255813953488302,-0.07751937984496127,-0.04651162790697683,0.03410852713178292,2026H1
600444,2026-02-26,3,bull,none,shrinking_volume_acceleration,current_week,-0.04400606980273125,-0.052099140111279585,-0.15123925139099637,-0.06676783004552356,0.010116337885685445,2026H1
600444,2026-04-09,3,mid,none,pullback_holds,current_week,0.013127853881278462,0.014840182648401923,-0.02340182648401823,-0.0057077625570775,0.042237442922374635,2026H1
600444,2026-04-10,4,mid,none,shrinking_volume_acceleration,current_week,0.0,0.015765765765765716,-0.04279279279279291,-0.019144144144144115,0.028153153153153143,2026H1
600444,2026-04-17,4,mid,none,pullback_holds,current_week,0.012345679012345512,-0.04040404040404033,-0.07070707070707083,-0.07687991021324359,0.03142536475869795,2026H1
300619,2026-02-25,2,bull,ma_bull,shrinking_volume_acceleration,current_week,-0.13710791083053853,-0.15367922667192735,-0.21700532649437765,-0.20280134148747275,0.006707437364371849,2026H1
300619,2026-04-09,3,mid,none,pullback_holds,current_week,0.046687851381080225,0.1258860914201907,0.1994622341725738,-0.004888780249327818,0.1258860914201907,2026H1
300619,2026-04-16,3,mid,none,shrinking_volume_acceleration,current_week,0.07919400187441439,-0.03865979381443296,0.12910028116213668,-0.08622305529522023,0.07919400187441439,2026H1
300619,2026-05-15,4,bull,none,pullback_holds,current_week,0.009304386353566674,-0.06114311032343811,-0.16614975631369078,-0.08130261408949935,0.09171466548515728,2026H1
603801,2023-03-24,4,mid,ma_bull,pullback_holds,current_week,-0.03167420814479627,0.10497737556561093,-0.037707390648566985,-0.06455505279034679,0.11553544494720991,2023H1
603801,2023-04-11,1,bull,ma_bull,two_day_acceleration,current_week,-0.05555555555555558,-0.1285403050108932,-0.08333333333333326,-0.1612200435729847,0.037854030501089264,2023H1
603801,2023-05-09,1,bull,ma_bull,two_day_acceleration,current_week,0.010216346153846034,-0.039362980769230727,-0.07091346153846156,-0.08653846153846145,0.06310096153846168,2023H1
603801,2023-05-10,2,mid,ma_bull,pullback_holds,current_week,-0.04094955489614249,-0.09258160237388724,-0.09673590504451046,-0.10652818991097934,0.04985163204747778,2023H1
603801,2023-05-11,3,mid,ma_bull,pullback_holds,current_week,-0.030000000000000027,-0.12303030303030305,-0.027272727272727226,-0.13787878787878793,0.07212121212121225,2023H1
002568,2023-07-03,0,mid,none,shrinking_volume_acceleration,current_week,-0.03944191038368661,-0.03434397638851627,-0.007781057150523241,-0.055272337000268346,0.07324926214113225,2023H2
002568,2023-07-05,2,mid,none,pullback_holds,current_week,-0.020714091032978943,-0.04578904333605882,-0.021531752521122938,-0.04824202780049047,0.018533660397928475,2023H2
002568,2023-07-31,0,bull,none,shrinking_volume_acceleration,current_week,-0.02021305654192851,-0.05462988254575252,-0.1835564053537284,-0.08467631794591646,0.00792133296913411,2023H2
002568,2025-05-06,1,mid,none,shrinking_volume_acceleration,current_week,-0.0340136054421768,-0.032123960695389364,0.12471655328798192,-0.08994708994708989,0.008314436885865417,2025H1
002568,2025-05-20,1,bull,none,pullback_holds,current_week,0.06674473067915687,0.1615925058548009,0.03903200624512104,0.0,0.17096018735362994,2025H1
002568,2025-06-23,0,bull,ma_bull,shrinking_volume_acceleration,current_week,-0.043689320388349606,-0.06908140403286034,-0.04966392830470512,-0.08140403286034348,0.0,2025H1
002568,2025-06-25,2,bull,ma_bull,pullback_holds,current_week,-0.04996214988644965,-0.04277062831188505,-0.03179409538228617,-0.07115821347464046,0.0,2025H1
002568,2025-07-09,2,bull,none,pullback_holds,current_week,-0.0019770660340053814,0.011466982997232256,-0.016607354685646447,-0.03835508105970731,0.04033214709371302,2025H2
002568,2025-07-11,4,bull,none,pullback_holds,current_week,0.017269076305220787,0.010441767068273045,-0.014056224899598457,-0.023293172690763142,0.05662650602409647,2025H2
002568,2025-07-17,3,bull,none,pullback_holds,current_week,-0.0027247956403270157,-0.06150253016738039,-0.03970416504476448,-0.06500583884780076,0.024133904242896076,2025H2
002568,2025-07-18,4,bull,none,pullback_holds,current_week,-0.0035643564356435675,-0.03960396039603964,-0.011485148514851495,-0.057425742574257366,0.04198019801980202,2025H2
002568,2025-07-21,0,bull,none,pullback_holds,current_week,-0.00039510075069149053,-0.041090478071908465,-0.016199130778348447,-0.05966021335440541,0.039510075069142614,2025H2
002568,2025-07-22,1,bull,none,two_day_acceleration,current_week,-0.048621745788667625,-0.04402756508422667,-0.03905053598774888,-0.0888208269525268,0.0053598774885146305,2025H2
002568,2025-07-24,3,bull,none,shrinking_volume_acceleration,current_week,-0.05930550136558721,-0.03706593835349192,0.0027311744049942632,-0.0714007023019898,0.0,2025H2
002568,2025-08-20,2,bull,none,two_day_acceleration,current_week,0.08585858585858586,0.011266511266511126,-0.017871017871017858,-0.005827505827505908,0.14141414141414121,2025H2
002568,2025-08-26,1,bull,macd_cross,shrinking_volume_acceleration,current_week,-0.062105263157894774,-0.11192982456140343,-0.0747368421052631,-0.11999999999999988,0.01403508771929829,2025H2
002568,2025-09-24,2,bull,none,pullback_holds,current_week,-0.021186440677966156,0.040446841294298874,-0.04314329738058553,-0.050462249614791954,0.05893682588597837,2025H2
301266,2026-03-09,0,mid,ma_bull,two_day_acceleration,current_week,-0.011186576108669688,-0.017379145025968934,-0.25009988014382745,-0.03815421494206961,0.08869356771873749,2026H1
301266,2026-03-10,1,bull,ma_bull,pullback_holds,current_week,0.017716931749547138,0.09120193275619082,-0.1938796053956111,-0.030601973021944895,0.09925508355143942,2026H1
301266,2026-03-11,2,bull,ma_bull,pullback_holds,current_week,0.021378621378621343,0.006193806193806051,-0.21558441558441566,-0.03796203796203812,0.09090909090909083,2026H1
301266,2026-03-12,3,bull,ma_bull,pullback_holds,current_week,0.07402061855670117,-0.0597938144329897,-0.17793814432989696,-0.110721649484536,0.12577319587628866,2026H1
301266,2026-03-13,4,mid,ma_bull,pullback_holds,current_week,0.09689843908372198,-0.14190147982971824,-0.18893168457328202,-0.15669977701196025,0.10683154267180228,2026H1
301266,2026-04-21,1,bull,none,pullback_holds,current_week,0.004379562043795637,0.007299270072992581,-0.3150851581508516,-0.014598540145985384,0.043309002433089994,2026H1
301266,2026-04-22,2,bull,none,shrinking_volume_acceleration,current_week,0.003095238095238262,-0.01261904761904764,-0.3516666666666667,-0.024761904761904763,0.020952380952381056,2026H1
301069,2025-07-08,1,bull,none,pullback_holds,current_week,0.027985074626865725,0.03544776119402959,0.11753731343283569,-0.016169154228855787,0.05472636815920384,2025H2
301069,2025-07-09,2,bull,none,pullback_holds,current_week,0.0409577819785758,0.032136105860113284,0.358538122243226,-0.003150598613736677,0.06868304977945816,2025H2
301069,2025-07-10,3,bull,none,pullback_holds,current_week,0.026103169670602888,0.026103169670602888,0.34928527035425727,-0.011187072715972635,0.054070851460534586,2025H2
301069,2025-07-11,4,bull,none,pullback_holds,current_week,0.021131137352392804,0.04661280298321935,0.28216283405842124,0.0,0.07271597265382246,2025H2
301069,2025-07-18,4,bull,macd_cross,pullback_holds,current_week,0.021224984839296468,0.015160703456640334,0.4602789569436021,-0.008489993935718698,0.06306852637962401,2025H2
301069,2025-07-28,0,bull,ma_bull,two_day_acceleration,current_week,-0.007536231884057942,0.3124637681159421,0.35710144927536236,-0.03536231884057972,0.4173913043478261,2025H2
301069,2025-08-14,3,bull,ma_bull,two_day_acceleration,current_week,0.07155963302752277,0.028440366972477094,0.08669724770642206,-0.016513761467889854,0.2192660550458716,2025H2
301069,2025-09-10,2,bull,ma_bull,pullback_holds,current_week,0.037859007832898195,-0.021322889469103545,0.0017406440382941035,-0.07397737162750218,0.06527415143603132,2025H2
301069,2025-09-18,3,mid,ma_bull,pullback_holds,current_week,-0.03288619645175239,-0.00692340977931627,0.03245348334054521,-0.07918649935093025,0.007788836001730859,2025H2
301069,2025-10-09,3,bull,none,pullback_holds,current_week,0.0263040570664288,0.11547035220686586,-0.01961658493089602,-0.03700401248328122,0.13018279090503793,2025H2
301069,2025-10-10,4,bull,none,two_day_acceleration,current_week,0.11018518518518516,0.10462962962962963,0.10185185185185186,0.0,0.17361111111111116,2025H2
301069,2025-11-17,0,mid,ma_bull,shrinking_volume_acceleration,current_week,-0.19456706281833613,-0.12292020373514423,-0.1028862478777588,-0.20713073005093374,0.009847198641765864,2025H2
301069,2026-01-05,0,bull,ma_bull,shrinking_volume_acceleration,current_week,0.02942206654991253,-0.020315236427320582,-0.162521891418564,-0.06619964973730297,0.038528896672504365,2026H1
301069,2026-04-09,3,mid,none,pullback_holds,current_week,0.021226415094339757,0.038679245283018915,0.07499999999999996,-0.0018867924528301883,0.07311320754716988,2026H1
301069,2026-04-16,3,mid,none,shrinking_volume_acceleration,current_week,0.025139664804469275,0.028864059590316682,0.11312849162011163,-0.0032588454376164533,0.05912476722532589,2026H1
301069,2026-04-17,4,mid,none,two_day_acceleration,current_week,0.00641907381934903,0.042182485098578804,0.08711600183402113,-0.018340210912425436,0.04906006419073816,2026H1
301069,2026-04-23,3,bull,none,pullback_holds,current_week,0.009593421653723233,0.041114664230242015,0.005481955230699054,-0.02192782092279577,0.07172224760164458,2026H1
301069,2026-04-24,4,bull,none,pullback_holds,current_week,0.0460193281178094,0.057984353428440105,-0.03589507593189145,-0.014726184997699066,0.07961343764381046,2026H1
301069,2026-04-27,0,bull,none,shrinking_volume_acceleration,current_week,0.04686795853988279,0.008111762054979765,-0.040558810274898716,-0.035150968904912205,0.057232987832356974,2026H1
301069,2026-04-30,3,bull,none,pullback_holds,current_week,0.023809523809523725,0.07412398921832875,-0.15992812219227326,-0.007187780772686447,0.08176100628930816,2026H1
688076,2024-02-23,4,bull,none,two_day_acceleration,current_week,0.047768043387568015,0.06591572799332512,0.19190654985398425,-0.021068001668752556,0.1193158114309556,2024H1
688076,2024-03-08,4,bull,ma_bull,shrinking_volume_acceleration,current_week,0.07656065959952896,0.12171181782489215,0.05202198665096214,-0.00824499411071844,0.14350215940321953,2024H1
688076,2024-03-13,2,bull,ma_bull,two_day_acceleration,current_week,0.04452117027076152,0.023078320915864037,-0.0559694711975286,-0.03507177902962022,0.07159731055787755,2024H1
688076,2024-03-18,0,bull,ma_bull,two_day_acceleration,current_week,0.03798842257597679,-0.044319826338639734,-0.06494211287988427,-0.07362518089725034,0.06675108538350205,2024H1
688076,2024-03-19,1,bull,ma_bull,two_day_acceleration,current_week,0.044464285714285845,-0.048214285714285654,-0.07946428571428565,-0.08553571428571427,0.0530357142857143,2024H1
688076,2024-03-20,2,bull,ma_bull,shrinking_volume_acceleration,current_week,-0.01779483600837395,-0.06612002791346827,-0.1071179344033496,-0.10659455687369157,0.02878576413119327,2024H1
688076,2024-03-26,1,mid,ma_bull,two_day_acceleration,current_week,-0.08135125818683209,-0.13564288176490868,-0.05722164770768701,-0.14856945880730787,0.016028955532574996,2024H1
688076,2024-04-02,1,bull,ma_bull,shrinking_volume_acceleration,current_week,-0.06957328385899819,-0.0435992578849721,0.1150278293135436,-0.08348794063079779,0.04823747680890533,2024H1
688076,2024-04-25,3,bull,ma_bull,shrinking_volume_acceleration,current_week,0.09312477264459806,0.07384503455802105,0.029465260094579726,-0.02964714441615135,0.13932339032375407,2024H1
688076,2024-05-09,3,bull,ma_bull,shrinking_volume_acceleration,current_week,-0.04006677796327207,-0.028714524207011705,-0.035893155258764575,-0.08747913188647738,0.04574290484140242,2024H1
688076,2024-05-20,0,bull,ma_bull,pullback_holds,current_week,0.004746835443038,0.00035161744022493835,0.07524613220815746,-0.021097046413502185,0.06926863572433195,2024H1
688076,2024-05-23,3,mid,ma_bull,pullback_holds,current_week,-0.02119593313803203,-0.004825090470446325,0.3251766327761503,-0.04049629501981733,0.029812166120971817,2024H1
688076,2024-06-04,1,mid,ma_bull,pullback_holds,current_week,0.06516162134427916,0.049427056610227504,0.23482127586796664,-0.042927997263553896,0.09765691807764676,2024H1
688076,2024-11-07,3,bull,none,pullback_holds,current_week,0.05738332058148421,0.047628156082631934,-0.025439938791124717,-0.01549349655700083,0.1327467482785003,2024H2
688076,2024-11-08,4,bull,none,two_day_acceleration,current_week,0.036711281070745505,-0.003824091778202754,-0.01453154875717022,-0.013384321223709472,0.13231357552581247,2024H2
688076,2024-11-15,4,mid,none,pullback_holds,current_week,-0.03607770582793712,-0.0018501387604070718,-0.05531914893617029,-0.06401480111008329,0.030342275670675267,2024H2
688076,2024-11-28,3,mid,none,pullback_holds,current_week,-0.04319248826291078,-0.022910798122065756,-0.02985915492957736,-0.05915492957746471,0.029483568075117317,2024H2
688076,2024-11-29,4,mid,none,pullback_holds,current_week,-0.032294404806609056,-0.04130679684566274,-0.013330829891100127,-0.05933158092377011,0.013706346226060928,2024H2
300042,2023-08-04,4,bull,none,two_day_acceleration,current_week,-0.13765736179529275,-0.2036124794745484,-0.2372742200328407,-0.2036124794745484,0.012315270935960632,2023H2
300042,2023-09-18,0,mid,none,shrinking_volume_acceleration,current_week,0.03418181818181831,0.08363636363636373,-0.12254545454545462,-0.036363636363636376,0.13454545454545452,2023H2
300042,2025-08-15,4,bull,macd_cross,shrinking_volume_acceleration,current_week,0.09264413518886672,0.07077534791252482,0.06123260437375744,-0.002783300198807126,0.2524850894632207,2025H2
300042,2025-08-18,0,bull,ma_bull,two_day_acceleration,current_week,0.0703125,0.05312499999999987,0.037890624999999956,-0.01171875,0.23046875,2025H2
300042,2025-08-22,4,bull,ma_bull,shrinking_volume_acceleration,current_week,-0.03199137311286848,-0.10280373831775702,-0.04529115744069012,-0.15061107117181893,0.13227893601725382,2025H2
300042,2025-09-22,0,mid,ma_bull,two_day_acceleration,current_week,0.03932377802278575,0.00330760749724357,0.27048879088570366,-0.02829841969864022,0.17052554208011772,2025H2
300042,2025-10-09,3,bull,ma_bull,two_day_acceleration,current_week,0.011651816312542751,0.04386566141192594,0.010966415352981596,-0.07196710075394097,0.07950651130911579,2025H2
300042,2025-11-12,2,bull,ma_bull,shrinking_volume_acceleration,current_week,-0.04091456077015654,-0.18170878459687134,-0.18622141997593267,-0.2096871239470518,0.04241877256317683,2025H2
300042,2025-12-01,0,mid,none,two_day_acceleration,current_week,0.0014352350197344155,-0.06925008970218871,-0.0678148546824543,-0.07534983853606037,0.02547542160028704,2025H2
300042,2025-12-09,1,mid,none,pullback_holds,current_week,-0.08217677136596058,-0.06829802775748717,0.06574141709276837,-0.09861212563915267,0.015339663988312768,2025H2
300042,2025-12-25,3,bull,none,pullback_holds,current_week,0.0219780219780219,0.10458507010231144,0.2804092459264873,-0.03069344448654787,0.13300492610837433,2025H2
300042,2025-12-26,4,bull,none,pullback_holds,current_week,0.0579654510556622,0.08176583493282141,0.3431861804222649,-0.01804222648752396,0.14779270633397323,2025H2
300042,2026-01-12,0,bull,none,shrinking_volume_acceleration,current_week,0.015764222069911016,0.15798492117888974,0.15421521590130216,-0.04146675805346134,0.2508567511994517,2026H1
300042,2026-01-16,4,bull,none,two_day_acceleration,current_week,0.08734939759036164,0.24062918340026784,0.17771084337349397,-0.02008032128514048,0.30488621151271755,2026H1
300042,2026-04-16,3,mid,ma_bull,shrinking_volume_acceleration,current_week,-0.05460820138043032,0.06110434429557454,0.4660982541615917,-0.07511165245635398,0.08769792935444576,2026H1
300042,2026-04-30,3,bull,ma_bull,two_day_acceleration,current_week,0.14956736711990093,0.27529577962210827,0.02560480310789326,-0.0005297545470598353,0.33851315557125194,2026H1
300042,2026-05-20,2,bull,ma_bull,shrinking_volume_acceleration,current_week,-0.1714786832164058,-0.19508904479222877,-0.08971937398812746,-0.26065839179708583,0.03966540744738256,2026H1
300042,2026-05-22,4,mid,ma_bull,shrinking_volume_acceleration,current_week,-0.13703867078370835,0.00470519041317452,0.08395824143508301,-0.19423614174386117,0.0639611821790913,2026H1
300042,2026-06-24,2,bull,ma_bull,shrinking_volume_acceleration,current_week,-0.00432432432432428,-0.2005405405405405,-0.41567567567567565,-0.22972972972972971,0.10270270270270276,2026H1
300042,2026-06-25,3,bull,ma_bull,two_day_acceleration,current_week,-0.06375000000000008,-0.1315277777777778,-0.40513888888888894,-0.20833333333333337,0.13333333333333353,2026H1
300042,2026-09-08,1,mid,none,pullback_holds,current_week,-0.04117946110828685,,,-0.06609049313675652,0.005338078291814874,2026H2
300042,2026-09-09,2,bull,none,pullback_holds,current_week,,,,-0.041981747066492825,0.0312907431551499,2026H2
002833,2023-11-15,2,mid,none,pullback_holds,current_week,-0.026997245179063434,-0.009917355371900971,-0.04297520661157028,-0.03526170798898076,0.018181818181818077,2023H2
002833,2023-11-20,0,mid,none,pullback_holds,current_week,-0.03958785249457708,-0.05585683297180044,-0.07809110629067251,-0.05856832971800441,0.002169197396963085,2023H2
002833,2023-11-21,1,mid,none,pullback_holds,current_week,-0.012672176308540006,-0.06005509641873297,-0.0435261707988982,-0.06005509641873297,0.007713498622589299,2023H2
002833,2023-12-29,4,mid,none,two_day_acceleration,current_week,-0.04002254791431792,0.00732807215332576,-0.036076662908680945,-0.043968432919955,0.020856820744081128,2023H2
002833,2024-05-15,2,bull,ma_bull,two_day_acceleration,current_week,0.006352087114337657,-0.0480943738656987,-0.0961887477313973,-0.055353901996370136,0.019056261343012748,2024H1
002833,2024-05-16,3,bull,ma_bull,pullback_holds,current_week,-0.01955434288312885,-0.04229195088676685,-0.09777171441564358,-0.05411550704865853,0.021373351523419792,2024H1
002833,2024-05-21,1,bull,ma_bull,pullback_holds,current_week,-0.04312301407172037,-0.049024058102587476,-0.11892873354516575,-0.06536541080344993,0.015887426236949498,2024H1
002833,2026-05-06,2,bull,ma_bull,two_day_acceleration,current_week,0.050168837433671065,-0.0033767486734201935,-0.12928123492522914,-0.012542209358417877,0.08634828750602996,2026H1
002833,2026-05-13,2,bull,ma_bull,shrinking_volume_acceleration,current_week,-0.05098759761139182,-0.13826366559485526,-0.18465778594395954,-0.15480018373909032,0.03445107946715664,2026H1
002833,2026-05-14,3,bull,ma_bull,two_day_acceleration,current_week,-0.09418657052726453,-0.14556106354213616,-0.21451104100946383,-0.1707976566020729,0.00991437584497512,2026H1
002833,2026-06-15,0,bull,none,shrinking_volume_acceleration,current_week,0.018161180476730987,0.09477866061293971,-0.07604994324631098,-0.04086265607264483,0.09477866061293971,2026H1
002833,2026-06-16,1,bull,none,pullback_holds,current_week,0.05480225988700571,0.07514124293785329,-0.05875706214689258,-0.04519774011299438,0.101129943502825,2026H1
002833,2026-06-18,3,bull,none,pullback_holds,current_week,0.00953984287317633,0.06734006734006726,-0.0970819304152638,-0.05162738496071839,0.09371492704826045,2026H1
002833,2026-08-12,2,mid,none,shrinking_volume_acceleration,current_week,-0.026016260162601612,-0.021680216802167918,0.01084010840108407,-0.05040650406504066,0.012466124661246747,2026H2
002833,2026-08-14,4,mid,none,pullback_holds,current_week,0.0011001100110010764,0.03300330033003318,-0.023652365236523587,-0.04235423542354233,0.047304730473047174,2026H2
002833,2026-09-01,1,bull,macd_cross,shrinking_volume_acceleration,current_week,0.0,-0.06504494976203068,,-0.08725542041248013,0.015335801163405494,2026H2
300668,2023-03-08,2,mid,ma_bull,pullback_holds,current_week,-0.028306059265811645,-0.0013268465280847908,-0.07651481645289693,-0.05130473241928346,0.029632905793896658,2023H1
300668,2023-03-09,3,mid,ma_bull,pullback_holds,current_week,-0.046052631578947345,-0.006578947368421018,-0.060087719298245634,-0.05921052631578949,0.025877192982456165,2023H1
300668,2023-03-22,2,mid,ma_bull,pullback_holds,current_week,-0.05761676123963333,-0.08860759493670889,0.1951113051069402,-0.10257529463116544,0.020951549541684766,2023H1
300668,2023-03-23,3,bull,ma_bull,pullback_holds,current_week,-0.04255319148936154,-0.05008865248226946,0.23670212765957466,-0.08953900709219853,0.02349290780141855,2023H1
300668,2023-04-03,0,bull,none,shrinking_volume_acceleration,current_week,0.04843968327899417,0.2761993479273406,0.23707498835584562,-0.043316255239869594,0.3483931066604564,2023H1
300668,2023-04-12,2,bull,macd_stabilizing,shrinking_volume_acceleration,current_week,0.20315236427320493,0.12259194395796857,0.04728546409807355,-0.016637478108581405,0.26751313485113837,2023H1
300668,2023-07-25,1,mid,none,two_day_acceleration,current_week,-0.06393744250229993,-0.12235510579576814,-0.13247470101195957,-0.15225390984360632,0.0579576816927323,2023H2
300668,2024-03-11,0,bull,none,pullback_holds,current_week,0.05955334987593042,0.003970223325062028,-0.05012406947890824,-0.007444168734491385,0.10074441687344904,2024H1
300668,2024-03-15,4,bull,none,shrinking_volume_acceleration,current_week,-0.022170900692840667,-0.05034642032332581,-0.19722863741339502,-0.11454965357967672,0.01524249422632784,2024H1
300668,2026-01-06,1,bull,ma_bull,shrinking_volume_acceleration,current_week,0.05055611729019205,0.0566228513650151,-0.17660936973373786,-0.0593191776204921,0.12234580384226468,2026H1
300668,2026-01-07,2,bull,ma_bull,shrinking_volume_acceleration,current_week,-0.011272141706924366,-0.03446054750402572,-0.19806763285024154,-0.10112721417069248,0.10885668276972615,2026H1
300668,2026-02-25,2,bull,none,pullback_holds,current_week,-0.043528064146620915,-0.005727376861397571,0.3745704467353952,-0.05689194348988169,0.06414662084765177,2026H1
300668,2026-03-11,2,bull,none,pullback_holds,current_week,0.10183767228177643,0.3782542113323124,0.8349923430321591,-0.008422664624808562,0.3859111791730476,2026H1
300668,2026-04-16,3,mid,ma_bull,shrinking_volume_acceleration,current_week,0.06836859590837574,-0.03322259136212624,0.07256513376464424,-0.03829340793845071,0.17083406189893346,2026H1
300668,2026-04-17,4,mid,ma_bull,shrinking_volume_acceleration,current_week,0.04502617801047126,-0.00488656195462478,0.10139616055846412,-0.06998254799301928,0.168586387434555,2026H1
300668,2026-04-29,2,bull,ma_bull,two_day_acceleration,current_week,0.1053833605220229,0.012071778140293477,-0.022185970636215413,-0.13066884176182714,0.13376835236541584,2026H1
300668,2026-05-19,1,bull,ma_bull,pullback_holds,current_week,-0.03491230945746593,-0.02163579741026067,-0.05163088018357642,-0.12719226356335023,0.04327159482052134,2026H1
300668,2026-05-20,2,bull,ma_bull,two_day_acceleration,current_week,-0.07925961082107258,-0.017402309761113788,0.0014238253440912452,-0.1575700047460845,0.020408163265306145,2026H1
300668,2026-06-02,1,mid,ma_bull,pullback_holds,current_week,-0.08434335048978925,-0.039349161547401645,0.06674414743483315,-0.14212186617964473,0.0708949028723227,2026H1
300668,2026-06-16,1,bull,none,pullback_holds,current_week,0.004538313841857322,0.12148717053587021,-0.14819340198987596,-0.07208936987257808,0.18257985686856348,2026H1
300668,2026-08-06,3,mid,none,pullback_holds,current_week,-0.10175000000000001,-0.14024999999999999,-0.19374999999999998,-0.15674999999999994,0.0734999999999999,2026H2
300668,2026-09-08,1,mid,none,pullback_holds,current_week,-0.06034482758620707,,,-0.08866995073891637,0.01754926108374355,2026H2
603602,2023-03-02,3,bull,ma_bull,pullback_holds,current_week,-0.057839721254355436,-0.089198606271777,-0.061324041811846586,-0.089198606271777,0.0027874564459930973,2023H1
603602,2023-03-22,2,mid,ma_bull,two_day_acceleration,current_week,0.009454545454545604,0.01090909090909098,-0.06254545454545446,-0.025454545454545396,0.025454545454545396,2023H1
603602,2023-03-23,3,bull,ma_bull,pullback_holds,current_week,-0.02107558139534882,-0.0007267441860464574,-0.12209302325581395,-0.026162790697674354,0.024709302325581328,2023H1
603602,2023-03-24,4,mid,ma_bull,pullback_holds,current_week,0.00512070226773953,-0.005852231163130939,-0.09217264081931231,-0.019751280175566932,0.0314557425018287,2023H1
603602,2023-03-31,4,bull,none,shrinking_volume_acceleration,current_week,-0.020187454938716765,-0.05912040374909877,-0.11175198269646724,-0.06633020908435472,0.016582552271088513,2023H1
603602,2023-04-03,0,bull,none,pullback_holds,current_week,-0.016594516594516495,-0.05627705627705626,-0.12481962481962472,-0.06998556998556993,0.017316017316017396,2023H1
603602,2023-04-04,1,bull,none,pullback_holds,current_week,-0.008695652173913104,-0.05724637681159428,-0.11376811594202896,-0.06594202898550727,0.020289855072463725,2023H1
603602,2023-04-06,3,bull,none,pullback_holds,current_week,-0.0357142857142857,-0.07928571428571429,-0.13928571428571423,-0.08714285714285708,0.0,2023H1
603602,2023-05-08,0,bull,none,pullback_holds,current_week,-0.02148760330578514,0.011570247933884392,0.06280991735537178,-0.04132231404958675,0.02892561983471076,2023H1
603602,2023-05-22,0,mid,none,pullback_holds,current_week,0.019607843137254832,0.05065359477124187,0.03513071895424824,-0.017156862745097978,0.0702614379084967,2023H1
603602,2023-07-04,1,mid,none,pullback_holds,current_week,-0.005631536604987941,-0.0193081255028158,-0.03057119871279157,-0.032984714400643655,0.008045052292839916,2023H2
603602,2023-07-05,2,mid,none,pullback_holds,current_week,-0.017842660178426617,-0.017842660178426617,-0.0227088402270883,-0.02514193025141931,0.016220600162206056,2023H2
603602,2023-07-25,1,mid,none,pullback_holds,current_week,-0.0065952184666117075,0.01154163231657046,0.014014839241549781,-0.019785655399835123,0.025556471558120242,2023H2
603602,2023-07-27,3,mid,none,pullback_holds,current_week,0.0,0.012489592006661221,0.004163197335553814,-0.009159034138218058,0.03746877601998344,2023H2
603602,2023-07-28,4,bull,none,pullback_holds,current_week,0.0016488046166529546,0.0008244023083263663,-0.014014839241549892,-0.018961253091508645,0.027205276174773196,2023H2
603602,2023-11-08,2,mid,ma_bull,shrinking_volume_acceleration,current_week,0.019254658385092993,-0.003726708074534346,-0.026708074534161574,-0.024844720496894457,0.02546583850931672,2023H2
603602,2023-11-10,4,mid,ma_bull,pullback_holds,current_week,0.03804692454026637,0.0221940393151554,-0.008243500317057673,0.0,0.04692454026632853,2023H2
603602,2023-11-15,2,mid,ma_bull,two_day_acceleration,current_week,-0.016554261189454245,0.0018393623543839777,-0.03985285101164926,-0.024524831391784074,0.02145922746781115,2023H2
603602,2023-11-17,4,mid,ma_bull,shrinking_volume_acceleration,current_week,-0.01527183872938298,-0.020158827122785716,-0.0580329871716555,-0.02810018326206476,0.017715332926084182,2023H2
603602,2024-02-22,3,bull,none,shrinking_volume_acceleration,current_week,0.02564102564102555,0.02020202020202011,0.13209013209013198,-0.011655011655011704,0.07459207459207451,2024H1
603602,2024-02-27,1,bull,none,shrinking_volume_acceleration,current_week,-0.008915304606240793,0.04160475482912318,0.008172362555720625,-0.05052005943536397,0.05126300148588414,2024H1
603602,2024-03-13,2,bull,none,two_day_acceleration,current_week,0.02103786816269282,-0.067321178120617,-0.09256661991584858,-0.06872370266479655,0.029453015427769902,2024H1
603602,2024-03-15,4,bull,none,shrinking_volume_acceleration,current_week,-0.0049365303244005565,0.0049365303244006675,-0.22143864598025376,-0.07616361071932298,0.035260930888575404,2024H1
603602,2024-11-11,0,bull,ma_bull,shrinking_volume_acceleration,current_week,-0.16717479674796742,-0.20884146341463417,-0.1722560975609756,-0.22916666666666663,0.008638211382113958,2024H2
603602,2024-12-02,0,bull,ma_bull,two_day_acceleration,current_week,-0.021621621621621623,0.058858858858859,0.009009009009009139,-0.032432432432432434,0.1009009009009012,2024H2
603602,2024-12-13,4,bull,ma_bull,two_day_acceleration,current_week,-0.045762711864406724,-0.04293785310734455,-0.2118644067796609,-0.14689265536723162,0.03559322033898327,2024H2
603602,2025-02-11,1,mid,ma_bull,two_day_acceleration,current_week,-0.046361185983827435,0.01832884097035037,0.03719676549865225,-0.05552560646900273,0.08625336927223737,2025H1
603602,2025-02-12,2,bull,ma_bull,two_day_acceleration,current_week,-0.09035532994923845,-0.035532994923857864,0.013197969543147225,-0.1106598984771574,0.022842639593908753,2025H1
603602,2025-02-14,4,bull,ma_bull,shrinking_volume_acceleration,current_week,-0.008390141583639266,-0.10697430519140005,-0.025694808599895036,-0.11326691137912948,0.03198741478762446,2025H1
603602,2025-02-26,2,bull,none,shrinking_volume_acceleration,current_week,0.08110936682365266,0.04447933019361594,-0.10308738880167445,-0.12558869701726838,0.13134484563055993,2025H1
603602,2025-03-18,1,bull,ma_bull,pullback_holds,current_week,-0.11740041928721179,-0.13259958071278832,-0.22589098532494767,-0.14360587002096448,0.0005241090146750338,2025H1
603602,2025-04-23,2,mid,none,pullback_holds,current_week,0.01437908496732021,0.051633986928104614,-0.030065359477124187,-0.03529411764705892,0.10000000000000009,2025H1
603602,2025-04-30,2,mid,none,two_day_acceleration,current_week,0.032071840923669104,-0.012828736369467575,-0.02052597819114821,-0.025016035920461754,0.07953816549069925,2025H1
603602,2025-05-26,0,bull,none,shrinking_volume_acceleration,current_week,0.03385240352065,0.02031144211239,0.005416384563303955,-0.03182125930941093,0.07379823967501697,2025H1
600233,2024-10-22,1,bull,ma_bull,shrinking_volume_acceleration,current_week,-0.03379152348224512,-0.07101947308132883,-0.057846506300114675,-0.10022909507445588,0.04524627720503993,2024H2
600233,2024-10-23,2,bull,ma_bull,two_day_acceleration,current_week,-0.07170650361311859,-0.08671484157865494,-0.12340188993885504,-0.12673707615341856,0.011673151750972721,2024H2
600233,2024-12-02,0,bull,none,two_day_acceleration,current_week,0.0020632737276478075,-0.004814305364511662,-0.011004126547455306,-0.017881705639614887,0.028885832187070193,2024H2
600233,2024-12-06,4,bull,none,pullback_holds,current_week,-0.011651816312542862,-0.028101439342015144,-0.032899246058944565,-0.02878684030157641,0.025359835503769856,2024H2
600233,2024-12-12,3,bull,none,pullback_holds,current_week,-0.03249830737982384,-0.010155721056194889,-0.09207853757616791,-0.05213270142180093,0.0013540961408260443,2024H2
600233,2024-12-25,2,bull,none,pullback_holds,current_week,-0.056241426611796985,-0.053497942386831254,-0.07475994513031547,-0.06172839506172845,0.010973936899862924,2024H2
600233,2024-12-27,4,bull,none,pullback_holds,current_week,-0.027567195037904946,-0.07512060647829077,-0.0509993108201241,-0.08407994486560988,0.01102687801516189,2024H2
600233,2025-12-25,3,bull,none,pullback_holds,current_week,-0.029982363315696703,-0.005291005291005235,0.014109347442680775,-0.05232216343327456,0.0029394473838917357,2025H2
600233,2026-01-05,0,bull,none,pullback_holds,current_week,0.023593466424682408,0.0356926799758015,0.015124016938898865,-0.024803387779794295,0.052631578947368585,2026H1
600233,2026-01-06,1,bull,none,pullback_holds,current_week,0.007807807807807876,0.05645645645645647,0.02522522522522541,-0.03183183183183169,0.06786786786786814,2026H1
600233,2026-01-08,3,bull,none,pullback_holds,current_week,0.03145795523290973,0.073805202661827,0.09679370840895318,-0.009679370840895318,0.08287961282516632,2026H1
600233,2026-01-09,4,bull,none,pullback_holds,current_week,0.02786190187764981,0.06238643246517239,0.09024833434282242,-0.0024227740763175243,0.08419139915202911,2026H1
600233,2026-01-12,0,bull,none,two_day_acceleration,current_week,0.011820330969267046,0.019503546099290725,0.06619385342789585,-0.024822695035461084,0.0579196217494089,2026H1
600233,2026-01-13,1,bull,none,pullback_holds,current_week,0.0414446417998815,0.009473060982830184,0.060982830076968586,-0.023090586145648295,0.059798697454114924,2026H1
600233,2026-01-14,2,bull,none,pullback_holds,current_week,0.05231509320505112,0.004810583283223258,0.0835838845460013,-0.0036079374624172766,0.07636800962116674,2026H1
600233,2026-01-20,1,bull,none,two_day_acceleration,current_week,-0.02959590210586227,-0.02845759817871374,0.00512236767216856,-0.05691519635742748,0.018782014797951163,2026H1
600233,2026-01-22,3,bull,none,shrinking_volume_acceleration,current_week,-0.04780652418447706,0.019685039370078705,0.10292463442069733,-0.06805399325084371,0.032058492688413986,2026H1
600233,2026-02-09,0,bull,ma_bull,two_day_acceleration,current_week,-0.01666666666666672,0.05166666666666675,0.11944444444444446,-0.033333333333333215,0.11055555555555574,2026H1
600233,2026-02-11,2,bull,ma_bull,shrinking_volume_acceleration,current_week,0.02777777777777768,0.05500000000000016,0.0955555555555554,-0.033333333333333215,0.11055555555555574,2026H1
600233,2026-03-10,1,bull,ma_bull,shrinking_volume_acceleration,current_week,0.04404145077720223,0.005181347150259086,0.031606217616580334,-0.03989637305699478,0.08290155440414515,2026H1
600233,2026-03-11,2,bull,ma_bull,two_day_acceleration,current_week,0.019143576826196496,-0.001007556675062915,0.0035264483627204246,-0.06649874055415617,0.05289672544080615,2026H1
600233,2026-04-10,4,mid,ma_bull,two_day_acceleration,current_week,0.04520615996025823,0.08941877794336817,0.025832091405862068,-0.02930948832588176,0.1356184798807749,2026H1
600233,2026-04-23,3,bull,ma_bull,two_day_acceleration,current_week,-0.03932082216264521,-0.05898123324396787,-0.15504915102770322,-0.08042895442359232,0.018766756032171594,2026H1
600233,2026-05-12,1,bull,ma_bull,shrinking_volume_acceleration,current_week,-0.08120868744098197,-0.107176581680831,-0.20066100094428707,-0.13597733711048154,0.0,2026H1
600233,2026-08-05,2,mid,none,shrinking_volume_acceleration,current_week,-0.017021276595744705,-0.00638297872340432,-0.11702127659574468,-0.02765957446808509,0.029787234042553123,2026H2
600233,2026-08-10,0,mid,macd_cross,shrinking_volume_acceleration,current_week,-0.010537407797681753,-0.0885142255005269,-0.11011591148577449,-0.09641728134878813,0.02002107481559534,2026H2
002271,2026-02-27,4,bull,ma_bull,pullback_holds,current_week,-0.03714124929656726,-0.08384918401800778,-0.13731007315700616,-0.09848058525604952,0.08328643781654477,2026H1
002271,2026-06-15,0,bull,none,two_day_acceleration,current_week,-0.044550517104216425,-0.05568814638027042,-0.14558472553699287,-0.07955449482895782,0.0342084327764518,2026H1
600323,2024-10-21,0,bull,none,two_day_acceleration,current_week,-0.00694444444444442,-0.02951388888888884,-0.05208333333333326,-0.05685763888888884,0.03298611111111116,2024H2
600323,2024-10-22,1,bull,none,two_day_acceleration,current_week,-0.047739754964089665,-0.055344317701732204,-0.0684410646387833,-0.08196028728348126,0.0038022813688212143,2024H2
600323,2024-10-25,4,bull,none,pullback_holds,current_week,-0.03080260303687643,-0.030368763557483747,-0.06507592190889366,-0.05726681127982647,0.006507592190889255,2024H2
600323,2024-11-19,1,mid,ma_bull,pullback_holds,current_week,-0.025454545454545396,-0.02590909090909088,0.05409090909090919,-0.04409090909090907,0.08045454545454533,2024H2
600323,2024-11-20,2,bull,ma_bull,pullback_holds,current_week,-0.09129154396297845,-0.09718132099284804,-0.026924694993689546,-0.1152713504417332,0.0,2024H2
600323,2024-11-21,3,bull,ma_bull,pullback_holds,current_week,-0.04131497112394489,-0.02665482007996456,0.026654820079964336,-0.06574855619724573,0.011994669035984007,2024H2
600323,2024-12-05,3,bull,none,two_day_acceleration,current_week,0.025068368277119557,0.05332725615314482,0.07793983591613496,-0.005925250683682881,0.07338195077484055,2024H2
600323,2024-12-06,4,bull,macd_stabilizing,shrinking_volume_acceleration,current_week,-0.007582515611061602,0.010258697591436272,0.04237288135593209,-0.02408563782337214,0.0504014272970561,2024H2
600323,2024-12-17,1,bull,macd_cross,two_day_acceleration,current_week,0.012526997840172749,0.020302375809935214,-0.03758099352051836,-0.021598272138228958,0.030237580993520474,2024H2
600323,2024-12-20,4,bull,macd_stabilizing,pullback_holds,current_week,0.02138804015713669,0.020078568310781364,-0.02182453077258839,-0.0017459624618070269,0.046704495853339134,2024H2
600323,2024-12-26,3,bull,ma_bull,pullback_holds,current_week,0.019396551724138122,-0.05431034482758612,-0.030172413793103425,-0.055603448275862055,0.03362068965517251,2024H2
600323,2025-01-27,0,mid,ma_bull,pullback_holds,current_week,-0.03836094158674819,-0.0732345248474281,-0.04620749782040112,-0.15649520488230162,0.0,2025H1
600323,2025-02-20,3,bull,none,pullback_holds,current_week,0.023426734037666597,-0.02480477721635277,0.02664216812126785,-0.030316949931097903,0.06384933394579706,2025H1
600323,2025-02-21,4,bull,none,pullback_holds,current_week,0.012453874538745469,-0.019372693726937174,0.04151291512915134,-0.02629151291512921,0.06826568265682664,2025H1
600323,2025-03-17,0,bull,none,pullback_holds,current_week,0.031081081081081097,0.07612612612612613,0.07297297297297312,-0.008558558558558471,0.10720720720720722,2025H1
600323,2025-03-20,3,bull,macd_stabilizing,shrinking_volume_acceleration,current_week,0.05682326621923939,0.0890380313199104,0.051006711409395944,-0.0026845637583893245,0.11319910514541376,2025H1
600323,2025-03-24,0,mid,none,two_day_acceleration,current_week,0.04141238012205761,0.028334786399302425,0.027898866608544015,-0.018308631211857107,0.08456843940714909,2025H1
600323,2025-04-01,1,mid,macd_cross,shrinking_volume_acceleration,current_week,-0.041034058268362705,-0.013951579811243286,-0.04800984817398446,-0.06483381206401317,0.02092736971686482,2025H1
600323,2025-04-28,0,mid,ma_bull,shrinking_volume_acceleration,current_week,-0.008112724167378405,0.031169940222032455,0.04440649017933396,-0.01707941929974388,0.035866780529461906,2025H1
600323,2025-04-29,1,mid,ma_bull,pullback_holds,current_week,0.01366353543979515,0.030742954739538808,0.061485909479077616,-0.01707941929974388,0.05849701110162253,2025H1
600323,2025-04-30,2,mid,ma_bull,pullback_holds,current_week,0.024568965517241415,0.06767241379310351,0.090948275862069,-0.00775862068965516,0.06939655172413817,2025H1
600323,2025-05-06,1,mid,ma_bull,pullback_holds,current_week,0.030472103004291817,0.06266094420600865,0.08884120171673815,-0.0051502145922747156,0.07081545064377681,2025H1
600323,2025-05-07,2,bull,ma_bull,pullback_holds,current_week,0.018819503849444086,0.07784431137724557,0.08426005132591974,-0.008554319931565413,0.08212147134302827,2025H1
600323,2025-05-08,3,bull,ma_bull,pullback_holds,current_week,0.04094827586206917,0.06982758620689666,0.0905172413793105,-0.0008620689655172153,0.0905172413793105,2025H1
600323,2025-05-13,1,bull,ma_bull,two_day_acceleration,current_week,0.027385892116182475,0.010788381742738551,0.03070539419087126,-0.021576763485477213,0.049792531120331995,2025H1
600323,2025-05-19,0,bull,ma_bull,shrinking_volume_acceleration,current_week,-0.008488278092158463,0.02303961196443005,-0.006467259498787348,-0.021018593371059158,0.02708164915117206,2025H1
600323,2025-05-21,2,bull,ma_bull,two_day_acceleration,current_week,-0.02415841584158418,0.003960396039603964,-0.013861386138613763,-0.04079207920792083,0.01742574257425744,2025H1
600323,2025-05-23,4,bull,ma_bull,pullback_holds,current_week,0.018435067595247823,0.015157722244981686,0.0036870135190496534,-0.0077836952068824905,0.052437525604260626,2025H1
600323,2025-06-03,1,bull,ma_bull,shrinking_volume_acceleration,current_week,-0.029909484454938906,-0.03266430539157805,-0.037780401416765086,-0.03896103896103886,0.011019283746556585,2025H1
600323,2025-07-07,0,bull,none,shrinking_volume_acceleration,current_week,0.024186822351960124,0.07172643869891582,0.1280233527939949,-0.01626355296080073,0.09507923269391161,2025H2
600323,2025-07-08,1,bull,none,pullback_holds,current_week,0.06351183063511834,0.08551266085512665,0.13781652137816525,-0.02075550020755501,0.0900788709007887,2025H2
600323,2025-07-10,3,bull,none,pullback_holds,current_week,0.06519013790221484,0.14793146677810287,0.13915587129126616,-0.0054325114918512,0.14918512327622224,2025H2
600323,2025-07-11,4,bull,none,pullback_holds,current_week,0.06658395368072778,0.152605459057072,0.11538461538461542,-0.005789909015715522,0.16046319272125742,2025H2
600323,2025-07-14,0,bull,macd_stabilizing,pullback_holds,current_week,0.024312475089677044,0.1036269430051815,0.05819051414906351,0.0,0.11837385412514956,2025H2
600323,2025-07-18,4,bull,macd_cross,shrinking_volume_acceleration,current_week,0.078560371517028,0.06424148606811153,0.03250773993808043,-0.012770897832817263,0.0905572755417956,2025H2
600323,2025-07-23,2,bull,ma_bull,two_day_acceleration,current_week,0.006305637982195744,0.021513353115726996,-0.0037091988130564246,-0.01594955489614247,0.04525222551928776,2025H2
600323,2025-08-06,2,bull,ma_bull,pullback_holds,current_week,-0.036607466473359884,-0.02645886190648783,-0.06959043131569398,-0.05654222544400145,0.0,2025H2
600323,2025-08-26,1,bull,ma_bull,pullback_holds,current_week,-0.02685565087653874,0.012308839985080144,0.019768743006340905,-0.0481163744871318,0.02088772845952991,2025H2
600323,2025-09-05,4,bull,ma_bull,pullback_holds,current_week,0.020746887966804906,-0.00905318747642403,0.06714447378347788,-0.021501320256506973,0.041116559788759055,2025H2
600323,2025-10-09,3,bull,ma_bull,pullback_holds,current_week,0.041483113069016087,0.06975036710719529,0.09177679882525691,-0.0033039647577092213,0.0936123348017619,2025H2
600323,2025-10-10,4,bull,ma_bull,two_day_acceleration,current_week,0.02306306306306305,0.04504504504504503,0.07387387387387401,-0.004684684684684637,0.07351351351351343,2025H2
600323,2025-10-15,2,bull,ma_bull,shrinking_volume_acceleration,current_week,0.032531824611032434,0.016265912305516217,0.07673267326732658,-0.013437057991513401,0.05657708628005653,2025H2
600323,2025-10-22,2,bull,ma_bull,two_day_acceleration,current_week,-0.013049450549450503,0.019230769230769162,0.025412087912087822,-0.04258241758241765,0.026098901098901006,2025H2
600323,2025-11-04,1,bull,ma_bull,pullback_holds,current_week,0.0718562874251496,0.06516379006692508,0.01655512504402945,-0.001408946812257783,0.09122930609369506,2025H2
600323,2025-11-14,4,bull,ma_bull,shrinking_volume_acceleration,current_week,-0.028239202657807327,-0.044518272425249195,-0.005647840531561532,-0.06046511627906981,0.029235880398670977,2025H2
600323,2025-11-17,0,mid,ma_bull,two_day_acceleration,current_week,-0.060389610389610326,-0.060064935064935154,-0.03246753246753242,-0.08181818181818179,0.004220779220779125,2025H2
600323,2025-11-18,1,mid,ma_bull,pullback_holds,current_week,-0.04966887417218546,-0.04437086092715237,-0.02980132450331119,-0.06357615894039725,0.006291390728476953,2025H2
600323,2026-01-12,0,bull,none,pullback_holds,current_week,0.011669024045261711,0.027934936350777928,0.03182461103253176,-0.005657708628005631,0.0456152758132955,2026H1
600323,2026-01-13,1,bull,none,pullback_holds,current_week,0.031018681706027396,0.008812125484666922,0.018329221008107188,-0.00845964046528025,0.042298202326401135,2026H1
600323,2026-01-14,2,bull,macd_stabilizing,two_day_acceleration,current_week,0.0024171270718231774,-0.022790055248618768,0.006906077348066253,-0.02969613259668502,0.02106353591160226,2026H1
600323,2026-01-16,4,bull,none,pullback_holds,current_week,0.017192982456140316,0.03649122807017546,-0.012982456140350873,-0.014035087719298178,0.040701754385964906,2026H1
600323,2026-01-26,0,bull,none,pullback_holds,current_week,-0.016511867905056765,0.0037839697282422424,-0.018575851393188847,-0.03336773305813545,0.029239766081871288,2026H1
600323,2026-01-30,4,bull,none,two_day_acceleration,current_week,0.0006828269033800627,-0.03960396039603964,-0.003072721065209949,-0.04062820075110951,0.021509047456469865,2026H1
600323,2026-02-27,4,bull,none,two_day_acceleration,current_week,0.02791519434628964,0.08763250883392226,0.09893992932862195,-0.013074204946996515,0.10883392226148403,2026H1
600323,2026-03-06,4,bull,macd_stabilizing,two_day_acceleration,current_week,0.04622705642420111,0.032970768184908295,0.01903467029231809,-0.018354860639021142,0.06662134602311354,2026H1
600323,2026-03-10,1,bull,none,shrinking_volume_acceleration,current_week,-0.009399127223900572,-0.015105740181268867,-0.007049345417925346,-0.039946290701577625,0.05337361530715001,2026H1
600323,2026-03-13,4,mid,none,two_day_acceleration,current_week,-0.010097719869706756,0.013029315960912058,-0.06351791530944628,-0.06840390879478819,0.03583061889250816,2026H1
600323,2026-04-20,0,bull,ma_bull,pullback_holds,current_week,0.1274305555555555,0.05451388888888897,0.041319444444444464,0.0,0.1454861111111112,2026H1
600323,2026-04-21,1,bull,ma_bull,pullback_holds,current_week,0.07923128792987177,0.06439649359406618,0.027983816587997312,-0.004720161834120051,0.11227242076871202,2026H1
600323,2026-04-24,4,bull,ma_bull,two_day_acceleration,current_week,0.07464694014794881,0.04135843981170151,0.031607262945527737,-0.0003362474781439806,0.10928043039677204,2026H1
600323,2026-05-27,2,mid,ma_bull,pullback_holds,current_week,0.003920287487749086,-0.011434171839268092,-0.10682783404116303,-0.04018294674942835,0.04181639986932373,2026H1
600323,2026-05-29,4,mid,ma_bull,shrinking_volume_acceleration,current_week,-0.031411917098445596,-0.012953367875647603,-0.08646373056994816,-0.04857512953367871,0.03270725388601048,2026H1
600323,2026-06-02,1,mid,ma_bull,pullback_holds,current_week,-0.03741935483870973,-0.0680645161290322,-0.10967741935483866,-0.08354838709677415,0.012258064516128986,2026H1
600323,2026-06-29,0,mid,none,two_day_acceleration,current_week,0.02800425381070548,0.021978021978022122,0.05848989719957465,-0.04112017015242819,0.05175469691598722,2026H1
600323,2026-07-01,2,bull,none,shrinking_volume_acceleration,current_week,0.048648648648648596,0.09189189189189184,0.12432432432432439,-0.0039639639639639235,0.09369369369369385,2026H2
600323,2026-08-10,0,mid,macd_stabilizing,shrinking_volume_acceleration,current_week,-0.017039759438690183,-0.011025726695623073,-0.01303040427664548,-0.026729034413631836,0.01804209822920133,2026H2
600323,2026-08-20,3,mid,macd_stabilizing,pullback_holds,current_week,0.012833502195204405,0.01317122593718345,,-0.012833502195204294,0.043228638973319855,2026H2
600323,2026-09-01,1,bull,macd_cross,shrinking_volume_acceleration,current_week,-0.03303892705266598,-0.04939483153418378,,-0.05724566568531242,0.0022898266274125056,2026H2
300284,2024-04-29,0,bull,ma_bull,shrinking_volume_acceleration,current_week,-0.024185068349106276,-0.07991587802313349,-0.2292323869610936,-0.16088328075709768,0.014721345951629994,2024H1
300284,2024-05-06,0,bull,ma_bull,shrinking_volume_acceleration,current_week,-0.04377880184331784,0.00691244239631339,-0.14976958525345618,-0.08064516129032251,0.11175115207373287,2024H1
300284,2024-05-07,1,bull,ma_bull,two_day_acceleration,current_week,-0.06477272727272732,-0.017045454545454586,-0.13522727272727275,-0.09318181818181825,0.09659090909090895,2024H1
300284,2024-05-09,3,bull,ma_bull,two_day_acceleration,current_week,-0.04371584699453557,-0.09071038251366126,-0.24480874316939893,-0.12786885245901636,0.02732240437158473,2024H1
300284,2024-12-02,0,bull,ma_bull,pullback_holds,current_week,-0.04195205479452058,-0.04794520547945191,-0.06849315068493145,-0.05308219178082185,0.042808219178082085,2024H2
300284,2024-12-03,1,bull,ma_bull,pullback_holds,current_week,0.0401746724890828,-0.07423580786026207,-0.11353711790393017,-0.07860262008733632,0.06375545851528375,2024H2
300284,2024-12-26,3,bull,none,pullback_holds,current_week,-0.13944954128440368,-0.15412844036697249,-0.11192660550458722,-0.1614678899082569,0.016513761467889854,2024H2
300284,2024-12-27,4,bull,none,pullback_holds,current_week,-0.1289134438305708,-0.14180478821362796,-0.1270718232044198,-0.17219152854511965,0.017495395948434744,2024H2
300284,2025-02-10,0,mid,none,shrinking_volume_acceleration,current_week,0.070448307410796,0.07776761207685268,0.008234217749313766,-0.023787740164684323,0.1207685269899359,2025H1
301068,2023-04-04,1,bull,ma_bull,pullback_holds,current_week,0.03590024664291591,0.023294053165250794,0.020827624006577006,-0.03836667580158948,0.05508358454371054,2023H1
301068,2023-04-06,3,bull,ma_bull,pullback_holds,current_week,0.02493150684931522,0.024383561643835705,-0.006301369863013662,-0.007945205479451989,0.0547945205479452,2023H1
301068,2023-06-15,3,mid,ma_bull,shrinking_volume_acceleration,current_week,-0.14205905826017562,-0.06038840117052413,0.019420058526203654,-0.19393455706304874,0.028198989092843796,2023H1
301068,2023-07-05,2,mid,none,two_day_acceleration,current_week,0.03586206896551736,0.044413793103448285,-0.0096551724137931,-0.0022068965517241246,0.10289655172413803,2023H2
301068,2023-07-25,1,mid,none,pullback_holds,current_week,-0.047117662542774386,-0.0668596999210318,-0.07738878652276904,-0.17767833640431696,0.02974466964990774,2023H2
301068,2023-07-26,2,mid,none,pullback_holds,current_week,-0.05126849894291763,-0.08086680761099374,-0.07214587737843559,-0.17441860465116277,0.02114164904862581,2023H2
301068,2023-07-27,3,mid,none,pullback_holds,current_week,-0.06817583574624908,-0.08265332982363782,-0.08396946564885488,-0.17767833640431696,0.0,2023H2
301068,2023-09-11,0,mid,none,pullback_holds,current_week,-0.06171395144779179,-0.11728575606902603,-0.1421468265574728,-0.12401286926001753,0.0,2023H2
301068,2025-05-12,0,bull,none,shrinking_volume_acceleration,current_week,0.06093579978237229,0.019858541893362558,-0.11017410228509239,-0.01577801958650704,0.07970620239390636,2025H1
301068,2025-05-13,1,bull,ma_bull,two_day_acceleration,current_week,0.04483947996816151,0.010082249933669463,-0.1411514990713717,-0.023613690634120332,0.053064473335102225,2025H1
301068,2025-05-15,3,bull,ma_bull,shrinking_volume_acceleration,current_week,-0.005412371134020599,-0.2394329896907217,-0.1922680412371135,-0.26520618556701037,0.022938144329896826,2025H1
301068,2025-05-19,0,bull,ma_bull,shrinking_volume_acceleration,current_week,-0.03871794871794865,-0.19717948717948708,-0.19179487179487176,-0.26897435897435895,0.017692307692307674,2025H1
301068,2025-06-24,1,bull,none,shrinking_volume_acceleration,current_week,0.047529706066291366,0.0065666041275795894,-0.021888680425265816,-0.01813633520950586,0.0903689806128829,2025H1
301068,2025-06-25,2,bull,none,pullback_holds,current_week,0.023573200992555776,-0.01985111662531014,0.015198511166253148,-0.02605459057071957,0.08157568238213386,2025H1
301068,2025-06-26,3,bull,none,pullback_holds,current_week,0.0021651716671822197,-0.016393442622950727,-0.0021651716671822197,-0.03185895453139487,0.07856480049489645,2025H1
301068,2025-07-07,0,bull,none,pullback_holds,current_week,-0.015432098765431945,-0.04290123456790118,-0.015432098765431945,-0.06512345679012344,0.010802469135802406,2025H2
301068,2025-07-24,3,bull,none,pullback_holds,current_week,-0.01089324618736387,0.043884220354808434,-0.016495487083722393,-0.03516962340491758,0.07002801120448177,2025H2
301068,2025-07-25,4,bull,none,shrinking_volume_acceleration,current_week,-0.03199268738574046,0.02376599634369292,-0.06154783668494823,-0.05545399146861674,0.07891529555149313,2025H2
301068,2025-08-06,2,bull,none,pullback_holds,current_week,-0.02156249999999993,-0.003750000000000031,-0.15249999999999997,-0.0546875,0.10656250000000012,2025H2
301068,2025-08-26,1,bull,none,pullback_holds,current_week,-0.135625,-0.14937500000000004,-0.14,-0.16500000000000004,0.0031250000000000444,2025H2
301062,2023-11-13,0,mid,ma_bull,two_day_acceleration,current_week,0.04280510018214945,0.009107468123861429,-0.004553734061930825,-0.01730418943533696,0.07012750455373395,2023H2
301062,2023-11-17,4,mid,ma_bull,two_day_acceleration,current_week,-0.01863354037267073,-0.014196983141082531,-0.02661934338952965,-0.027506654835847244,0.042590949423247704,2023H2
301062,2024-01-02,1,mid,none,shrinking_volume_acceleration,current_week,-0.05224564619615035,-0.0650779101741521,-0.18973418881759851,-0.09165902841429885,0.005499541704858002,2024H1
301062,2024-07-15,0,mid,none,two_day_acceleration,current_week,-0.01495327102803734,-0.032710280373831946,0.008411214953270907,-0.058878504672897236,0.013084112149532645,2024H2
301062,2024-12-05,3,bull,ma_bull,two_day_acceleration,current_week,-0.012082444918265822,-0.08599857853589199,-0.09594882729211085,-0.09737029140014208,0.08670931058990772,2024H2
301062,2024-12-10,1,bull,ma_bull,shrinking_volume_acceleration,current_week,-0.10027100271002698,-0.14227642276422758,-0.1544715447154471,-0.15311653116531165,0.014905149051490652,2024H2
301062,2025-03-10,0,bull,none,shrinking_volume_acceleration,current_week,0.06178010471204187,0.049214659685863804,-0.21256544502617802,-0.01675392670157072,0.07853403141361248,2025H1
301062,2025-03-12,2,bull,none,pullback_holds,current_week,0.05705394190871349,0.03112033195020736,-0.1773858921161826,-0.025933609958506243,0.06846473029045641,2025H1
301062,2025-03-19,2,bull,none,shrinking_volume_acceleration,current_week,-0.025490196078431504,-0.11568627450980407,-0.22549019607843146,-0.12549019607843148,0.009803921568627416,2025H1
301062,2025-03-21,4,mid,none,pullback_holds,current_week,-0.03245436105476662,-0.2677484787018255,-0.17849898580121704,-0.2768762677484786,0.02738336713995948,2025H1
300166,2023-06-19,0,mid,ma_bull,pullback_holds,current_week,-0.14208909370199696,-0.15284178187403996,-0.2181259600614439,-0.17050691244239624,0.03379416282642089,2023H1
300166,2023-06-20,1,mid,ma_bull,pullback_holds,current_week,-0.1322059953881629,-0.15065334358186,-0.24058416602613364,-0.1698693312836279,0.005380476556495095,2023H1
300166,2023-07-04,1,mid,ma_bull,shrinking_volume_acceleration,current_week,-0.12677304964539005,-0.08953900709219853,-0.11613475177304955,-0.16843971631205668,0.012411347517730542,2023H2
300166,2023-08-01,1,bull,none,pullback_holds,current_week,0.0332326283987916,0.0050352467270897705,-0.01611278952668682,-0.011077542799597162,0.056394763343403875,2023H2
300166,2023-09-22,4,mid,none,two_day_acceleration,current_week,-0.038664323374341114,0.05096660808435849,-0.06854130052724083,-0.06590509666080846,0.07205623901581726,2023H2
300166,2025-03-13,3,bull,ma_bull,pullback_holds,current_week,0.00392464678178972,-0.1334379905808477,-0.22919937205651486,-0.13971742543171106,0.07849293563579285,2025H1
300166,2025-03-14,4,bull,ma_bull,shrinking_volume_acceleration,current_week,0.0,-0.14933541829554342,-0.20641125879593436,-0.14933541829554342,0.07427677873338534,2025H1
300166,2025-03-17,0,bull,ma_bull,two_day_acceleration,current_week,-0.11795642374154769,-0.1682945154019534,-0.25244177310293003,-0.21262208865514653,0.0323065364387678,2025H1
300166,2025-05-08,3,bull,none,shrinking_volume_acceleration,current_week,-0.05130687318489824,-0.06873184898354301,-0.05130687318489824,-0.0726040658276863,0.00968054211035807,2025H1
300166,2025-05-09,4,bull,none,pullback_holds,current_week,-0.036489151873767334,-0.07790927021696259,-0.024654832347140054,-0.07790927021696259,0.02859960552268226,2025H1
300166,2025-05-12,0,bull,none,shrinking_volume_acceleration,current_week,-0.051823416506717734,-0.08157389635316692,-0.0738963531669865,-0.10268714011516322,0.0009596928982724684,2025H1
300166,2025-05-26,0,bull,none,shrinking_volume_acceleration,current_week,0.00525762355415349,0.014721345951629994,0.03154574132492116,-0.024185068349106276,0.046267087276551155,2025H1
300166,2025-05-30,4,mid,none,pullback_holds,current_week,0.03886554621848748,0.013655462184874123,0.14495798319327746,-0.013655462184873901,0.04516806722689082,2025H1
300166,2025-06-03,1,bull,none,pullback_holds,current_week,0.008359456635318674,0.01880877742946696,0.10344827586206895,-0.018808777429467072,0.03970741901776398,2025H1
300166,2025-06-04,2,bull,none,pullback_holds,current_week,0.0010351966873705098,0.006211180124223725,0.0724637681159419,-0.02795031055900621,0.03002070393374745,2025H1
300166,2025-06-05,3,bull,none,two_day_acceleration,current_week,-0.014141414141414232,-0.04646464646464654,0.045454545454545414,-0.051515151515151514,0.005050505050505194,2025H1
300166,2025-06-06,4,bull,none,pullback_holds,current_week,-0.04365482233502538,-0.06700507614213203,0.03756345177664988,-0.06802030456852792,0.010152284263959643,2025H1
300166,2025-06-16,0,bull,none,shrinking_volume_acceleration,current_week,-0.007253886010362698,0.1295336787564767,0.042487046632124326,-0.059067357512953444,0.19481865284974087,2025H1
300166,2025-06-17,1,bull,none,pullback_holds,current_week,0.012383900928792713,0.08978328173374628,0.04437564499484026,-0.06295149638802888,0.18988648090815263,2025H1
300166,2025-06-18,2,bull,none,pullback_holds,current_week,0.033950617283950546,0.06584362139917688,0.03600823045267476,-0.06584362139917699,0.18621399176954712,2025H1
300166,2025-06-25,2,bull,none,two_day_acceleration,current_week,0.030845771144278444,0.028855721393034717,-0.010945273631840946,-0.01194029850746281,0.14726368159203962,2025H1
300166,2025-10-13,0,bull,macd_cross,two_day_acceleration,current_week,-0.09177489177489184,-0.10735930735930732,-0.10476190476190483,-0.1350649350649351,0.0034632034632033903,2025H2
300166,2025-10-15,2,bull,none,shrinking_volume_acceleration,current_week,-0.07540394973070019,-0.08617594254937166,-0.09964093357271109,-0.10323159784560143,0.0017953321364452268,2025H2
300166,2025-11-10,0,bull,none,pullback_holds,current_week,0.09284332688588015,0.08994197292069628,-0.01934235976789156,-0.03288201160541582,0.16054158607350089,2025H2
300166,2025-12-31,2,bull,none,two_day_acceleration,current_week,0.08252427184466016,0.10194174757281549,0.05048543689320373,-0.011650485436893288,0.24174757281553405,2025H2
300166,2026-01-05,0,bull,none,two_day_acceleration,current_week,0.1529525653436592,0.0726040658276863,0.014520813165537216,-0.006776379477250738,0.23814133591481124,2026H1
300166,2026-06-17,2,bull,none,pullback_holds,current_week,0.1412140575079872,0.11821086261980818,-0.10862619808306706,0.0,0.26517571884984026,2026H1
300166,2026-08-31,0,bull,none,shrinking_volume_acceleration,current_week,-0.013942680092951187,-0.06971340046475605,,-0.09450038729666932,0.033307513555383306,2026H2
300166,2026-09-01,1,bull,none,pullback_holds,current_week,-0.014901960784313717,-0.07058823529411773,,-0.08313725490196078,0.03921568627450989,2026H2
300166,2026-09-03,3,mid,none,pullback_holds,current_week,-0.05945945945945952,,,-0.09729729729729741,0.02316602316602312,2026H2
002272,2023-03-27,0,mid,none,two_day_acceleration,current_week,-0.03328509406657021,0.0014471780028944004,-0.15050651230101297,-0.08248914616497838,0.03328509406657032,2023H1
002272,2024-12-26,3,bull,none,shrinking_volume_acceleration,current_week,-0.2820960698689956,-0.2899563318777293,-0.28820960698689957,-0.3275109170305678,0.09868995633187772,2024H2
002272,2025-03-17,0,bull,none,shrinking_volume_acceleration,current_week,-0.1328609388839681,-0.19220549158547384,-0.1868910540301152,-0.2090345438441099,0.00797165633303809,2025H1
002272,2025-05-27,1,mid,macd_stabilizing,pullback_holds,current_week,-0.033138401559454134,-0.004873294346978474,0.09649122807017552,-0.049707602339181256,0.033138401559454245,2025H1
002272,2025-06-24,1,bull,ma_bull,shrinking_volume_acceleration,current_week,-0.01881720430107514,-0.03405017921146958,0.017025089605734678,-0.0654121863799284,0.0439068100358424,2025H1
002272,2025-06-27,4,bull,ma_bull,shrinking_volume_acceleration,current_week,-0.046804680468046755,-0.045904590459045935,0.057605760576057596,-0.06210621062106203,0.0027002700270029045,2025H1
002272,2025-08-04,0,bull,ma_bull,shrinking_volume_acceleration,current_week,0.08373205741626788,0.3062200956937797,0.3795853269537479,-0.021531100478468956,0.3062200956937797,2025H2
002272,2025-10-22,2,bull,none,pullback_holds,current_week,0.006246096189881145,-0.006870705808869504,-0.09681449094316052,-0.031230480949406725,0.04622111180512167,2025H2
002272,2025-10-24,4,bull,none,pullback_holds,current_week,-0.038153846153846094,-0.02030769230769236,-0.15876923076923077,-0.043692307692307586,0.04430769230769216,2025H2
002272,2025-10-27,0,bull,none,two_day_acceleration,current_week,-0.022602321319486918,-0.051313378130726894,-0.14172266340867445,-0.060476481368356705,0.03665241295051902,2025H2
002272,2025-11-03,0,bull,none,two_day_acceleration,current_week,-0.02998126171143034,-0.05871330418488452,-0.10805746408494687,-0.1049344159900063,0.05996252342286046,2025H2
002272,2025-11-04,1,bull,none,pullback_holds,current_week,-0.009627727856225898,-0.04942233632862647,-0.10526315789473684,-0.08023106546854941,0.08921694480102693,2025H2
002272,2025-11-05,2,bull,none,pullback_holds,current_week,-0.10043130006161438,-0.10905730129390012,-0.15403573629081946,-0.11706715958102276,0.04559457794208255,2025H2
002272,2025-11-17,0,mid,none,two_day_acceleration,current_week,-0.057679409792085856,-0.04225352112676051,-0.05700871898054993,-0.08450704225352113,0.014755197853789426,2025H2
002272,2025-12-01,0,mid,none,pullback_holds,current_week,0.0028288543140027045,-0.005657708628005631,0.2644978783592644,-0.045968882602545946,0.04314002828854302,2025H2
002272,2025-12-08,0,bull,none,pullback_holds,current_week,-0.00636042402826853,0.022614840989399365,0.16254416961130724,-0.03604240282685511,0.04381625441696113,2025H2
002272,2025-12-09,1,mid,none,pullback_holds,current_week,-0.051652892561983466,0.09641873278236912,0.15013774104683186,-0.06060606060606055,0.09641873278236912,2025H2
002272,2025-12-19,4,mid,none,pullback_holds,current_week,0.10094850948509482,0.12533875338753386,0.04945799457994582,-0.02981029810298097,0.33265582655826575,2025H2
002272,2025-12-25,3,bull,none,shrinking_volume_acceleration,current_week,0.06329113924050622,0.08227848101265822,-0.027215189873417756,-0.004430379746835467,0.24493670886075947,2025H2
002272,2026-01-05,0,bull,none,shrinking_volume_acceleration,current_week,0.01846337105419904,-0.01429422275163783,-0.1286480047647408,-0.0434782608695653,0.0393091125670042,2026H1
002272,2026-01-08,3,bull,none,pullback_holds,current_week,0.012719563900666087,-0.0551181102362206,-0.11932162325863116,-0.07934585099939429,0.05693519079345832,2026H1
002272,2026-01-09,4,bull,none,pullback_holds,current_week,-0.017964071856287456,-0.06047904191616771,-0.07844311377245505,-0.08982035928143706,0.04491017964071853,2026H1
002272,2026-01-12,0,bull,none,two_day_acceleration,current_week,-0.033858727378867415,-0.10274372446001157,-0.011675423234092208,-0.11383537653239928,0.018680677174547577,2026H1
002272,2026-01-15,3,bull,none,pullback_holds,current_week,-0.06698564593301426,-0.12320574162679421,0.0837320574162681,-0.12619617224880375,0.013755980861243966,2026H1
002272,2026-02-24,1,bull,ma_bull,shrinking_volume_acceleration,current_week,0.08806818181818188,0.18352272727272734,-0.045454545454545525,-0.020454545454545392,0.28409090909090917,2026H1
002272,2026-04-14,1,mid,ma_bull,two_day_acceleration,current_week,0.0015544041450776813,-0.09430051813471507,-0.02901554404145068,-0.10155440414507777,0.10155440414507777,2026H1
002272,2026-04-16,3,mid,ma_bull,shrinking_volume_acceleration,current_week,-0.03807106598984766,-0.12182741116751261,0.15076142131979697,-0.14162436548223345,0.07918781725888335,2026H1
002272,2026-04-17,4,mid,ma_bull,two_day_acceleration,current_week,-0.07765602667937122,-0.09337779895188192,0.18818484992853746,-0.19437827536922347,0.012863268222963242,2026H1
002272,2026-06-25,3,bull,ma_bull,shrinking_volume_acceleration,current_week,0.04128639721860061,-0.018687527162103423,-0.31377661886136465,-0.09430682312038252,0.1295089091699262,2026H1
002272,2026-08-07,4,mid,none,shrinking_volume_acceleration,current_week,0.0033178500331785266,0.03450564034505632,0.12076974120769735,-0.05109489051094884,0.09090909090909105,2026H2
002272,2026-08-14,4,mid,none,shrinking_volume_acceleration,current_week,0.02296587926509175,0.07939632545931752,0.03608923884514437,-0.061679790026246684,0.11417322834645671,2026H2
002272,2026-08-27,3,mid,none,shrinking_volume_acceleration,current_week,0.06658739595719387,-0.039833531510107156,,-0.04280618311533879,0.07788347205707491,2026H2
600354,2023-04-17,0,bull,none,shrinking_volume_acceleration,current_week,-0.008955223880596996,0.05074626865671639,0.032835820895522394,-0.06567164179104479,0.052238805970149294,2023H1
600354,2023-05-08,0,bull,none,shrinking_volume_acceleration,current_week,-0.004249291784702569,0.03966005665722361,-0.052407932011331426,-0.04107648725212465,0.056657223796033884,2023H1
600354,2023-06-16,4,mid,none,pullback_holds,current_week,-0.05169867060561306,-0.025110782865583436,0.023633677991137247,-0.07237813884785826,0.008862629246676468,2023H1
600354,2025-05-07,2,bull,ma_bull,two_day_acceleration,current_week,-0.001607717041800627,0.0112540192926045,-0.008038585209003135,-0.020900321543408373,0.03858520900321549,2025H1
600354,2025-05-08,3,bull,ma_bull,pullback_holds,current_week,0.0064102564102563875,-0.014423076923076872,-0.009615384615384692,-0.024038461538461564,0.03525641025641013,2025H1
600354,2025-05-09,4,bull,ma_bull,pullback_holds,current_week,0.001615508885298933,-0.024232633279483107,0.0,-0.02746365105008075,0.02746365105008075,2025H1
600354,2025-05-15,3,bull,ma_bull,two_day_acceleration,current_week,-0.0207006369426751,-0.0286624203821656,-0.0015923566878980333,-0.04140127388535031,0.01273885350318471,2025H1
600354,2025-06-03,1,bull,ma_bull,pullback_holds,current_week,0.04065040650406493,0.03252032520325199,0.019512195121951237,-0.013008130081300862,0.06666666666666665,2025H1
600354,2025-06-04,2,bull,ma_bull,two_day_acceleration,current_week,0.022508038585209,0.006430868167202508,0.012861736334405238,-0.024115755627009516,0.054662379421221985,2025H1
600354,2025-06-05,3,bull,ma_bull,pullback_holds,current_week,0.02110389610389607,-0.022727272727272707,0.025974025974025983,-0.024350649350649456,0.06493506493506507,2025H1
600354,2025-06-06,4,bull,ma_bull,pullback_holds,current_week,0.016207455429497752,-0.02269043760129652,0.029173419773095732,-0.025931928687196182,0.06320907617504057,2025H1
600354,2025-06-09,0,bull,none,pullback_holds,current_week,0.011272141706924366,-0.019323671497584516,0.06280193236714982,-0.040257648953301084,0.056360708534621606,2025H1
600354,2025-06-10,1,bull,ma_bull,two_day_acceleration,current_week,0.00793650793650813,-0.025396825396825307,0.06190476190476191,-0.053968253968254,0.022222222222222365,2025H1
600354,2025-06-13,4,bull,ma_bull,pullback_holds,current_week,-0.033653846153846145,-0.012820512820512886,0.05608974358974361,-0.044871794871794934,0.025641025641025772,2025H1
600354,2025-06-30,0,bull,ma_bull,pullback_holds,current_week,0.06623586429725359,0.058158319870759145,0.06623586429725359,-0.001615508885298933,0.09854604200323092,2025H1
600354,2025-07-01,1,bull,ma_bull,pullback_holds,current_week,0.06698564593301426,0.011164274322168932,0.0350877192982455,-0.006379585326953707,0.08452950558213712,2025H2
600354,2025-07-04,4,bull,ma_bull,two_day_acceleration,current_week,0.03453689167974883,0.014128728414442682,0.031397174254317095,-0.012558869701726816,0.06750392464678168,2025H2
600354,2025-07-21,0,bull,ma_bull,pullback_holds,current_week,0.007633587786259666,0.012213740458015376,0.018320610687022842,-0.01984732824427482,0.03816793893129766,2025H2
600354,2025-07-23,2,bull,ma_bull,pullback_holds,current_week,0.02442748091603053,0.03053435114503822,0.02900763358778624,-0.01984732824427482,0.03816793893129766,2025H2
600354,2025-08-11,0,bull,ma_bull,shrinking_volume_acceleration,current_week,-0.0402877697841727,-0.0330935251798562,-0.0676258992805755,-0.060431654676258995,0.0057553956834532904,2025H2
600354,2025-08-18,0,bull,ma_bull,pullback_holds,current_week,0.010526315789473495,-0.00300751879699257,-0.018045112781954864,-0.015037593984962516,0.03609022556390973,2025H2
600354,2025-08-19,1,bull,ma_bull,pullback_holds,current_week,0.027027027027026973,-0.013513513513513487,-0.03003003003003002,-0.016516516516516533,0.0345345345345347,2025H2
600354,2025-08-20,2,bull,ma_bull,pullback_holds,current_week,0.011887072808320909,-0.054977711738484425,-0.04606240713224374,-0.06092124814264488,0.023774145616641817,2025H2
600354,2025-08-21,3,bull,ma_bull,pullback_holds,current_week,-0.005934718100890191,-0.04747774480712175,-0.05934718100890213,-0.06231454005934722,0.022255192878338326,2025H2
600354,2025-08-22,4,bull,ma_bull,pullback_holds,current_week,-0.006006006006005982,-0.037537537537537524,-0.05705705705705699,-0.06006006006006015,0.0345345345345347,2025H2
600354,2025-08-25,0,bull,ma_bull,pullback_holds,current_week,-0.013392857142857095,-0.03571428571428559,-0.07291666666666652,-0.06845238095238093,0.02529761904761907,2025H2
600354,2025-08-26,1,bull,ma_bull,two_day_acceleration,current_week,-0.0380673499267935,-0.060029282576866794,-0.09370424597364568,-0.08345534407027821,0.00878477306002945,2025H2
600354,2025-08-27,2,bull,ma_bull,pullback_holds,current_week,-0.059171597633136064,-0.050295857988165715,-0.07840236686390523,-0.07396449704142016,0.01183431952662728,2025H2
600354,2025-08-28,3,bull,ma_bull,pullback_holds,current_week,-0.03892215568862267,-0.03143712574850299,-0.07634730538922152,-0.06287425149700598,0.0239520958083832,2025H2
600354,2025-09-15,0,bull,none,pullback_holds,current_week,-0.043010752688171894,-0.05069124423963134,-0.02304147465437778,-0.06758832565284167,0.0,2025H2
600354,2025-10-09,3,bull,none,pullback_holds,current_week,0.024038461538461675,0.027243589743589647,0.04807692307692313,-0.0032051282051283048,0.07051282051282048,2025H2
600354,2025-10-10,4,bull,none,pullback_holds,current_week,-0.027607361963190247,-0.023006134969325243,0.0076687116564417845,-0.03834355828220859,0.024539877300613355,2025H2
600354,2025-10-14,1,bull,none,shrinking_volume_acceleration,current_week,-0.02003081664098616,-0.015408320493066174,0.018489984591679498,-0.03389830508474567,0.0,2025H2
600354,2025-10-28,1,bull,none,pullback_holds,current_week,0.012519561815336422,0.03442879499217533,0.014084507042253502,-0.015649452269170694,0.037558685446009266,2025H2
600354,2025-11-03,0,bull,none,pullback_holds,current_week,0.023328149300155587,0.03576982892690528,0.026438569206842955,-0.0062208398133746234,0.04199066874028001,2025H2
600354,2025-11-05,2,bull,none,two_day_acceleration,current_week,0.010752688172043001,0.018433179723502224,0.015360983102918668,-0.001536098310291778,0.030721966205837115,2025H2
600354,2025-11-07,4,bull,none,two_day_acceleration,current_week,0.001519756838905817,-0.01823708206686936,0.003039513677811634,-0.01823708206686936,0.04103343465045595,2025H2
600354,2025-11-14,4,bull,none,pullback_holds,current_week,-0.02857142857142858,-0.022556390977443663,-0.009022556390977488,-0.05563909774436093,0.03007518796992481,2025H2
600354,2025-12-01,0,mid,none,pullback_holds,current_week,0.0060606060606061,0.003030303030302939,0.015151515151515138,-0.036363636363636376,0.022727272727272707,2025H2
600354,2026-01-08,3,bull,ma_bull,shrinking_volume_acceleration,current_week,0.018376722817764257,0.049004594180704464,0.049004594180704464,-0.004594180704441064,0.050535987748851374,2026H1
600354,2026-01-09,4,bull,ma_bull,two_day_acceleration,current_week,-0.020864381520119157,0.016393442622950838,0.014903129657228176,-0.03129657228017879,0.022354694485842153,2026H1
600354,2026-04-13,0,mid,none,shrinking_volume_acceleration,current_week,-0.003154574132492094,-0.04731861198738163,-0.04258675078864349,-0.05993690851735012,0.007886435331230457,2026H1
600354,2026-04-14,1,mid,none,pullback_holds,current_week,-0.014150943396226356,-0.047169811320754707,-0.07547169811320764,-0.06289308176100639,0.0031446540880502027,2026H1
600354,2026-04-16,3,mid,none,pullback_holds,current_week,-0.028391167192428957,-0.012618296529968487,-0.0725552050473186,-0.05993690851735012,0.001577287066246269,2026H1
600354,2026-04-20,0,bull,none,pullback_holds,current_week,-0.042789223454833714,-0.014263074484944682,-0.12519809825673534,-0.05546751188589549,0.0031695721077653616,2026H1
600354,2026-04-29,2,bull,none,pullback_holds,current_week,0.029268292682926855,-0.047154471544715415,-0.07804878048780495,-0.06178861788617884,0.034146341463414664,2026H1
600354,2026-04-30,3,bull,none,pullback_holds,current_week,-0.012779552715655007,-0.060702875399361034,-0.12140575079872207,-0.07827476038338643,0.015974440894568787,2026H1
600354,2026-05-08,4,bull,none,pullback_holds,current_week,-0.071090047393365,-0.11058451816745662,-0.1437598736176935,-0.13744075829383884,0.004739336492890933,2026H1
301105,2025-05-06,1,mid,none,two_day_acceleration,current_week,-0.012195121951219523,0.026219512195122086,0.06250000000000022,-0.03567073170731705,0.027439024390244038,2025H1
301105,2025-05-08,3,bull,none,shrinking_volume_acceleration,current_week,-0.029172932330827073,0.19458646616541353,0.06586466165413518,-0.04872180451127828,0.19458646616541353,2025H1
301105,2025-05-19,0,bull,macd_cross,two_day_acceleration,current_week,0.10391566265060237,0.04819277108433728,0.09698795180722897,-0.015662650602409678,0.32590361445783134,2025H1
301105,2025-05-20,1,bull,macd_cross,shrinking_volume_acceleration,current_week,0.0778603268945024,0.03566121842496295,0.06478454680534917,-0.019316493313521477,0.3081723625557209,2025H1
301105,2025-05-21,2,bull,macd_cross,pullback_holds,current_week,-0.06964285714285723,-0.10688775510204096,-0.10918367346938773,-0.12117346938775508,0.12295918367346936,2025H1
301105,2025-06-09,0,bull,ma_bull,pullback_holds,current_week,0.021312394840157012,-0.013180033651149947,0.042905215928210616,-0.04542905215928228,0.19181155356141333,2025H1
301105,2025-06-10,1,bull,ma_bull,two_day_acceleration,current_week,-0.0024650780608052036,0.013420980553273232,0.04628868803067676,-0.06765269789098871,0.16406463982470565,2025H1
301105,2025-06-26,3,bull,ma_bull,shrinking_volume_acceleration,current_week,0.007313109425785447,0.019772481040086554,0.03223185265438788,-0.010834236186348822,0.05037919826652226,2025H1
301105,2025-07-07,0,bull,ma_bull,pullback_holds,current_week,0.022240085744908766,0.018488745980707266,0.05171489817792074,-0.032422293676312997,0.03912111468381574,2025H2
301105,2025-07-08,1,bull,ma_bull,two_day_acceleration,current_week,-0.026645768025078453,-0.01253918495297801,0.045454545454545414,-0.05668756530825503,0.013061650992685525,2025H2
301105,2025-07-10,3,bull,ma_bull,pullback_holds,current_week,-0.002905441098784989,0.006603275224511318,0.06524035921817228,-0.04622292657157956,0.018225039619651495,2025H2
301105,2025-07-11,4,bull,ma_bull,pullback_holds,current_week,-0.005851063829787173,0.021808510638297918,0.08510638297872353,-0.03962765957446812,0.025265957446808596,2025H2
301105,2025-07-17,3,bull,ma_bull,pullback_holds,current_week,0.015724946695095943,0.017857142857142794,0.06449893390191885,-0.03757995735607689,0.049573560767590674,2025H2
301105,2025-07-21,0,bull,ma_bull,pullback_holds,current_week,0.008049857179953213,0.01921578810698521,0.032978447156582824,-0.02648662685016867,0.02259153466632058,2025H2
301105,2025-07-22,1,bull,ma_bull,pullback_holds,current_week,0.009958071278825864,0.04874213836477992,0.06420335429769386,-0.017557651991614298,0.05267295597484267,2025H2
301105,2025-07-23,2,bull,ma_bull,pullback_holds,current_week,0.020662251655629182,0.0662251655629138,0.07549668874172188,-0.006887417218543024,0.07284768211920523,2025H2
301105,2025-07-24,3,bull,ma_bull,pullback_holds,current_week,-0.002872062663185515,0.053002610966057295,0.06266318537858995,-0.012793733681462194,0.05953002610966052,2025H2
301105,2025-07-28,0,bull,ma_bull,two_day_acceleration,current_week,0.009776177000257347,0.09081553897607408,0.03215847697453045,-0.024697710316439303,0.09750450218677664,2025H2
301105,2025-08-05,1,bull,ma_bull,two_day_acceleration,current_week,0.0389027431421447,0.012718204488777918,-0.06009975062344153,-0.02194513715710733,0.06807980049875306,2025H2
301105,2025-08-08,4,bull,ma_bull,two_day_acceleration,current_week,-0.02622549019607845,-0.012500000000000178,-0.04705882352941182,-0.038725490196078516,0.04975490196078414,2025H2
301105,2025-08-13,2,bull,ma_bull,shrinking_volume_acceleration,current_week,-0.021922428330522714,-0.07853529270055404,-0.014213442543965171,-0.07853529270055404,0.011563478679836203,2025H2
301105,2025-09-03,2,bull,ma_bull,shrinking_volume_acceleration,current_week,0.07740916271721954,0.12243285939968396,0.0966298051606107,-0.023170089520800463,0.14639283833596606,2025H2
301105,2025-09-04,3,mid,ma_bull,two_day_acceleration,current_week,0.11131578947368426,0.12631578947368438,0.11131578947368426,-0.011052631578947425,0.14578947368421047,2025H2
301105,2025-09-05,4,bull,ma_bull,two_day_acceleration,current_week,0.06622684597817807,0.07739152499365631,0.10098959654909923,-0.015224562293834065,0.10479573712255763,2025H2
301105,2025-09-08,0,bull,ma_bull,shrinking_volume_acceleration,current_week,0.07044372023063428,0.061418901980446305,0.07545750814740537,-0.005013787916771206,0.09150162948107288,2025H2
301105,2025-09-11,3,bull,ma_bull,two_day_acceleration,current_week,0.012538443340430527,0.03383013957889758,0.10149041873669273,-0.03501301159214587,0.05086349656967104,2025H2
301105,2025-09-15,0,bull,ma_bull,shrinking_volume_acceleration,current_week,-0.008198641368001747,0.014054813773717534,0.1110330288123682,-0.04450691028343867,0.04052471304755212,2025H2
301105,2025-10-13,0,bull,ma_bull,two_day_acceleration,current_week,0.12868073266867608,0.12705773243681895,0.061905865986552344,-0.014375144910735105,0.20565731509390206,2025H2
301105,2025-10-14,1,bull,ma_bull,pullback_holds,current_week,0.11233583489681043,0.1217166979362101,0.049484052532833056,-0.0030487804878049918,0.2195121951219512,2025H2
301105,2025-10-28,1,bull,ma_bull,pullback_holds,current_week,-0.06964248811737961,-0.0752221533374664,-0.07088241372184334,-0.0921678032651374,0.0,2025H2
301105,2025-11-03,0,bull,ma_bull,shrinking_volume_acceleration,current_week,0.017325633051976874,0.07974233673922693,-0.013993780541981415,-0.02421146157263443,0.08396268325188805,2025H2
301105,2025-11-05,2,bull,ma_bull,pullback_holds,current_week,-0.014238773274917849,-0.01642935377875132,-0.014676889375684454,-0.037677984665936415,0.06900328587075588,2025H2
301105,2025-12-19,4,mid,none,shrinking_volume_acceleration,current_week,0.0396475770925111,0.0337004405286343,0.11585903083700444,-0.008810572687224627,0.09030837004405279,2025H2
301105,2025-12-25,3,bull,ma_bull,shrinking_volume_acceleration,current_week,-0.028453608247422713,0.07917525773195888,0.06474226804123706,-0.048247422680412266,0.10123711340206198,2025H2
301105,2026-01-15,3,bull,ma_bull,shrinking_volume_acceleration,current_week,-0.03732446415373247,-0.06614929785661505,-0.033628972653362954,-0.07742054693274214,0.030118255728011745,2026H1
301105,2026-03-05,3,mid,ma_bull,pullback_holds,current_week,0.01424821897262829,0.06786651668541421,0.12673415823022127,-0.011248593925759276,0.11698537682789634,2026H1
301105,2026-03-16,0,mid,ma_bull,two_day_acceleration,current_week,-0.07368421052631569,0.06333333333333324,0.02824561403508774,-0.09403508771929825,0.12438596491228071,2026H1
301105,2026-04-09,3,mid,ma_bull,pullback_holds,current_week,-0.04181698917677934,-0.06838307641849795,-0.031813709412922386,-0.08707773040341094,0.021154476877664807,2026H1
301105,2026-04-10,4,mid,ma_bull,pullback_holds,current_week,-0.022909698996655625,-0.06103678929765899,-0.033612040133779386,-0.06906354515050173,0.014214046822742299,2026H1
301105,2026-04-20,0,bull,ma_bull,pullback_holds,current_week,-0.02626262626262621,-0.020538720538720523,-0.06801346801346797,-0.06279461279461274,0.020202020202020332,2026H1
301105,2026-04-30,3,bull,ma_bull,pullback_holds,current_week,-0.02542093100033016,-0.03433476394849788,-0.14658303070320233,-0.05711455926048192,0.009739187850775988,2026H1
301105,2026-06-16,1,bull,none,shrinking_volume_acceleration,current_week,-0.04675898053381489,-0.10495685330122406,-0.13806943608268107,-0.18101545253863127,0.01665663255067229,2026H1
603167,2023-11-13,0,mid,ma_bull,two_day_acceleration,current_week,0.0012562814070351536,0.021356783919598055,0.12688442211055295,-0.02010050251256279,0.031407035175879505,2023H2
603167,2023-11-16,3,mid,ma_bull,shrinking_volume_acceleration,current_week,0.03562340966921118,0.05089058524173029,0.14249363867684472,0.0,0.08524173027989801,2023H2
603167,2023-11-23,3,mid,ma_bull,shrinking_volume_acceleration,current_week,0.01724137931034475,0.10837438423645307,0.1059113300492609,-0.014778325123152802,0.14039408866995062,2023H2
603167,2024-01-04,3,mid,ma_bull,shrinking_volume_acceleration,current_week,0.06844919786096271,0.0802139037433156,-0.018181818181818188,-0.029946524064171087,0.12085561497326203,2024H1
603167,2024-01-26,4,mid,ma_bull,two_day_acceleration,current_week,-0.1337153772683859,-0.0983763132760268,-0.13180515759312328,-0.24068767908309463,0.0,2024H1
603167,2024-03-05,1,bull,none,pullback_holds,current_week,-0.012181616832779518,-0.006644518272425071,0.07641196013289053,-0.029900332225913595,0.02879291251384286,2024H1
603167,2024-03-08,4,bull,none,pullback_holds,current_week,-0.030634573304157642,-0.03391684901531733,0.03172866520787743,-0.04157549234135671,0.06783369803063444,2024H1
603167,2024-03-18,0,bull,none,pullback_holds,current_week,-0.050111358574610354,-0.015590200445434355,0.11804008908685981,-0.08240534521158127,0.0868596881959911,2024H1
603167,2024-03-19,1,bull,none,pullback_holds,current_week,-0.060335195530726304,0.08603351955307259,0.1385474860335194,-0.07932960893854757,0.09050279329608912,2024H1
603167,2024-04-11,3,mid,none,two_day_acceleration,current_week,0.032421479229989725,-0.008105369807497431,-0.025329280648429542,-0.041540020263424515,0.05775075987841927,2024H1
603167,2024-05-09,3,bull,none,pullback_holds,current_week,0.0,0.009414225941422494,-0.12447698744769864,-0.03974895397489553,0.05125523012552313,2024H1
603167,2024-05-14,1,bull,none,pullback_holds,current_week,0.008350730688935215,0.02192066805845516,-0.1137787056367432,-0.02192066805845505,0.04906054279749483,2024H1
603167,2024-05-15,2,bull,macd_stabilizing,pullback_holds,current_week,-0.009268795056642576,-0.001029866117404743,-0.13285272914521118,-0.03501544799176104,0.019567456230690006,2024H1
603167,2024-05-16,3,bull,none,pullback_holds,current_week,0.01685985247629085,0.018967334035827177,-0.12539515279241298,-0.012644889357218081,0.043203371970495175,2024H1
603167,2024-05-29,2,mid,macd_stabilizing,pullback_holds,current_week,-0.1381443298969074,-0.13195876288659802,-0.16391752577319607,-0.14432989690721654,0.0010309278350515427,2024H1
603167,2024-05-30,3,mid,macd_stabilizing,pullback_holds,current_week,-0.07920792079207906,-0.08690869086908681,-0.10121012101210125,-0.08800880088008789,0.0,2024H1
603167,2025-02-07,4,mid,none,pullback_holds,current_week,-0.013142174432497211,-0.02628434886499409,-0.029868578255675016,-0.03584229390681015,0.004778972520907976,2025H1
603167,2025-02-11,1,mid,macd_stabilizing,pullback_holds,current_week,-0.031026252983293534,-0.0357995226730311,-0.019093078758949944,-0.03818615751789978,0.0023866348448686736,2025H1
603167,2025-02-24,0,bull,none,pullback_holds,current_week,-0.0073710073710073765,0.0036855036855036882,0.0552825552825551,-0.013513513513513709,0.006142506142505999,2025H1
603167,2025-06-06,4,bull,ma_bull,shrinking_volume_acceleration,current_week,0.08004158004157991,0.13097713097713104,0.18918918918918903,-0.016632016632016633,0.15280665280665273,2025H1
603167,2025-06-11,2,bull,ma_bull,two_day_acceleration,current_week,0.11776649746192902,0.09949238578680197,0.12791878172588822,-0.007106598984771617,0.12588832487309642,2025H1
603167,2025-07-03,3,bull,ma_bull,shrinking_volume_acceleration,current_week,-0.03583916083916083,-0.045454545454545414,-0.1101398601398601,-0.05157342657342656,0.018356643356643332,2025H2
603167,2025-07-22,1,bull,ma_bull,pullback_holds,current_week,-0.06690454950936664,-0.05887600356824263,-0.07136485280999116,-0.1034790365744871,0.005352363960749118,2025H2
603167,2025-08-05,1,bull,ma_bull,pullback_holds,current_week,0.0019047619047618536,-0.008571428571428563,-0.015238095238095273,-0.01238095238095227,0.010476190476190528,2025H2
603167,2025-08-06,2,bull,ma_bull,pullback_holds,current_week,0.0,-0.006635071090047462,-0.03222748815165877,-0.017061611374407537,0.005687203791469031,2025H2
603167,2025-08-18,0,bull,none,pullback_holds,current_week,-0.002865329512894088,-0.009551098376313294,-0.04489016236867249,-0.029608404966571245,0.045845272206303855,2025H2
603167,2025-08-20,2,bull,none,pullback_holds,current_week,-0.01424501424501412,-0.03038936372269696,-0.03703703703703698,-0.03513770180436837,0.039886039886040114,2025H2
603167,2025-08-21,3,bull,none,pullback_holds,current_week,-0.018112488083889322,-0.02097235462345093,-0.04575786463298381,-0.0324118207816968,0.04385128693994278,2025H2
603167,2025-08-25,0,bull,none,pullback_holds,current_week,0.0009652509652511299,0.005791505791505891,-0.031853281853281845,-0.020270270270270174,0.056949806949807114,2025H2
603167,2025-08-26,1,bull,none,two_day_acceleration,current_week,-0.03274087932647329,-0.03180542563143118,-0.05706267539756782,-0.05051449953227305,0.00374181478016844,2025H2
603167,2025-09-08,0,bull,none,pullback_holds,current_week,-0.040307101727447225,-0.0374280230326296,-0.08733205374280228,-0.0451055662188099,0.0019193857965451588,2025H2
603167,2025-09-09,1,bull,none,pullback_holds,current_week,-0.030009680542110395,-0.024201355275895398,-0.0803484995159729,-0.03678606001936102,0.0038722168441434057,2025H2
603167,2025-09-17,2,bull,none,pullback_holds,current_week,-0.002958579881656931,-0.09960552268244571,-0.024654832347140054,-0.10552268244575935,0.004930966469427922,2025H2
603167,2025-09-19,4,mid,none,pullback_holds,current_week,-0.061446977205153575,-0.07532210109018833,0.027750247770069514,-0.10109018830525274,0.005946481665014991,2025H2
603167,2025-10-14,1,bull,none,pullback_holds,current_week,0.017857142857142794,0.07983193277310918,0.09558823529411775,-0.011554621848739455,0.09978991596638664,2025H2
603167,2025-10-15,2,bull,none,pullback_holds,current_week,0.023182297154900056,0.10221285563751326,0.09905163329820854,-0.0010537407797681642,0.10537407797681775,2025H2
603167,2025-10-23,3,bull,none,two_day_acceleration,current_week,0.05757575757575761,0.04949494949494948,0.019191919191919204,-0.0121212121212122,0.08989898989898992,2025H2
603167,2025-10-29,2,bull,none,shrinking_volume_acceleration,current_week,0.01538461538461533,0.0028846153846153744,-0.06538461538461537,-0.009615384615384581,0.03750000000000009,2025H2
603167,2025-10-31,4,bull,none,two_day_acceleration,current_week,-0.01417769376181477,-0.01417769376181477,-0.06805293005671087,-0.026465028355387443,0.01984877126654072,2025H2
603167,2025-12-01,0,mid,none,pullback_holds,current_week,-0.0060301507537688925,-0.05628140703517592,-0.0542713567839197,-0.06834170854271371,0.015075376884422065,2025H2
600754,2023-03-01,2,bull,ma_bull,pullback_holds,current_week,0.015501423600126518,-0.06374565011072453,-0.041442581461562766,-0.06991458399240735,0.04286618158810507,2023H1
600754,2023-03-02,3,bull,ma_bull,pullback_holds,current_week,0.009957325746799306,-0.06590801327643436,0.011537853643116769,-0.07697170855065594,0.042042042042042205,2023H1
600754,2023-03-03,4,bull,ma_bull,pullback_holds,current_week,-0.01924897443988638,-0.07857368254970032,-0.007415588513726701,-0.08330703692016406,0.040233512148942996,2023H1
600754,2023-03-06,0,bull,ma_bull,two_day_acceleration,current_week,-0.04750957854406135,-0.0832183908045977,-0.016704980842911943,-0.10957854406130263,0.0055172413793103114,2023H1
600754,2023-03-09,3,mid,ma_bull,pullback_holds,current_week,-0.06782334384858035,-0.07334384858044163,0.030126182965299675,-0.08675078864353314,0.016403785488958933,2023H1
600754,2023-04-04,1,bull,none,two_day_acceleration,current_week,-0.10479817212490483,-0.12718964204112715,-0.2417364813404418,-0.1378522467631379,0.036709824828636606,2023H1
600754,2023-05-15,0,mid,none,shrinking_volume_acceleration,current_week,0.0010141987829614951,-0.06450304259634898,-0.04056795131845836,-0.07160243407707911,0.02515212981744419,2023H1
002214,2025-12-19,4,mid,ma_bull,shrinking_volume_acceleration,current_week,0.03495702005730661,0.0911174785100286,0.1621776504297996,-0.02005730659025773,0.10429799426934094,2025H2
002214,2025-12-25,3,bull,ma_bull,shrinking_volume_acceleration,current_week,0.03446389496717717,0.026805251641137673,0.147155361050328,-0.024617067833697992,0.0705689277899344,2025H2
002214,2026-01-14,2,bull,ma_bull,two_day_acceleration,current_week,0.09694142042509069,0.08294453084499742,-0.06531881804043538,-0.019180922757905505,0.1176775531363401,2026H1
002214,2026-03-10,1,bull,none,pullback_holds,current_week,-0.016411378555798772,-0.045951859956236296,0.006017505470459428,-0.05962800875273522,0.025711159737417777,2026H1
002214,2026-06-16,1,bull,none,pullback_holds,current_week,-0.05774111675126903,-0.07994923857868019,-0.16878172588832485,-0.11802030456852786,0.025380710659898442,2026H1
002214,2026-06-17,2,bull,none,pullback_holds,current_week,-0.08782051282051273,-0.06794871794871782,-0.16410256410256407,-0.10897435897435892,0.032692307692307576,2026H1
002214,2026-06-18,3,bull,none,shrinking_volume_acceleration,current_week,-0.0872865275142315,-0.0708412397216952,-0.20366856419987356,-0.12080961416824798,0.0,2026H1
601016,2026-03-05,3,mid,ma_bull,two_day_acceleration,current_week,0.3343373493975901,0.37650602409638556,0.21385542168674698,-0.0060240963855421326,0.43072289156626486,2026H1
601016,2026-04-14,1,mid,ma_bull,pullback_holds,current_week,0.022058823529411686,0.15931372549019618,0.23284313725490202,-0.02941176470588236,0.18872549019607865,2026H1
601016,2026-04-15,2,mid,ma_bull,pullback_holds,current_week,0.014962593516209655,0.13715710723192043,0.24438902743142155,-0.012468827930174564,0.20947630922693294,2026H1
601016,2026-04-17,4,mid,ma_bull,pullback_holds,current_week,0.10617283950617296,0.15802469135802477,0.15308641975308634,-0.022222222222222143,0.19753086419753108,2026H1
601016,2026-04-20,0,bull,ma_bull,two_day_acceleration,current_week,0.13414634146341475,0.2170731707317075,0.09756097560975618,-0.03414634146341455,0.23902439024390265,2026H1
601016,2026-04-21,1,bull,ma_bull,two_day_acceleration,current_week,0.153658536585366,0.19512195121951237,0.12682926829268304,-0.012195121951219523,0.24390243902439046,2026H1
601016,2026-04-22,2,bull,ma_bull,pullback_holds,current_week,0.10679611650485454,0.24271844660194164,0.16019417475728148,-0.004854368932038944,0.27669902912621347,2026H1
601016,2026-05-25,0,bull,ma_bull,two_day_acceleration,current_week,0.038135593220339103,-0.10593220338983056,-0.22245762711864403,-0.11016949152542366,0.08898305084745761,2026H1
601016,2026-05-28,3,mid,ma_bull,pullback_holds,current_week,0.03112033195020736,-0.17219917012448138,-0.18257261410788383,-0.1929460580912863,0.0663900414937757,2026H1
601016,2026-08-06,3,mid,none,pullback_holds,current_week,0.0364145658263304,-0.053221288515406306,-0.07282913165266114,-0.06162464985994398,0.04761904761904767,2026H2
601016,2026-08-07,4,mid,none,pullback_holds,current_week,0.0028248587570622874,-0.05084745762711873,-0.05649717514124297,-0.062146892655367214,0.05649717514124308,2026H2
601016,2026-08-10,0,mid,none,pullback_holds,current_week,-0.016853932584269704,-0.053370786516853896,-0.0646067415730337,-0.0674157303370786,0.050561797752809,2026H2
601016,2026-08-11,1,mid,none,two_day_acceleration,current_week,-0.05509641873278226,-0.06060606060606055,-0.07162534435261703,-0.08539944903581254,0.030303030303030498,2026H2
601016,2026-08-13,3,mid,none,two_day_acceleration,current_week,-0.08152173913043481,-0.07336956521739135,-0.0652173913043479,-0.09782608695652173,0.0027173913043476716,2026H2
601016,2026-08-28,4,mid,none,pullback_holds,current_week,-0.014749262536873253,0.005899705014749346,,-0.029498525073746285,0.017699115044247815,2026H2
601016,2026-09-08,1,mid,none,pullback_holds,current_week,0.029761904761904878,,,-0.011904761904761751,0.04761904761904767,2026H2
601016,2026-09-09,2,bull,none,pullback_holds,current_week,,,,-0.017751479289940697,0.041420118343195256,2026H2
600666,2023-04-06,3,bull,ma_bull,shrinking_volume_acceleration,current_week,-0.032467532467532534,-0.029220779220779147,-0.19480519480519487,-0.051948051948051965,0.022727272727272707,2023H1
600666,2023-07-03,0,mid,none,pullback_holds,current_week,-0.05809128630705396,-0.07883817427385886,-0.13278008298755195,-0.09958506224066399,0.0,2023H2
600666,2023-07-11,1,mid,none,pullback_holds,current_week,-0.030303030303030276,-0.10822510822510822,-0.08658008658008665,-0.1341991341991342,0.008658008658008587,2023H2
600666,2025-02-26,2,bull,none,shrinking_volume_acceleration,current_week,-0.04220779220779214,0.13961038961038974,-0.06168831168831168,-0.10389610389610382,0.13961038961038974,2025H1
600666,2025-03-10,0,bull,none,shrinking_volume_acceleration,current_week,0.11409395973154379,0.010067114093959884,-0.19463087248322153,-0.02348993288590595,0.2348993288590604,2025H1
600666,2025-05-08,3,bull,none,shrinking_volume_acceleration,current_week,-0.05555555555555547,-0.0814814814814816,0.0037037037037035425,-0.0814814814814816,0.007407407407407307,2025H1
600666,2025-05-13,1,bull,none,pullback_holds,current_week,-0.0076045627376425395,-0.06083650190114054,0.0076045627376426506,-0.07224334600760451,0.015209125475285079,2025H1
600666,2025-05-14,2,bull,none,pullback_holds,current_week,-0.030418250950570158,-0.07604562737642573,0.0,-0.07984790874524716,0.0038022813688214363,2025H1
600666,2025-05-19,0,bull,none,pullback_holds,current_week,-0.03875968992248069,0.027131782945736482,0.054263565891472965,-0.06201550387596899,0.08139534883720922,2025H1
600666,2025-05-20,1,bull,none,pullback_holds,current_week,-0.04999999999999993,0.04615384615384621,0.026923076923076827,-0.06923076923076932,0.07307692307692304,2025H1
600666,2025-06-17,1,bull,none,two_day_acceleration,current_week,0.11439114391143912,0.2140221402214022,0.2140221402214022,-0.06642066420664194,0.38745387453874547,2025H1
600666,2025-06-18,2,bull,none,pullback_holds,current_week,0.11567164179104483,0.2126865671641791,0.2276119402985075,-0.05597014925373134,0.4029850746268657,2025H1
600666,2025-06-20,4,mid,none,pullback_holds,current_week,0.3053435114503815,0.25190839694656497,0.2748091603053433,-0.007633587786259555,0.43511450381679384,2025H1
600666,2025-07-21,0,bull,ma_bull,pullback_holds,current_week,0.09117647058823541,0.15294117647058814,0.20294117647058818,-0.04705882352941171,0.19999999999999996,2025H2
600666,2025-07-22,1,bull,ma_bull,pullback_holds,current_week,0.10510510510510507,0.1861861861861862,0.21921921921921927,-0.027027027027026973,0.22522522522522515,2025H2
600666,2025-07-25,4,bull,ma_bull,pullback_holds,current_week,0.17101449275362324,0.09565217391304359,0.17971014492753623,-0.005797101449275366,0.18260869565217397,2025H2
600666,2025-08-13,2,bull,ma_bull,shrinking_volume_acceleration,current_week,-0.04705882352941182,-0.05411764705882338,-0.15294117647058825,-0.06823529411764706,0.0117647058823529,2025H2
600666,2025-08-25,0,bull,ma_bull,two_day_acceleration,current_week,-0.07142857142857151,-0.12380952380952381,-0.13809523809523816,-0.15714285714285714,0.023809523809523725,2025H2
600666,2025-10-13,0,bull,none,two_day_acceleration,current_week,-0.017391304347826098,-0.0028985507246377384,0.10144927536231885,-0.04057971014492756,0.023188405797101463,2025H2
600666,2025-10-14,1,bull,none,pullback_holds,current_week,-0.0029239766081871066,-0.014619883040935644,0.09649122807017552,-0.032163742690058394,0.032163742690058506,2025H2
600666,2025-10-15,2,bull,none,pullback_holds,current_week,-0.0029325513196482023,-0.02346041055718473,0.09090909090909083,-0.032258064516129004,0.035190615835777095,2025H2
600666,2025-10-27,0,bull,none,pullback_holds,current_week,0.07288629737609331,0.10787172011661816,0.002915451895043608,-0.055393586005830886,0.11953352769679282,2025H2
600666,2025-11-06,3,bull,none,two_day_acceleration,current_week,0.010752688172043001,-0.05913978494623662,-0.08870967741935487,-0.06720430107526887,0.043010752688172005,2025H2
600666,2025-12-22,0,bull,none,pullback_holds,current_week,-0.01807228915662651,0.015060240963855387,0.11144578313252995,-0.027108433734939874,0.030120481927710774,2025H2
600666,2025-12-25,3,bull,none,pullback_holds,current_week,0.027272727272727337,0.13636363636363624,0.1393939393939394,-0.02121212121212135,0.15757575757575748,2025H2
600666,2025-12-31,2,bull,none,two_day_acceleration,current_week,0.029673590504451175,0.09198813056379818,0.041543026706231556,-0.011869436201780381,0.18694362017804145,2025H2
600666,2026-03-09,0,mid,ma_bull,shrinking_volume_acceleration,current_week,0.016826923076923128,0.04807692307692313,0.42067307692307687,-0.03125,0.1730769230769229,2026H1
600666,2026-03-11,2,bull,ma_bull,shrinking_volume_acceleration,current_week,0.03981264637002346,0.23653395784543307,0.5362997658079625,-0.0562060889929743,0.23653395784543307,2026H1
600666,2026-04-13,0,mid,ma_bull,shrinking_volume_acceleration,current_week,0.08320726172465953,-0.12102874432677757,-0.11800302571860821,-0.15582450832072625,0.14523449319213322,2026H1
600666,2026-05-08,4,bull,ma_bull,pullback_holds,current_week,-0.030303030303030387,-0.1010101010101011,-0.2205387205387206,-0.14814814814814814,0.06565656565656552,2026H1
600666,2026-06-02,1,mid,none,two_day_acceleration,current_week,-0.07142857142857151,-0.06326530612244907,-0.18571428571428572,-0.12244897959183687,0.03469387755102038,2026H1
600666,2026-06-17,2,bull,none,pullback_holds,current_week,-0.04680851063829783,-0.17234042553191486,-0.2936170212765957,-0.18936170212765957,0.06595744680851046,2026H1
600666,2026-06-18,3,bull,none,pullback_holds,current_week,-0.08571428571428563,-0.14945054945054936,-0.31648351648351647,-0.16263736263736261,0.10109890109890118,2026H1
600666,2026-08-28,4,mid,none,pullback_holds,current_week,-0.002849002849002913,-0.025641025641025772,,-0.04843304843304852,0.06552706552706544,2026H2
600666,2026-08-31,0,bull,none,shrinking_volume_acceleration,current_week,-0.025139664804469275,-0.025139664804469275,,-0.06703910614525144,0.04469273743016755,2026H2
688195,2023-04-17,0,bull,ma_bull,shrinking_volume_acceleration,current_week,0.07494442680215929,-0.16608447126071768,-0.057161003493172435,-0.17402349952365825,0.174976182915211,2023H1
688195,2023-05-22,0,mid,macd_stabilizing,shrinking_volume_acceleration,current_week,0.17200557103064074,0.15772980501392753,0.7343314763231199,-0.04770194986072418,0.3057103064066853,2023H1
688195,2023-06-13,1,mid,ma_bull,shrinking_volume_acceleration,current_week,0.40000000000000013,0.41594202898550736,0.2704347826086957,-0.029275362318840537,0.5481159420289856,2023H1
688195,2023-08-04,4,bull,none,pullback_holds,current_week,-0.05189189189189192,-0.09243243243243249,-0.021081081081081088,-0.09243243243243249,0.08756756756756756,2023H2
688195,2023-09-12,1,mid,none,shrinking_volume_acceleration,current_week,-0.16579572446555824,-0.14109263657957238,-0.22280285035629455,-0.19714964370546328,0.014489311163895513,2023H2
688195,2025-02-13,3,bull,ma_bull,two_day_acceleration,current_week,0.04095860566448817,-0.026797385620914937,-0.1215686274509804,-0.05577342047930278,0.08932461873638342,2025H1
688195,2025-04-23,2,mid,none,pullback_holds,current_week,0.008259911894272998,0.06965859030837018,0.08562775330396466,-0.04212555066079293,0.10104625550660806,2025H1
688195,2025-05-06,1,mid,none,shrinking_volume_acceleration,current_week,0.03717277486910975,0.07617801047120398,0.05602094240837707,-0.015445026178010579,0.14083769633507837,2025H1
688195,2025-05-08,3,bull,none,shrinking_volume_acceleration,current_week,0.042010309278350366,0.02499999999999991,0.08479381443298961,-0.015206185567010366,0.12319587628865958,2025H1
688195,2025-05-16,4,bull,none,shrinking_volume_acceleration,current_week,-0.05485436893203899,-0.05728155339805818,0.05995145631067955,-0.0677184466019417,0.033495145631067924,2025H1
688195,2025-05-19,0,bull,none,two_day_acceleration,current_week,-0.06563981042654032,-0.08791469194312795,0.024644549763033208,-0.09241706161137442,0.00687203791469182,2025H1
688195,2025-06-20,4,mid,none,pullback_holds,current_week,0.04285714285714293,-0.013571428571428568,0.0,-0.01928571428571435,0.1423809523809525,2025H1
688195,2025-06-24,1,bull,macd_cross,pullback_holds,current_week,-0.00910746812386154,-0.05031876138433522,-0.02436247723132967,-0.08265027322404372,0.09244080145719491,2025H1
688195,2025-06-25,2,bull,macd_cross,pullback_holds,current_week,-0.020322354590049163,-0.04905395935529089,-0.008642840457837031,-0.058864751226349044,0.12076617612707308,2025H1
688195,2025-07-28,0,bull,ma_bull,two_day_acceleration,current_week,0.05603060306030616,0.0094509450945095,0.44014401440144013,-0.034653465346534684,0.16179117911791185,2025H2
688195,2025-08-11,0,bull,ma_bull,pullback_holds,current_week,0.4480752014324083,0.4324082363473589,0.9762757385854968,-0.0071620411817368,0.6915846016114593,2025H2
688195,2025-08-13,2,bull,ma_bull,pullback_holds,current_week,0.4367816091954022,0.33375904640272447,0.7992762877820347,-0.003831417624521105,0.6087696892294592,2025H2
688195,2025-08-22,4,bull,ma_bull,shrinking_volume_acceleration,current_week,0.09531129900076873,0.42613374327440434,1.0313604919292856,-0.059492697924673266,0.4754803996925443,2025H2
688195,2025-09-03,2,bull,ma_bull,shrinking_volume_acceleration,current_week,-0.07007700770077008,0.21012101210121004,0.2805280528052805,-0.1651265126512652,0.28272827282728263,2025H2
688195,2025-11-12,2,bull,none,shrinking_volume_acceleration,current_week,0.23873949579831932,0.5630252100840336,0.5839495798319327,-0.05478991596638649,0.7646218487394958,2025H2
688195,2025-12-24,2,bull,ma_bull,pullback_holds,current_week,-0.08102981029810297,-0.0846612466124661,0.11978319783197833,-0.11653116531165308,0.0835230352303522,2025H2
688195,2026-01-05,0,bull,ma_bull,two_day_acceleration,current_week,-0.022994350282485865,0.02259887005649719,0.20903954802259883,-0.11237288135593215,0.15819209039548032,2026H1
688195,2026-01-12,0,bull,ma_bull,two_day_acceleration,current_week,0.05244795906500754,0.1804279567391558,0.41586230957088044,-0.03942318874287687,0.25026165833236447,2026H1
688195,2026-01-13,1,bull,ma_bull,pullback_holds,current_week,-0.02377414561664193,0.1687049948565551,0.3075208595268031,-0.03446108126643033,0.22882615156017838,2026H1
688195,2026-03-03,1,bull,ma_bull,pullback_holds,current_week,0.0702215546376268,-0.004881712354487422,0.2699023657529105,-0.07242771310551999,0.1587495306045814,2026H1
688195,2026-04-13,0,mid,ma_bull,shrinking_volume_acceleration,current_week,0.0754539095526292,0.03296736717253124,0.11614610261245084,-0.009853714911347011,0.3049785590462577,2026H1
688195,2026-04-14,1,mid,ma_bull,two_day_acceleration,current_week,0.11870524883129185,-0.03840463932777094,0.0323687792177052,-0.05319841410734372,0.2695721640333748,2026H1
688195,2026-04-15,2,mid,ma_bull,shrinking_volume_acceleration,current_week,0.17456890177171758,-0.042385163713804186,0.03253571534206867,-0.0668165281433939,0.26915909964802265,2026H1
605111,2026-01-05,0,bull,none,shrinking_volume_acceleration,current_week,0.03307607497243659,0.040793825799338324,0.21003307607497246,-0.015159867695699991,0.05926130099228222,2026H1
605111,2026-01-06,1,bull,none,two_day_acceleration,current_week,-0.02977467811158796,0.032188841201716833,0.18347639484978528,-0.04157725321888406,0.04479613733905574,2026H1
605111,2026-01-09,4,bull,none,two_day_acceleration,current_week,0.0056375838926174815,0.14899328859060423,0.20832214765100665,-0.040805369127516644,0.1591946308724832,2026H1
605111,2026-01-26,0,bull,none,shrinking_volume_acceleration,current_week,0.0176170607324988,0.05192396847473346,-0.004172461752433909,-0.038711172925359305,0.1794158553546592,2026H1
605111,2026-02-26,3,bull,ma_bull,two_day_acceleration,current_week,-0.12585955407376537,-0.10856428422588038,-0.18628881016878507,-0.18316315899145652,0.0,2026H1
605111,2026-04-10,4,mid,none,two_day_acceleration,current_week,-0.0018528321863420238,0.026733721545791456,0.3507146638433034,-0.010322922181048133,0.05134992059290622,2026H1
605111,2026-04-14,1,mid,none,pullback_holds,current_week,-0.0033757465593351466,0.03479615684237869,0.246169826019216,-0.029083354972734288,0.05764736432095585,2026H1
605111,2026-04-20,0,bull,none,two_day_acceleration,current_week,0.036175710594315236,0.08087855297157609,0.3715762273901808,-0.03229974160206717,0.10594315245478048,2026H1
605111,2026-04-21,1,bull,none,pullback_holds,current_week,0.047306176084099816,0.17003942181340337,0.5103810775295661,-0.003942181340341855,0.1947437582128777,2026H1
605111,2026-04-22,2,bull,none,shrinking_volume_acceleration,current_week,0.019743589743589807,0.2071794871794872,0.621025641025641,-0.028205128205128216,0.21435897435897444,2026H1
605111,2026-04-23,3,bull,none,pullback_holds,current_week,0.06940063091482651,0.26577287066246047,0.6916403785488958,0.0,0.3091482649842272,2026H1
605111,2026-04-27,0,bull,none,two_day_acceleration,current_week,0.05871931156669197,0.2579093900278411,0.7590483421918504,-0.01012401923563655,0.3181473044798786,2026H1
605111,2026-04-30,3,bull,none,two_day_acceleration,current_week,0.15800865800865793,0.2279942279942282,0.4913419913419914,-0.017316017316017285,0.2525252525252526,2026H1
605111,2026-06-25,3,bull,ma_bull,shrinking_volume_acceleration,current_week,0.0422499999999999,-0.005249999999999977,-0.30499999999999994,-0.07487499999999991,0.3053750000000002,2026H1
605111,2026-08-12,2,mid,none,shrinking_volume_acceleration,current_week,0.0387931034482758,0.00568965517241371,-0.06982758620689655,-0.03293103448275858,0.12241379310344813,2026H2
605111,2026-08-13,3,mid,none,two_day_acceleration,current_week,0.007627118644067954,0.025254237288135695,-0.08864406779661016,-0.04932203389830503,0.10338983050847439,2026H2
605111,2026-08-20,3,mid,none,pullback_holds,current_week,0.013742249036366783,-0.06133735545500263,,-0.0782637841461371,0.07005195240489348,2026H2
605111,2026-08-21,4,mid,none,shrinking_volume_acceleration,current_week,-0.035527177472167604,-0.11656843483955459,,-0.12737393582187284,0.037982973149967236,2026H2
301559,2025-08-19,1,bull,ma_bull,two_day_acceleration,current_week,0.02178649237472774,-0.010348583877995532,-0.029956427015250586,-0.04302832244008714,0.07189542483660127,2025H2
301559,2025-09-11,3,bull,ma_bull,pullback_holds,current_week,-0.028239202657807216,-0.08028792912513838,-0.07198228128460671,-0.10077519379844946,0.0044296788482836025,2025H2
301559,2025-10-13,0,bull,none,two_day_acceleration,current_week,-0.007009345794392607,0.003504672897196137,-0.005257009345794428,-0.03563084112149528,0.06366822429906538,2025H2
301559,2025-10-15,2,bull,none,pullback_holds,current_week,0.0011778563015312216,0.002355712603062443,-0.002355712603062332,-0.027679623085983485,0.07243816254416968,2025H2
301559,2025-10-16,3,bull,macd_stabilizing,two_day_acceleration,current_week,-0.0017391304347826875,-0.02782608695652178,-0.017971014492753512,-0.04289855072463755,0.007536231884057942,2025H2
301559,2025-10-27,0,bull,none,pullback_holds,current_week,-0.009895227008148932,-0.008731082654249045,-0.06402793946449348,-0.026193247962747357,0.0029103608847498297,2025H2
301559,2025-10-28,1,bull,none,pullback_holds,current_week,-0.008787346221441061,0.005272407732864748,-0.054481546572934914,-0.01991798476859985,0.009373169302870465,2025H2
301559,2025-11-03,0,bull,macd_stabilizing,pullback_holds,current_week,-0.0011730205278591699,-0.01876832844574783,-0.04340175953079195,-0.019941348973606998,0.014076246334310705,2025H2
301559,2025-11-06,3,bull,macd_stabilizing,pullback_holds,current_week,-0.006451612903225823,-0.036950146627565905,-0.06803519061583574,-0.055131964809384204,0.014076246334310705,2025H2
301559,2025-11-07,4,bull,macd_stabilizing,pullback_holds,current_week,-0.003510825043885224,-0.04915155061439436,-0.056758338209479176,-0.05909888823873599,0.011702750146284302,2025H2
301559,2025-11-11,1,bull,none,pullback_holds,current_week,-0.051192553810355035,-0.061082024432809856,-0.06806282722513102,-0.07388016288539856,0.005817335660267542,2025H2
301559,2025-12-08,0,bull,none,pullback_holds,current_week,-0.020408163265306256,-0.007421150278293154,-0.0043290043290042934,-0.0470006184291899,0.0018552875695732052,2025H2
301559,2025-12-19,4,mid,none,pullback_holds,current_week,-0.0031308703819662442,0.01064495929868503,0.12460864120225423,-0.013775829680651275,0.02003757044458343,2025H2
301559,2025-12-22,0,bull,none,pullback_holds,current_week,-0.016676961087090825,-0.005558987029030238,0.11673872760963566,-0.027177269919703595,0.006794317479925871,2025H2
301559,2025-12-24,2,bull,none,pullback_holds,current_week,-0.010585305105852982,0.14009962640099638,0.14321295143212964,-0.019302615193026118,0.14445828144458295,2025H2
301559,2025-12-25,3,bull,none,pullback_holds,current_week,0.0006207324643079382,0.14525139664804465,0.12600869025450034,-0.022346368715083775,0.15952824332712612,2025H2
301559,2026-02-04,2,mid,ma_bull,pullback_holds,current_week,0.004494382022471877,0.014606741573033544,0.032022471910112316,-0.010674157303370846,0.03146067415730336,2026H1
301559,2026-02-05,3,mid,ma_bull,pullback_holds,current_week,0.005656108597285048,0.0328054298642535,0.0209276018099549,-0.0039592760180995334,0.04694570135746612,2026H1
301559,2026-02-09,0,bull,ma_bull,two_day_acceleration,current_week,-0.0016574585635359407,0.008839779005524795,-0.0303867403314918,-0.021546961325966896,0.04751381215469608,2026H1
301559,2026-02-24,1,bull,ma_bull,pullback_holds,current_week,0.008839779005524795,0.022099447513812098,-0.1359116022099448,-0.03535911602209951,0.04751381215469608,2026H1
301559,2026-02-26,3,bull,ma_bull,pullback_holds,current_week,-0.01052048726467314,0.017165005537098654,-0.131782945736434,-0.03322259136212613,0.049833887043189584,2026H1
301559,2026-03-02,0,bull,ma_bull,two_day_acceleration,current_week,-0.022007514761137936,-0.02791196994095546,-0.14063338701019845,-0.0628019323671497,0.017713365539452575,2026H1
301559,2026-03-06,4,bull,ma_bull,two_day_acceleration,current_week,-0.015275504637206838,-0.08674304418985268,-0.16639388979814518,-0.09765411893071485,0.027277686852154925,2026H1
301559,2026-03-12,3,bull,ma_bull,pullback_holds,current_week,-0.05260273972602747,-0.14082191780821918,-0.09589041095890416,-0.17260273972602747,0.005479452054794498,2026H1
301302,2025-05-14,2,bull,macd_cross,shrinking_volume_acceleration,current_week,-0.09928544565626174,-0.12861978187288448,-0.12974802557352383,-0.1331327566754419,0.023693117713426082,2025H1
301302,2025-06-17,1,bull,none,shrinking_volume_acceleration,current_week,-0.008821170809943935,0.06976744186046502,-0.08179631114675212,-0.05934242181234961,0.11748195669607053,2025H1
301302,2025-06-25,2,bull,none,two_day_acceleration,current_week,0.02720820189274442,-0.09305993690851733,-0.06388012618296524,-0.14037854889589896,0.09897476340694022,2025H1
301302,2025-06-27,4,bull,none,shrinking_volume_acceleration,current_week,-0.019157088122605415,-0.10727969348659006,-0.06206896551724139,-0.1647509578544062,0.06781609195402294,2025H1
301302,2025-07-29,1,bull,ma_bull,two_day_acceleration,current_week,0.06912804399057326,0.04045561665357433,0.060879811468971035,-0.03456402199528663,0.1319717203456401,2025H2
301302,2025-08-19,1,bull,ma_bull,pullback_holds,current_week,-0.01674554058973421,-0.08409173643975243,-0.12377138696760093,-0.1052056789224608,0.026574444848926015,2025H2
301302,2025-08-20,2,bull,ma_bull,two_day_acceleration,current_week,-0.04382761139517899,-0.13878743608473332,-0.1241782322863404,-0.14170927684441192,0.016800584368152016,2025H2
301302,2025-08-22,4,bull,ma_bull,shrinking_volume_acceleration,current_week,-0.04737421961072341,-0.13330885053250086,-0.1472640470069777,-0.15975027543150944,0.02240176276165995,2025H2
301302,2025-10-13,0,bull,none,pullback_holds,current_week,-0.03139784946236557,0.0021505376344086446,-0.0034408602150537426,-0.053763440860215006,0.01376344086021497,2025H2
301302,2025-10-15,2,bull,none,pullback_holds,current_week,-0.02604166666666663,0.01692708333333326,-0.01736111111111105,-0.04513888888888884,0.04774305555555558,2025H2
301302,2025-10-20,0,mid,none,shrinking_volume_acceleration,current_week,0.03325942350332589,0.06341463414634152,0.03192904656319295,-0.023059866962305997,0.07050997782705104,2025H2
301302,2025-10-21,1,bull,none,pullback_holds,current_week,0.055432372505543226,0.055432372505543226,0.02616407982261637,-0.023059866962305997,0.07050997782705104,2025H2
301302,2025-10-24,4,bull,none,pullback_holds,current_week,0.03155127081507447,0.022348816827344464,0.05828220858895716,-0.009640666082383786,0.05784399649430316,2025H2
301302,2025-10-27,0,bull,none,two_day_acceleration,current_week,0.029184549356223055,-0.005579399141630859,0.067381974248927,-0.012875536480686733,0.036051502145922676,2025H2
301302,2025-10-31,4,bull,none,shrinking_volume_acceleration,current_week,-0.008499787505312328,-0.03102422439439012,0.014449638759030936,-0.04674883127921803,0.024224394390140347,2025H2
301302,2025-11-17,0,mid,none,two_day_acceleration,current_week,0.07152089616544588,0.02498922878069787,-0.029728565273589025,-0.04222317966393796,0.078414476518742,2025H2
301302,2025-11-18,1,mid,none,pullback_holds,current_week,0.051813471502590636,0.015112262521588926,-0.05354058721934363,-0.040155440414507804,0.08074265975820394,2025H2
301302,2025-11-19,2,mid,none,pullback_holds,current_week,0.028310104529616575,0.008275261324041772,-0.06271777003484325,-0.03179442508710806,0.09015679442508717,2025H2
301302,2025-11-20,3,mid,none,pullback_holds,current_week,-0.004799301919720889,-0.01308900523560208,-0.003926701570680646,-0.030104712041884918,0.0920593368237348,2025H2
301302,2025-12-08,0,bull,none,pullback_holds,current_week,-0.05734616994558395,-0.05692758476349935,-0.02888237756383427,-0.12306404353285894,0.007953118459606667,2025H2
301302,2025-12-19,4,mid,none,pullback_holds,current_week,0.004426737494466648,0.03541389995573274,0.11730854360336451,-0.03939796370075255,0.04249667994687911,2025H2
301302,2026-03-09,0,mid,ma_bull,two_day_acceleration,current_week,-0.07596153846153841,-0.12628205128205117,-0.3387820512820513,-0.13461538461538458,0.07628205128205123,2026H1
301302,2026-05-22,4,mid,macd_cross,shrinking_volume_acceleration,current_week,-0.07358219669777444,-0.09906676238334522,0.06783919597989962,-0.13819095477386922,0.05958363244795417,2026H1
600980,2023-09-04,0,mid,macd_cross,two_day_acceleration,current_week,-0.002498438475952547,0.0006246096189879147,-0.04309806371018121,-0.024984384759525358,0.05434103685196745,2023H2
600980,2023-09-18,0,mid,ma_bull,pullback_holds,current_week,-0.018714909544603864,-0.044291952588895844,-0.05988771054273245,-0.051777916406737345,0.0012476606363069909,2023H2
600980,2023-09-19,1,mid,ma_bull,pullback_holds,current_week,-0.015883100381194448,-0.02414231257941557,-0.030495552731893305,-0.03430749682337986,0.009529860228716602,2023H2
600980,2023-09-22,4,mid,ma_bull,pullback_holds,current_week,-0.03286978508217442,-0.029077117572692823,-0.003160556257901459,-0.04108723135271808,0.0037926675094817064,2023H2
600980,2023-11-10,4,mid,none,two_day_acceleration,current_week,0.02230483271375472,0.005576208178438735,0.03531598513011147,-0.00867410161090465,0.03283767038413887,2023H2
600980,2023-11-13,0,mid,ma_bull,two_day_acceleration,current_week,0.018416206261510082,-0.0030693677102515693,0.07550644567219167,-0.017802332719459746,0.023327194597912992,2023H2
600980,2023-11-15,2,mid,ma_bull,shrinking_volume_acceleration,current_week,-0.0012330456226880004,0.016646115906288728,0.08877928483353892,-0.013563501849568338,0.027743526510481065,2023H2
600980,2023-11-16,3,mid,ma_bull,pullback_holds,current_week,0.012915129151291449,0.004305043050430557,0.12792127921279195,-0.015990159901599132,0.025215252152521517,2023H2
600980,2024-01-02,1,mid,ma_bull,two_day_acceleration,current_week,-0.046786922209695714,-0.09526493799323565,-0.19052987598647142,-0.10935738444193921,0.00732807215332576,2024H1
600980,2025-04-23,2,mid,none,two_day_acceleration,current_week,-0.04276114844227252,0.02138057422113615,0.044593769089798396,-0.05497861942577886,0.02748930971288943,2025H1
600980,2025-04-24,3,mid,none,pullback_holds,current_week,0.010442260442260265,0.008599508599508532,0.04054054054054057,-0.04975429975429979,0.03378378378378377,2025H1
600980,2025-04-25,4,mid,none,pullback_holds,current_week,0.030472636815920273,0.024253731343283347,0.05410447761194015,-0.037935323383084696,0.04664179104477606,2025H1
600980,2025-05-15,3,bull,none,two_day_acceleration,current_week,-0.002421307506053183,0.021186440677966267,0.6664648910411624,-0.004237288135593209,0.06295399515738498,2025H1
600980,2025-05-21,2,bull,none,pullback_holds,current_week,0.011940298507462588,0.016716417910447756,0.31343283582089554,-0.017910447761194104,0.048358208955223914,2025H1
600980,2025-05-28,2,mid,ma_bull,pullback_holds,current_week,0.007692307692307887,0.4810650887573966,0.28875739644970433,-0.023668639053254337,0.4810650887573966,2025H1
600980,2025-06-04,2,bull,ma_bull,two_day_acceleration,current_week,0.32730455075845977,0.3710618436406068,0.3261376896149357,-0.011085180863477317,0.7666277712952159,2025H1
600980,2025-06-05,3,bull,ma_bull,pullback_holds,current_week,0.46975924838520244,0.29183793305930705,0.31356429829712273,-0.0017615971814445297,0.7780387551379917,2025H1
600980,2025-06-06,4,bull,ma_bull,pullback_holds,current_week,0.5904101675332181,0.2634315424610054,0.28191796649335665,-0.0034662045060658286,0.7492778740612365,2025H1
600980,2025-07-02,2,bull,ma_bull,pullback_holds,current_week,-0.017135325131810264,-0.007469244288225041,0.005711775043936607,-0.03910369068541297,0.10720562390158173,2025H2
600980,2025-08-22,4,bull,ma_bull,shrinking_volume_acceleration,current_week,0.14108527131782944,-0.03023255813953496,-0.0868217054263567,-0.07403100775193794,0.18100775193798446,2025H2
600980,2025-08-25,0,bull,ma_bull,two_day_acceleration,current_week,0.07324478178368121,-0.044022770398482014,-0.10284629981024673,-0.0933586337760911,0.15635673624288415,2025H2
600980,2025-10-10,4,bull,none,pullback_holds,current_week,0.01524515863205611,-0.0008240626287597808,-0.01895344046147507,-0.027194066749072987,0.16069221260815825,2025H2
600980,2025-10-27,0,bull,none,two_day_acceleration,current_week,-0.027169505271694927,-0.03811841038118413,-0.08880778588807792,-0.05109489051094884,0.04744525547445266,2025H2
600980,2025-10-31,4,bull,none,pullback_holds,current_week,-0.032113821138211485,-0.047967479674796754,-0.08333333333333337,-0.06422764227642286,0.00040650406504050274,2025H2
600980,2025-12-01,0,mid,none,two_day_acceleration,current_week,0.0035010940919035782,-0.026258205689277947,0.00043763676148778075,-0.03019693654266964,0.005689277899343592,2025H2
600980,2025-12-08,0,bull,none,pullback_holds,current_week,-0.029232111692844787,-0.006980802792321161,0.049301919720767806,-0.06937172774869105,0.0008726003490400203,2025H2
600980,2025-12-19,4,mid,none,two_day_acceleration,current_week,0.004850088183421475,0.039682539682539764,0.060846560846560926,-0.013668430335096904,0.04012345679012341,2025H2
600980,2025-12-29,0,bull,none,shrinking_volume_acceleration,current_week,0.05947136563876665,0.047136563876652104,0.14801762114537453,-0.00528634361233471,0.12951541850220272,2025H2
600980,2025-12-31,2,bull,none,two_day_acceleration,current_week,0.08029513888888906,0.04513888888888906,0.06467013888888906,-0.0026041666666666297,0.11284722222222232,2025H2
600980,2026-01-05,0,bull,none,shrinking_volume_acceleration,current_week,0.058064516129032295,0.044731182795698876,0.007311827956989259,-0.0021505376344086446,0.10279569892473117,2026H1
600980,2026-01-06,1,bull,none,two_day_acceleration,current_week,0.004621848739495782,0.01092436974789912,0.015966386554621792,-0.01848739495798324,0.07731092436974785,2026H1
600980,2026-01-07,2,bull,none,two_day_acceleration,current_week,-0.0012605042016806678,0.02857142857142847,-0.0012605042016806678,-0.01848739495798324,0.07731092436974785,2026H1
600980,2026-02-25,2,bull,ma_bull,two_day_acceleration,current_week,-0.06289779108947957,-0.11156870086110071,-0.20104829651815803,-0.13403219767877206,0.012729314863347163,2026H1
000782,2024-01-03,2,mid,ma_bull,pullback_holds,current_week,-0.025044722719141266,-0.04830053667262957,-0.16457960644007152,-0.051878354203935606,0.019677996422182487,2024H1
000782,2024-01-04,3,mid,ma_bull,pullback_holds,current_week,-0.023049645390070927,-0.06737588652482263,-0.1914893617021275,-0.09397163120567364,0.010638297872340496,2024H1
000782,2025-06-09,0,bull,none,pullback_holds,current_week,-0.02400000000000002,-0.040000000000000036,0.026000000000000023,-0.05800000000000005,0.026000000000000023,2025H1
000782,2025-06-11,2,bull,none,pullback_holds,current_week,-0.026422764227642226,0.0,0.04268292682926833,-0.04268292682926833,0.04268292682926833,2025H1
000782,2025-06-12,3,bull,none,pullback_holds,current_week,-0.04828973843058337,-0.012072434607645843,0.03621730382293764,-0.0523138832997988,0.004024144869215318,2025H1
000782,2025-06-24,1,bull,none,pullback_holds,current_week,0.024439918533604832,0.046843177189409335,0.0,-0.012219959266802416,0.05702647657841142,2025H1
000782,2025-06-25,2,bull,macd_stabilizing,pullback_holds,current_week,0.026315789473684292,0.038461538461538325,-0.014170040485830038,-0.018218623481781382,0.0506072874493928,2025H1
000782,2025-06-26,3,bull,macd_stabilizing,pullback_holds,current_week,0.030487804878048808,0.04674796747967491,-0.0060975609756097615,-0.0060975609756097615,0.054878048780487854,2025H1
000782,2025-06-27,4,bull,macd_stabilizing,pullback_holds,current_week,0.03469387755102038,0.04693877551020398,-0.008163265306122436,-0.0020408163265307477,0.0591836734693878,2025H1
000782,2025-07-11,4,bull,none,pullback_holds,current_week,-0.048828125,-0.05078125,-0.05078125,-0.056640625,0.013671875,2025H2
000782,2025-07-14,0,bull,macd_cross,shrinking_volume_acceleration,current_week,-0.0315581854043393,-0.047337278106508895,0.007889546351084853,-0.04930966469428011,0.00591715976331364,2025H2
000782,2025-07-21,0,bull,none,shrinking_volume_acceleration,current_week,-0.022267206477732837,-0.030364372469635748,0.09716599190283381,-0.05060728744939269,0.0,2025H2
000782,2025-08-04,0,bull,none,pullback_holds,current_week,0.06680584551148239,0.13152400835073075,0.2359081419624216,-0.014613778705636848,0.13152400835073075,2025H2
000782,2025-08-06,2,bull,none,pullback_holds,current_week,0.06666666666666665,0.1645833333333333,0.19999999999999996,-0.01666666666666672,0.2333333333333334,2025H2
000782,2025-08-13,2,bull,none,shrinking_volume_acceleration,current_week,0.08543689320388337,0.11456310679611637,0.11456310679611637,-0.04854368932038833,0.1922330097087379,2025H2
000782,2025-08-15,4,bull,none,pullback_holds,current_week,0.16194331983805665,0.20242914979757076,0.22267206477732793,-0.006072874493927127,0.2429149797570851,2025H2
000782,2025-08-20,2,bull,macd_cross,shrinking_volume_acceleration,current_week,0.012345679012345734,0.015873015873015817,0.11463844797178147,-0.024691358024691357,0.08289241622574961,2025H2
000782,2025-09-19,4,mid,ma_bull,pullback_holds,current_week,-0.028099173553719048,0.0181818181818183,-0.10413223140495864,-0.07933884297520655,0.04297520661157028,2025H2
000782,2025-11-13,3,bull,none,shrinking_volume_acceleration,current_week,-0.0663265306122448,-0.10034013605442171,-0.12755102040816324,-0.14625850340136048,0.028911564625850428,2025H2
000782,2025-12-19,4,mid,none,pullback_holds,current_week,-0.009727626459143934,-0.03891050583657574,0.07003891050583655,-0.05058365758754857,0.021400778210116878,2025H2
000782,2026-01-09,4,bull,none,pullback_holds,current_week,0.05138339920948609,0.1264822134387351,0.2134387351778657,-0.00988142292490135,0.18181818181818188,2026H1
000782,2026-01-14,2,bull,none,shrinking_volume_acceleration,current_week,0.07528957528957547,0.10038610038610041,0.18339768339768336,-0.005791505791505669,0.15444015444015458,2026H1
000782,2026-02-03,1,mid,none,shrinking_volume_acceleration,current_week,0.01848739495798335,0.10420168067226898,0.03865546218487381,-0.05714285714285716,0.1428571428571428,2026H1
000782,2026-04-08,2,mid,none,shrinking_volume_acceleration,current_week,-0.016759776536312776,0.16014897579143406,0.6703910614525141,-0.022346368715083775,0.16759776536312865,2026H1
000782,2026-04-10,4,mid,none,pullback_holds,current_week,0.10110294117647056,0.13970588235294112,0.5091911764705883,-0.03492647058823539,0.17279411764705865,2026H1
000782,2026-04-13,0,mid,none,pullback_holds,current_week,0.10766423357664223,0.23722627737226265,0.43065693430656915,-0.04197080291970812,0.24452554744525545,2026H1
000782,2026-04-22,2,bull,macd_cross,shrinking_volume_acceleration,current_week,0.13600000000000012,0.43520000000000003,0.264,-0.02399999999999991,0.4480000000000002,2026H1
000782,2026-04-29,2,bull,ma_bull,shrinking_volume_acceleration,current_week,0.2616033755274263,0.14627285513361454,0.03234880450070321,-0.0042194092827004814,0.27285513361462743,2026H1
000782,2026-06-15,0,bull,ma_bull,pullback_holds,current_week,0.029139072847682135,0.07019867549668879,-0.0013245033112582183,-0.04635761589403964,0.10331125827814569,2026H1
000782,2026-06-16,1,bull,ma_bull,two_day_acceleration,current_week,0.04993429697766105,0.13009198423127444,-0.03942181340341655,-0.053876478318002685,0.14717477003942192,2026H1
000782,2026-06-17,2,bull,ma_bull,pullback_holds,current_week,0.037234042553191404,0.046542553191489366,-0.05452127659574468,-0.042553191489361764,0.16090425531914887,2026H1
000782,2026-06-24,2,bull,none,two_day_acceleration,current_week,0.06832298136645942,-0.06459627329192552,-0.258385093167702,-0.10559006211180133,0.08447204968944089,2026H1
000782,2026-06-29,0,mid,none,two_day_acceleration,current_week,-0.008860759493670933,-0.048101265822784844,-0.20379746835443036,-0.07088607594936713,0.1050632911392404,2026H1
000782,2026-06-30,1,bull,none,shrinking_volume_acceleration,current_week,-0.052238805970149405,-0.062189054726368265,-0.19029850746268673,-0.10820895522388074,0.08582089552238803,2026H1
000782,2026-08-14,4,mid,none,shrinking_volume_acceleration,current_week,-0.0012953367875647714,0.0362694300518136,-0.005181347150259086,-0.022020725388601003,0.04922279792746109,2026H2
000782,2026-08-20,3,mid,none,shrinking_volume_acceleration,current_week,0.03363518758085382,-0.015523932729624823,,-0.023285899094437346,0.047865459249676556,2026H2
000782,2026-08-26,2,mid,macd_cross,shrinking_volume_acceleration,current_week,-0.022871664548919868,0.020330368487928796,,-0.05209656925031769,0.029224904701397714,2026H2
000782,2026-08-27,3,mid,macd_cross,two_day_acceleration,current_week,-0.04636591478696739,-0.020050125313283207,,-0.06516290726817053,0.01754385964912286,2026H2
688362,2025-03-31,0,mid,none,pullback_holds,current_week,-0.17674418604651165,-0.06910299003322262,-0.08870431893687714,-0.23887043189368773,0.04053156146179404,2025H1
688362,2025-04-01,1,mid,none,two_day_acceleration,current_week,-0.14290343486714197,-0.09267660401814648,-0.10920285158781584,-0.25761503564484767,0.005832793259883395,2025H1
688362,2025-04-02,2,mid,none,pullback_holds,current_week,-0.09321175278622085,-0.05943937858831472,-0.0371496116176967,-0.22627490712597098,0.030057413036136404,2025H1
688362,2025-05-07,2,bull,none,pullback_holds,current_week,-0.01879432624113464,-0.051063829787234005,-0.05141843971631199,-0.07624113475177297,0.02411347517730489,2025H1
688362,2025-05-08,3,bull,none,pullback_holds,current_week,-0.043756670224119554,-0.06794734969761651,-0.04660263251511909,-0.07328352899324075,0.009605122732123883,2025H1
688362,2025-05-20,1,bull,none,two_day_acceleration,current_week,-0.03422339225272664,-0.012410680707032662,0.055283941331327746,-0.04625799172621292,0.015043249341857967,2025H1
688362,2025-05-26,0,bull,none,shrinking_volume_acceleration,current_week,0.010384615384615437,0.0038461538461538325,0.10999999999999988,-0.024615384615384595,0.038846153846153975,2025H1
688362,2025-06-03,1,bull,none,pullback_holds,current_week,-0.005335365853658569,0.019054878048780477,0.11432926829268286,-0.020579268292682973,0.057545731707316916,2025H1
688362,2025-06-04,2,bull,none,pullback_holds,current_week,-0.0022573363431152016,0.05568096313017312,0.07411587659894647,-0.033107599699021883,0.0628291948833708,2025H1
688362,2025-06-05,3,bull,none,pullback_holds,current_week,-0.01797079745413699,0.03519281168101829,0.06514414077124675,-0.03781355297641342,0.08573567952077865,2025H1
688362,2025-06-06,4,bull,none,pullback_holds,current_week,-0.039346696362286604,0.022642910170749708,0.046028210838901185,-0.046028210838901296,0.07646622123236813,2025H1
688362,2025-06-17,1,bull,none,pullback_holds,current_week,0.05328467153284655,0.06715328467153281,0.021532846715328402,-0.024087591240875894,0.11313868613138678,2025H1
688362,2025-06-25,2,bull,none,two_day_acceleration,current_week,-0.012452438602559623,-0.023175371843652703,-0.03286060186786577,-0.03493600830162569,0.05499827049463857,2025H1
688362,2025-10-13,0,bull,none,shrinking_volume_acceleration,current_week,-0.18026565464895627,-0.030089455136893428,-0.11846028734074265,-0.18812686364868536,0.0,2025H2
688362,2025-11-11,1,bull,none,pullback_holds,current_week,-0.014062499999999978,-0.05906250000000002,0.0034374999999999822,-0.10124999999999995,0.030625000000000124,2025H2
688362,2025-12-01,0,mid,none,pullback_holds,current_week,0.0310897435897437,0.05769230769230771,0.060256410256410264,-0.043269230769230727,0.08749999999999991,2025H2
688362,2025-12-23,1,bull,none,pullback_holds,current_week,0.026799626051729586,0.2704892489872235,0.5176067310688688,-0.00560922405733888,0.3265814895606107,2025H2
688362,2025-12-25,3,bull,none,two_day_acceleration,current_week,0.043027158986878034,0.26792798291119935,0.41501373207201686,-0.012511443393347643,0.3274336283185839,2025H2
688362,2026-02-10,1,bull,ma_bull,pullback_holds,current_week,0.018444444444444485,-0.030444444444444385,-0.12577777777777766,-0.04266666666666674,0.11088888888888904,2026H1
688362,2026-02-11,2,bull,ma_bull,pullback_holds,current_week,0.07106259746045884,-0.04388505235018936,-0.14925373134328368,-0.05658275785252842,0.1136110492314546,2026H1
688362,2026-04-16,3,mid,none,shrinking_volume_acceleration,current_week,-0.05022736668044647,0.017155849524596922,0.06304257957833803,-0.10417527904092594,0.04051260851591576,2026H1
688362,2026-04-28,1,bull,ma_bull,pullback_holds,current_week,0.028043339706819603,0.06862120246441483,0.3607393244104524,-0.022519651582749156,0.18121946037816028,2026H1
688362,2026-05-14,3,bull,ma_bull,two_day_acceleration,current_week,-0.007322568531730966,0.391475779196395,0.20146451370634622,-0.14232069095005628,0.46751783702591054,2026H1
688362,2026-08-31,0,bull,none,shrinking_volume_acceleration,current_week,-0.05551248255543484,-0.10637308109784449,,-0.14560396960769106,0.0,2026H2
603577,2025-05-19,0,bull,none,two_day_acceleration,current_week,0.12786489746682728,0.4113389626055488,0.11942098914354626,-0.01568154402895061,0.5018094089264173,2025H1
603577,2025-06-03,1,bull,ma_bull,shrinking_volume_acceleration,current_week,-0.1917808219178082,-0.20547945205479456,-0.2114726027397259,-0.21746575342465746,0.10102739726027399,2025H1
603577,2025-07-02,2,bull,ma_bull,pullback_holds,current_week,-0.007454739084132078,-0.011714589989350488,0.020234291799786863,-0.03620873269435565,0.009584664536741228,2025H2
603577,2025-07-03,3,bull,ma_bull,pullback_holds,current_week,0.013001083423618498,0.01625135427952329,0.019501625135427858,-0.01950162513542797,0.027085590465872222,2025H2
603577,2025-07-09,2,bull,none,pullback_holds,current_week,-0.0042918454935623185,0.05901287553648071,0.05257510729613735,-0.023605150214592308,0.11373390557939911,2025H2
603577,2025-07-10,3,bull,none,two_day_acceleration,current_week,0.004282655246252709,0.06316916488222701,0.062098501070663836,-0.025695931477516032,0.11134903640256977,2025H2
603577,2025-07-11,4,bull,none,pullback_holds,current_week,0.020496224379719763,0.04746494066882434,0.058252427184466216,-0.01833872707659112,0.11974110032362484,2025H2
603577,2025-07-21,0,bull,none,two_day_acceleration,current_week,-0.008154943934760461,-0.021406727828746308,0.004077471967380175,-0.04383282364933738,0.05810397553516822,2025H2
603577,2025-07-24,3,bull,none,shrinking_volume_acceleration,current_week,-0.04949494949494948,0.002020202020202033,0.005050505050505194,-0.05252525252525253,0.007070707070707005,2025H2
603577,2025-07-25,4,bull,none,pullback_holds,current_week,-0.01865284974093262,0.01658031088082912,0.03005181347150243,-0.02797927461139893,0.033160621761658016,2025H2
603577,2025-08-04,0,bull,ma_bull,pullback_holds,current_week,0.0332986472424559,0.024973985431841816,0.02393340270551514,-0.008324661810613976,0.04578563995837692,2025H2
603577,2025-08-05,1,bull,ma_bull,pullback_holds,current_week,0.017561983471074294,0.024793388429751984,-0.01342975206611563,-0.015495867768595128,0.03822314049586795,2025H2
603577,2025-08-06,2,bull,ma_bull,two_day_acceleration,current_week,-0.005081300813008061,0.015243902439024515,-0.057926829268292734,-0.03150406504065051,0.021341463414634276,2025H2
603577,2025-08-11,0,bull,ma_bull,shrinking_volume_acceleration,current_week,-0.00805639476334341,0.007049345417925457,-0.001007049345417954,-0.040281973816717054,0.015105740181268867,2025H2
603577,2025-08-18,0,bull,ma_bull,pullback_holds,current_week,0.012145748987854255,-0.004048582995951455,-0.018218623481781382,-0.05769230769230771,0.036437246963562764,2025H2
603577,2025-08-22,4,bull,ma_bull,pullback_holds,current_week,-0.04274353876739556,-0.03280318091451295,-0.050695825049701715,-0.08151093439363821,0.017892644135188762,2025H2
603577,2025-09-08,0,bull,ma_bull,two_day_acceleration,current_week,-0.022177419354838634,-0.05141129032258063,-0.04737903225806439,-0.05745967741935487,0.00504032258064524,2025H2
603577,2025-09-09,1,bull,ma_bull,pullback_holds,current_week,-0.009127789046653123,-0.0598377281947261,-0.016227180527383256,-0.07707910750507097,0.008113590263691739,2025H2
603577,2025-09-10,2,bull,ma_bull,pullback_holds,current_week,-0.013184584178498882,-0.047667342799188495,-0.02129817444219062,-0.07707910750507097,0.008113590263691739,2025H2
603577,2025-09-11,3,bull,ma_bull,pullback_holds,current_week,-0.04036326942482349,-0.06962663975782035,-0.07164480322906142,-0.08173562058526751,0.003027245206861595,2025H2
603577,2025-09-29,0,bull,none,pullback_holds,current_week,0.010695187165775444,0.021390374331550888,0.06631016042780757,-0.034224598930481354,0.0481283422459895,2025H2
603577,2025-10-09,3,bull,none,pullback_holds,current_week,0.02659574468085113,0.023404255319148914,0.0957446808510638,-0.03936170212765966,0.042553191489361764,2025H2
603577,2025-10-10,4,bull,macd_stabilizing,pullback_holds,current_week,-0.007551240560949135,0.04422869471413171,0.11650485436893199,-0.02588996763754048,0.057173678532902006,2025H2
603577,2025-10-20,0,mid,none,shrinking_volume_acceleration,current_week,0.022175290390707314,-0.007391763463569179,0.10982048574445602,-0.01689545934530101,0.039070749736008326,2025H2
603577,2025-10-21,1,bull,macd_stabilizing,pullback_holds,current_week,0.008359456635318674,0.04179728317659359,0.06374085684430497,-0.027168234064785746,0.08045977011494254,2025H2
603577,2025-11-03,0,bull,macd_stabilizing,shrinking_volume_acceleration,current_week,0.12260127931769715,0.1204690831556503,0.08528784648187626,0.0,0.1695095948827292,2025H2
603577,2025-11-07,4,bull,ma_bull,shrinking_volume_acceleration,current_week,0.014326647564469885,-0.12225405921680998,-0.028653295128939882,-0.13276026743075453,0.04106972301814715,2025H2
603577,2025-12-25,3,bull,ma_bull,shrinking_volume_acceleration,current_week,0.008604206500955947,0.026768642447418722,0.06883365200764802,-0.03919694072657742,0.06309751434034427,2025H2
603577,2026-01-06,1,bull,ma_bull,two_day_acceleration,current_week,-0.0018744142455482393,0.06747891283973773,0.028116213683224034,-0.023430178069353325,0.08153701968134963,2026H1
603577,2026-01-08,3,bull,ma_bull,two_day_acceleration,current_week,-0.01645338208409508,0.02833638025594154,-0.010054844606946944,-0.04753199268738573,0.054844606946983676,2026H1
603577,2026-01-16,4,bull,ma_bull,two_day_acceleration,current_week,0.0263876251137396,0.0009099181073703999,-0.0145586897179254,-0.035486806187443154,0.050045495905368664,2026H1
603577,2026-01-23,4,bull,ma_bull,two_day_acceleration,current_week,-0.016979445933869464,-0.0008936550491509543,0.02323503127792681,-0.05272564789991063,0.06434316353887404,2026H1
603577,2026-05-06,2,bull,macd_stabilizing,pullback_holds,current_week,0.0479148181011535,-0.00976042590949422,-0.11535048802129544,-0.02395740905057675,0.06211180124223614,2026H1
603577,2026-05-07,3,bull,macd_stabilizing,pullback_holds,current_week,0.02831858407079646,-0.061061946902654984,-0.13008849557522129,-0.06283185840707972,0.059292035398230025,2026H1
603577,2026-05-25,0,bull,macd_stabilizing,pullback_holds,current_week,-0.058562555456965426,-0.1508429458740017,-0.17125110913930786,-0.17213842058562556,0.015971606033718055,2026H1
603687,2023-11-16,3,mid,ma_bull,shrinking_volume_acceleration,current_week,0.025505716798592815,-0.004397537379067784,-0.0518909410729993,-0.022867194371152255,0.035180299032541607,2023H2
603687,2024-01-04,3,mid,ma_bull,shrinking_volume_acceleration,current_week,-0.004295532646048206,-0.044673539518900296,-0.20274914089347085,-0.0807560137457044,0.01718213058419238,2024H1
603687,2024-02-21,2,bull,none,pullback_holds,current_week,0.024767801857585203,0.042311661506708065,0.21878224974200222,-0.018575851393188847,0.10526315789473695,2024H1
603687,2024-02-22,3,bull,none,two_day_acceleration,current_week,0.03665987780040725,0.02851323828920571,0.19755600814663943,-0.0020366598778003286,0.09063136456211818,2024H1
603687,2024-02-27,1,bull,none,shrinking_volume_acceleration,current_week,-0.05461393596986819,0.03766478342749524,0.13370998116760835,-0.07721280602636538,0.04613935969868166,2024H1
603687,2024-03-11,0,bull,none,two_day_acceleration,current_week,0.14137606032045236,0.13383600377002836,0.0744580584354384,-0.009425070688030113,0.16305372290292186,2024H1
603687,2024-04-01,0,bull,none,pullback_holds,current_week,-0.0515806988352745,-0.11647254575707144,-0.09650582362728788,-0.17304492512479197,0.0024958402662229595,2024H1
603687,2024-04-08,0,mid,none,pullback_holds,current_week,-0.09121338912133903,-0.1271966527196654,-0.11046025104602508,-0.1682008368200838,0.004184100418409997,2024H1
603687,2025-11-10,0,bull,none,pullback_holds,current_week,0.009911894273127775,-0.04185022026431706,-0.01541850220264318,-0.07268722466960353,0.03193832599118962,2025H2
603687,2025-11-12,2,bull,none,pullback_holds,current_week,-0.006688963210702448,-0.03232998885172811,-0.02341137123745829,-0.06131549609810483,0.044593088071348985,2025H2
603687,2025-11-13,3,bull,none,pullback_holds,current_week,-0.005543237250554167,-0.029933481152993324,-0.021064301552106368,-0.0665188470066519,0.0388026607538805,2025H2
603687,2025-11-14,4,bull,none,pullback_holds,current_week,-0.05488474204171245,0.004390779363337094,-0.027442371020856227,-0.07574094401756304,0.028540065861690556,2025H2
603687,2025-11-17,0,mid,none,pullback_holds,current_week,-0.07150480256136604,-0.043756670224119554,-0.03094983991462119,-0.10138740661686241,0.0,2025H2
603687,2025-12-19,4,mid,ma_bull,two_day_acceleration,current_week,0.034115138592750505,0.03837953091684421,0.13432835820895517,0.0,0.061833688699360234,2025H2
603687,2025-12-22,0,bull,ma_bull,two_day_acceleration,current_week,-0.009316770186335366,0.09213250517598359,0.13975155279503104,-0.02795031055900621,0.10869565217391308,2025H2
603687,2025-12-24,2,bull,ma_bull,shrinking_volume_acceleration,current_week,-0.0052192066805846205,0.10751565762004178,0.1597077244258871,-0.019832985386221247,0.17014613778705634,2025H2
603687,2026-01-05,0,bull,ma_bull,pullback_holds,current_week,0.11558307533539747,0.10939112487100111,0.14138286893704866,-0.011351909184726505,0.17853457172342635,2026H1
603687,2026-01-09,4,bull,ma_bull,shrinking_volume_acceleration,current_week,0.007518796992481258,0.044172932330826864,0.06203007518796988,-0.02819548872180455,0.07330827067669166,2026H1
603687,2026-01-12,0,bull,ma_bull,two_day_acceleration,current_week,0.00561272217025266,0.08419083255378856,0.0972871842843781,-0.03274087932647329,0.08886810102899911,2026H1
603687,2026-01-29,3,bull,ma_bull,pullback_holds,current_week,-0.038634321653189585,0.05300988319856237,-0.04582210242587603,-0.04941599281221931,0.08894878706199472,2026H1
603687,2026-01-30,4,bull,ma_bull,two_day_acceleration,current_week,-0.017391304347825987,0.009565217391304337,-0.11739130434782608,-0.07999999999999996,0.05391304347826087,2026H1
603687,2026-05-07,3,bull,ma_bull,pullback_holds,current_week,-0.06670567583382092,-0.018724400234054972,0.08250438853130482,-0.11878291398478635,0.04564072557050913,2026H1
603687,2026-05-11,0,bull,ma_bull,pullback_holds,current_week,-0.09080325960419089,-0.06461001164144353,0.061699650756694036,-0.12339930151338763,0.040162980209546006,2026H1
603687,2026-05-19,1,bull,ma_bull,two_day_acceleration,current_week,-0.06253687315634215,0.055457227138643095,0.06961651917404121,-0.10855457227138643,0.055457227138643095,2026H1
603687,2026-06-17,2,bull,ma_bull,pullback_holds,current_week,-0.05785123966942152,0.09035812672176302,-0.2269972451790634,-0.05785123966942152,0.1972451790633607,2026H1
603687,2026-07-01,2,bull,ma_bull,shrinking_volume_acceleration,current_week,-0.20931372549019622,-0.2892156862745099,-0.3872549019607844,-0.303921568627451,0.0607843137254902,2026H2
603687,2026-08-17,0,mid,none,two_day_acceleration,current_week,-0.12080536912751683,0.07449664429530212,0.05838926174496639,-0.1456375838926175,0.09798657718120807,2026H2
603687,2026-08-18,1,bull,none,pullback_holds,current_week,0.03818443804034577,0.17435158501440928,0.09798270893371752,-0.08285302593659949,0.1858789625360231,2026H2
603687,2026-09-01,1,bull,none,two_day_acceleration,current_week,-0.028676021964612608,-0.07016473459426487,,-0.10494203782794387,0.059792556436851774,2026H2
603687,2026-09-03,3,mid,none,shrinking_volume_acceleration,current_week,-0.035119047619047605,,,-0.12678571428571428,0.004166666666666652,2026H2
603501,2024-02-08,3,mid,none,pullback_holds,current_week,-0.0183352080989877,0.05781777277840261,0.055118110236220375,-0.07975253093363333,0.08368953880764907,2024H1
603501,2024-02-27,1,bull,none,two_day_acceleration,current_week,0.06430155210643007,0.06651884700665178,0.07339246119733933,-0.03680709534368076,0.09146341463414642,2024H1
603501,2024-02-28,2,bull,none,pullback_holds,current_week,0.08344827586206893,0.10390804597701164,0.11965517241379309,-0.0013793103448276334,0.13160919540229887,2024H1
603501,2024-11-04,0,bull,ma_bull,shrinking_volume_acceleration,current_week,0.08420560747663552,-0.019158878504672905,-0.05607476635514019,-0.028037383177570097,0.11364485981308414,2024H2
603501,2024-11-05,1,bull,ma_bull,two_day_acceleration,current_week,0.03233897697751509,-0.04747827644898317,-0.115112424975365,-0.07730896712353308,0.06745498521902715,2024H2
603501,2024-11-06,2,bull,ma_bull,pullback_holds,current_week,0.04183870079823815,-0.028718231030369856,-0.09771538673272784,-0.05495917056610711,0.09331131296449202,2024H2
603501,2024-11-07,3,bull,ma_bull,shrinking_volume_acceleration,current_week,-0.0304920913884007,-0.07803163444639716,-0.14130052724077324,-0.09490333919156413,0.04710017574692449,2024H2
603501,2024-12-02,0,bull,none,two_day_acceleration,current_week,-0.025225046987832567,-0.034424770006924565,0.06835493124938163,-0.038480561875556485,0.008902957760411612,2024H2
603501,2024-12-11,2,bull,none,shrinking_volume_acceleration,current_week,0.011105552776388139,0.01340670335167582,0.00010005002501256577,-0.030615307653826918,0.0655327663831915,2024H2
603501,2024-12-12,3,bull,none,pullback_holds,current_week,0.03580742226680034,0.06328986960882643,0.00852557673019061,-0.028184553660982936,0.07592778335005002,2024H2
603501,2025-01-24,4,mid,macd_cross,shrinking_volume_acceleration,current_week,0.0974682370397848,0.2630993230084391,0.3231939163498099,-0.021608086803301507,0.31364184364277103,2025H1
603501,2025-02-07,4,mid,none,two_day_acceleration,current_week,0.15814587593728713,0.3461145194274027,0.23474778459441037,-0.0038343558282208923,0.38002726653033414,2025H1
603501,2025-02-17,0,bull,ma_bull,shrinking_volume_acceleration,current_week,0.0714285714285714,0.019142857142857128,0.0018571428571427795,-0.017142857142857237,0.1568571428571428,2025H1
603501,2025-02-21,4,bull,ma_bull,shrinking_volume_acceleration,current_week,-0.08775090066906832,-0.06774318064848173,-0.12506433350488932,-0.09933093154915074,0.0,2025H1
603501,2025-03-24,0,mid,ma_bull,shrinking_volume_acceleration,current_week,-0.02740729884215165,-0.1561629781620988,-0.10046900190532027,-0.1725780448483073,0.0013190678587131632,2025H1
603501,2025-04-01,1,mid,ma_bull,shrinking_volume_acceleration,current_week,-0.10344569288389516,-0.06951310861423221,-0.014382022471910005,-0.16479400749063666,0.014681647940074871,2025H1
603501,2025-04-02,2,mid,ma_bull,pullback_holds,current_week,-0.06825240512082409,-0.07279751533974688,0.024164835997272816,-0.1553670176501779,0.015074615559427462,2025H1
603501,2025-04-21,0,mid,none,two_day_acceleration,current_week,-0.016251005631536586,0.056798069187449896,0.07119871279163315,-0.025341914722445624,0.10450522928399031,2025H1
603501,2025-04-28,0,mid,none,pullback_holds,current_week,0.07372895210070296,0.04659146640510037,0.047490599967304314,-0.006702632009154885,0.12220042504495665,2025H1
603501,2025-05-06,1,mid,none,shrinking_volume_acceleration,current_week,-0.0426695842450765,-0.0397520058351567,-0.06535375638220264,-0.07658643326039383,0.0013858497447118978,2025H1
603501,2025-05-21,2,bull,none,pullback_holds,current_week,-0.029547198772064576,0.01765157329240208,-0.030544896392939447,-0.05594781273983118,0.03491941673062149,2025H1
603501,2025-05-23,4,bull,none,pullback_holds,current_week,-0.026562499999999933,0.015625,-0.03265624999999994,-0.03898437499999996,0.047656249999999956,2025H1
603501,2025-06-04,2,bull,none,two_day_acceleration,current_week,-0.008739758095981265,-0.018493952399531888,-0.02746781115879826,-0.03503706593835354,0.046429964884900476,2025H1
603501,2025-06-05,3,bull,none,two_day_acceleration,current_week,-0.05386064030131821,-0.04843691148775886,-0.0564218455743879,-0.06847457627118647,0.01016949152542379,2025H1
603501,2025-06-18,2,bull,none,shrinking_volume_acceleration,current_week,0.020238095238095388,-0.010873015873015812,-0.025555555555555554,-0.028730158730158717,0.026904761904761987,2025H1
603501,2025-06-19,3,mid,none,pullback_holds,current_week,0.0019038553069965491,-0.006346184356655571,-0.02831984769157536,-0.029192448040615604,0.026415992384578812,2025H1
603501,2025-06-24,1,bull,none,pullback_holds,current_week,0.006225864922373869,-0.01260934667822522,-0.013712664512569916,-0.030420048861218407,0.019702104184726954,2025H1
603501,2025-06-26,3,bull,none,pullback_holds,current_week,-0.013700787401574765,-0.028346456692913358,-0.00952755905511804,-0.031259842519685055,0.01881889763779543,2025H1
603501,2025-06-27,4,bull,none,pullback_holds,current_week,-0.032308412673638265,-0.03402528484470124,-0.011393788044326558,-0.04253160605587647,0.004994537224910056,2025H1
603501,2025-07-08,1,bull,none,pullback_holds,current_week,-0.021263040535159705,-0.0033447479493510235,-0.032651110934140415,-0.03161583180696026,0.02325396193358298,2025H2
603501,2025-07-24,3,bull,none,pullback_holds,current_week,-0.03791845153101703,-0.041012216404886614,0.029906393780739338,-0.06155798825955894,0.013406314453434875,2025H2
603501,2025-07-25,4,bull,none,two_day_acceleration,current_week,-0.0604724409448818,-0.06118110236220464,0.0774015748031498,-0.06850393700787405,0.0037795275590550848,2025H2
603501,2025-08-11,0,bull,none,shrinking_volume_acceleration,current_week,0.0709758131776479,0.1432860717264388,0.1337781484570475,-0.003753127606338613,0.19257714762301914,2025H2
603501,2025-08-12,1,bull,none,pullback_holds,current_week,0.040380637153496046,0.17997517583781542,0.08978071990070324,-0.00422010757136948,0.19478692594124958,2025H2
603501,2025-08-13,2,bull,none,two_day_acceleration,current_week,0.03775100401606424,0.11919678714859439,0.05389558232931724,-0.02208835341365467,0.18016064257028108,2025H2
603501,2025-08-14,3,bull,none,pullback_holds,current_week,0.06409310712236715,0.17113351364642249,0.10646668305876572,-0.00213097287107622,0.204245553643144,2025H2
603501,2025-08-15,4,bull,none,pullback_holds,current_week,0.10151344388987282,0.15303493801320234,0.09483175012075362,-0.007003703107390069,0.18282080180325244,2025H2
603501,2025-08-28,3,bull,macd_cross,shrinking_volume_acceleration,current_week,-0.09972706277556165,-0.05521730002099523,0.054447477080271645,-0.11358387570858719,0.03576177479179776,2025H2
603501,2025-12-01,0,mid,none,pullback_holds,current_week,-0.0059161873459325776,0.02161051766639277,0.04289235825801141,-0.03286770747740342,0.05160230073952343,2025H2
603501,2025-12-08,0,bull,none,pullback_holds,current_week,0.027520661157024673,0.03884297520661151,0.07041322314049592,-0.010082644628099158,0.05768595041322322,2025H2
603501,2025-12-09,1,mid,none,pullback_holds,current_week,0.03140495867768589,0.034628099173553695,0.08975206611570252,0.0,0.05768595041322322,2025H2
603501,2025-12-26,4,bull,none,two_day_acceleration,current_week,0.01598882334678664,-0.003570319776467046,-0.030891027631170465,-0.023362309841664097,0.050372555107109696,2025H2
688685,2024-02-21,2,bull,ma_bull,shrinking_volume_acceleration,current_week,0.062311557788944594,0.13098827470686758,0.44690117252931305,-0.009380234505862672,0.20569514237855957,2024H1
688685,2024-05-06,0,bull,none,shrinking_volume_acceleration,current_week,0.0029940119760480943,-0.005738522954091718,-0.07859281437125742,-0.06287425149700587,0.08732534930139724,2024H1
688685,2024-05-08,2,bull,none,shrinking_volume_acceleration,current_week,0.025373134328358082,0.012686567164179152,-0.10447761194029859,-0.06567164179104479,0.0840796019900496,2024H1
688685,2025-01-24,4,mid,none,shrinking_volume_acceleration,current_week,0.39571045576407493,0.6034852546916889,0.585254691689008,-0.021983914209115274,0.7592493297587131,2025H1
688685,2025-02-18,1,bull,ma_bull,shrinking_volume_acceleration,current_week,-0.03470289736454424,-0.0008184645604846219,0.012604354231461778,-0.08315599934522844,0.1126207235226715,2025H1
688685,2025-04-23,2,mid,none,shrinking_volume_acceleration,current_week,0.0371698728399088,0.08004564721225949,-0.08542549722856219,-0.02021519400065208,0.11900880339093578,2025H1
688685,2025-05-08,3,bull,ma_bull,pullback_holds,current_week,0.03750000000000009,-0.10406249999999995,-0.12640624999999994,-0.10640625000000004,0.11015624999999996,2025H1
688685,2025-06-24,1,bull,none,two_day_acceleration,current_week,0.012874747103181816,-0.025013794371896436,-0.004046349089571577,-0.05462571270921479,0.03476181717859106,2025H1
688685,2025-06-25,2,bull,none,pullback_holds,current_week,-0.032429461341150545,-0.02345181385122741,-0.007878343715646774,-0.05826310003664348,0.030780505679736114,2025H1
688685,2025-06-26,3,bull,none,shrinking_volume_acceleration,current_week,-0.030402930402930517,-0.0067765567765567525,-0.015567765567765623,-0.05860805860805862,0.030402930402930295,2025H1
688685,2025-06-27,4,bull,none,pullback_holds,current_week,-0.027185892725936744,-0.018736223365172555,-0.013592946362968261,-0.0558412931667891,0.03343130051432763,2025H1
688685,2025-07-01,1,bull,none,pullback_holds,current_week,-0.03160394592619664,-0.02721958348556819,-0.01534526854219953,-0.061015710632079,0.012422360248447228,2025H2
688685,2025-07-10,3,bull,none,pullback_holds,current_week,0.042245692051139594,-0.004076338706688887,0.08856772280896807,-0.02686677783954039,0.055771725032425445,2025H2
688685,2025-07-11,4,bull,none,pullback_holds,current_week,0.03590225563909777,0.009398496240601517,0.07105263157894748,-0.012781954887218006,0.07105263157894748,2025H2
688685,2025-07-14,0,bull,none,pullback_holds,current_week,0.04839312406576979,0.017002989536621715,0.05362481315396117,-0.01868460388639759,0.06464872944693578,2025H2
688685,2025-07-17,3,bull,none,two_day_acceleration,current_week,-0.056686556686556755,-0.05931905931905934,-0.027729027729027855,-0.07511407511407509,0.0,2025H2
688685,2025-07-28,0,bull,none,pullback_holds,current_week,0.0022050716648289725,0.03619992649761117,0.12164645350973902,-0.03160602719588379,0.08783535464902603,2025H2
688685,2025-07-29,1,bull,none,pullback_holds,current_week,-0.0072342793544797335,0.03580040808755336,0.1932851048043034,-0.02244481543312926,0.09812650714153226,2025H2
688685,2025-08-01,4,bull,none,pullback_holds,current_week,0.055185185185185226,0.03592592592592592,0.11499999999999999,-0.011111111111111183,0.09629629629629632,2025H2
688685,2025-08-04,0,bull,none,pullback_holds,current_week,0.03619992649761117,0.03969128996692395,0.12421903711870641,-0.018743109151047488,0.08783535464902603,2025H2
688685,2025-08-18,0,bull,none,pullback_holds,current_week,0.08131089459698848,0.08379096545615594,0.05491585473870675,-0.03312666076173609,0.22232063773250665,2025H2
688685,2025-09-22,0,mid,ma_bull,two_day_acceleration,current_week,-0.0689815532475585,-0.057820492946830004,0.018291737715082856,-0.0854131142458534,0.009455898310339439,2025H2
688685,2025-09-30,1,bull,ma_bull,two_day_acceleration,current_week,0.0035250761095977357,-0.00016023073225457374,-0.014260535170645738,-0.07739144367889772,0.03829514500881248,2025H2
688685,2025-10-22,2,bull,ma_bull,pullback_holds,current_week,0.03488000000000002,-0.015679999999999916,-0.09360000000000002,-0.03536000000000006,0.07712000000000008,2025H2
688685,2025-10-23,3,bull,ma_bull,pullback_holds,current_week,-0.010172143974960801,-0.026604068857589924,-0.15712050078247264,-0.05320813771517996,0.05352112676056353,2025H2
688685,2025-10-24,4,bull,ma_bull,two_day_acceleration,current_week,-0.01944012441679621,-0.06298600311041991,-0.16236391912908243,-0.06531881804043538,0.046967340590979845,2025H2
688685,2025-11-17,0,mid,ma_bull,two_day_acceleration,current_week,-0.161076923076923,-0.21799999999999997,-0.22107692307692306,-0.22784615384615392,0.0,2025H2
688685,2025-12-08,0,bull,none,pullback_holds,current_week,-0.00530451866404702,0.031041257367387054,0.06994106090373275,-0.02043222003929268,0.0565815324165031,2025H2
688685,2025-12-19,4,mid,none,shrinking_volume_acceleration,current_week,0.014394086753549695,0.0795565065162418,0.01711729235557269,-0.005640925889904724,0.1215716786617389,2025H2
688685,2025-12-25,3,bull,none,two_day_acceleration,current_week,0.06577181208053684,0.12598274209012472,0.030297219558964583,-0.010546500479386323,0.13825503355704694,2025H2
688685,2025-12-26,4,bull,none,pullback_holds,current_week,0.059160305343511466,0.06354961832061079,0.03664122137404591,-0.006679389312976958,0.13282442748091605,2025H2
600713,2023-03-01,2,bull,none,pullback_holds,current_week,-0.003669724770642313,-0.014678899082568808,-0.04587155963302747,-0.038532110091743066,0.020183486238532167,2023H1
600713,2023-03-13,0,mid,none,pullback_holds,current_week,-0.014897579143389184,-0.01862197392923648,-0.048417132216014847,-0.02420856610800748,0.027932960893854775,2023H1
600713,2023-03-15,2,mid,none,shrinking_volume_acceleration,current_week,0.003731343283581934,-0.02985074626865669,-0.03171641791044777,-0.03171641791044777,0.029850746268656803,2023H1
600713,2023-03-17,4,mid,macd_stabilizing,pullback_holds,current_week,-0.01109057301293892,-0.04251386321626627,-0.025878003696857665,-0.05175600739371544,0.001848428835489857,2023H1
600713,2023-04-07,4,bull,none,pullback_holds,current_week,0.01348747591522148,-0.015414258188824692,0.14836223506743718,-0.019267822736030893,0.019267822736030782,2023H1
600713,2023-04-14,4,bull,macd_stabilizing,pullback_holds,current_week,-0.030360531309297945,0.16888045540796948,0.07779886148007575,-0.034155597722960285,0.19165085388994307,2023H1
600713,2023-04-17,0,bull,none,pullback_holds,current_week,-0.015151515151515138,0.17992424242424243,0.05303030303030298,-0.03598484848484851,0.22159090909090917,2023H1
600713,2023-05-08,0,bull,ma_bull,shrinking_volume_acceleration,current_week,-0.038269550748752046,-0.07154742096505817,-0.03993344425956724,-0.08985024958402665,0.04991680532445941,2023H1
600713,2023-07-03,0,mid,macd_stabilizing,pullback_holds,current_week,-0.027675276752767375,-0.016605166051660514,0.012915129151291671,-0.03874538745387457,0.005535055350553542,2023H2
600713,2023-07-04,1,mid,none,pullback_holds,current_week,-0.014869888475836479,-0.011152416356877248,0.0074349442379182396,-0.03159851301115235,0.0018587360594795044,2023H2
600713,2025-04-02,2,mid,macd_cross,pullback_holds,current_week,-0.05522682445759375,-0.023668639053254448,0.01380670611439827,-0.10256410256410264,0.01380670611439827,2025H1
600713,2025-04-24,3,mid,none,shrinking_volume_acceleration,current_week,0.01984126984126977,0.02182539682539697,0.005952380952380931,-0.011904761904761862,0.039682539682539764,2025H1
600713,2025-04-30,2,mid,ma_bull,two_day_acceleration,current_week,-0.013461538461538525,-0.007692307692307665,0.007692307692307665,-0.023076923076923106,0.005769230769230749,2025H1
600713,2025-05-12,0,bull,ma_bull,pullback_holds,current_week,0.0038910505836575737,-0.01945525291828787,0.01945525291828809,-0.02334630350194533,0.01945525291828809,2025H1
600713,2025-05-19,0,bull,ma_bull,pullback_holds,current_week,-0.023255813953488413,0.015503875968992276,0.011627906976744207,-0.02713178294573637,0.01744186046511631,2025H1
600713,2025-05-20,1,bull,ma_bull,pullback_holds,current_week,-0.023121387283236983,0.00963391136801528,-0.019267822736030893,-0.032755298651252374,0.01348747591522148,2025H1
600713,2025-05-21,2,bull,ma_bull,pullback_holds,current_week,-0.01934235976789156,0.0019342359767891004,-0.023210831721470093,-0.029013539651837394,0.019342359767891892,2025H1
600713,2025-05-29,3,bull,ma_bull,pullback_holds,current_week,0.021653543307086576,0.017716535433070835,0.025590551181102317,0.0,0.04330708661417315,2025H1
600713,2025-05-30,4,mid,ma_bull,pullback_holds,current_week,0.023391812865497075,0.00974658869395717,-0.013645224171539794,0.0,0.033138401559454245,2025H1
600713,2025-06-03,1,bull,ma_bull,two_day_acceleration,current_week,-0.0019047619047618536,-0.005714285714285783,-0.02857142857142847,-0.01904761904761898,0.020952380952381056,2025H1
600713,2025-06-05,3,bull,ma_bull,pullback_holds,current_week,0.007692307692307665,-0.028846153846153966,-0.00576923076923086,-0.03269230769230769,0.030769230769230882,2025H1
600713,2025-06-06,4,bull,ma_bull,pullback_holds,current_week,-0.00576923076923086,-0.028846153846153966,-0.00576923076923086,-0.04230769230769227,0.030769230769230882,2025H1
600713,2025-06-11,2,bull,ma_bull,shrinking_volume_acceleration,current_week,-0.026768642447418833,-0.003824091778202754,-0.007648183556405397,-0.04780114722753348,0.0248565965583174,2025H1
600713,2025-06-12,3,bull,ma_bull,pullback_holds,current_week,-0.028846153846153966,-0.00576923076923086,0.007692307692307665,-0.04230769230769227,0.030769230769230882,2025H1
600713,2025-06-16,0,bull,ma_bull,pullback_holds,current_week,-0.02115384615384619,-0.026923076923076827,0.017307692307692246,-0.04230769230769227,0.030769230769230882,2025H1
600713,2025-06-17,1,bull,ma_bull,pullback_holds,current_week,-0.00576923076923086,-0.019230769230769162,0.0038461538461538325,-0.04230769230769227,0.009615384615384581,2025H1
600713,2025-07-07,0,bull,ma_bull,pullback_holds,current_week,0.019267822736030782,0.026974951830443183,0.015414258188824581,-0.0077071290944122905,0.028901734104046062,2025H2
600713,2025-07-08,1,bull,ma_bull,pullback_holds,current_week,0.005780346820809079,0.026974951830443183,0.021194605009633882,-0.003853564547206201,0.030828516377649384,2025H2
600713,2025-07-09,2,bull,ma_bull,pullback_holds,current_week,0.019230769230769162,0.023076923076922995,0.0019230769230769162,-0.0038461538461539435,0.030769230769230882,2025H2
600713,2025-07-10,3,bull,ma_bull,shrinking_volume_acceleration,current_week,0.009541984732824416,0.020992366412213803,-0.005725190839694694,-0.011450381679389388,0.022900763358778553,2025H2
600713,2025-07-16,2,bull,ma_bull,shrinking_volume_acceleration,current_week,0.0037735849056603765,0.0018867924528302993,-0.011320754716981019,-0.011320754716981019,0.016981132075471583,2025H2
600713,2025-07-18,4,bull,ma_bull,pullback_holds,current_week,0.005660377358490676,-0.0018867924528301883,-0.015094339622641506,-0.02264150943396226,0.016981132075471583,2025H2
600713,2025-07-23,2,bull,ma_bull,pullback_holds,current_week,0.0,-0.01883239171374773,-0.0018832391713748953,-0.024482109227872084,0.015065913370998052,2025H2
600713,2025-07-25,4,bull,ma_bull,pullback_holds,current_week,-0.007504690431519689,-0.018761726078799223,0.0037523452157599557,-0.02814258911819889,0.011257035647279423,2025H2
600713,2025-08-05,1,bull,ma_bull,pullback_holds,current_week,-0.007532956685499026,-0.007532956685499026,-0.06779661016949157,-0.02824858757062154,0.0018832391713747842,2025H2
600713,2025-08-11,0,bull,ma_bull,pullback_holds,current_week,-0.00948766603415574,0.013282732447817747,-0.05692599620493377,-0.020872865275142427,0.034155597722960174,2025H2
600713,2025-08-12,1,bull,ma_bull,pullback_holds,current_week,-0.0018939393939393367,0.013257575757575912,-0.058712121212121327,-0.022727272727272707,0.032196969696969724,2025H2
600713,2025-08-13,2,bull,ma_bull,pullback_holds,current_week,0.00952380952380949,-0.005714285714285783,-0.04571428571428571,-0.017142857142857126,0.03809523809523818,2025H2
600713,2025-08-19,1,bull,ma_bull,pullback_holds,current_week,0.015180265654648917,-0.06072106261859589,-0.0436432637571158,-0.06641366223908929,0.034155597722960174,2025H2
600713,2025-08-20,2,bull,ma_bull,pullback_holds,current_week,-0.015094339622641506,-0.07547169811320742,-0.04528301886792441,-0.0792452830188679,0.028301886792452935,2025H2
600713,2025-08-21,3,bull,ma_bull,two_day_acceleration,current_week,-0.044198895027624197,-0.09392265193370164,-0.07182320441988943,-0.10128913443830567,0.0036832412523020164,2025H2
600713,2025-10-09,3,bull,none,pullback_holds,current_week,0.012096774193548487,0.032258064516129004,0.03427419354838701,-0.010080645161290258,0.03427419354838701,2025H2
600713,2025-10-10,4,bull,none,pullback_holds,current_week,0.004040404040403844,0.03232323232323231,0.04040404040404044,-0.008080808080808133,0.036363636363636376,2025H2
600713,2025-10-15,2,bull,none,pullback_holds,current_week,0.015904572564612307,0.007952286282306265,0.04373757455268379,-0.015904572564612307,0.021868787276341894,2025H2
600713,2025-10-21,1,bull,none,two_day_acceleration,current_week,0.005928853754940677,0.0039525691699604515,0.029644268774703386,-0.005928853754940788,0.015810276679841806,2025H2
600713,2025-11-03,0,bull,none,pullback_holds,current_week,0.0216110019646365,0.03339882121807469,0.0,-0.007858546168958758,0.056974459724950854,2025H2
600713,2025-11-04,1,bull,none,pullback_holds,current_week,0.029585798816567976,0.027613412228796763,0.01972386587771191,-0.0019723865877712132,0.061143984220907166,2025H2
600713,2025-11-05,2,bull,none,pullback_holds,current_week,0.02739726027397249,0.007827788649706457,0.02152641878669259,-0.005870841487279899,0.05283757338551842,2025H2
600713,2025-11-06,3,bull,none,pullback_holds,current_week,0.025390625,0.001953125,0.013671875,-0.0078125,0.05078125,2025H2
600713,2025-11-10,0,bull,macd_cross,two_day_acceleration,current_week,0.011538461538461497,-0.04615384615384621,-0.0038461538461539435,-0.04807692307692313,0.03461538461538449,2025H2
600713,2025-11-12,2,bull,macd_cross,two_day_acceleration,current_week,-0.01904761904761898,-0.024761904761904763,0.011428571428571566,-0.05714285714285716,0.024761904761904763,2025H2
600713,2026-01-06,1,bull,ma_bull,shrinking_volume_acceleration,current_week,-0.0053859964093357915,-0.016157989228007152,-0.02513464991023351,-0.03590664272890487,0.03949730700179521,2026H1
600713,2026-01-07,2,bull,ma_bull,pullback_holds,current_week,0.029197080291970767,-0.009124087591241059,0.010948905109488871,-0.02007299270072993,0.05656934306569328,2026H1
600713,2026-01-08,3,bull,ma_bull,pullback_holds,current_week,0.009124087591240837,0.010948905109488871,0.009124087591240837,-0.02007299270072993,0.05656934306569328,2026H1
600713,2026-01-09,4,bull,ma_bull,pullback_holds,current_week,-0.0036363636363635488,0.030909090909090997,0.009090909090909038,-0.023636363636363567,0.052727272727272734,2026H1
600713,2026-01-15,3,bull,ma_bull,pullback_holds,current_week,-0.003597122302158362,-0.019784172661870603,-0.014388489208633115,-0.03417266187050372,0.028776978417266008,2026H1
600713,2026-02-04,2,mid,ma_bull,two_day_acceleration,current_week,0.005415162454873723,-0.0072202166064981865,-0.027075812274368283,-0.02166064981949456,0.019855595667870096,2026H1
600713,2026-02-06,4,mid,ma_bull,pullback_holds,current_week,-0.02513464991023351,-0.019748653500897717,-0.037701974865350096,-0.03411131059245964,0.007181328545780907,2026H1
600713,2026-02-25,2,bull,ma_bull,pullback_holds,current_week,-0.055755395683453335,-0.03597122302158273,-0.08992805755395683,-0.06115107913669082,0.0,2026H1
600713,2026-02-26,3,bull,ma_bull,pullback_holds,current_week,-0.039999999999999925,-0.020000000000000018,-0.0818181818181819,-0.050909090909090904,0.005454545454545601,2026H1
600713,2026-02-27,4,bull,ma_bull,pullback_holds,current_week,-0.023636363636363567,-0.01272727272727281,-0.07454545454545458,-0.050909090909090904,0.0018181818181817189,2026H1
600713,2026-04-08,2,mid,macd_cross,two_day_acceleration,current_week,0.1428571428571428,0.017857142857142794,-0.03928571428571437,-0.025000000000000133,0.1875,2026H1
600713,2026-05-06,2,bull,none,shrinking_volume_acceleration,current_week,0.005660377358490676,-0.037735849056603654,-0.047169811320754707,-0.03962264150943395,0.026415094339622858,2026H1
600713,2026-05-11,0,bull,none,pullback_holds,current_week,-0.03531598513011147,-0.05947955390334558,-0.08550185873605942,-0.07063197026022305,0.01115241635687747,2026H1
600713,2026-05-12,1,bull,none,pullback_holds,current_week,-0.03690036900369009,-0.07195571955719549,-0.08671586715867152,-0.07749077490774903,0.0,2026H1
600713,2026-06-02,1,mid,none,pullback_holds,current_week,-0.027504911591355485,-0.011787819253438081,-0.003929273084479323,-0.04518664047151266,0.0,2026H1
600713,2026-06-03,2,mid,none,pullback_holds,current_week,-0.015841584158415856,-0.015841584158415856,0.001980198019802204,-0.037623762376237546,0.001980198019802204,2026H1
600713,2026-06-15,0,bull,none,pullback_holds,current_week,0.02970297029702973,-0.00990099009900991,0.0653465346534654,-0.047524752475247345,0.035643564356435675,2026H1
600713,2026-06-16,1,bull,none,pullback_holds,current_week,0.009960159362549792,0.009960159362549792,0.07768924302788838,-0.041832669322709126,0.041832669322709126,2026H1
600713,2026-06-22,0,bull,none,pullback_holds,current_week,0.05443548387096775,0.04233870967741926,0.03629032258064502,-0.008064516129032251,0.05443548387096775,2026H1
002697,2023-03-06,0,bull,ma_bull,pullback_holds,current_week,-0.041450777202072575,-0.069084628670121,0.04317789291882557,-0.07253886010362698,0.02763385146804831,2023H1
002697,2023-03-08,2,mid,ma_bull,pullback_holds,current_week,-0.03125,-0.01388888888888895,0.05208333333333348,-0.06770833333333326,0.005208333333333481,2023H1
002697,2023-03-22,2,mid,ma_bull,pullback_holds,current_week,0.05052264808362361,0.05574912891986061,0.08188153310104518,-0.022648083623693416,0.07491289198606266,2023H1
002697,2023-03-23,3,bull,ma_bull,pullback_holds,current_week,0.06701940035273357,0.08289241622574961,0.08994708994709,-0.007054673721340388,0.08818342151675496,2023H1
002697,2023-03-31,4,bull,ma_bull,two_day_acceleration,current_week,-0.013114754098360715,0.0,0.042622950819672045,-0.02622950819672132,0.026229508196721207,2023H1
002697,2023-04-17,0,bull,ma_bull,pullback_holds,current_week,-0.001626016260162566,0.034146341463414664,-0.00975609756097573,-0.027642276422764178,0.052032520325203224,2023H1
002697,2023-04-18,1,bull,ma_bull,two_day_acceleration,current_week,-0.008025682182985716,0.004815409309791185,-0.01765650080256831,-0.0401284109149278,0.038523274478330594,2023H1
002697,2023-04-19,2,bull,ma_bull,two_day_acceleration,current_week,-0.04874213836477992,-0.022012578616352307,-0.04088050314465408,-0.05974842767295596,0.004716981132075526,2023H1
002697,2023-04-28,4,bull,ma_bull,shrinking_volume_acceleration,current_week,-0.019230769230769273,-0.017628205128205177,-0.13942307692307698,-0.03205128205128205,0.03044871794871784,2023H1
002697,2023-05-04,3,bull,ma_bull,two_day_acceleration,current_week,-0.007886435331230235,-0.039432176656151396,-0.13722397476340698,-0.04731861198738163,0.014195583596214423,2023H1
002697,2023-05-05,4,bull,ma_bull,pullback_holds,current_week,0.0015948963317384823,-0.02392344497607657,-0.10366826156299846,-0.036682615629984094,0.02551834130781483,2023H1
002697,2023-07-11,1,mid,none,pullback_holds,current_week,0.006825938566553003,0.03242320819112621,0.0,-0.015358361774744034,0.07337883959044356,2023H2
002697,2023-07-13,3,mid,none,pullback_holds,current_week,0.01873935264054527,0.010221465076660996,-0.030664395229982877,-0.017035775127768216,0.07155025553662697,2023H2
002697,2023-07-14,4,mid,none,pullback_holds,current_week,0.07216494845360821,0.030927835051546282,-0.046391752577319645,-0.00859106529209619,0.0807560137457044,2023H2
002697,2023-07-31,0,bull,none,two_day_acceleration,current_week,-0.032573289902280145,-0.08957654723127051,-0.14820846905537455,-0.1123778501628665,0.02931596091205213,2023H2
002697,2023-08-01,1,bull,none,pullback_holds,current_week,-0.02980132450331119,-0.0629139072847682,-0.1258278145695364,-0.09768211920529801,0.04635761589403975,2023H2
002697,2023-08-03,3,bull,none,pullback_holds,current_week,-0.07177814029363772,-0.11256117455138659,-0.15334420880913535,-0.12724306688417608,0.00978792822185981,2023H2
002697,2023-08-04,4,bull,none,pullback_holds,current_week,-0.0780730897009968,-0.12292358803986714,-0.11794019933554811,-0.12624584717607978,0.004983388704318914,2023H2
002697,2025-03-06,3,bull,none,shrinking_volume_acceleration,current_week,0.04735883424408005,0.027322404371584508,-0.023679417122040025,-0.007285974499089298,0.1129326047358834,2025H1
002697,2025-05-06,1,mid,ma_bull,shrinking_volume_acceleration,current_week,-0.032590051457976,0.010291595197255532,-0.039451114922812947,-0.044596912521440824,0.020583190394511064,2025H1
002697,2025-05-19,0,bull,ma_bull,two_day_acceleration,current_week,-0.02253032928942822,-0.04679376083188913,-0.08145580589254775,-0.05545927209705381,0.06932409012131702,2025H1
002697,2025-05-20,1,bull,ma_bull,pullback_holds,current_week,-0.04923599320882843,-0.04923599320882843,-0.10526315789473673,-0.07470288624787769,0.04753820033955858,2025H1
002697,2025-05-21,2,bull,ma_bull,two_day_acceleration,current_week,-0.06176961602671116,-0.07679465776293826,-0.1335559265442403,-0.09015025041736224,0.025041736227045197,2025H1
002697,2025-07-04,4,bull,none,pullback_holds,current_week,0.024118738404452778,0.02782931354359941,0.13543599257884975,-0.0018552875695732052,0.03525046382189245,2025H2
002697,2025-07-07,0,bull,none,shrinking_volume_acceleration,current_week,0.007339449541284404,0.02752293577981657,0.0972477064220183,-0.012844036697247763,0.029357798165137616,2025H2
002697,2025-07-08,1,bull,none,two_day_acceleration,current_week,-0.007312614259597838,0.031078610603290757,0.04936014625228524,-0.01645338208409508,0.031078610603290757,2025H2
002697,2025-07-10,3,bull,none,two_day_acceleration,current_week,-0.0018018018018017834,0.02522522522522541,0.023423423423423406,-0.03063063063063065,0.028828828828828756,2025H2
002697,2025-07-17,3,bull,none,two_day_acceleration,current_week,0.02893309222423146,0.10307414104882473,0.005424954792043524,-0.005424954792043413,0.17540687160940327,2025H2
002697,2025-07-18,4,bull,none,pullback_holds,current_week,0.030741410488245968,0.10669077757685352,0.016274864376130127,0.0,0.17540687160940327,2025H2
002697,2025-07-21,0,bull,none,two_day_acceleration,current_week,0.07678571428571423,0.06785714285714284,0.0035714285714285587,-0.008928571428571508,0.1607142857142856,2025H2
002697,2025-08-01,4,bull,macd_cross,shrinking_volume_acceleration,current_week,-0.06721311475409841,-0.07868852459016396,-0.024590163934426257,-0.09508196721311479,0.024590163934426146,2025H2
002697,2025-08-11,0,bull,none,pullback_holds,current_week,-0.01403508771929829,0.012280701754386003,0.029824561403508865,-0.03157894736842104,0.021052631578947434,2025H2
002697,2025-08-20,2,bull,none,pullback_holds,current_week,-0.0017513134851138146,0.008756567425569184,0.03327495621716303,-0.014010507880910739,0.07530647985989503,2025H2
002697,2025-08-21,3,bull,none,pullback_holds,current_week,0.008726003490401313,0.04013961605584626,0.005235602094240788,-0.017452006980802848,0.07155322862129143,2025H2
002697,2025-08-22,4,bull,none,pullback_holds,current_week,0.03658536585365857,0.027874564459930307,0.008710801393728262,-0.019163763066202155,0.06968641114982588,2025H2
002697,2025-08-25,0,bull,none,pullback_holds,current_week,0.04878048780487809,0.022648083623693305,-0.012195121951219523,-0.019163763066202155,0.06968641114982588,2025H2
002697,2025-08-26,1,bull,none,pullback_holds,current_week,0.022452504317789224,0.006908462867012188,-0.041450777202072575,-0.02763385146804842,0.06044905008635593,2025H2
002697,2025-08-28,3,bull,none,pullback_holds,current_week,0.03472222222222232,0.05555555555555558,-0.03298611111111105,-0.00868055555555558,0.06597222222222232,2025H2
002697,2025-08-29,4,bull,ma_bull,two_day_acceleration,current_week,-0.010067114093959662,-0.003355704697986517,-0.06711409395973145,-0.04194630872483218,0.033557046979865834,2025H2
002697,2025-09-12,4,bull,ma_bull,pullback_holds,current_week,-0.020304568527918843,-0.05922165820642977,-0.05414551607445017,-0.07275803722504226,0.016920473773265554,2025H2
002697,2025-10-09,3,bull,none,pullback_holds,current_week,-0.0052631578947368585,0.0017543859649122862,-0.028070175438596467,-0.04561403508771922,0.01754385964912264,2025H2
002697,2025-10-10,4,bull,none,pullback_holds,current_week,0.018248175182481674,0.02737226277372251,0.012773722627737127,-0.007299270072992692,0.058394160583941535,2025H2
002697,2025-10-13,0,bull,none,pullback_holds,current_week,-0.007104795737122527,0.0,0.005328596802842034,-0.014209591474245165,0.030195381882770933,2025H2
002697,2025-10-15,2,bull,macd_stabilizing,pullback_holds,current_week,-0.0017543859649122862,-0.028070175438596467,0.0017543859649122862,-0.03157894736842104,0.010526315789473717,2025H2
002697,2025-10-16,3,bull,macd_stabilizing,pullback_holds,current_week,0.010619469026548645,-0.03362831858407089,0.019469026548672552,-0.03362831858407089,0.014159292035398341,2025H2
002697,2025-11-04,1,bull,none,pullback_holds,current_week,0.03992740471869349,0.04900181488203281,0.074410163339383,-0.003629764065335661,0.07078039927404722,2025H2
002697,2025-11-05,2,bull,macd_stabilizing,pullback_holds,current_week,0.028828828828828756,0.04864864864864882,0.0612612612612613,-0.005405405405405239,0.06306306306306309,2025H2
002697,2025-11-06,3,bull,none,pullback_holds,current_week,0.03971119133573997,0.016245487364620947,0.045126353790613694,-0.0018050541516244634,0.06498194945848379,2025H2
002697,2025-11-07,4,bull,macd_stabilizing,pullback_holds,current_week,0.037837837837837895,-0.014414414414414378,0.046846846846847034,-0.014414414414414378,0.06306306306306309,2025H2
002697,2025-11-10,0,bull,none,two_day_acceleration,current_week,0.03180212014134276,-0.014134275618374548,0.0229681978798586,-0.03356890459363959,0.042402826855123754,2025H2
002697,2025-11-13,3,bull,none,two_day_acceleration,current_week,-0.02931034482758621,-0.0017241379310344307,0.0034482758620690834,-0.05689655172413799,0.024137931034482918,2025H2
002697,2025-11-17,0,mid,none,shrinking_volume_acceleration,current_week,-0.04123711340206193,0.010309278350515427,0.07044673539518898,-0.06013745704467366,0.02405498281786933,2025H2
002697,2025-11-19,2,mid,none,shrinking_volume_acceleration,current_week,0.012048192771084265,0.013769363166953319,0.20998278829604122,-0.058519793459552605,0.030981067125645412,2025H2
002697,2025-12-09,1,mid,none,two_day_acceleration,current_week,0.12479474548440073,0.009852216748768461,-0.013136288998357948,-0.07717569786535294,0.23809523809523814,2025H2
002697,2025-12-19,4,mid,ma_bull,shrinking_volume_acceleration,current_week,-0.10029069767441856,-0.12499999999999989,-0.05813953488372081,-0.14680232558139528,0.013081395348837122,2025H2
002697,2026-01-07,2,bull,ma_bull,pullback_holds,current_week,0.08333333333333326,0.05666666666666664,0.008333333333333304,-0.011666666666666714,0.13000000000000012,2026H1
002697,2026-01-08,3,bull,ma_bull,pullback_holds,current_week,0.06833333333333336,0.053333333333333455,0.026666666666666616,-0.0050000000000000044,0.13000000000000012,2026H1
002697,2026-01-09,4,bull,ma_bull,two_day_acceleration,current_week,0.01794453507340954,0.03588907014681908,-0.01631321370309946,0.0,0.10603588907014694,2026H1
002697,2026-01-16,4,bull,ma_bull,pullback_holds,current_week,0.02254428341384873,-0.048309178743961345,-0.06119162640901765,-0.054750402576489554,0.07568438003220601,2026H1
002697,2026-02-06,4,mid,ma_bull,pullback_holds,current_week,-0.03953871499176276,-0.05601317957166385,-0.06260296540362431,-0.06589785831960471,0.008237232289950658,2026H1
000995,2023-07-25,1,mid,none,two_day_acceleration,current_week,0.018562874251497163,0.020958083832335328,0.19221556886227553,-0.005389221556886259,0.043712574850299335,2023H2
000995,2023-07-26,2,mid,none,pullback_holds,current_week,0.009478672985782088,0.008886255924170694,0.09656398104265418,-0.009478672985781977,0.03258293838862558,2023H2
000995,2023-07-27,3,mid,none,two_day_acceleration,current_week,0.008303677342823335,0.021352313167259718,0.021945432977461543,-0.008303677342823335,0.03380782918149472,2023H2
000995,2023-07-28,4,bull,none,two_day_acceleration,current_week,0.0,-0.0040840140023337135,-0.03208868144690791,-0.024504084014002392,0.016336056009334854,2023H2
000995,2023-08-10,3,bull,none,pullback_holds,current_week,0.09825581395348837,0.0017441860465117198,0.024418604651162967,-0.022674418604651247,0.26104651162790704,2023H2
000995,2025-09-01,0,bull,none,pullback_holds,current_week,0.014824797843665749,-0.0074123989218328745,0.0040431266846361336,-0.030997304582210172,0.0363881401617252,2025H2
000995,2025-09-09,1,bull,none,pullback_holds,current_week,-0.0033377837116155273,-0.06275033377837114,-0.06742323097463288,-0.06675567423230977,0.026702269692923997,2025H2
000995,2025-09-10,2,bull,none,pullback_holds,current_week,-0.025418060200668946,-0.05551839464882946,-0.07625418060200673,-0.06488294314381271,0.028762541806020003,2025H2
000995,2025-09-12,4,bull,none,pullback_holds,current_week,-0.02760942760942764,-0.048484848484848464,-0.07138047138047132,-0.05858585858585852,0.007407407407407529,2025H2
000995,2025-10-21,1,bull,none,pullback_holds,current_week,-0.01008645533141217,-0.02017291066282434,-0.002161383285302687,-0.04034582132564846,0.018731988472622474,2025H2
000995,2025-10-22,2,bull,none,pullback_holds,current_week,-0.020275162925416312,-0.014482259232440287,-0.031860970311368586,-0.0354815351194786,0.020275162925416312,2025H2
000995,2025-10-23,3,bull,none,pullback_holds,current_week,-0.04707560627674756,-0.03495007132667605,-0.06704707560627676,-0.049928673323823114,0.0,2025H2
000995,2025-10-24,4,bull,none,pullback_holds,current_week,-0.013081395348837233,-0.02470930232558144,-0.0879360465116279,-0.03197674418604646,0.010174418604651292,2025H2
000995,2025-10-27,0,bull,none,pullback_holds,current_week,-0.0014598540145986938,0.0094890510948904,-0.07299270072992703,-0.027737226277372296,0.014598540145985384,2025H2
000995,2025-11-03,0,bull,none,pullback_holds,current_week,0.016911764705882293,-0.00367647058823517,-0.06838235294117645,-0.022058823529411686,0.027941176470588358,2025H2
000995,2025-11-11,1,bull,none,pullback_holds,current_week,0.0021707670043413785,-0.07887120115774238,-0.12301013024602026,-0.09985528219971063,0.02966714905933432,2025H2
000995,2025-11-12,2,bull,none,pullback_holds,current_week,-0.031860970311368586,-0.08544532947139749,-0.05503258508327302,-0.09920347574221589,0.03041274438812458,2025H2
000995,2025-11-18,1,mid,none,two_day_acceleration,current_week,-0.0802023121387283,-0.0975433526011561,-0.03829479768786126,-0.10187861271676302,0.0,2025H2
000995,2025-12-19,4,mid,none,two_day_acceleration,current_week,-0.015197568389057725,-0.037234042553191515,-0.015957446808510523,-0.06079027355623101,0.03191489361702127,2025H2
000995,2026-04-15,2,mid,none,two_day_acceleration,current_week,-0.0072727272727272085,-0.018181818181818188,0.04654545454545467,-0.05963636363636371,0.08363636363636373,2026H1
000995,2026-04-16,3,mid,none,pullback_holds,current_week,0.01739130434782621,-0.023188405797101463,0.0304347826086957,-0.06304347826086965,0.07971014492753614,2026H1
000995,2026-04-21,1,bull,none,pullback_holds,current_week,-0.025955299206921523,0.014419610670511895,-0.06056236481614996,-0.06777217015140602,0.07426099495313632,2026H1
000995,2026-05-11,0,bull,none,shrinking_volume_acceleration,current_week,0.016242937853107264,0.012005649717514055,-0.2005649717514124,-0.10805084745762705,0.09463276836158196,2026H1
688722,2023-05-08,0,bull,none,pullback_holds,current_week,-0.02572706935123026,0.02684563758389258,0.005033557046979942,-0.04921700223713643,0.0413870246085013,2023H1
688722,2023-05-09,1,bull,none,pullback_holds,current_week,-0.028026905829596438,0.019618834080717518,-0.01905829596412556,-0.047085201793722,0.036995515695067205,2023H1
688722,2023-05-18,3,mid,none,pullback_holds,current_week,0.019079685746352437,-0.0056116722783390305,-0.0028058361391695152,-0.021324354657687894,0.038159371492704874,2023H1
688722,2023-05-22,0,mid,none,two_day_acceleration,current_week,-0.023887079261672217,-0.02442996742671022,-0.01574375678610218,-0.053203040173724236,0.004343105320304019,2023H1
688722,2025-04-25,4,mid,ma_bull,shrinking_volume_acceleration,current_week,0.27060074428495495,0.26262626262626276,0.11589580010632661,-0.032961190855927525,0.41414141414141437,2025H1
688722,2025-06-04,2,bull,ma_bull,pullback_holds,current_week,-0.016666666666666607,-0.05648148148148158,-0.03194444444444455,-0.07407407407407418,0.05046296296296293,2025H1
688722,2025-06-05,3,bull,ma_bull,pullback_holds,current_week,-0.009298000929800265,-0.05532310553231057,-0.008368200836820106,-0.07019990701999079,0.05485820548582043,2025H1
688722,2025-06-11,2,bull,ma_bull,pullback_holds,current_week,-0.04048964218455753,-0.024011299435028333,0.025423728813559254,-0.0856873822975518,0.04190207156308845,2025H1
688722,2025-06-12,3,bull,ma_bull,pullback_holds,current_week,-0.046457062412013084,-0.00938526513374005,0.027686532144533205,-0.08869075551384309,0.038479587048334096,2025H1
688722,2025-06-13,4,bull,ma_bull,pullback_holds,current_week,-0.06719924812030076,-0.03195488721804507,-0.00046992481203012026,-0.08740601503759393,0.03148496240601495,2025H1
688722,2025-06-24,1,bull,none,two_day_acceleration,current_week,0.03470185728250241,0.08064516129032251,0.08113391984359719,-0.010752688172043001,0.09286412512218956,2025H1
688722,2025-06-26,3,bull,none,pullback_holds,current_week,0.015230842455973281,0.04236078058067583,0.01665873393622075,-0.029033793431699206,0.0923369823893383,2025H1
688722,2025-06-27,4,bull,none,pullback_holds,current_week,0.007759456838021261,0.03152279340446151,0.024733268671192965,-0.01066925315227929,0.11299709020368565,2025H1
688722,2025-07-02,2,bull,none,pullback_holds,current_week,0.03961813842482109,0.060620525059665864,-0.023389021479713556,-0.01384248210023864,0.09546539379474939,2025H2
688722,2025-07-04,4,bull,none,pullback_holds,current_week,0.022104757328207603,0.0571840461316675,0.007688611244593968,-0.007208073041806706,0.10283517539644405,2025H2
688722,2025-07-11,4,bull,none,pullback_holds,current_week,0.028999064546304965,-0.011693171188026152,0.015902712815715647,-0.012628624883068262,0.08606173994387278,2025H2
688722,2025-08-05,1,bull,ma_bull,pullback_holds,current_week,0.007748404740200554,0.049225159525979834,-0.1052871467639016,-0.010483135824977174,0.09206927985414759,2025H2
688722,2025-08-13,2,bull,ma_bull,shrinking_volume_acceleration,current_week,0.01905183872396976,0.0008861320336730483,-0.15463003987594148,-0.0048737261852015434,0.061586176340274745,2025H2
688722,2025-08-25,0,bull,ma_bull,pullback_holds,current_week,-0.10359774599046379,-0.15778066753359343,-0.17425227568270474,-0.20719549198092768,0.021239705244906704,2025H2
688722,2025-10-09,3,bull,none,pullback_holds,current_week,-0.025117739403453743,-0.07378335949764525,-0.07639979068550484,-0.08529565672422812,0.06855049712192574,2025H2
688722,2025-10-10,4,bull,none,pullback_holds,current_week,-0.045405405405405386,-0.011891891891891881,-0.018378378378378413,-0.05513513513513513,0.044324324324324316,2025H2
688722,2025-10-20,0,mid,none,shrinking_volume_acceleration,current_week,0.023463687150837798,-0.0022346368715084886,0.011731843575418788,-0.02346368715083813,0.03798882681564253,2025H2
688722,2025-10-28,1,bull,none,pullback_holds,current_week,-0.047670639219934974,-0.021668472372697867,-0.0742145178764898,-0.0574214517876489,0.002708559046587178,2025H2
688722,2025-10-29,2,bull,none,pullback_holds,current_week,-0.0437601296596436,-0.016747703943814307,-0.08265802269043765,-0.05996758508914102,0.0,2025H2
688722,2025-11-12,2,bull,none,pullback_holds,current_week,-0.03351648351648351,-0.06703296703296702,-0.027472527472527486,-0.0851648351648352,0.036813186813186904,2025H2
688722,2025-11-13,3,bull,none,two_day_acceleration,current_week,-0.040983606557377095,-0.07595628415300548,-0.043169398907103806,-0.09016393442622961,0.031147540983606614,2025H2
600343,2023-09-04,0,mid,macd_stabilizing,two_day_acceleration,current_week,0.02100000000000013,0.0,-0.0129999999999999,-0.016000000000000014,0.04500000000000015,2023H2
600343,2023-09-05,1,mid,macd_stabilizing,pullback_holds,current_week,0.024193548387096753,-0.006048387096774244,-0.008064516129032251,-0.008064516129032251,0.053427419354838745,2023H2
600343,2023-09-22,4,mid,macd_stabilizing,pullback_holds,current_week,-0.02686567164179121,-0.027860696517413075,0.013930348258706315,-0.04975124378109452,0.0029850746268655914,2023H2
600343,2025-02-10,0,mid,none,two_day_acceleration,current_week,-0.008204193254329972,-0.02370100273473108,0.07110300820419324,-0.049225159525980056,0.02096627164995435,2025H1
600343,2025-02-12,2,bull,none,shrinking_volume_acceleration,current_week,-0.04144144144144135,-0.04414414414414414,0.07837837837837847,-0.06036036036036041,0.009009009009009139,2025H1
600343,2025-02-14,4,bull,none,pullback_holds,current_week,0.004616805170821747,-0.08310249307479223,0.09602954755309345,-0.08494921514312093,0.01754385964912286,2025H1
600343,2025-02-17,0,bull,none,pullback_holds,current_week,-0.012903225806451535,-0.07741935483870965,0.09493087557603697,-0.08663594470046077,0.01382488479262678,2025H1
600343,2025-02-20,3,bull,none,two_day_acceleration,current_week,-0.06221408966148212,0.06861848124428183,0.09149130832570895,-0.09332113449222323,0.09149130832570895,2025H1
600343,2025-02-21,4,bull,none,pullback_holds,current_week,-0.08563535911602205,0.07734806629834279,0.09484346224677731,-0.08747697974217306,0.12891344383057102,2025H1
600343,2025-03-11,1,bull,macd_cross,two_day_acceleration,current_week,-0.03679476696647599,-0.05069501226492246,-0.10302534750613246,-0.09648405560098117,0.013082583810302584,2025H1
600343,2025-04-22,1,mid,none,pullback_holds,current_week,-0.03555555555555556,0.039111111111111097,0.057777777777777706,-0.046222222222222165,0.058666666666666645,2025H1
600343,2025-05-06,1,mid,macd_stabilizing,pullback_holds,current_week,0.06411398040961713,0.22528940338379333,0.06322350845948344,-0.009795191451469232,0.27960819234194134,2025H1
600343,2025-05-14,2,bull,none,shrinking_volume_acceleration,current_week,0.03070539419087126,-0.04481327800829882,-0.036514522821576856,-0.04730290456431541,0.1925311203319502,2025H1
600343,2025-06-04,2,bull,ma_bull,pullback_holds,current_week,-0.013502109704641385,-0.03797468354430378,0.014345991561181437,-0.04219409282700426,0.0227848101265824,2025H1
600343,2025-06-09,0,bull,ma_bull,pullback_holds,current_week,-0.03616484440706469,-0.0403700588730026,0.06307821698906646,-0.07989907485281755,0.012615643397813292,2025H1
600343,2025-06-24,1,bull,ma_bull,pullback_holds,current_week,0.06905594405594417,0.11888111888111896,0.19667832167832167,-0.0034965034965034336,0.16695804195804187,2025H1
600343,2025-06-25,2,bull,ma_bull,two_day_acceleration,current_week,0.022108843537415046,0.06972789115646272,0.16326530612244894,0.0,0.13520408163265296,2025H1
600343,2025-07-17,3,bull,ma_bull,shrinking_volume_acceleration,current_week,0.08459696727853139,0.1907422186751795,0.17238627294493192,-0.006384676775738285,0.23862729449321618,2025H2
600343,2025-07-31,3,bull,ma_bull,shrinking_volume_acceleration,current_week,0.02533333333333343,-0.020666666666666722,0.0020000000000000018,-0.04866666666666675,0.12666666666666648,2025H2
600343,2025-08-06,2,bull,ma_bull,shrinking_volume_acceleration,current_week,-0.024374999999999925,-0.07187500000000002,-0.16000000000000003,-0.08937499999999998,0.03249999999999997,2025H2
600343,2025-08-26,1,bull,ma_bull,pullback_holds,current_week,-0.07886231415643186,-0.06722689075630262,-0.0446024563671622,-0.1499676793794441,0.008403361344537785,2025H2
600343,2025-08-28,3,bull,ma_bull,shrinking_volume_acceleration,current_week,-0.09597315436241605,-0.028187919463087296,0.0,-0.1174496644295302,0.012080536912751683,2025H2
600343,2025-08-29,4,bull,ma_bull,pullback_holds,current_week,-0.10844976713240195,-0.045242847638057304,-0.005322687957418526,-0.12508316699933475,0.0,2025H2
600343,2025-09-10,2,bull,ma_bull,pullback_holds,current_week,-0.004895104895104918,0.05454545454545445,0.05034965034965033,-0.03846153846153855,0.05524475524475525,2025H2
600343,2025-09-11,3,bull,ma_bull,pullback_holds,current_week,-0.027720027720027574,0.032571032571032665,-0.005544005544005581,-0.04712404712404705,0.05128205128205132,2025H2
600343,2025-10-13,0,bull,ma_bull,two_day_acceleration,current_week,-0.07361563517915304,-0.007166123778501565,0.024755700325733043,-0.10228013029315952,0.04234527687296419,2025H2
600343,2025-10-28,1,bull,ma_bull,two_day_acceleration,current_week,-0.017363344051446905,0.06045016077170429,0.40064308681672034,-0.03665594855305465,0.0958199356913183,2025H2
600343,2025-11-03,0,bull,ma_bull,two_day_acceleration,current_week,0.014838709677419404,0.09354838709677415,0.48709677419354835,-0.03354838709677421,0.1348387096774193,2025H2
600343,2026-02-10,1,bull,none,pullback_holds,current_week,-0.08825978351373853,-0.03719122953094656,-0.1251734665556481,-0.12545101304468498,0.08631695809048012,2026H1
600343,2026-04-17,4,mid,none,shrinking_volume_acceleration,current_week,-0.01850294365012628,-0.024950939164564034,-0.05719091673675358,-0.09223437061956818,0.08999158957106812,2026H1
600343,2026-05-07,3,bull,none,pullback_holds,current_week,0.052465596330275144,-0.06823394495412849,-0.2826834862385321,-0.06995412844036708,0.16313073394495414,2026H1
600343,2026-06-30,1,bull,none,shrinking_volume_acceleration,current_week,-0.09272727272727277,-0.18327272727272725,-0.3639999999999999,-0.18327272727272725,0.09927272727272718,2026H1
300533,2023-03-06,0,bull,ma_bull,pullback_holds,current_week,0.015033246603064265,0.021682567215958404,0.11621856027753674,-0.050303555941023426,0.1428158427291124,2023H1
300533,2023-05-22,0,mid,ma_bull,shrinking_volume_acceleration,current_week,0.018292682926829285,-0.4059756097560976,-0.27695121951219515,-0.438780487804878,0.15487804878048794,2023H1
300533,2023-06-13,1,mid,none,two_day_acceleration,current_week,0.12085122998828601,-0.009566575556423151,-0.19035532994923854,-0.09117532213978907,0.2338930105427568,2023H1
300533,2023-08-04,4,bull,none,pullback_holds,current_week,-0.0336382413691354,-0.07376807317792855,-0.05340808498082039,-0.0746532900560638,0.04927707288285643,2023H2
300533,2023-08-07,0,bull,none,two_day_acceleration,current_week,-0.026505329876116424,-0.09305675597810426,-0.07749927974647064,-0.0965139729184673,0.005473926822241459,2023H2
300533,2023-08-08,1,bull,none,pullback_holds,current_week,-0.030746705710102407,-0.0453879941434846,-0.07818448023426061,-0.08374816983894584,0.0014641288433383526,2023H2
300533,2025-06-10,1,bull,none,two_day_acceleration,current_week,0.036076662908681056,0.22172115745960164,0.4738819992484029,-0.015407741450582546,0.22172115745960164,2025H1
300533,2025-06-19,3,mid,none,two_day_acceleration,current_week,0.0911938739993039,0.13331012878524207,0.324051514096763,-0.08806126000696135,0.21441002436477552,2025H1
300533,2025-07-17,3,bull,ma_bull,pullback_holds,current_week,-0.06287818995001315,-0.04867140226256239,0.062088923967376974,-0.08182057353328076,0.0,2025H2
300533,2025-08-08,4,bull,ma_bull,pullback_holds,current_week,0.06319200648123124,0.07264380232244116,0.0448285174183094,-0.008911693221712036,0.1217931406967323,2025H2
300533,2025-08-13,2,bull,ma_bull,two_day_acceleration,current_week,0.023978919631093554,0.09881422924901195,0.05981554677206846,-0.004216073781291296,0.21212121212121193,2025H2
300533,2025-08-18,0,bull,ma_bull,shrinking_volume_acceleration,current_week,0.05358049771457596,0.06145251396648055,0.054088369730827646,-0.040375825292026546,0.16810563737938033,2025H2
300533,2025-09-10,2,bull,ma_bull,pullback_holds,current_week,0.0692695214105794,-0.03148614609571787,-0.04332493702770779,-0.07556675062972296,0.08589420654911839,2025H2
300533,2025-09-11,3,bull,ma_bull,pullback_holds,current_week,0.016048144433299827,0.03084252758274819,-0.06218655967903719,-0.07973921765295888,0.0915245737211634,2025H2
300533,2025-09-17,2,bull,ma_bull,two_day_acceleration,current_week,-0.08124253285543603,-0.07311827956989247,-0.06403823178016721,-0.1230585424133811,0.04014336917562722,2025H2
300533,2025-10-15,2,bull,none,pullback_holds,current_week,0.016145833333333526,0.01822916666666674,-0.04062499999999991,-0.026562499999999933,0.06380208333333348,2025H2
300533,2025-10-24,4,bull,none,two_day_acceleration,current_week,-0.07671568627450986,-0.08186274509803926,-0.178921568627451,-0.08725490196078434,0.001225490196078427,2025H2
300533,2025-11-05,2,bull,none,pullback_holds,current_week,-0.04062499999999991,-0.10546874999999989,-0.12343749999999987,-0.10781249999999998,0.004687499999999956,2025H2
300533,2025-11-06,3,bull,none,pullback_holds,current_week,-0.026121372031662093,-0.10237467018469648,-0.11002638522427421,-0.1047493403693931,0.015567282321899745,2025H2
300533,2025-12-08,0,bull,none,pullback_holds,current_week,-0.016350364963503727,-0.0035036496350364654,0.04788321167883214,-0.04145985401459862,0.01868613138686137,2025H2
300533,2025-12-09,1,mid,none,pullback_holds,current_week,-0.036310395314787525,0.017569546120058677,0.06207906295754051,-0.03865300146412887,0.026939970717423156,2025H2
300533,2025-12-19,4,mid,none,pullback_holds,current_week,0.0032116788321168155,0.04788321167883214,0.11532846715328482,-0.013138686131386912,0.05576642335766424,2025H2
300533,2025-12-25,3,bull,none,shrinking_volume_acceleration,current_week,0.04320092780516105,0.1829515801681647,0.10756741084372279,-0.01623659031603375,0.2104957958828646,2025H2
300533,2025-12-26,4,bull,none,pullback_holds,current_week,0.0503365525314603,0.1741293532338306,0.10477026631548125,-0.0070237050043898686,0.25431665203394793,2025H2
300533,2025-12-30,1,bull,none,pullback_holds,current_week,0.047055427251732285,0.1605080831408776,0.08112009237875295,-0.005773672055427337,0.23729792147805995,2025H2
300533,2025-12-31,2,bull,none,pullback_holds,current_week,0.08225481737129714,0.10698878343399487,0.005752085130859896,0.0,0.2326718435432844,2025H2
300533,2026-01-08,3,bull,none,two_day_acceleration,current_week,0.11019055509527753,0.05550952775476392,-0.0764982049157692,-0.002209334438000532,0.18365092515879589,2026H1
300533,2026-01-14,2,bull,none,shrinking_volume_acceleration,current_week,-0.051275637818909536,-0.07203601800900461,-0.10105052526263147,-0.0730365182591296,0.022761380690345057,2026H1
301036,2023-12-28,3,mid,none,two_day_acceleration,current_week,0.0031876138433515333,-0.011839708561020124,-0.10154826958105645,-0.03779599271402556,0.03825136612021862,2023H2
301036,2025-02-10,0,mid,none,shrinking_volume_acceleration,current_week,-0.01479713603818611,0.013842482100238751,-0.02410501193317416,-0.07207637231503572,0.034606205250596656,2025H1
301036,2025-02-11,1,mid,none,two_day_acceleration,current_week,-0.044085762466875456,0.06263550951577934,-0.030354131534569895,-0.06335822693326898,0.08407612623464233,2025H1
301036,2025-02-19,2,bull,none,shrinking_volume_acceleration,current_week,0.08001963672066759,0.01227295041728027,-0.04835542464408438,-0.04565537555228272,0.10456553755522813,2025H1
301036,2025-03-26,2,mid,none,two_day_acceleration,current_week,0.04642215952808426,-0.05975891254167731,-0.07925109002308295,-0.20210310335983594,0.1526032315978454,2025H1
300269,2023-04-06,3,bull,none,pullback_holds,current_week,-0.02304147465437778,-0.0875576036866359,-0.17972350230414746,-0.10138248847926268,0.011520737327188835,2023H1
300269,2023-11-23,3,mid,ma_bull,shrinking_volume_acceleration,current_week,0.024193548387096753,-0.06048387096774188,-0.08064516129032251,-0.06451612903225812,0.06653225806451624,2023H2
300269,2024-01-25,3,mid,ma_bull,pullback_holds,current_week,-0.14869888475836424,-0.24721189591078063,-0.08364312267657992,-0.3364312267657992,0.08550185873605942,2024H1
300269,2024-02-22,3,bull,none,shrinking_volume_acceleration,current_week,0.021929824561403466,0.07456140350877183,0.1293859649122806,-0.02631578947368418,0.1622807017543857,2024H1
300269,2024-03-06,2,bull,none,shrinking_volume_acceleration,current_week,0.0019762845849802257,0.02371541501976271,-0.1086956521739132,-0.055335968379446654,0.039525691699604515,2024H1
300269,2024-03-20,2,bull,ma_bull,shrinking_volume_acceleration,current_week,-0.1505791505791505,-0.1293436293436293,-0.29729729729729726,-0.15250965250965254,0.01930501930501949,2024H1
300269,2024-03-22,4,bull,ma_bull,pullback_holds,current_week,-0.0761523046092184,-0.12224448897795592,-0.2585170340681363,-0.14028056112224452,0.006012024048096309,2024H1
300269,2025-08-05,1,bull,ma_bull,pullback_holds,current_week,0.019193857965451144,0.042226487523992384,-0.0019193857965450478,-0.02303262955854124,0.06333973128598847,2025H2
300269,2025-08-06,2,bull,ma_bull,pullback_holds,current_week,-0.003809523809523707,0.040000000000000036,-0.03428571428571425,-0.030476190476190546,0.05523809523809531,2025H2
300269,2025-08-07,3,bull,ma_bull,two_day_acceleration,current_week,-0.037735849056603654,0.028301886792452935,-0.037735849056603654,-0.03962264150943395,0.050943396226415194,2025H2
300269,2025-08-08,4,bull,ma_bull,pullback_holds,current_week,0.0019267822736031004,0.12331406551059731,-0.0077071290944122905,-0.019267822736030893,0.18882466281310206,2025H2
300269,2025-08-13,2,bull,none,pullback_holds,current_week,0.03409090909090895,0.013257575757575912,-0.03409090909090906,-0.03598484848484851,0.16856060606060597,2025H2
300269,2025-08-15,4,bull,none,pullback_holds,current_week,0.12115384615384617,0.011538461538461497,-0.013461538461538525,-0.011538461538461608,0.18653846153846154,2025H2
300269,2025-08-18,0,bull,none,pullback_holds,current_week,0.07939508506616266,0.020793950850661602,-0.02835538752362954,-0.02835538752362954,0.16635160680529304,2025H2
300269,2025-08-19,1,bull,none,two_day_acceleration,current_week,0.05410447761194037,-0.02985074626865669,-0.016791044776119368,-0.042910447761194126,0.15111940298507465,2025H2
300269,2025-09-19,4,mid,ma_bull,pullback_holds,current_week,-0.03106796116504862,-0.062135922330097126,0.027184466019417375,-0.12427184466019425,0.027184466019417375,2025H2
300269,2025-10-15,2,bull,none,shrinking_volume_acceleration,current_week,0.047325102880658276,0.07407407407407396,0.09876543209876543,-0.01440329218107006,0.10699588477366251,2025H2
300269,2025-10-16,3,bull,none,pullback_holds,current_week,0.07010309278350513,0.05979381443298948,0.1175257731958761,-0.006185567010309367,0.10927835051546375,2025H2
300269,2025-10-17,4,mid,none,pullback_holds,current_week,0.0662525879917184,0.07453416149068337,0.13043478260869557,0.0,0.11387163561076608,2025H2
300269,2025-10-23,3,bull,none,two_day_acceleration,current_week,-0.01532567049808431,0.021072796934865856,0.03831417624521083,-0.021072796934865745,0.03831417624521083,2025H2
300269,2025-11-03,0,bull,none,two_day_acceleration,current_week,0.007547169811320753,0.05849056603773595,0.1301886792452831,-0.011320754716981019,0.062264150943396324,2025H2
300269,2025-11-05,2,bull,none,two_day_acceleration,current_week,-0.011111111111111183,-0.0037037037037037646,0.3462962962962963,-0.02777777777777779,0.042592592592592515,2025H2
300269,2025-11-07,4,bull,none,pullback_holds,current_week,0.03409090909090895,-0.007575757575757569,0.446969696969697,-0.011363636363636465,0.06628787878787867,2025H2
300269,2025-11-12,2,bull,none,pullback_holds,current_week,0.0074906367041198685,0.09176029962546828,0.41760299625468167,-0.022471910112359605,0.19850187265917607,2025H2
300269,2025-11-17,0,mid,macd_cross,two_day_acceleration,current_week,0.04308797127468589,0.07540394973070019,0.26391382405745056,-0.0628366247755836,0.14901256732495516,2025H2
300269,2025-12-26,4,bull,ma_bull,two_day_acceleration,current_week,0.2349397590361444,0.2680722891566263,0.31024096385542177,-0.0406626506024097,0.48192771084337327,2025H2
300269,2026-01-09,4,bull,ma_bull,shrinking_volume_acceleration,current_week,-0.055488540410132736,0.019300361881785078,0.08685162846803363,-0.09167671893848017,0.1869722557297948,2026H1
300269,2026-01-14,2,bull,ma_bull,shrinking_volume_acceleration,current_week,-0.060096153846153855,0.060096153846153744,0.013221153846153744,-0.09495192307692313,0.10096153846153855,2026H1
300269,2026-02-05,3,mid,ma_bull,two_day_acceleration,current_week,-0.09502762430939238,-0.0872928176795581,-0.04972375690607744,-0.11270718232044208,0.029834254143646266,2026H1
300269,2026-02-26,3,bull,ma_bull,two_day_acceleration,current_week,0.03971119133573997,0.056558363417569035,-0.10348977135980753,-0.16245487364620947,0.11672683513838744,2026H1
300269,2026-03-09,0,mid,ma_bull,pullback_holds,current_week,0.014285714285714235,-0.055952380952380976,-0.16428571428571426,-0.0797619047619047,0.10476190476190461,2026H1
300269,2026-04-10,4,mid,none,pullback_holds,current_week,0.008163265306122325,-0.08843537414965985,-0.14693877551020407,-0.11156462585034022,0.03129251700680258,2026H1
300269,2026-04-20,0,bull,none,pullback_holds,current_week,-0.08266666666666667,-0.16000000000000003,-0.17333333333333334,-0.18666666666666665,0.0013333333333334085,2026H1
300269,2026-05-08,4,bull,none,two_day_acceleration,current_week,-0.09104938271604945,-0.10339506172839508,-0.1743827160493827,-0.13734567901234573,0.04938271604938271,2026H1
300269,2026-05-18,0,bull,none,shrinking_volume_acceleration,current_week,-0.04793388429752066,-0.09752066115702474,-0.15371900826446272,-0.14214876033057844,0.12396694214876036,2026H1
300269,2026-06-17,2,bull,none,pullback_holds,current_week,-0.0725490196078431,0.13137254901960782,-0.05882352941176483,-0.123529411764706,0.27450980392156854,2026H1
300269,2026-06-22,0,bull,none,shrinking_volume_acceleration,current_week,-0.07831325301204828,0.06024096385542155,-0.14859437751004023,-0.10240963855421703,0.30522088353413634,2026H1
300269,2026-06-23,1,bull,none,pullback_holds,current_week,0.09325396825396814,-0.01984126984126977,-0.14484126984126977,-0.11309523809523814,0.28968253968253976,2026H1
002333,2023-03-20,0,mid,none,pullback_holds,current_week,0.006849315068493178,-0.005136986301369717,-0.044520547945205435,-0.02910958904109584,0.025684931506849473,2023H1
002333,2023-03-21,1,mid,none,shrinking_volume_acceleration,current_week,-0.038397328881469184,-0.05175292153589328,-0.07178631051752915,-0.056761268781302165,0.0,2023H1
002333,2023-03-22,2,mid,none,pullback_holds,current_week,-0.03703703703703709,-0.04040404040404044,-0.07239057239057245,-0.05218855218855223,0.0033670033670032407,2023H1
002333,2023-03-23,3,bull,none,pullback_holds,current_week,-0.030405405405405372,-0.027027027027027084,-0.08783783783783772,-0.048986486486486513,0.0033783783783785104,2023H1
002333,2023-03-24,4,mid,none,pullback_holds,current_week,-0.023648648648648574,-0.042229729729729715,-0.07770270270270274,-0.048986486486486513,0.0,2023H1
002333,2023-04-17,0,bull,none,pullback_holds,current_week,-0.04210526315789476,0.06140350877192979,0.04385964912280693,-0.07192982456140351,0.07017543859649122,2023H1
002333,2023-04-27,3,mid,none,pullback_holds,current_week,0.03368794326241131,0.028368794326241176,0.0478723404255319,-0.0017730496453900457,0.08156028368794344,2023H1
002333,2023-05-08,0,bull,none,shrinking_volume_acceleration,current_week,-0.015100671140939603,0.001677852348993314,0.006711409395973256,-0.033557046979865834,0.015100671140939603,2023H1
002333,2023-06-13,1,mid,none,pullback_holds,current_week,-0.010118043844856595,0.01180438448566612,0.028667790893760703,-0.038785834738617075,0.042158516020236014,2023H1
002333,2023-07-03,0,mid,ma_bull,two_day_acceleration,current_week,-0.01132686084142387,-0.003236245954692518,0.055016181229773586,-0.029126213592232997,0.03883495145631066,2023H2
002333,2023-08-02,2,bull,ma_bull,shrinking_volume_acceleration,current_week,-0.03410852713178292,-0.054263565891472854,0.11782945736434103,-0.06511627906976747,0.010852713178294726,2023H2
002333,2023-11-06,0,mid,none,two_day_acceleration,current_week,0.00983606557377037,0.02950819672131133,0.02950819672131133,-0.013114754098360715,0.0360655737704918,2023H2
002333,2023-11-09,3,mid,none,pullback_holds,current_week,0.01976935749588149,0.036243822075782584,0.011532125205930832,-0.0032948929159802853,0.0494233937397035,2023H2
002333,2023-11-10,4,mid,none,two_day_acceleration,current_week,0.01296596434359798,0.011345218800648427,-0.027552674230145846,-0.011345218800648205,0.03241491085899506,2023H2
002333,2023-11-15,2,mid,none,two_day_acceleration,current_week,-0.0174603174603174,-0.022222222222222143,-0.033333333333333326,-0.025396825396825307,0.011111111111111072,2023H2
002333,2023-11-16,3,mid,none,pullback_holds,current_week,0.01944894651539708,-0.0016207455429497752,-0.0016207455429497752,-0.00972447325769843,0.03241491085899506,2023H2
002333,2023-11-17,4,mid,none,shrinking_volume_acceleration,current_week,-0.0031948881789136685,-0.007987220447284282,-0.007987220447284282,-0.023961661341852958,0.01757188498402562,2023H2
002333,2023-11-23,3,mid,none,pullback_holds,current_week,-0.020667726550079424,-0.0238473767885532,-0.03338632750397452,-0.02861685214626386,0.0031796502384737746,2023H2
002333,2026-01-05,0,bull,none,pullback_holds,current_week,0.05809859154929575,0.052816901408450745,0.05633802816901423,-0.010563380281690127,0.09507042253521125,2026H1
002333,2026-01-06,1,bull,macd_stabilizing,two_day_acceleration,current_week,-0.021666666666666612,0.0033333333333334103,0.02833333333333332,-0.03833333333333322,0.03333333333333344,2026H1
002333,2026-02-03,1,mid,ma_bull,shrinking_volume_acceleration,current_week,0.017857142857143016,0.016233766233766156,-0.045454545454545525,-0.008116883116883078,0.05519480519480524,2026H1
002333,2026-02-09,0,bull,ma_bull,two_day_acceleration,current_week,-0.04179566563467485,-0.10835913312693501,-0.10526315789473684,-0.1099071207430341,0.006191950464396356,2026H1
002333,2026-02-24,1,bull,ma_bull,pullback_holds,current_week,-0.07395498392282962,-0.04501607717041789,-0.12700964630225087,-0.09485530546623788,0.027331189710610992,2026H1
002333,2026-02-25,2,bull,ma_bull,pullback_holds,current_week,-0.0895999999999999,-0.05920000000000003,-0.12639999999999996,-0.09920000000000007,0.008000000000000007,2026H1
002333,2026-03-16,0,mid,none,pullback_holds,current_week,-0.11986301369863017,-0.020547945205479423,-0.042808219178082196,-0.12499999999999989,0.02910958904109595,2026H1
002333,2026-04-13,0,mid,none,pullback_holds,current_week,0.07829181494661919,0.012455516014235002,-0.05693950177935947,-0.039145907473309594,0.1370106761565837,2026H1
002333,2026-04-14,1,mid,none,two_day_acceleration,current_week,0.05693950177935947,-0.019572953736654908,-0.06405693950177938,-0.039145907473309594,0.1370106761565837,2026H1
002333,2026-04-20,0,bull,none,shrinking_volume_acceleration,current_week,-0.06873977086743044,-0.1063829787234043,-0.15384615384615385,-0.11620294599018,0.003273322422258529,2026H1
002333,2026-05-08,4,bull,none,pullback_holds,current_week,-0.048824593128390714,-0.03797468354430378,-0.10126582278481022,-0.06509945750452084,0.0,2026H1
605289,2023-08-03,3,bull,ma_bull,two_day_acceleration,current_week,-0.027704870224555145,-0.06357538641003202,-0.1195683872849227,-0.09798775153105865,0.034120734908136496,2023H2
605289,2023-08-07,0,bull,none,pullback_holds,current_week,-0.05542857142857138,-0.08257142857142863,-0.10657142857142854,-0.11628571428571433,0.013142857142857123,2023H2
605289,2023-09-12,1,mid,none,shrinking_volume_acceleration,current_week,-0.06040268456375841,-0.007931665649786424,0.018913971934106044,-0.09395973154362425,0.016168395363026278,2023H2
605289,2024-03-04,0,bull,none,pullback_holds,current_week,-0.0026277372262772936,0.05985401459854023,0.004379562043795637,-0.026861313868613235,0.07153284671532845,2024H1
605289,2024-03-05,1,bull,none,pullback_holds,current_week,0.03395889186773915,0.12838844206136435,-0.008042895442359366,-0.0071492403932083,0.1584748287161155,2024H1
605289,2024-03-12,1,bull,none,two_day_acceleration,current_week,0.07613636363636367,0.011363636363636243,-0.20454545454545459,-0.018181818181818188,0.13749999999999996,2024H1
605289,2024-03-13,2,bull,none,two_day_acceleration,current_week,0.11397367684122095,-0.07476897227667323,-0.23354802576309153,-0.09549145897507716,0.12125455054606538,2024H1
605289,2024-03-18,0,bull,none,two_day_acceleration,current_week,0.030303030303030054,-0.052341597796143446,-0.26363636363636367,-0.11625344352617095,0.1030303030303028,2024H1
605289,2025-09-16,1,bull,ma_bull,shrinking_volume_acceleration,current_week,0.19166666666666665,0.35166666666666657,0.3605555555555555,0.0,0.3801851851851852,2025H2
605289,2025-10-10,4,bull,ma_bull,two_day_acceleration,current_week,0.01928571428571435,0.0071428571428571175,-0.05257142857142849,-0.014571428571428569,0.11128571428571443,2025H2
605289,2025-10-22,2,bull,ma_bull,pullback_holds,current_week,-0.03975409836065569,-0.14221311475409837,-0.14754098360655743,-0.15450819672131155,0.0095628415300546,2025H2
605289,2025-11-14,4,bull,ma_bull,pullback_holds,current_week,-0.10683515221137274,-0.06447443997702462,0.07696726019528999,-0.12593337162550255,0.0,2025H2
605289,2026-02-11,2,bull,ma_bull,two_day_acceleration,current_week,0.5,0.6641065028161801,0.5359703020993345,-0.03353814644137232,0.7127496159754225,2026H1
605289,2026-04-10,4,mid,ma_bull,shrinking_volume_acceleration,current_week,0.1651121076233184,0.1600896860986547,0.4517488789237669,0.0,0.20260089686098648,2026H1
605289,2026-04-14,1,mid,none,two_day_acceleration,current_week,0.09843478260869576,0.3610434782608696,0.3409565217391306,0.0,0.3610434782608696,2026H1
605289,2026-05-07,3,bull,ma_bull,shrinking_volume_acceleration,current_week,0.038407774745390366,-0.32456899420887964,-0.24342674565665978,-0.32456899420887964,0.16488051654130342,2026H1
605289,2026-06-25,3,bull,none,shrinking_volume_acceleration,current_week,0.0479632063074904,-0.05621258577894572,-0.2441232296685647,-0.13710030661410422,0.16805373047160188,2026H1
605289,2026-06-29,0,mid,none,two_day_acceleration,current_week,-0.053713623859852455,-0.1741711307369337,-0.27392500361951655,-0.18445055740553074,0.15824525843347326,2026H1
605289,2026-08-18,1,bull,none,two_day_acceleration,current_week,-0.06618353269885613,-0.09194097616345065,-0.1601327163188685,-0.11376931808259849,0.025844756832271054,2026H2
605289,2026-09-03,3,mid,none,pullback_holds,current_week,-0.08617011408960218,,,-0.13644374362304046,0.03775160003710232,2026H2
300388,2025-01-24,4,mid,none,pullback_holds,current_week,0.02908587257617734,0.008310249307479367,-0.006925207756232621,-0.013850415512465353,0.03878116343490312,2025H1
300388,2025-01-27,0,mid,none,two_day_acceleration,current_week,0.009575923392612706,-0.04240766073871416,-0.004103967168262668,-0.04377564979480164,0.025991792065663377,2025H1
300388,2025-02-10,0,mid,none,shrinking_volume_acceleration,current_week,-0.020188425302826274,-0.01076716016150725,-0.021534320323014722,-0.060565275908479044,0.009421265141319024,2025H1
300388,2025-02-13,3,bull,none,pullback_holds,current_week,-0.028532608695652217,-0.010869565217391353,-0.009510869565217406,-0.05163043478260865,0.008152173913043459,2025H1
300388,2025-02-17,0,bull,none,pullback_holds,current_week,0.008230452674897082,-0.016460905349794275,0.04938271604938271,-0.04252400548696844,0.017832647462276974,2025H1
300388,2025-02-25,1,bull,none,pullback_holds,current_week,0.0041379310344829,0.0027586206896552667,0.016551724137931156,-0.017931034482758568,0.026206896551724146,2025H1
300388,2025-02-26,2,bull,none,shrinking_volume_acceleration,current_week,-0.01904761904761909,-0.006802721088435493,0.01632653061224487,-0.0312925170068028,0.012244897959183598,2025H1
300388,2025-02-27,3,bull,none,pullback_holds,current_week,0.011065006915629283,0.008298755186721962,0.026279391424619547,-0.015214384508990375,0.029045643153526868,2025H1
300388,2025-03-12,2,bull,none,pullback_holds,current_week,0.026063100137174278,0.024691358024691246,-0.07133058984910834,-0.019204389574759895,0.06172839506172845,2025H1
300388,2025-03-17,0,bull,none,two_day_acceleration,current_week,-0.03790849673202612,-0.05751633986928106,-0.10065359477124192,-0.06797385620915042,0.0117647058823529,2025H1
300388,2025-03-20,3,bull,none,shrinking_volume_acceleration,current_week,-0.01591511936339529,-0.022546419098143256,-0.10212201591511927,-0.05437665782493373,0.01326259946949615,2025H1
300388,2025-04-22,1,mid,none,two_day_acceleration,current_week,-0.004366812227074246,0.010189228529839944,-0.008733624454148381,-0.026200873362445365,0.02183406113537134,2025H1
300388,2025-04-23,2,mid,none,pullback_holds,current_week,-0.007299270072992803,0.020437956204379493,-0.0014598540145986938,-0.023357664233576658,0.02481751824817513,2025H1
300388,2025-04-24,3,mid,none,pullback_holds,current_week,0.01024890190336758,0.013177159590043841,0.004392386530014614,-0.020497803806734938,0.030746705710102518,2025H1
300388,2025-04-25,4,mid,none,pullback_holds,current_week,0.014641288433382194,0.01171303074670571,0.007320644216691097,-0.020497803806734938,0.030746705710102518,2025H1
300388,2025-04-29,1,mid,none,pullback_holds,current_week,0.011661807580174877,-0.007288629737609353,0.017492711370262315,-0.011661807580174988,0.026239067055393583,2025H1
300388,2025-09-01,0,bull,ma_bull,pullback_holds,current_week,0.1188630490956073,0.15116279069767447,0.24677002583979335,-0.043927648578811374,0.2777777777777779,2025H2
300388,2025-09-11,3,bull,ma_bull,shrinking_volume_acceleration,current_week,0.007017543859648923,0.09941520467836251,0.1426900584795321,-0.019883040935672502,0.15672514619883038,2025H2
300388,2025-11-06,3,bull,ma_bull,pullback_holds,current_week,-0.006465517241379226,0.0355603448275863,-0.0344827586206895,-0.039870689655172376,0.07650862068965525,2025H2
300388,2025-11-13,3,bull,ma_bull,pullback_holds,current_week,0.051422319474835776,0.010940919037199182,-0.08533916849015333,-0.04814004376367609,0.07549234135667393,2025H2
300388,2025-11-14,4,bull,ma_bull,two_day_acceleration,current_week,-0.025396825396825418,-0.01798941798941822,-0.1164021164021165,-0.0793650793650793,0.04021164021164014,2025H2
300388,2025-12-01,0,mid,none,shrinking_volume_acceleration,current_week,-0.05708245243128973,-0.12367864693446085,-0.14799154334038056,-0.13107822410147996,0.03382663847780121,2025H2
300388,2026-01-06,1,bull,none,pullback_holds,current_week,0.0036900369003689537,0.022140221402213944,0.029520295202952074,-0.017220172201722117,0.027060270602705883,2026H1
300388,2026-01-09,4,bull,none,pullback_holds,current_week,0.001223990208078396,0.028151774785801775,0.025703794369645205,-0.007343941248470043,0.0367197062423501,2026H1
300388,2026-01-12,0,bull,none,pullback_holds,current_week,0.013431013431013605,0.021978021978022122,0.03418803418803429,-0.009768009768009733,0.03418803418803429,2026H1
300388,2026-02-03,1,mid,none,pullback_holds,current_week,0.008383233532934131,0.013173652694610904,0.07305389221556902,-0.013173652694610682,0.02275449101796423,2026H1
300388,2026-02-04,2,mid,none,pullback_holds,current_week,0.011990407673860837,0.031175059952038398,0.06115107913669071,-0.011990407673860837,0.03357314148681079,2026H1
300388,2026-02-09,0,bull,none,shrinking_volume_acceleration,current_week,-0.010625737898465104,0.015348288075560657,0.024793388429751984,-0.027154663518299982,0.04722550177095641,2026H1
300388,2026-02-24,1,bull,none,pullback_holds,current_week,0.023809523809523725,0.0630952380952381,-0.013095238095238049,-0.0023809523809523725,0.06904761904761902,2026H1
300388,2026-02-25,2,bull,none,pullback_holds,current_week,0.015330188679245182,0.05660377358490565,0.01650943396226423,-0.010613207547169767,0.0589622641509433,2026H1
300388,2026-02-26,3,bull,none,two_day_acceleration,current_week,0.0139211136890951,0.026682134570765514,-0.04060324825986095,-0.023201856148492017,0.0417633410672853,2026H1
300388,2026-02-27,4,bull,none,two_day_acceleration,current_week,0.023041474654378113,0.023041474654378113,-0.05645161290322587,-0.02995391705069117,0.03456221198156695,2026H1
300388,2026-03-06,4,bull,none,two_day_acceleration,current_week,0.00452488687782826,-0.06221719457013564,-0.1380090497737556,-0.06334841628959287,0.015837104072398356,2026H1
300388,2026-03-10,1,bull,none,shrinking_volume_acceleration,current_week,-0.02581369248035914,-0.06958473625140282,-0.10213243546576878,-0.1301907968574635,0.006734006734006703,2026H1
300578,2023-08-01,1,bull,none,two_day_acceleration,current_week,0.008461921353907442,-0.05375808860129405,-0.08461921353907409,-0.057740169238427064,0.03733200597312103,2023H2
300578,2023-08-03,3,bull,none,pullback_holds,current_week,0.03498250874562725,-0.06796601699150417,-0.05647176411794119,-0.09045477261369328,0.041479260369815085,2023H2
300578,2023-09-11,0,mid,none,two_day_acceleration,current_week,-0.05204081632653057,-0.03928571428571426,0.01989795918367343,-0.09183673469387754,0.009183673469387754,2023H2
300578,2025-03-17,0,bull,macd_stabilizing,two_day_acceleration,current_week,-0.09680407596109308,-0.11162575266327002,-0.2028716998610467,-0.1357109773043076,0.006484483557202436,2025H1
300578,2025-03-18,1,bull,macd_stabilizing,pullback_holds,current_week,-0.09905660377358483,-0.0995283018867924,-0.19999999999999996,-0.1198113207547169,0.0037735849056603765,2025H1
300578,2025-08-01,4,bull,ma_bull,two_day_acceleration,current_week,-0.024413145539906034,-0.03474178403755879,-0.039906103286385,-0.05774647887323947,0.032863849765258246,2025H2
300578,2025-08-06,2,bull,ma_bull,pullback_holds,current_week,-0.05473781048758053,-0.027598896044158328,-0.1375344986200553,-0.07681692732290712,0.01195952161913505,2025H2
300578,2025-08-18,0,bull,ma_bull,pullback_holds,current_week,0.027804410354746123,-0.02348993288590595,-0.09395973154362403,-0.03307766059443906,0.05417066155321204,2025H2
300578,2025-08-19,1,bull,ma_bull,pullback_holds,current_week,0.031563845050215145,-0.06838833094213292,-0.07604017216642756,-0.07843137254901966,0.05164992826398862,2025H2
300578,2025-08-20,2,bull,ma_bull,pullback_holds,current_week,-0.012723845428840752,-0.11639962299717244,-0.09425070688030157,-0.12111215834118738,0.03628652214891637,2025H2
300578,2025-08-21,3,bull,ma_bull,pullback_holds,current_week,0.0004739336492889379,-0.11232227488151658,-0.11374407582938395,-0.12796208530805686,0.042180094786729905,2025H2
300578,2025-08-22,4,bull,ma_bull,shrinking_volume_acceleration,current_week,-0.0488372093023256,-0.11674418604651149,-0.13767441860465124,-0.1441860465116278,0.02279069767441877,2025H2
300578,2025-09-22,0,mid,none,pullback_holds,current_week,-0.02399999999999991,-0.028266666666666773,-0.016000000000000014,-0.053333333333333344,0.0330666666666668,2025H2
300578,2026-02-11,2,bull,ma_bull,pullback_holds,current_week,-0.010000000000000009,-0.10519999999999996,-0.12760000000000005,-0.15280000000000005,0.021200000000000108,2026H1
300578,2026-02-27,4,bull,ma_bull,pullback_holds,current_week,-0.062216728471363725,-0.12402142562834773,-0.16192830655129786,-0.12731767614338685,0.013185002060156492,2026H1
300578,2026-03-09,0,mid,none,two_day_acceleration,current_week,-0.07747977862920397,-0.18263090676883786,-0.1656023839931886,-0.1915708812260536,0.016177096636866617,2026H1
300578,2026-04-09,3,mid,none,pullback_holds,current_week,0.05699233716475094,0.045498084291187846,0.02586206896551735,-0.019636015325670497,0.0862068965517242,2026H1
300578,2026-04-10,4,mid,none,pullback_holds,current_week,0.06536585365853664,0.035121951219512226,0.02731707317073173,-0.0014634146341463428,0.10634146341463424,2026H1
300578,2026-04-29,2,bull,none,shrinking_volume_acceleration,current_week,0.05288007554296503,0.008498583569405138,-0.10576015108593007,-0.03305004721435312,0.11898016997167127,2026H1
300578,2026-04-30,3,bull,none,pullback_holds,current_week,-0.01698026617714532,0.0013767783386875454,-0.13492427719137212,-0.06011932078935289,0.08765488756310225,2026H1
300578,2026-05-18,0,bull,none,shrinking_volume_acceleration,current_week,-0.04900095147478578,-0.09895337773548996,-0.08848715509039007,-0.16508087535680305,0.04567078972407246,2026H1
300578,2026-06-03,2,mid,none,pullback_holds,current_week,0.03484688489968324,0.03115100316789854,-0.1119324181626189,-0.06546990496304128,0.04857444561774016,2026H1
601330,2025-06-09,0,bull,ma_bull,pullback_holds,current_week,-0.013623978201634857,0.03678474114441421,0.04904632152588562,-0.021798365122615793,0.05449591280653965,2025H1
601330,2025-06-10,1,bull,ma_bull,pullback_holds,current_week,0.0,0.03532608695652173,0.044836956521739246,-0.024456521739130488,0.05163043478260865,2025H1
601330,2025-06-12,3,bull,ma_bull,pullback_holds,current_week,0.010958904109588996,0.06849315068493156,0.05616438356164388,-0.016438356164383605,0.07123287671232892,2025H1
601330,2025-06-16,0,bull,ma_bull,pullback_holds,current_week,0.052558782849239316,0.0567081604426003,0.0636237897648686,-0.004149377593360981,0.08160442600276618,2025H1
601330,2025-06-17,1,bull,ma_bull,pullback_holds,current_week,0.03532608695652173,0.04755434782608692,0.025815217391304213,-0.013586956521739246,0.0625,2025H1
601330,2025-06-18,2,bull,ma_bull,pullback_holds,current_week,0.05177111716621252,0.042234332425068244,0.03678474114441421,-0.010899182561307952,0.06539509536784749,2025H1
601330,2025-06-19,3,mid,ma_bull,pullback_holds,current_week,0.05548037889039237,0.021650879566982306,0.023004059539918797,-0.006765899864682123,0.05818673883626513,2025H1
601330,2025-06-20,4,mid,ma_bull,two_day_acceleration,current_week,0.009271523178808083,-0.0026490066225165476,-0.014569536423840956,-0.01059602649006619,0.03576158940397356,2025H1
601330,2025-06-25,2,bull,ma_bull,two_day_acceleration,current_week,-0.003906249999999889,-0.0026041666666666297,-0.03515625,-0.02734375,0.01822916666666674,2025H1
601330,2025-06-30,0,bull,ma_bull,pullback_holds,current_week,0.007853403141361293,0.00654450261780104,-0.01832460732984298,-0.015706806282722474,0.01963350785340312,2025H1
601330,2025-07-01,1,bull,ma_bull,two_day_acceleration,current_week,0.0013020833333334814,-0.01692708333333337,-0.04036458333333326,-0.02083333333333326,0.01041666666666674,2025H2
601330,2025-07-08,1,bull,ma_bull,pullback_holds,current_week,-0.01820546163849157,-0.0273081924577373,-0.07152145643693109,-0.03641092327698314,0.007802340702210531,2025H2
601330,2025-07-14,0,bull,ma_bull,pullback_holds,current_week,-0.02346805736636237,-0.022164276401564487,-0.0534550195567145,-0.03520208604954367,0.0052151238591917615,2025H2
601330,2025-07-24,3,bull,ma_bull,pullback_holds,current_week,-0.052278820375335044,-0.046916890080428875,-0.034852546916890104,-0.05630026809651478,0.012064343163538771,2025H2
601330,2025-07-25,4,bull,ma_bull,pullback_holds,current_week,-0.05437665782493373,-0.0450928381962864,-0.053050397877984046,-0.06631299734748008,0.0013262599469496816,2025H2
601330,2025-08-12,1,bull,none,pullback_holds,current_week,-0.022038567493112837,-0.008264462809917328,-0.011019283746556474,-0.02892561983471076,0.0013774104683197397,2025H2
601330,2025-08-13,2,bull,none,pullback_holds,current_week,-0.013831258644536715,-0.02904564315352698,-0.0055325034578146415,-0.02904564315352698,0.0013831258644536604,2025H2
601330,2025-08-18,0,bull,none,pullback_holds,current_week,0.008415147265077305,-0.019635343618513268,-0.0014025245441794398,-0.039270687237026536,0.015427769985974837,2025H2
601330,2025-08-20,2,bull,none,pullback_holds,current_week,-0.015427769985974726,-0.029453015427770013,0.0014025245441795509,-0.039270687237026536,0.015427769985974837,2025H2
601330,2025-08-21,3,bull,none,pullback_holds,current_week,-0.02777777777777779,-0.030555555555555558,-0.03750000000000009,-0.04861111111111105,0.004166666666666652,2025H2
601330,2025-08-22,4,bull,none,pullback_holds,current_week,-0.01540616246498605,-0.011204481792717047,-0.04201680672268915,-0.040616246498599407,0.012605042016806678,2025H2
601330,2025-08-25,0,bull,none,pullback_holds,current_week,-0.030513176144244092,0.001386962552011095,-0.061026352288488184,-0.04993065187239931,0.00277392510402219,2025H2
601330,2025-08-26,1,bull,none,pullback_holds,current_week,-0.03878116343490301,-0.005540166204986208,-0.04570637119113563,-0.05124653739612173,0.008310249307479367,2025H2
601330,2025-09-08,0,bull,none,two_day_acceleration,current_week,-0.017931034482758568,-0.06620689655172407,-0.022068965517241357,-0.07034482758620686,0.0041379310344829,2025H2
601330,2025-09-10,2,bull,none,shrinking_volume_acceleration,current_week,-0.0055710306406684396,-0.03342618384401108,-0.01532033426183832,-0.0710306406685236,0.001392757660167332,2025H2
601330,2025-09-11,3,bull,none,pullback_holds,current_week,-0.03616133518776088,-0.0445062586926287,-0.015299026425591111,-0.07232267037552165,0.0,2025H2
601330,2025-09-12,4,bull,none,pullback_holds,current_week,-0.04201680672268915,-0.037815126050420256,-0.008403361344537896,-0.06582633053221298,0.0028011204481792618,2025H2
601330,2025-09-24,2,bull,none,pullback_holds,current_week,0.0028776978417266452,0.01726618705035965,0.06330935251798575,-0.025899280575539474,0.03453237410071952,2025H2
601330,2025-10-09,3,bull,none,pullback_holds,current_week,0.015804597701149392,0.050287356321839116,0.09051724137931028,-0.004310344827586188,0.07183908045977017,2025H2
601330,2025-10-10,4,bull,none,pullback_holds,current_week,0.014326647564469885,0.0372492836676217,0.1031518624641834,-0.007163323782235054,0.06876790830945545,2025H2
601330,2025-10-14,1,bull,none,shrinking_volume_acceleration,current_week,0.01128349788434413,0.02961918194640334,0.06205923836389293,-0.016925246826516194,0.0521861777150916,2025H2
601330,2025-10-28,1,bull,none,two_day_acceleration,current_week,0.01632653061224487,0.024489795918367196,-0.04081632653061229,-0.0054421768707483276,0.05306122448979589,2025H2
601330,2026-03-16,0,mid,ma_bull,shrinking_volume_acceleration,current_week,0.193103448275862,0.0022988505747125743,-0.07816091954023008,-0.013793103448276,0.4022988505747125,2026H1
601330,2026-04-15,2,mid,ma_bull,pullback_holds,current_week,0.08760951188986232,0.12765957446808507,0.25156445556946183,-0.026282853566958697,0.1677096370463078,2026H1
601330,2026-04-16,3,mid,ma_bull,pullback_holds,current_week,0.15743073047858935,0.079345088161209,0.22544080604534011,-0.02015113350125941,0.17506297229219148,2026H1
601330,2026-05-06,2,bull,none,pullback_holds,current_week,0.047235023041474644,0.04147465437788034,0.09331797235023043,-0.004608294930875445,0.153225806451613,2026H1
601330,2026-05-07,3,bull,none,two_day_acceleration,current_week,0.015572858731924377,-0.033370411568409475,-0.014460511679644128,-0.03893214682981083,0.11345939933259164,2026H1
601330,2026-05-08,4,bull,none,pullback_holds,current_week,0.050561797752809,-0.032584269662921495,-0.06067415730337089,-0.05842696629213473,0.12471910112359552,2026H1
601330,2026-05-13,2,bull,none,two_day_acceleration,current_week,-0.006593406593406459,-0.01978021978021971,-0.09120879120879122,-0.07912087912087895,0.10000000000000009,2026H1
601330,2026-05-15,4,bull,none,two_day_acceleration,current_week,-0.06918918918918926,-0.008648648648648671,-0.07675675675675664,-0.09405405405405398,0.08216216216216221,2026H1
601330,2026-08-10,0,mid,none,pullback_holds,current_week,-0.017955801104972413,-0.03176795580110503,0.10635359116022092,-0.04143646408839774,0.0027624309392264568,2026H2
601330,2026-08-11,1,mid,none,pullback_holds,current_week,-0.026352288488210696,-0.02219140083217752,0.13453536754507622,-0.03744798890429957,0.006934812760055475,2026H2
601330,2026-08-12,2,mid,none,pullback_holds,current_week,-0.022346368715083775,-0.011173184357541888,0.1578212290502794,-0.030726256983240163,0.013966480446927276,2026H2
601330,2026-08-13,3,mid,none,pullback_holds,current_week,-0.01680672268907568,-0.009803921568627527,0.15126050420168058,-0.02801120448179273,0.0028011204481792618,2026H2
601330,2026-08-26,2,mid,none,pullback_holds,current_week,0.10623229461756378,0.17422096317280467,,-0.012747875354107707,0.1841359773371103,2026H2
601330,2026-08-27,3,mid,none,pullback_holds,current_week,0.11898016997167127,0.1643059490084986,,-0.004249291784702569,0.18838526912181308,2026H2
601330,2026-08-28,4,mid,none,pullback_holds,current_week,0.05882352941176472,0.11764705882352922,,0.0,0.1256684491978608,2026H2
601330,2026-09-03,3,mid,none,shrinking_volume_acceleration,current_week,0.040506329113924044,,,-0.013924050632911467,0.07594936708860756,2026H2
002275,2023-03-01,2,bull,none,pullback_holds,current_week,-0.022038567493112837,0.045454545454545414,0.15082644628099184,-0.045454545454545414,0.06404958677685957,2023H1
002275,2023-03-14,1,mid,macd_stabilizing,pullback_holds,current_week,0.07771664374140297,0.09697386519944984,0.2180192572214581,-0.013067400275103225,0.141678129298487,2023H1
002275,2023-04-10,0,bull,ma_bull,shrinking_volume_acceleration,current_week,0.03768278965129346,0.03880764904386935,0.044994375703037104,-0.0230596175478065,0.059617547806524174,2023H1
002275,2023-04-20,3,bull,ma_bull,pullback_holds,current_week,0.06949152542372894,0.10960451977401142,0.05310734463276834,-0.027118644067796627,0.22429378531073452,2023H1
002275,2023-04-21,4,mid,ma_bull,pullback_holds,current_week,0.06484069312465057,0.10844046953605369,0.03745108999441027,-0.03745108999441038,0.21129122414756862,2023H1
002275,2023-05-22,0,mid,ma_bull,pullback_holds,current_week,0.05684210526315803,-0.0036842105263158453,-0.052105263157894655,-0.04842105263157881,0.0626315789473686,2023H1
002275,2023-08-08,1,bull,none,shrinking_volume_acceleration,current_week,0.013358778625954137,-0.0178117048346057,0.006361323155216203,-0.03816793893129766,0.021628498727735312,2023H2
002275,2023-09-11,0,mid,none,two_day_acceleration,current_week,0.016362492133417117,0.020767778477029486,-0.013845185651353065,-0.021397105097545666,0.028949024543738267,2023H2
002275,2023-09-12,1,mid,none,pullback_holds,current_week,0.014529374605180001,0.017056222362602735,-0.05369551484523061,-0.017687934301958252,0.03348073278584951,2023H2
002275,2025-08-04,0,bull,ma_bull,two_day_acceleration,current_week,-0.016455696202531622,-0.017721518987341867,-0.04683544303797471,-0.03797468354430378,0.09999999999999987,2025H2
002275,2025-08-18,0,bull,ma_bull,pullback_holds,current_week,0.003225806451612856,-0.028387096774193488,-0.03419354838709676,-0.04516129032258065,0.021935483870967776,2025H2
002275,2025-08-19,1,bull,ma_bull,pullback_holds,current_week,-0.0019267822736029894,-0.039820166987797,-0.039820166987797,-0.04945407835581239,0.010276172125883054,2025H2
002275,2025-08-25,0,bull,ma_bull,pullback_holds,current_week,-0.030264005151320106,-0.027688345138441872,-0.05602060528010311,-0.057952350289761756,0.004507405022536881,2025H2
002275,2025-09-08,0,bull,ma_bull,pullback_holds,current_week,-0.008609271523178696,-0.029139072847682135,-0.012582781456953573,-0.03841059602649011,0.0026490066225166586,2025H2
002275,2025-09-09,1,bull,ma_bull,pullback_holds,current_week,0.0,-0.028762541806020114,0.0020066889632106566,-0.04013377926421413,0.012709030100334306,2025H2
002275,2025-09-12,4,bull,ma_bull,pullback_holds,current_week,-0.031167108753315742,-0.035145888594164454,-0.013262599469495928,-0.04840848806366049,0.0,2025H2
002275,2025-09-22,0,mid,none,shrinking_volume_acceleration,current_week,-0.004778156996587013,0.01774744027303754,0.021843003412969297,-0.020477815699658786,0.023890784982935065,2025H2
002275,2025-09-24,2,bull,none,pullback_holds,current_week,0.004781420765027411,0.03346994535519121,0.005464480874316946,-0.01775956284153002,0.03346994535519121,2025H2
002275,2025-09-29,0,bull,none,pullback_holds,current_week,0.02333562113932741,0.03500343170899112,0.04049416609471512,-0.006863417982155062,0.04255319148936154,2025H2
002275,2025-10-09,3,bull,none,pullback_holds,current_week,0.029251700680272164,0.03673469387755102,0.03877551020408143,-0.010204081632653073,0.04421768707482987,2025H2
002275,2025-10-10,4,bull,macd_stabilizing,two_day_acceleration,current_week,0.02542955326460472,0.04467353951890041,0.053608247422680444,0.0,0.054982817869415834,2025H2
002275,2025-10-16,3,bull,none,two_day_acceleration,current_week,0.011280690112806857,-0.023224950232249464,0.031187790311878016,-0.024552090245520852,0.01857996018579966,2025H2
002275,2025-11-03,0,bull,macd_stabilizing,pullback_holds,current_week,0.014521452145214608,0.010561056105610644,0.012541254125412404,-0.007260726072607193,0.03960396039603964,2025H2
002275,2025-11-04,1,bull,macd_stabilizing,pullback_holds,current_week,0.0305039787798409,0.021220159151193574,0.009283819628647327,-0.0026525198938991412,0.04442970822281156,2025H2
002275,2025-11-05,2,bull,macd_stabilizing,pullback_holds,current_week,0.018408941485864583,-0.021696252465483234,0.00920447074293218,-0.0269559500328731,0.035502958579881616,2025H2
002275,2025-11-07,4,bull,macd_stabilizing,two_day_acceleration,current_week,0.0182648401826484,-0.05022831050228305,-0.012393998695368502,-0.052837573385518644,0.02739726027397249,2025H2
002275,2025-11-11,1,bull,macd_cross,two_day_acceleration,current_week,-0.009009009009009028,-0.020592020592020588,-0.041184041184041176,-0.06563706563706573,0.013513513513513375,2025H2
002275,2025-11-13,3,bull,macd_cross,shrinking_volume_acceleration,current_week,-0.038634900193174615,-0.022537025112685183,-0.05086928525434653,-0.0650354153251772,0.014166130070830674,2025H2
002275,2025-11-14,4,bull,macd_cross,two_day_acceleration,current_week,-0.06726457399103147,-0.0358744394618834,-0.06470211402946835,-0.0698270339525946,0.0012812299807816174,2025H2
002275,2025-12-01,0,mid,macd_stabilizing,pullback_holds,current_week,-0.022222222222222254,-0.045751633986928164,-0.07581699346405224,-0.04771241830065365,0.005228758169934622,2025H2
002275,2025-12-19,4,mid,none,pullback_holds,current_week,-0.022433718558803495,-0.022433718558803495,-0.00611828687967364,-0.04350781781101298,0.004078857919782353,2025H2
002275,2026-01-05,0,bull,none,pullback_holds,current_week,0.01046755059316129,0.01046755059316129,-0.002791346824842944,-0.004187020237264472,0.023726448011165413,2026H1
002275,2026-01-06,1,bull,none,pullback_holds,current_week,0.011118832522585054,0.015983321751216195,-0.008339124391938957,-0.007644197359277238,0.0194579569145239,2026H1
002275,2026-01-07,2,bull,none,pullback_holds,current_week,0.016106442577030755,0.022408963585434094,0.009803921568627416,0.0,0.027310924369747802,2026H1
002275,2026-01-08,3,bull,none,pullback_holds,current_week,0.01184668989547033,0.020209059233449622,0.017421602787456525,-0.0034843205574912606,0.022299651567944334,2026H1
002275,2026-01-09,4,bull,macd_stabilizing,pullback_holds,current_week,-0.004837595024188013,0.014512785072563927,0.011748445058742174,-0.007601935038009766,0.017968210089841063,2026H1
002275,2026-01-12,0,bull,none,pullback_holds,current_week,-0.002067539627842785,0.023432115782219043,0.009648518263266848,-0.010337698139214369,0.026878015161957203,2026H1
002275,2026-01-13,1,bull,none,pullback_holds,current_week,0.00136986301369868,0.006164383561643838,0.010273972602739656,-0.016438356164383605,0.020547945205479534,2026H1
002275,2026-01-14,2,bull,none,pullback_holds,current_week,0.006202618883528688,0.002067539627842896,0.013094417643005007,-0.010337698139214369,0.026878015161957203,2026H1
002275,2026-01-15,3,bull,none,pullback_holds,current_week,0.006185567010309256,-0.003436426116838587,-0.0006872852233676952,-0.013058419243986319,0.02405498281786933,2026H1
002275,2026-01-21,2,bull,none,pullback_holds,current_week,-0.004109589041095818,-0.012328767123287676,-0.009589041095890316,-0.02739726027397249,0.020547945205479534,2026H1
002275,2026-01-22,3,bull,none,pullback_holds,current_week,-0.013605442176870874,-0.006802721088435493,-0.017006802721088454,-0.03401360544217691,0.013605442176870763,2026H1
002275,2026-01-23,4,bull,none,pullback_holds,current_week,-0.012228260869565188,-0.005434782608695676,-0.04755434782608703,-0.03532608695652173,0.015625,2026H1
002275,2026-02-10,1,bull,none,shrinking_volume_acceleration,current_week,-0.01084010840108407,-0.07317073170731703,-0.044037940379403784,-0.0772357723577235,0.005420054200542035,2026H1
605001,2023-04-03,0,bull,none,pullback_holds,current_week,-0.05006954102920724,-0.057023643949930425,-0.05841446453407506,-0.06815020862308763,0.0013908205841446364,2023H1
605001,2023-05-04,3,bull,none,pullback_holds,current_week,-0.004405286343612369,0.004405286343612147,0.014684287812041008,-0.029368575624082238,0.011747430249632984,2023H1
605001,2023-05-05,4,bull,none,pullback_holds,current_week,-0.004444444444444473,0.01333333333333342,0.0251851851851852,-0.020740740740740726,0.020740740740740726,2023H1
605001,2023-05-08,0,bull,none,shrinking_volume_acceleration,current_week,-0.004411764705882226,0.00588235294117645,0.010294117647058787,-0.027941176470588136,0.013235294117647234,2023H1
605001,2023-05-11,3,mid,none,two_day_acceleration,current_week,0.00588235294117645,0.0,0.002941176470588225,-0.027941176470588136,0.02499999999999991,2023H1
605001,2023-05-15,0,mid,none,pullback_holds,current_week,0.010339734121122435,0.013293943870014813,-0.013293943870014924,-0.01477104874446089,0.02954209748892156,2023H1
605001,2025-04-23,2,mid,none,pullback_holds,current_week,0.03900156006240252,0.09360374414976591,0.06552262090483607,-0.012480499219968855,0.10452418096723859,2025H1
605001,2025-05-06,1,mid,none,shrinking_volume_acceleration,current_week,0.020437956204379493,0.027737226277372296,0.021897810218977964,-0.007299270072992803,0.039416058394160514,2025H1
605001,2025-05-08,3,bull,none,two_day_acceleration,current_week,-0.015669515669515688,-0.025641025641025772,0.02564102564102555,-0.027065527065527117,0.01424501424501412,2025H1
605001,2025-05-12,0,bull,none,shrinking_volume_acceleration,current_week,-0.0014144271570013522,-0.03394625176803401,0.02545968882602545,-0.05940594059405935,0.007072135785006983,2025H1
605001,2025-05-19,0,bull,ma_bull,two_day_acceleration,current_week,-0.03394625176803401,-0.004243281471004279,0.0014144271570013522,-0.05940594059405935,0.016973125884016893,2025H1
605001,2025-05-20,1,bull,ma_bull,pullback_holds,current_week,-0.01422475106685639,-0.004267425320056972,-0.01849217638691325,-0.05405405405405406,0.022759601706970223,2025H1
605001,2025-05-26,0,bull,none,pullback_holds,current_week,0.030746705710102518,0.061493411420205035,0.038067349926793614,-0.004392386530014725,0.10980966325036601,2025H1
605001,2025-05-27,1,mid,none,pullback_holds,current_week,0.011560693641618602,0.049132947976878505,0.027456647398844014,-0.004335260115606809,0.09537572254335269,2025H1
605001,2025-05-30,4,mid,none,pullback_holds,current_week,0.04885057471264376,0.005747126436781658,0.033045977011494365,-0.008620689655172376,0.08908045977011492,2025H1
605001,2025-06-11,2,bull,none,shrinking_volume_acceleration,current_week,-0.03631284916201116,-0.006983240223463638,0.026536312849162025,-0.07122905027932958,0.013966480446927276,2025H1
605001,2025-06-24,1,bull,ma_bull,two_day_acceleration,current_week,0.014044943820224587,0.02949438202247201,0.0828651685393258,-0.011235955056179803,0.03370786516853941,2025H1
605001,2025-06-25,2,bull,ma_bull,pullback_holds,current_week,0.015471167369901506,0.03375527426160341,0.07032348804500699,-0.00984528832630105,0.039381153305203975,2025H1
605001,2025-06-26,3,bull,ma_bull,pullback_holds,current_week,0.026912181303116123,0.03966005665722361,0.08781869688385258,0.0,0.04674220963172804,2025H1
605001,2025-07-04,4,bull,ma_bull,pullback_holds,current_week,0.029453015427769902,0.033660589060308554,0.07152875175315576,-0.0014025245441794398,0.07152875175315576,2025H2
605001,2025-07-11,4,bull,ma_bull,pullback_holds,current_week,-0.0027063599458728715,0.044654939106901104,0.09336941813261146,-0.006765899864682123,0.07848443843031117,2025H2
605001,2025-07-14,0,bull,ma_bull,two_day_acceleration,current_week,0.018641810918775148,0.02796271637816239,0.07456724367509993,-0.022636484687083902,0.06125166444740349,2025H2
605001,2025-07-16,2,bull,ma_bull,shrinking_volume_acceleration,current_week,0.021476510067114152,0.025503355704697972,0.08053691275167796,-0.012080536912751683,0.06979865771812066,2025H2
605001,2025-08-05,1,bull,ma_bull,two_day_acceleration,current_week,0.015189873417721378,-0.006329113924050556,-0.04936708860759498,-0.0227848101265824,0.03417721518987338,2025H2
605001,2025-08-20,2,bull,ma_bull,pullback_holds,current_week,-0.038798498122653347,-0.08135168961201511,-0.03754693366708384,-0.08635794743429293,0.016270337922403177,2025H2
605001,2025-09-08,0,bull,ma_bull,pullback_holds,current_week,-0.014608233731739695,-0.01859229747675961,0.026560424966799445,-0.0239043824701195,0.05843293492695878,2025H2
605001,2025-09-16,1,bull,none,pullback_holds,current_week,-0.010624169986719778,0.0026560424966799445,0.038512616201859196,-0.053120849933599,0.05843293492695878,2025H2
605001,2025-09-17,2,bull,none,two_day_acceleration,current_week,-0.01303780964797907,-0.020860495436766602,0.020860495436766602,-0.07040417209908734,0.039113428943937434,2025H2
605001,2025-09-29,0,bull,none,pullback_holds,current_week,0.02384105960264904,0.0331125827814569,0.08211920529801331,-0.0331125827814569,0.05695364238410594,2025H2
605001,2025-09-30,1,bull,none,pullback_holds,current_week,0.03552631578947363,0.02894736842105261,0.08684210526315783,-0.03947368421052644,0.050000000000000044,2025H2
605001,2025-10-14,1,bull,none,two_day_acceleration,current_week,0.006451612903225712,0.020645161290322678,0.049032258064516165,-0.021935483870967776,0.029677419354838808,2025H2
605001,2025-10-15,2,bull,none,shrinking_volume_acceleration,current_week,-0.003821656050955413,0.010191082802547768,0.022929936305732257,-0.03439490445859883,0.07006369426751591,2025H2
605001,2025-10-28,1,bull,ma_bull,shrinking_volume_acceleration,current_week,-0.027380952380952395,-0.03214285714285714,-0.10119047619047628,-0.06666666666666676,0.0023809523809523725,2025H2
605001,2025-10-30,3,bull,ma_bull,shrinking_volume_acceleration,current_week,0.04119850187265928,0.0024968789013732895,-0.05742821473158555,-0.004993757802746579,0.051186017478152435,2025H2
605001,2025-11-03,0,bull,ma_bull,two_day_acceleration,current_week,-0.015815085158151,-0.025547445255474588,-0.08150851581508523,-0.030413625304136382,0.018248175182481896,2025H2
605001,2025-11-05,2,bull,ma_bull,shrinking_volume_acceleration,current_week,-0.02548543689320404,-0.05582524271844658,-0.07888349514563109,-0.06067961165048541,0.015776699029126373,2025H2
605001,2025-12-19,4,mid,none,two_day_acceleration,current_week,0.038567493112947604,0.09641873278236912,0.12258953168044084,-0.009641873278236845,0.1391184573002755,2025H2
605001,2025-12-24,2,bull,none,pullback_holds,current_week,0.042349726775956276,0.06420765027322406,0.13251366120218577,-0.006830601092896127,0.1297814207650272,2025H2
605001,2026-01-08,3,bull,none,shrinking_volume_acceleration,current_week,-0.010191082802547768,0.0573248407643312,0.03694267515923566,-0.02547770700636942,0.0573248407643312,2026H1
605001,2026-01-09,4,bull,none,pullback_holds,current_week,-0.0038610038610038533,0.06692406692406694,0.052767052767052736,-0.015444015444015413,0.07464607464607464,2026H1
605001,2026-01-22,3,bull,macd_cross,shrinking_volume_acceleration,current_week,-0.04071856287425146,-0.025149700598802283,-0.025149700598802283,-0.05269461077844306,0.008383233532934131,2026H1
605001,2026-02-03,1,mid,none,pullback_holds,current_week,0.01845018450184477,0.007380073800737907,0.012300123001230068,-0.011070110701106972,0.029520295202952074,2026H1
605001,2026-02-04,2,mid,none,pullback_holds,current_week,-0.006038647342995085,-0.0036231884057970065,-0.01449275362318836,-0.028985507246376607,0.010869565217391575,2026H1
605001,2026-02-05,3,mid,none,pullback_holds,current_week,0.0012300123001229846,0.0012300123001229846,0.0012300123001229846,-0.011070110701106972,0.03075030750307506,2026H1
605001,2026-02-24,1,bull,ma_bull,two_day_acceleration,current_week,-0.07664670658682626,-0.008383233532934131,-0.14011976047904195,-0.09461077844311372,0.00359281437125758,2026H1
605001,2026-02-26,3,bull,ma_bull,pullback_holds,current_week,-0.054216867469879526,-0.01686746987951815,-0.14096385542168688,-0.08915662650602407,0.009638554216867545,2026H1
605001,2026-03-12,3,bull,ma_bull,pullback_holds,current_week,-0.04534313725490202,-0.12622549019607843,-0.08210784313725494,-0.17647058823529416,0.014705882352941124,2026H1
605001,2026-03-13,4,mid,ma_bull,pullback_holds,current_week,-0.08353808353808356,-0.10319410319410327,-0.09090909090909094,-0.1744471744471745,0.017199017199017064,2026H1
605001,2026-03-16,0,mid,ma_bull,pullback_holds,current_week,-0.16073619631901848,-0.07852760736196329,-0.08834355828220863,-0.1754601226993866,0.012269938650306678,2026H1
605001,2026-04-16,3,mid,none,shrinking_volume_acceleration,current_week,-0.0557029177718833,-0.003978779840848823,-0.04376657824933683,-0.07161803713527848,0.006631299734747964,2026H1
605001,2026-04-27,0,bull,none,pullback_holds,current_week,0.020547945205479534,-0.016438356164383605,-0.1041095890410959,-0.019178082191780743,0.049315068493150704,2026H1
605001,2026-04-29,2,bull,none,shrinking_volume_acceleration,current_week,0.005398110661268607,-0.03238866396761142,-0.12010796221322528,-0.055330634278002666,0.03373819163292846,2026H1
605001,2026-05-18,0,bull,none,shrinking_volume_acceleration,current_week,-0.034867503486750384,-0.09065550906555087,-0.15202231520223153,-0.13947001394700143,0.012552301255230214,2026H1
603101,2023-12-29,4,mid,none,two_day_acceleration,current_week,-0.0014858841010402246,0.11738484398216942,0.005943536404160454,-0.008915304606240793,0.17236255572065384,2023H2
603101,2024-01-02,1,mid,none,pullback_holds,current_week,0.02215657311669128,0.10635155096011806,-0.03988183161004433,-0.01477104874446089,0.16543574593796162,2024H1
603101,2024-01-03,2,mid,none,pullback_holds,current_week,0.057352941176470607,0.12352941176470589,-0.11911764705882344,-0.01911764705882346,0.21176470588235308,2024H1
603101,2024-01-04,3,mid,none,two_day_acceleration,current_week,0.0376266280752533,0.08683068017366136,-0.15340086830680166,-0.03473227206946461,0.19247467438494925,2024H1
603101,2024-02-27,1,bull,none,pullback_holds,current_week,-0.010135135135135087,0.01858108108108114,0.03209459459459474,-0.10472972972972971,0.028716216216216228,2024H1
603101,2025-04-01,1,mid,none,two_day_acceleration,current_week,-0.011644832605531286,0.07714701601164498,0.10043668122270755,-0.11499272197962151,0.205240174672489,2025H1
603101,2025-04-02,2,mid,none,two_day_acceleration,current_week,0.014306151645207432,0.0858369098712446,0.11015736766809714,-0.1301859799713877,0.18454935622317592,2025H1
603101,2025-04-03,3,mid,none,pullback_holds,current_week,0.14874815905743732,0.11782032400589104,0.1649484536082475,-0.10456553755522824,0.2194403534609719,2025H1
603101,2025-04-21,0,mid,none,two_day_acceleration,current_week,-0.023255813953488302,0.02067183462532296,0.021963824289405576,-0.03746770025839796,0.056847545219638196,2025H1
603101,2025-04-22,1,mid,none,shrinking_volume_acceleration,current_week,-0.04820766378244745,-0.02595797280593326,-0.03955500618046959,-0.0791100123609394,0.0,2025H1
603101,2025-05-22,3,bull,none,pullback_holds,current_week,0.04193138500635318,0.11562897077509526,-0.0711562897077509,-0.05336721728081317,0.13595933926302406,2025H1
603101,2025-05-26,0,bull,ma_bull,pullback_holds,current_week,0.08025477707006368,0.08025477707006368,-0.06496815286624213,-0.026751592356687892,0.13885350318471334,2025H1
603101,2025-06-05,3,bull,ma_bull,two_day_acceleration,current_week,-0.025345622119815503,-0.1394009216589862,-0.1324884792626727,-0.14055299539170507,0.02880184331797242,2025H1
603101,2025-07-10,3,bull,macd_stabilizing,two_day_acceleration,current_week,0.015325670498084198,0.026819923371647514,-0.048531289910600295,-0.033205619412515985,0.03831417624521083,2025H2
603101,2025-07-17,3,bull,none,two_day_acceleration,current_week,0.0,-0.04228855721393043,-0.003731343283582267,-0.04353233830845782,0.00746268656716409,2025H2
603101,2025-10-13,0,bull,ma_bull,two_day_acceleration,current_week,0.151969981238274,0.04971857410881797,-0.0018761726078798668,-0.0018761726078798668,0.18667917448405258,2025H2
603101,2025-10-15,2,bull,ma_bull,two_day_acceleration,current_week,0.0934922089825847,0.010082493125572745,0.01191567369385882,-0.027497708524289677,0.15948670944087984,2025H2
603101,2025-11-12,2,bull,none,pullback_holds,current_week,-0.08636363636363631,-0.12,-0.037272727272727235,-0.15727272727272734,0.052727272727272734,2025H2
603101,2025-11-13,3,bull,macd_stabilizing,shrinking_volume_acceleration,current_week,-0.12848158131177,-0.13477088948787064,-0.04582210242587603,-0.1671159029649597,0.040431266846361114,2025H2
603101,2025-11-14,4,bull,none,pullback_holds,current_week,-0.13888888888888884,-0.09537037037037044,-0.08425925925925926,-0.14166666666666672,0.02499999999999991,2025H2
603101,2025-12-08,0,bull,none,pullback_holds,current_week,0.07531380753138062,0.10774058577405854,0.061715481171548126,-0.010460251046025104,0.17154811715481166,2025H2
603101,2025-12-09,1,mid,none,pullback_holds,current_week,0.019830028328611915,-0.037771482530689404,-0.041548630783758256,-0.06987724268177531,0.05760151085930132,2025H2
603101,2026-01-07,2,bull,none,pullback_holds,current_week,0.012935323383084452,0.02686567164179099,-0.02487562189054726,-0.013930348258706537,0.07860696517412924,2026H1
603101,2026-01-08,3,bull,none,pullback_holds,current_week,0.001988071570576455,0.021868787276341894,-0.017892644135188873,-0.01491053677932408,0.07753479125248508,2026H1
603101,2026-01-09,4,bull,none,pullback_holds,current_week,-0.023323615160349864,-0.0019436345966959978,-0.06413994169096215,-0.03692905733722063,0.05344995140913489,2026H1
603101,2026-01-12,0,bull,none,two_day_acceleration,current_week,-0.030927835051546393,-0.07310215557638233,-0.08434864104967199,-0.07966260543580128,0.015932521087160145,2026H1
603101,2026-01-21,2,bull,none,pullback_holds,current_week,-0.055447470817120426,-0.046692607003890885,-0.09533073929961078,-0.07392996108949412,0.008754863813229763,2026H1
603101,2026-01-22,3,bull,none,pullback_holds,current_week,-0.05058365758754857,-0.03891050583657574,-0.09435797665369638,-0.07392996108949412,0.004863813229571967,2026H1
603101,2026-02-05,3,mid,none,pullback_holds,current_week,-0.04356636271529901,-0.05673758865248235,-0.12360688956433641,-0.0678824721377913,0.0,2026H1
603101,2026-02-09,0,bull,none,pullback_holds,current_week,-0.03377686796315249,-0.11463664278403263,-0.1340839303991811,-0.11668372569089036,0.0010235414534287557,2026H1
603101,2026-02-10,1,bull,none,pullback_holds,current_week,-0.029835390946502116,-0.11625514403292192,-0.1255144032921811,-0.1337448559670783,0.00411522633744843,2026H1
300700,2023-03-13,0,mid,none,pullback_holds,current_week,-0.06868212503668913,-0.013795127678309371,-0.5218667449368947,-0.11799236865277374,0.014088641033167093,2023H1
300700,2023-03-28,1,mid,none,pullback_holds,current_week,-0.5030285549466398,-0.5428324199596193,-0.5359100086530142,-0.54600519180848,0.02538217479088556,2023H1
300700,2023-03-30,3,mid,none,shrinking_volume_acceleration,current_week,-0.512318195310181,-0.5185514989611161,-0.5482338972989017,-0.5470466013653903,0.01810626298604956,2023H1
300700,2025-08-04,0,bull,ma_bull,pullback_holds,current_week,0.10879419764279241,0.11967361740707161,0.27198549410698103,-0.01813236627379866,0.14959202175883957,2025H2
300700,2025-08-05,1,bull,ma_bull,pullback_holds,current_week,0.12465878070973613,0.11101000909918124,0.24476797088262048,-0.0145586897179254,0.15377616014558693,2025H2
300700,2025-08-07,3,bull,ma_bull,pullback_holds,current_week,0.06966490299823636,0.0714285714285714,0.13668430335097015,-0.0017636684303350414,0.11816578483245155,2025H2
300700,2025-08-15,4,bull,ma_bull,shrinking_volume_acceleration,current_week,0.05686433793663692,0.11129163281884646,0.02924451665312744,-0.018683996750609277,0.21283509341998363,2025H2
300700,2025-08-28,3,bull,ma_bull,shrinking_volume_acceleration,current_week,-0.05774853801169588,-0.0314327485380117,-0.059941520467836296,-0.07748538011695894,0.035818713450292305,2025H2
300700,2025-09-24,2,bull,ma_bull,shrinking_volume_acceleration,current_week,-0.02617397998460358,-0.09314857582755975,-0.09314857582755975,-0.12471131639722854,0.009237875288683473,2025H2
300700,2025-09-26,4,mid,ma_bull,pullback_holds,current_week,-0.034727703235990504,-0.07498026835043403,-0.0702446724546173,-0.10260457774269915,0.028413575374901523,2025H2
300700,2025-10-13,0,bull,none,shrinking_volume_acceleration,current_week,-0.04170073589533929,-0.004905968928863524,-0.026165167620605057,-0.06950122649223223,0.04497138184791494,2025H2
300700,2025-10-27,0,bull,none,pullback_holds,current_week,-0.024834437086092787,-0.01407284768211925,-0.07533112582781454,-0.057947019867549576,0.041390728476821126,2025H2
300700,2025-10-28,1,bull,none,pullback_holds,current_week,-0.04311774461028184,0.021558872305140975,-0.06135986733001664,-0.056384742951907096,0.04311774461028195,2025H2
300700,2025-10-29,2,bull,none,pullback_holds,current_week,-0.05004101722723542,-0.01066447908121404,-0.08777686628383907,-0.06644790812141088,0.02378999179655472,2025H2
300700,2025-11-11,1,bull,none,two_day_acceleration,current_week,-0.05438311688311692,-0.08116883116883111,0.004870129870129913,-0.12337662337662336,0.0016233766233766378,2025H2
300700,2025-11-14,4,bull,none,pullback_holds,current_week,-0.08695652173913049,-0.01755852842809369,0.02508361204013365,-0.09698996655518399,0.015886287625417994,2025H2
300700,2026-01-20,1,bull,ma_bull,two_day_acceleration,current_week,0.08102025506376598,0.07651912978244568,0.07801950487621911,-0.0075018754688671585,0.12078019504876214,2026H1
300700,2026-03-10,1,bull,ma_bull,shrinking_volume_acceleration,current_week,-0.06206896551724139,-0.09379310344827585,-0.020689655172413723,-0.16000000000000003,0.03172413793103446,2026H1
300700,2026-03-16,0,mid,ma_bull,pullback_holds,current_week,-0.14095371669004209,-0.06311360448807857,0.07643758765778408,-0.1458625525946704,0.004908835904628317,2026H1
300700,2026-04-10,4,mid,macd_stabilizing,two_day_acceleration,current_week,0.0744535519125682,0.11612021857923494,0.3510928961748634,0.0,0.16803278688524603,2026H1
300700,2026-04-14,1,mid,macd_cross,two_day_acceleration,current_week,0.04814573845152892,0.09173715029277818,0.2758620689655171,-0.019518542615484802,0.11906310995445657,2026H1
300700,2026-04-16,3,mid,macd_cross,shrinking_volume_acceleration,current_week,0.08701298701298721,0.1272727272727272,0.2525974025974025,-0.0032467532467532756,0.14090909090909087,2026H1
300700,2026-04-17,4,mid,macd_cross,two_day_acceleration,current_week,0.040764331210191074,0.13694267515923575,0.21464968152866226,0.0,0.17643312101910813,2026H1
300700,2026-04-20,0,bull,ma_bull,two_day_acceleration,current_week,0.05086848635235741,0.1228287841191067,0.1830024813895781,-0.013647642679900818,0.1457816377171215,2026H1
300700,2026-04-29,2,bull,ma_bull,shrinking_volume_acceleration,current_week,0.14218009478673,0.13862559241706163,0.1101895734597158,-0.010663507109004766,0.21445497630331767,2026H1
300700,2026-04-30,3,bull,ma_bull,two_day_acceleration,current_week,0.09003397508493771,0.09229898074745191,0.0939977349943375,-0.005096262740656887,0.16081540203850508,2026H1
300700,2026-05-13,2,bull,ma_bull,two_day_acceleration,current_week,-0.03686868686868694,-0.006565656565656552,0.1333333333333333,-0.06212121212121213,0.06666666666666665,2026H1
300700,2026-06-02,1,mid,ma_bull,two_day_acceleration,current_week,0.13736842105263158,0.1763157894736842,0.05157894736842117,0.0,0.23894736842105258,2026H1
300700,2026-06-15,0,bull,ma_bull,shrinking_volume_acceleration,current_week,0.028545941123996332,-0.05084745762711862,-0.17528991971454055,-0.08965209634255134,0.1280107047279213,2026H1
300700,2026-09-02,2,mid,none,shrinking_volume_acceleration,current_week,-0.05432098765432092,,,-0.1274074074074073,0.04938271604938271,2026H2
002952,2023-03-09,3,mid,none,pullback_holds,current_week,-0.03260869565217395,0.0583524027459954,0.030320366132723153,-0.05148741418764291,0.07208237986270039,2023H1
002952,2023-03-22,2,mid,macd_stabilizing,shrinking_volume_acceleration,current_week,0.007111597374179324,0.00273522975929974,-0.04157549234135671,-0.01969365426695835,0.05032822757111588,2023H1
002952,2023-03-23,3,bull,macd_stabilizing,two_day_acceleration,current_week,0.03505933117583604,-0.02858683926645078,-0.1046386192017259,-0.04746494066882412,0.03559870550161803,2023H1
002952,2023-03-24,4,mid,macd_cross,shrinking_volume_acceleration,current_week,-0.0032171581769437907,-0.0536193029490617,-0.10294906166219842,-0.059517426273458574,0.029490616621983712,2023H1
002952,2023-04-17,0,bull,ma_bull,pullback_holds,current_week,-0.05799549549549554,-0.11148648648648651,-0.07094594594594605,-0.1283783783783784,0.009572072072072002,2023H1
002952,2023-05-08,0,bull,none,shrinking_volume_acceleration,current_week,-0.0070739549839229365,0.10225080385852081,0.13311897106109316,-0.023151125401929318,0.11897106109324773,2023H1
002952,2023-05-11,3,mid,none,shrinking_volume_acceleration,current_week,0.06727037516170764,0.12160413971539441,0.0924967658473479,-0.016170763260025867,0.13518758085381632,2023H1
002952,2023-06-13,1,mid,none,pullback_holds,current_week,0.004610951008645392,0.0028818443804035088,0.061095100864553276,-0.07435158501440942,0.009798270893371708,2023H1
002952,2023-06-15,3,mid,none,pullback_holds,current_week,-0.0394581861012957,0.03710247349823326,0.07891637220259118,-0.05418138987043586,0.08657243816254412,2023H1
002952,2023-06-19,0,mid,none,pullback_holds,current_week,-0.04362801377726755,0.02468427095292758,0.012055109070034264,-0.07807118254879464,0.059127439724454556,2023H1
002952,2023-06-20,1,mid,none,pullback_holds,current_week,-0.0017211703958690538,0.034997131382673574,-0.014343086632243263,-0.07860011474469308,0.058519793459552494,2023H1
002952,2023-07-04,1,mid,macd_cross,shrinking_volume_acceleration,current_week,0.01348314606741563,0.014044943820224809,-0.0870786516853933,-0.009550561797752932,0.11067415730337071,2023H2
002952,2023-07-13,3,mid,none,shrinking_volume_acceleration,current_week,-0.06630434782608707,-0.10434782608695659,-0.12282608695652186,-0.10652173913043483,0.0744565217391302,2023H2
002952,2024-12-02,0,bull,ma_bull,shrinking_volume_acceleration,current_week,0.0,0.0076687116564417845,0.07285276073619618,-0.016487730061349626,0.06595092024539873,2024H2
002952,2024-12-04,2,bull,ma_bull,two_day_acceleration,current_week,0.03849056603773593,-0.02716981132075469,-0.03396226415094339,-0.07358490566037734,0.049056603773584895,2024H2
002952,2024-12-06,4,bull,ma_bull,pullback_holds,current_week,0.032774390243902385,0.03734756097560954,-0.03429878048780499,-0.06440548780487809,0.06249999999999978,2024H2
002952,2026-05-08,4,bull,ma_bull,pullback_holds,current_week,0.06370106761565841,0.09217081850533804,-0.1370106761565837,-0.07437722419928827,0.10213523131672608,2026H1
002952,2026-05-14,3,bull,ma_bull,two_day_acceleration,current_week,0.036581076327822704,0.05803728455856505,-0.19240239183960606,-0.0851213506858951,0.18677453394301802,2026H1
002952,2026-08-05,2,mid,none,two_day_acceleration,current_week,0.05863874345549713,0.02251308900523563,0.12303664921465951,-0.0047120418848167755,0.07068062827225119,2026H2
002952,2026-08-06,3,mid,none,two_day_acceleration,current_week,0.012709710218607118,0.009150991357397054,0.05185561769191649,-0.022369089984748403,0.039654295882053825,2026H2
002952,2026-08-07,4,mid,none,two_day_acceleration,current_week,-0.006442021803766074,-0.01783944499504453,0.07383548067393475,-0.04311199207135785,0.013379583746283341,2026H2
002952,2026-08-17,0,mid,none,two_day_acceleration,current_week,-0.04123711340206182,0.05252822778595978,-0.09621993127147765,-0.061364752086401575,0.06971035837015216,2026H2
600435,2023-03-13,0,mid,none,two_day_acceleration,current_week,-0.06557377049180335,-0.08934426229508208,-0.04508196721311486,-0.09180327868852467,0.03032786885245886,2023H1
600435,2023-03-14,1,mid,none,pullback_holds,current_week,-0.04115226337448563,-0.10041152263374487,-0.06337448559670777,-0.10370370370370363,0.018930041152263488,2023H1
600435,2023-03-15,2,mid,none,pullback_holds,current_week,-0.064569536423841,-0.11837748344370858,-0.08443708609271516,-0.1225165562913908,0.0008278145695364003,2023H1
600435,2023-04-03,0,bull,none,two_day_acceleration,current_week,0.05334538878842676,-0.007233273056057921,-0.04792043399638346,-0.02622061482820981,0.0714285714285714,2023H1
600435,2023-04-04,1,bull,none,pullback_holds,current_week,0.03926940639269394,0.03561643835616435,-0.016438356164383716,-0.016438356164383716,0.08219178082191769,2023H1
600435,2023-04-06,3,bull,none,pullback_holds,current_week,-0.0018050541516244634,-0.0072202166064981865,-0.06678700361010836,-0.02797833935018057,0.069494584837545,2023H1
600435,2023-04-07,4,bull,none,pullback_holds,current_week,0.018231540565177617,-0.029170464904284432,-0.03919781221513219,-0.030993618960802216,0.08021877848678205,2023H1
600435,2023-04-13,3,bull,none,pullback_holds,current_week,-0.001814882032667886,-0.03176043557168784,-0.04446460980036304,-0.08076225045372043,0.04627949183303093,2023H1
600435,2023-04-14,4,bull,none,pullback_holds,current_week,-0.04740608228980314,-0.03935599284436486,-0.03756708407871201,-0.09391771019677986,0.03130590339892669,2023H1
600435,2023-05-04,3,bull,none,pullback_holds,current_week,-0.039999999999999925,0.006511627906976791,0.016744186046511622,-0.06976744186046513,0.012093023255814073,2023H1
600435,2023-05-10,2,mid,none,pullback_holds,current_week,0.020872865275142205,0.008538899430740043,-0.0275142314990513,-0.05123339658444026,0.032258064516129004,2023H1
600435,2023-06-20,1,mid,none,two_day_acceleration,current_week,0.008818342151675429,0.032627865961199376,-0.05379188712522043,-0.050264550264550345,0.06261022927689597,2023H1
600435,2023-07-03,0,mid,macd_cross,two_day_acceleration,current_week,-0.006808510638297904,-0.06042553191489353,-0.10212765957446801,-0.07404255319148934,0.025531914893617058,2023H2
600435,2024-01-02,1,mid,ma_bull,two_day_acceleration,current_week,-0.14297520661157015,-0.19173553719008263,-0.25702479338842976,-0.2024793388429752,0.0181818181818183,2024H1
600435,2025-03-10,0,bull,none,shrinking_volume_acceleration,current_week,0.015887025595763493,-0.029126213592232997,-0.08649602824360114,-0.054721977052074045,0.09002647837599298,2025H1
600435,2025-03-13,3,bull,none,shrinking_volume_acceleration,current_week,-0.026182432432432456,-0.0692567567567568,-0.03124999999999989,-0.09543918918918914,0.006756756756756799,2025H1
600435,2025-04-01,1,mid,ma_bull,two_day_acceleration,current_week,0.00990990990991003,-0.008108108108108136,0.0018018018018020054,-0.0981981981981982,0.047747747747747926,2025H1
600435,2025-04-03,3,mid,ma_bull,pullback_holds,current_week,0.07196261682242988,0.0224299065420559,0.09813084112149517,-0.06448598130841132,0.08691588785046722,2025H1
600435,2025-06-09,0,bull,none,pullback_holds,current_week,0.056962025316455556,0.08137432188065108,0.2802893309222423,-0.023508137432188048,0.10397830018083187,2025H1
600435,2025-06-18,2,bull,ma_bull,two_day_acceleration,current_week,0.1093082835183603,0.20495303159692546,0.22630230572160537,-0.021349274124679796,0.381725021349274,2025H1
600435,2025-06-23,0,bull,ma_bull,two_day_acceleration,current_week,0.35447437011294536,0.23023457862728058,0.32927888792354487,-0.004344048653344812,0.4057341442224154,2025H1
600435,2025-07-22,1,bull,ma_bull,two_day_acceleration,current_week,0.1573770491803279,0.11672131147540998,0.09245901639344267,-0.042622950819672156,0.19999999999999996,2025H2
600435,2025-07-31,3,bull,ma_bull,shrinking_volume_acceleration,current_week,-0.004537719795802531,-0.052750992626205306,-0.06976744186046513,-0.07827566647759499,0.030629608621667748,2025H2
600435,2025-08-11,0,bull,ma_bull,pullback_holds,current_week,-0.030355097365406758,-0.049255441008018264,-0.20274914089347085,-0.08304696449026339,0.01603665521191311,2025H2
600435,2025-08-25,0,bull,ma_bull,pullback_holds,current_week,0.020568663036902635,-0.1578947368421053,-0.1349062310949788,-0.1845130066545675,0.05868118572292791,2025H2
600435,2025-10-13,0,bull,none,two_day_acceleration,current_week,-0.05916775032509758,-0.04876462938881665,-0.08842652795838757,-0.09622886866059821,0.0006501950585175997,2025H2
600435,2025-12-22,0,bull,none,two_day_acceleration,current_week,0.03963838664812247,0.37830319888734354,0.19262865090403336,-0.03129346314325454,0.37830319888734354,2025H2
600435,2025-12-31,2,bull,none,two_day_acceleration,current_week,0.321405750798722,0.13418530351437696,0.054313099041533475,-0.015974440894568676,0.4408945686900958,2025H2
600435,2026-04-09,3,mid,none,pullback_holds,current_week,0.017053206002728416,0.02046384720327432,0.007503410641200414,-0.009549795361528002,0.05729877216916779,2026H1
600435,2026-04-10,4,mid,none,pullback_holds,current_week,0.029452054794520732,-0.009589041095890316,0.013013698630137016,-0.010273972602739656,0.06164383561643838,2026H1
600435,2026-04-13,0,mid,none,pullback_holds,current_week,0.02807486631016043,-0.03342245989304815,-0.05414438502673802,-0.05481283422459893,0.03609625668449201,2026H1
600435,2026-04-14,1,mid,none,two_day_acceleration,current_week,0.005266622778143493,-0.07175773535220542,-0.1000658327847268,-0.07702435813034891,0.020408163265306145,2026H1
600435,2026-04-16,3,mid,none,shrinking_volume_acceleration,current_week,0.0033534540576793948,-0.030851777330650476,-0.08316566063044939,-0.059691482226693515,0.039570757880617036,2026H1
600435,2026-04-17,4,mid,none,two_day_acceleration,current_week,-0.03792415169660679,-0.004657351962741196,-0.11576846307385225,-0.06719893546240863,0.031270791749833604,2026H1
600435,2026-04-20,0,bull,none,two_day_acceleration,current_week,-0.05859374999999989,-0.02734375,-0.17252604166666663,-0.08723958333333337,0.009114583333333481,2026H1
600435,2026-04-22,2,bull,none,shrinking_volume_acceleration,current_week,-0.06950819672131148,-0.009180327868852478,-0.1573770491803279,-0.08065573770491807,0.00721311475409836,2026H1
603300,2025-05-08,3,bull,none,shrinking_volume_acceleration,current_week,-0.05121746431570107,-0.12678421494542402,-0.13518052057094876,-0.12678421494542402,0.02099076406381184,2025H1
603300,2025-06-16,0,bull,none,shrinking_volume_acceleration,current_week,-0.008188331627430934,0.14124872057318338,0.10542476970317316,-0.06960081883316271,0.1617195496417605,2025H1
603300,2025-06-30,0,bull,none,shrinking_volume_acceleration,current_week,-0.03354487760652758,-0.020852221214868405,0.08340888485947429,-0.06799637352674526,0.02901178603807808,2025H1
603300,2025-07-09,2,bull,none,pullback_holds,current_week,0.05303030303030298,0.10606060606060597,0.03882575757575757,-0.015151515151515138,0.1922348484848484,2025H2
603300,2025-08-11,0,bull,ma_bull,shrinking_volume_acceleration,current_week,0.000926784059314123,0.062094531974050016,-0.06672845227062096,-0.035217794253938894,0.09823911028730303,2025H2
603300,2025-08-12,1,bull,ma_bull,two_day_acceleration,current_week,-0.023423423423423406,0.04594594594594592,-0.08828828828828816,-0.06216216216216208,0.06756756756756754,2025H2
603300,2025-08-14,3,bull,ma_bull,pullback_holds,current_week,0.03142857142857136,0.05047619047619034,-0.027619047619047543,-0.008571428571428563,0.13428571428571434,2025H2
603300,2025-08-18,0,bull,ma_bull,pullback_holds,current_week,0.06307977736549186,-0.009276437847866359,-0.058441558441558406,-0.020408163265306034,0.10482374768089064,2025H2
603300,2025-08-19,1,bull,ma_bull,pullback_holds,current_week,0.07499999999999996,-0.050000000000000044,-0.063888888888889,-0.06018518518518523,0.10277777777777763,2025H2
603300,2025-08-21,3,bull,ma_bull,pullback_holds,current_week,0.01846722068328699,-0.08679593721144963,-0.06740535549399818,-0.09972299168975074,0.09972299168975063,2025H2
603300,2025-08-25,0,bull,none,two_day_acceleration,current_week,-0.06315789473684219,-0.1166666666666667,-0.12982456140350884,-0.14473684210526316,0.044736842105263186,2025H2
603300,2025-09-25,3,bull,none,two_day_acceleration,current_week,-0.21912350597609576,-0.2938247011952192,-0.22011952191235062,-0.3167330677290837,0.007968127490039834,2025H2
300560,2023-03-13,0,mid,ma_bull,two_day_acceleration,current_week,-0.004347826086956497,0.07515527950310541,0.20621118012422368,-0.037267080745341685,0.21490683229813645,2023H1
300560,2023-04-06,3,bull,ma_bull,shrinking_volume_acceleration,current_week,0.051977401129943646,-0.03672316384180785,-0.12768361581920906,-0.07231638418079078,0.15875706214689278,2023H1
300560,2023-07-25,1,mid,none,pullback_holds,current_week,-0.04269005847953222,0.010526315789473717,0.04795321637426908,-0.05789473684210533,0.01754385964912286,2023H2
300560,2023-08-08,1,bull,none,two_day_acceleration,current_week,0.03208868144690791,0.04550758459743287,0.0676779463243875,-0.09393232205367552,0.1353558926487748,2023H2
300560,2023-11-13,0,mid,none,shrinking_volume_acceleration,current_week,0.02539503386004527,-0.007900677200902817,0.06997742663656892,-0.02483069977426622,0.033860045146727025,2023H2
300560,2023-11-17,4,mid,none,shrinking_volume_acceleration,current_week,-0.03159645232815966,-0.018847006651884657,-0.01940133037694003,-0.04711751662971164,0.014966740576496607,2023H2
300560,2023-11-20,0,mid,none,two_day_acceleration,current_week,-0.030336458907887276,-0.02923331494760051,-0.04467733039161603,-0.0518477661334803,0.007170435741864489,2023H2
300560,2025-12-01,0,mid,ma_bull,two_day_acceleration,current_week,0.0894179894179894,-0.014814814814814836,-0.11851851851851858,-0.07195767195767211,0.19999999999999996,2025H2
300560,2026-01-07,2,bull,none,pullback_holds,current_week,0.15039417828987234,0.0090964220739842,-0.023650697392359032,-0.015160703456640334,0.15949060036385676,2026H1
300560,2026-01-08,3,bull,none,two_day_acceleration,current_week,0.06982248520710077,0.010059171597633254,-0.026035502958579704,-0.03905325443786967,0.1313609467455623,2026H1
300560,2026-01-09,4,bull,none,two_day_acceleration,current_week,-0.006214689265536699,-0.027118644067796627,-0.08531073446327675,-0.08248587570621457,0.08022598870056497,2026H1
300560,2026-02-04,2,mid,none,pullback_holds,current_week,0.030000000000000027,0.05062499999999992,-0.008749999999999925,-0.011874999999999969,0.0631250000000001,2026H1
300560,2026-02-05,3,mid,none,two_day_acceleration,current_week,0.024059222702035754,0.059222702035780506,-0.04503392967304132,-0.02467612584824186,0.06415792720542868,2026H1
300560,2026-02-24,1,bull,none,two_day_acceleration,current_week,-0.07569485511531637,-0.026020106445890034,-0.13305736250739209,-0.09343583678296863,0.020106445890005986,2026H1
300560,2026-02-26,3,bull,none,shrinking_volume_acceleration,current_week,-0.04613541042540448,-0.049730377471539855,-0.12522468544038357,-0.08148591971240271,0.03355302576393049,2026H1
300560,2026-02-27,4,bull,none,two_day_acceleration,current_week,-0.054964539007092306,-0.08510638297872342,-0.11347517730496459,-0.09397163120567387,0.008865248226950229,2026H1
300560,2026-03-10,1,bull,none,two_day_acceleration,current_week,-0.08637469586374702,-0.1082725060827251,-0.03223844282238453,-0.16909975669099764,0.020681265206812682,2026H1
300560,2026-03-11,2,bull,none,pullback_holds,current_week,-0.029914529914529808,-0.08180708180708174,-0.05128205128205121,-0.16605616605616602,0.0073260073260073,2026H1
300560,2026-04-14,1,mid,none,two_day_acceleration,current_week,-0.024615384615384595,-0.12430769230769223,0.054153846153846,-0.14338461538461544,0.0135384615384615,2026H1
300560,2026-04-27,0,bull,none,two_day_acceleration,current_week,0.05562742561448886,0.06403622250970242,0.18758085381629996,-0.10931435963777503,0.1455368693402328,2026H1
300560,2026-05-20,2,bull,macd_cross,pullback_holds,current_week,0.09005297233666854,0.0988816951147733,-0.0011771630370808195,-0.05297233666862877,0.17716303708063563,2026H1
300560,2026-06-03,2,mid,ma_bull,shrinking_volume_acceleration,current_week,-0.09432933478735006,-0.07470010905125413,0.14721919302071962,-0.13904034896401307,0.031624863685932425,2026H1
300560,2026-09-08,1,mid,none,pullback_holds,current_week,-0.05323193916349811,,,-0.05649103747963058,0.01846822379141777,2026H2
300560,2026-09-09,2,bull,none,shrinking_volume_acceleration,current_week,,,,-0.06512378902045213,0.004305705059203246,2026H2
688176,2025-06-11,2,bull,ma_bull,shrinking_volume_acceleration,current_week,-0.037313432835821,-0.037313432835821,-0.004264392324093924,-0.07249466950959482,0.06503198294243062,2025H1
688176,2025-08-14,3,bull,ma_bull,pullback_holds,current_week,0.014261744966443057,-0.03691275167785235,-0.028523489932885893,-0.07550335570469802,0.07634228187919456,2025H2
688176,2025-08-25,0,bull,ma_bull,two_day_acceleration,current_week,-0.006359300476947549,-0.038155802861685295,-0.13593004769475348,-0.12400635930047699,0.019872813990461147,2025H2
688176,2025-09-04,3,mid,ma_bull,pullback_holds,current_week,-0.030962343096234357,-0.06861924686192467,-0.14895397489539752,-0.08870292887029296,0.03765690376569042,2025H2
688176,2025-09-05,4,bull,ma_bull,shrinking_volume_acceleration,current_week,-0.05314799672935411,-0.10466067048242023,-0.17661488143908421,-0.10956663941128375,0.00817661488143906,2025H2
688176,2025-10-27,0,bull,none,pullback_holds,current_week,0.03326612903225801,-0.007056451612903247,-0.012096774193548265,-0.02116935483870963,0.0463709677419355,2025H2
688176,2025-10-29,2,bull,none,pullback_holds,current_week,0.009109311740890691,-0.006072874493927127,0.037449392712550544,-0.01720647773279349,0.0506072874493928,2025H2
688176,2025-10-30,3,bull,none,pullback_holds,current_week,-0.015060240963855498,0.013052208835341306,0.02108433734939741,-0.02409638554216864,0.04216867469879526,2025H2
688176,2025-12-31,2,bull,macd_cross,shrinking_volume_acceleration,current_week,0.037197231833909994,0.15830449826989623,0.10034602076124566,-0.009515570934256035,0.1738754325259515,2025H2
688176,2026-01-05,0,bull,none,two_day_acceleration,current_week,0.07416879795396403,0.12702472293265132,0.04006820119352095,-0.017902813299232823,0.1568627450980391,2026H1
688176,2026-01-09,4,bull,none,two_day_acceleration,current_week,0.12144053601340032,0.1901172529313233,0.010887772194305034,-0.009212730318257867,0.21775544388609736,2026H1
688176,2026-02-09,0,bull,ma_bull,shrinking_volume_acceleration,current_week,-0.047039740470397384,-0.07623682076236815,0.17599351175993516,-0.10137875101378746,0.018653690186536842,2026H1
688176,2026-02-27,4,bull,ma_bull,shrinking_volume_acceleration,current_week,0.3664495114006514,0.24185667752442974,0.10749185667752426,-0.09771986970684043,0.4747557003257328,2026H1
688176,2026-04-14,1,mid,ma_bull,two_day_acceleration,current_week,-0.08921161825726143,-0.11964038727524207,-0.13485477178423244,-0.12309820193637633,0.008990318118948792,2026H1
688176,2026-04-15,2,mid,ma_bull,pullback_holds,current_week,-0.05457122608079379,-0.09567682494684615,-0.10985116938341599,-0.10489014883061654,0.02693125442948263,2026H1
688176,2026-04-16,3,mid,ma_bull,pullback_holds,current_week,-0.07375886524822695,-0.08794326241134753,-0.10354609929078007,-0.10425531914893604,0.007092198581560405,2026H1
688176,2026-05-08,4,bull,none,pullback_holds,current_week,-0.036209553158705776,-0.045454545454545414,-0.19876733436055471,-0.0685670261941449,0.024653312788905923,2026H1
688176,2026-05-19,1,bull,none,shrinking_volume_acceleration,current_week,-0.057707509881422925,-0.16126482213438742,-0.1794466403162055,-0.17391304347826075,0.027667984189723382,2026H1
600685,2023-03-02,3,bull,macd_cross,two_day_acceleration,current_week,0.06547122602168476,0.045454545454545414,0.03544620517097585,-0.011676396997498006,0.14595496246872397,2023H1
600685,2023-03-23,3,bull,ma_bull,shrinking_volume_acceleration,current_week,-0.055893536121672915,-0.09049429657794672,-0.03764258555133071,-0.09657794676806075,0.0015209125475283969,2023H1
600685,2023-04-04,1,bull,ma_bull,two_day_acceleration,current_week,-0.041867954911433136,-0.04106280193236711,0.14774557165861513,-0.057568438003220646,0.009661835748792313,2023H1
600685,2023-04-18,1,bull,ma_bull,pullback_holds,current_week,0.06792918896665312,0.06710580485796624,0.24372169617126405,-0.03458213256484144,0.20872787155207906,2023H1
600685,2023-06-13,1,mid,ma_bull,pullback_holds,current_week,0.08900709219858172,0.08156028368794321,-0.015957446808510634,-0.025531914893616947,0.1127659574468085,2023H1
600685,2023-06-15,3,mid,ma_bull,pullback_holds,current_week,0.04439670605084145,0.07984246330110989,0.008234872896527135,0.0,0.12352309344790546,2023H1
600685,2023-06-19,0,mid,ma_bull,two_day_acceleration,current_week,0.04517663043478248,-0.007133152173913082,-0.052989130434782705,-0.018002717391304435,0.06589673913043481,2023H1
600685,2023-07-25,1,mid,none,pullback_holds,current_week,-0.02753623188405807,-0.0735507246376812,-0.09420289855072472,-0.08224637681159419,0.032608695652173836,2023H2
600685,2023-07-27,3,mid,none,pullback_holds,current_week,-0.053818181818181876,-0.07454545454545458,-0.12545454545454537,-0.08181818181818179,0.0,2023H2
600685,2023-09-04,0,mid,none,pullback_holds,current_week,0.004844570044408636,0.013322567622123582,0.0012111425111021035,-0.042793702058942173,0.056116269681065756,2023H2
600685,2023-09-14,3,mid,none,shrinking_volume_acceleration,current_week,-0.026506024096385583,-0.05863453815261044,-0.08192771084337358,-0.08955823293172693,0.050602409638554224,2023H2
600685,2024-07-18,3,mid,ma_bull,shrinking_volume_acceleration,current_week,-0.02489626556016611,0.025587828492392717,-0.061894882434301635,-0.045643153526971014,0.030428769017980528,2024H2
600685,2024-09-24,1,mid,none,two_day_acceleration,current_week,0.20120120120120122,0.09824109824109839,0.14714714714714727,-0.001716001716001725,0.2758472758472761,2024H2
600685,2024-09-26,3,bull,none,shrinking_volume_acceleration,current_week,0.08986928104575154,0.009803921568627416,0.051062091503268014,-0.007352941176470562,0.21486928104575176,2024H2
600685,2024-10-22,1,bull,none,pullback_holds,current_week,0.04986258343148808,0.03847663918335309,-0.009815469179426772,-0.017667844522968212,0.07224185316058129,2024H2
600685,2024-10-24,3,bull,none,pullback_holds,current_week,0.012992125984251812,0.04685039370078736,-0.011417322834645804,-0.014960629921259905,0.07519685039370083,2024H2
600685,2024-10-25,4,bull,none,pullback_holds,current_week,-0.03326959847036337,0.015296367112810572,-0.058891013384321345,-0.043212237093690375,0.04435946462715101,2024H2
600685,2024-10-28,0,bull,none,two_day_acceleration,current_week,-0.030476190476190546,0.027428571428571358,-0.07657142857142851,-0.04685714285714282,0.040380952380952406,2024H2
600685,2024-11-07,3,bull,none,shrinking_volume_acceleration,current_week,-0.010841121495327122,-0.06130841121495334,-0.07775700934579433,-0.08299065420560747,0.02242990654205612,2024H2
600685,2025-11-04,1,bull,none,pullback_holds,current_week,-0.027296200663961545,-0.02987827369974172,0.10106971597196623,-0.04168203614902244,0.052379195868683226,2025H2
600685,2025-11-06,3,bull,none,pullback_holds,current_week,-0.032979113228288726,0.03481128618541596,0.054232319530963746,-0.0480029314767314,0.06009527299377071,2025H2
600685,2025-11-07,4,bull,none,pullback_holds,current_week,-0.018031555221637907,0.12847483095416967,0.1217129977460556,-0.02404207362885047,0.16679188580015025,2025H2
600685,2025-12-24,2,bull,ma_bull,pullback_holds,current_week,0.026334776334776322,0.1287878787878789,0.21825396825396837,0.0,0.15007215007215002,2025H2
600685,2025-12-25,3,bull,ma_bull,two_day_acceleration,current_week,0.057475317348378185,0.14069111424541614,0.17736248236953456,-0.015867418899858876,0.1713681241184768,2025H2
600685,2025-12-26,4,bull,ma_bull,pullback_holds,current_week,0.049344375431331855,0.10041407867494834,0.1438923395445133,-0.03692201518288474,0.14630779848171138,2025H2
600685,2026-02-05,3,mid,ma_bull,pullback_holds,current_week,0.11842519685039354,0.17826771653543316,0.056692913385826715,-0.011023622047244053,0.2141732283464568,2026H1
600685,2026-02-24,1,bull,ma_bull,shrinking_volume_acceleration,current_week,-0.04066593886462888,-0.034661572052401834,-0.18531659388646282,-0.059770742358078555,0.05212882096069871,2026H1
600685,2026-02-26,3,bull,ma_bull,shrinking_volume_acceleration,current_week,-0.05066666666666664,-0.08560000000000001,-0.20906666666666662,-0.09466666666666657,0.028000000000000025,2026H1
600685,2026-04-08,2,mid,none,two_day_acceleration,current_week,0.040569395017793664,0.08825622775800723,0.1419928825622776,-0.009252669039146011,0.11032028469750887,2026H1
600685,2026-04-10,4,mid,none,pullback_holds,current_week,0.044045102184637086,0.10042283298097265,0.14763918252290353,-0.005637773079633535,0.1483439041578578,2026H1
600685,2026-04-14,1,mid,none,two_day_acceleration,current_week,0.033164128595600584,0.072419627749577,0.039255499153976414,-0.018274111675126825,0.10524534686971254,2026H1
600685,2026-04-15,2,mid,none,pullback_holds,current_week,0.04332992152848858,0.10406004776526778,0.03445922893210507,-0.010235414534288667,0.11497782326850903,2026H1
600685,2026-04-16,3,mid,none,shrinking_volume_acceleration,current_week,0.10034129692832772,0.09726962457337884,0.02696245733788394,-0.009897610921501654,0.14436860068259394,2026H1
600685,2026-04-17,4,mid,none,shrinking_volume_acceleration,current_week,0.042042042042042205,0.07207207207207222,0.014681348014681461,-0.004004004004003914,0.11878545211878544,2026H1
600685,2026-04-20,0,bull,none,two_day_acceleration,current_week,0.009858692080183973,0.04206375287545194,-0.016431153466973436,-0.013144922773578704,0.1018731514952349,2026H1
600685,2026-04-22,2,bull,none,shrinking_volume_acceleration,current_week,0.05890052356020936,0.050065445026177935,-0.033704188481675446,-0.00163612565445026,0.09718586387434547,2026H1
600685,2026-05-11,0,bull,none,pullback_holds,current_week,-0.0554517133956387,-0.08006230529595015,-0.19221183800623054,-0.08878504672897203,0.015576323987538832,2026H1
600685,2026-06-22,0,bull,none,pullback_holds,current_week,-0.053505535055350495,0.0022140221402213722,-0.07859778597785982,-0.11033210332103327,0.016605166051660403,2026H1
600640,2023-07-11,1,mid,none,pullback_holds,current_week,0.0033755274261604296,-0.005907172995780585,-0.00421940928270037,-0.04135021097046421,0.03459915611814357,2023H2
600640,2023-07-13,3,mid,none,shrinking_volume_acceleration,current_week,-0.009345794392523366,-0.04672897196261672,-0.029736618521665203,-0.049277824978759543,0.041631265930331285,2023H2
600640,2023-07-31,0,bull,none,two_day_acceleration,current_week,0.0209973753280841,-0.0008748906386701893,-0.07961504811898512,-0.034120734908136385,0.05686789151356075,2023H2
600640,2023-08-04,4,bull,none,two_day_acceleration,current_week,-0.041988003427592124,-0.08997429305912585,-0.05826906598114823,-0.09168808911739501,0.03513281919451594,2023H2
600640,2023-08-07,0,bull,none,pullback_holds,current_week,-0.028085106382978675,-0.10042553191489356,-0.052765957446808454,-0.10212765957446801,0.028085106382978786,2023H2
600640,2024-03-04,0,bull,ma_bull,shrinking_volume_acceleration,current_week,-0.057049180327868765,-0.061639344262295004,-0.10491803278688527,-0.11278688524590152,0.04590163934426239,2024H1
600640,2024-05-20,0,bull,none,pullback_holds,current_week,-0.044776119402985204,-0.07794361525704807,-0.09286898839137658,-0.08706467661691553,0.02238805970149249,2024H1
600640,2024-05-21,1,bull,none,pullback_holds,current_week,-0.07042253521126762,-0.08119304059652033,-0.10356255178127594,-0.09279204639602312,0.02154101077050541,2024H1
600640,2024-12-02,0,bull,ma_bull,two_day_acceleration,current_week,0.05726872246696035,0.014684287812041008,-0.09324522760646115,-0.04185022026431717,0.09838472834067535,2024H2
600640,2025-04-21,0,mid,none,shrinking_volume_acceleration,current_week,-0.01685891748003543,0.049689440993788914,0.049689440993788914,-0.024844720496894346,0.06388642413487133,2025H1
600640,2025-04-22,1,mid,none,pullback_holds,current_week,-0.006183745583038913,0.0229681978798586,0.015017667844522853,-0.02915194346289751,0.05918727915194344,2025H1
600640,2025-04-23,2,mid,none,pullback_holds,current_week,0.017857142857142794,0.0517857142857141,0.044642857142857206,-0.018750000000000044,0.07053571428571415,2025H1
600640,2025-04-25,4,mid,none,pullback_holds,current_week,0.051075268817204256,0.051075268817204256,0.034946236559139754,-0.013440860215053752,0.07437275985663083,2025H1
600640,2025-04-29,1,mid,none,pullback_holds,current_week,0.017574692442882123,0.008787346221441172,0.02987697715289972,-0.00702987697715296,0.05360281195079075,2025H1
600640,2025-09-26,4,mid,none,two_day_acceleration,current_week,-0.03400416377515614,-0.02359472588480216,0.002081887578070818,-0.07425399028452462,0.06106870229007644,2025H2
600640,2025-10-24,4,bull,ma_bull,two_day_acceleration,current_week,-0.04781420765027333,-0.08196721311475419,-0.12226775956284164,-0.08265027322404372,0.001366120218579292,2025H2
600640,2025-11-04,1,bull,ma_bull,pullback_holds,current_week,-0.016358463726884764,-0.03342816500711243,-0.030583214793741043,-0.06899004267425324,0.023470839260312903,2025H2
600640,2025-11-05,2,bull,ma_bull,pullback_holds,current_week,-0.017142857142857126,-0.0714285714285714,-0.06500000000000006,-0.07285714285714284,0.027857142857142803,2025H2
600640,2025-11-11,1,bull,ma_bull,pullback_holds,current_week,0.0,0.0007358351729211954,-0.04635761589403964,-0.06696100073583522,0.03899926416482713,2025H2
600640,2025-11-12,2,bull,ma_bull,pullback_holds,current_week,-0.051094890510948954,-0.02700729927007306,-0.052554744525547537,-0.07445255474452561,0.03065693430656924,2025H2
600640,2025-12-31,2,bull,none,pullback_holds,current_week,0.11137629276054106,0.10421638822593482,0.1646778042959427,-0.0015910898965790787,0.31264916467780424,2025H2
600640,2026-01-06,1,bull,none,two_day_acceleration,current_week,0.14142966948501146,0.04150653343581867,0.1114527286702538,-0.0184473481936972,0.2682551883166795,2026H1
600640,2026-01-14,2,bull,macd_cross,shrinking_volume_acceleration,current_week,-0.06301939058171735,-0.020083102493074767,0.01246537396121905,-0.0713296398891966,0.04570637119113585,2026H1
600640,2026-01-29,3,bull,none,two_day_acceleration,current_week,0.0007082152974504652,0.019830028328611915,-0.09915014164305946,-0.03682719546742219,0.09702549575070818,2026H1
600640,2026-01-30,4,bull,none,two_day_acceleration,current_week,-0.05410958904109586,-0.02602739726027392,-0.12191780821917808,-0.06849315068493156,0.06095890410958904,2026H1
600640,2026-02-12,3,bull,none,pullback_holds,current_week,-0.029146426092991007,-0.11727966689798752,-0.1568355308813324,-0.14503816793893132,0.017349063150589927,2026H1
600640,2026-02-13,4,mid,none,pullback_holds,current_week,-0.07012622720897621,-0.10098176718092566,-0.202664796633941,-0.13604488078541366,0.009817671809256634,2026H1
600326,2023-08-02,2,bull,ma_bull,pullback_holds,current_week,-0.25233644859813087,-0.2850467289719626,-0.3411214953271027,-0.29750778816199375,0.012461059190031154,2023H2
600326,2023-08-03,3,bull,ma_bull,pullback_holds,current_week,-0.2643856920684291,-0.27993779160186627,-0.34681181959564533,-0.2986003110419907,0.010886469673405896,2023H2
600326,2023-08-04,4,bull,ma_bull,shrinking_volume_acceleration,current_week,-0.28348909657320864,-0.3037383177570093,-0.33644859813084116,-0.3052959501557633,0.006230529595015577,2023H2
600326,2024-12-09,0,bull,ma_bull,shrinking_volume_acceleration,current_week,-0.05125148986889161,-0.005959475566150285,-0.2550655542312277,-0.07747318235995238,0.03933253873659126,2024H2
600326,2024-12-11,2,bull,ma_bull,shrinking_volume_acceleration,current_week,-0.04431137724550893,-0.03712574850299388,-0.2586826347305389,-0.0730538922155688,0.07185628742514982,2024H2
600326,2025-02-10,0,mid,none,shrinking_volume_acceleration,current_week,-0.01757188498402551,0.16453674121405748,0.13418530351437719,-0.030351437699680406,0.17252396166134187,2025H1
600326,2025-02-20,3,bull,none,shrinking_volume_acceleration,current_week,0.04985337243401755,0.048387096774193505,0.027859237536656867,-0.0014662756598240456,0.09090909090909083,2025H1
600326,2025-03-05,2,bull,none,pullback_holds,current_week,0.005586592178770999,-0.04189944134078205,-0.10754189944134074,-0.0488826815642458,0.032122905027933024,2025H1
600326,2025-03-06,3,bull,none,pullback_holds,current_week,-0.015427769985974726,-0.016830294530154277,-0.06872370266479655,-0.04488078541374463,0.036465638148667656,2025H1
600326,2025-03-11,1,bull,none,pullback_holds,current_week,-0.044260027662517354,-0.09405255878284935,-0.10096818810511765,-0.1161825726141078,0.022130013831258566,2025H1
600326,2025-03-12,2,bull,none,pullback_holds,current_week,-0.03921568627450989,-0.08123249299719892,-0.06162464985994398,-0.10504201680672265,0.008403361344537785,2025H1
600326,2025-05-06,1,mid,ma_bull,pullback_holds,current_week,-0.0028288543140029265,0.0028288543140027045,0.11456859971711442,-0.016973125884017004,0.03960396039603964,2025H1
600326,2025-05-07,2,bull,ma_bull,two_day_acceleration,current_week,-0.011267605633802802,0.04366197183098586,0.10281690140845057,-0.021126760563380365,0.07042253521126751,2025H1
600326,2025-05-19,0,bull,ma_bull,pullback_holds,current_week,0.023943661971830954,0.11126760563380289,0.2239436619718309,-0.005633802816901401,0.11830985915492964,2025H1
600326,2025-05-20,1,bull,ma_bull,pullback_holds,current_week,0.026798307475317307,0.1114245416078985,0.1029619181946404,-0.004231311706628937,0.12129760225669961,2025H1
600326,2025-05-23,4,bull,ma_bull,pullback_holds,current_week,0.07344632768361592,0.15677966101694918,0.19915254237288127,0.0,0.19350282485875692,2025H1
600326,2025-07-09,2,bull,ma_bull,pullback_holds,current_week,0.06146572104018899,0.5070921985815602,0.8699763593380614,-0.0035460992907803135,0.5070921985815602,2025H2
600326,2025-09-12,4,bull,ma_bull,pullback_holds,current_week,0.007299270072992581,-0.10729927007299278,-0.11678832116788329,-0.11094890510948918,0.029927007299269892,2025H2
600326,2025-10-09,3,bull,none,two_day_acceleration,current_week,-0.0016246953696181787,-0.015434606011372809,0.008935824532900094,-0.033306255077173,0.08610885458976436,2025H2
600326,2025-10-13,0,bull,none,pullback_holds,current_week,-0.0692307692307692,-0.0723076923076923,-0.03615384615384609,-0.08615384615384614,0.02153846153846173,2025H2
600326,2025-10-15,2,bull,none,pullback_holds,current_week,-0.0374707259953162,-0.08040593286494935,-0.052302888368462086,-0.09133489461358313,0.0007806401249024209,2025H2
600326,2025-12-08,0,bull,none,pullback_holds,current_week,-0.0018132366273798661,-0.009972801450589208,0.010879419764279419,-0.045330915684496875,0.016319129646418906,2025H2
600326,2025-12-19,4,mid,none,pullback_holds,current_week,0.028571428571428692,0.03594470046082954,0.08755760368663612,0.0,0.05161290322580658,2025H2
600326,2025-12-24,2,bull,none,two_day_acceleration,current_week,-0.015178571428571597,0.008035714285714368,0.06517857142857131,-0.025892857142857273,0.018749999999999822,2025H2
600326,2026-01-05,0,bull,none,pullback_holds,current_week,0.03342366757000903,0.025293586269195867,-0.042457091237579125,-0.018970189701897122,0.05871725383920512,2026H1
600326,2026-01-06,1,bull,none,two_day_acceleration,current_week,-0.0035714285714286698,0.0535714285714286,-0.04553571428571446,-0.03035714285714297,0.05535714285714288,2026H1
600326,2026-01-07,2,bull,none,pullback_holds,current_week,-0.003597122302158362,0.036870503597122184,-0.03597122302158273,-0.023381294964028965,0.06294964028776961,2026H1
600326,2026-01-12,0,bull,none,two_day_acceleration,current_week,-0.008733624454148603,0.007860262008733576,-0.06026200873362453,-0.05152838427947615,0.05240174672489073,2026H1
601117,2024-12-02,0,bull,ma_bull,pullback_holds,current_week,0.0024449877750609694,-0.012224938875305624,0.033007334963325086,-0.019559902200488977,0.0354523227383865,2024H2
601117,2024-12-03,1,bull,ma_bull,two_day_acceleration,current_week,-0.019115890083632014,-0.04301075268817223,-0.009557945041816063,-0.0477897252090802,0.010752688172043001,2024H2
601117,2024-12-04,2,bull,ma_bull,pullback_holds,current_week,-0.0012165450121653931,-0.015815085158151,-0.045012165450121655,-0.030413625304136382,0.029197080291970767,2024H2
601117,2024-12-05,3,bull,ma_bull,pullback_holds,current_week,0.00974421437271622,-0.004872107186358221,-0.062119366626065875,-0.02923264311814877,0.030450669914738215,2024H2
601117,2024-12-06,4,bull,ma_bull,pullback_holds,current_week,-0.030084235860409092,-0.026474127557160165,-0.07220216606498198,-0.04091456077015654,0.018050541516245522,2024H2
601117,2024-12-18,2,bull,none,pullback_holds,current_week,0.05853051058530512,-0.02241594022415927,-0.07596513075965128,-0.028642590286425795,0.06351183063511856,2024H2
601117,2024-12-19,3,bull,none,pullback_holds,current_week,0.029484029484029506,-0.05405405405405406,-0.08230958230958241,-0.05896805896805901,0.0491400491400491,2024H2
601117,2024-12-20,4,bull,none,pullback_holds,current_week,0.03333333333333344,-0.04814814814814816,-0.07654320987654306,-0.061728395061728336,0.05432098765432114,2024H2
601117,2024-12-25,2,bull,none,two_day_acceleration,current_week,-0.0742924528301887,-0.1132075471698113,-0.13207547169811318,-0.116745283018868,0.003537735849056478,2024H2
601117,2025-02-10,0,mid,none,pullback_holds,current_week,-0.016042780748663166,-0.02807486631016043,-0.03743315508021394,-0.053475935828877,0.0013368983957218195,2025H1
601117,2025-02-24,0,bull,none,pullback_holds,current_week,0.005524861878453136,-0.0055248618784530246,0.027624309392265234,-0.016574585635359185,0.02071823204419898,2025H1
601117,2025-02-26,2,bull,none,pullback_holds,current_week,-0.012328767123287676,0.009589041095890538,0.026027397260274032,-0.024657534246575352,0.024657534246575352,2025H1
601117,2025-02-27,3,bull,none,pullback_holds,current_week,0.0027624309392264568,0.013812154696132506,0.023480662983425438,-0.016574585635359185,0.03314917127071837,2025H1
601117,2025-08-01,4,bull,ma_bull,pullback_holds,current_week,0.03879849812265346,0.016270337922403177,-0.016270337922402955,-0.013767209011264159,0.04881101376720909,2025H2
601117,2025-08-08,4,bull,ma_bull,two_day_acceleration,current_week,-0.02168674698795181,-0.04578313253012056,-0.09036144578313265,-0.05662650602409647,0.009638554216867545,2025H2
601117,2025-08-28,3,bull,ma_bull,pullback_holds,current_week,-0.05867665418227208,-0.05368289637952561,-0.08364544319600498,-0.06866416978776524,0.011235955056179803,2025H2
601117,2025-09-29,0,bull,none,pullback_holds,current_week,0.029569892473118253,0.009408602150537515,0.05241935483870974,-0.006720430107526876,0.04435483870967749,2025H2
601117,2026-01-22,3,bull,ma_bull,shrinking_volume_acceleration,current_week,0.011235955056179803,-0.05842696629213473,0.049438202247190866,-0.07415730337078652,0.04494382022471921,2026H1
601117,2026-01-26,0,bull,ma_bull,two_day_acceleration,current_week,-0.07683741648106901,-0.052338530066815214,0.018930957683741534,-0.08240534521158127,0.03563474387527843,2026H1
601117,2026-02-09,0,bull,ma_bull,pullback_holds,current_week,0.024764150943396013,0.07900943396226423,0.10259433962264142,-0.02004716981132071,0.11910377358490565,2026H1
601117,2026-02-11,2,bull,ma_bull,pullback_holds,current_week,0.049411764705882266,0.0776470588235294,0.06470588235294117,-0.022352941176470575,0.1164705882352941,2026H1
601117,2026-04-08,2,mid,ma_bull,pullback_holds,current_week,-0.04824561403508787,-0.06469298245614052,-0.07346491228070196,-0.07017543859649134,0.010964912280701622,2026H1
601117,2026-04-09,3,mid,ma_bull,pullback_holds,current_week,-0.04835164835164829,-0.05714285714285705,-0.07692307692307687,-0.068131868131868,0.013186813186813362,2026H1
601117,2026-04-10,4,mid,ma_bull,pullback_holds,current_week,-0.05408388520971308,-0.0596026490066226,-0.0640176600441501,-0.06732891832229593,0.002207505518763808,2026H1
601117,2026-04-30,3,bull,none,pullback_holds,current_week,-0.02665121668597914,-0.06141367323290858,-0.10196987253765943,-0.07879490150637314,0.0011587485515642815,2026H1
601117,2026-05-11,0,bull,none,pullback_holds,current_week,-0.05219454329774609,-0.06880189798339253,-0.14590747330960852,-0.07591933570581255,0.01660735468564667,2026H1
601117,2026-05-13,2,bull,none,pullback_holds,current_week,-0.05771495877502952,-0.08009422850412251,-0.13898704358068315,-0.08833922261484095,0.007067137809187329,2026H1
603121,2023-09-12,1,mid,none,pullback_holds,current_week,-0.04639804639804623,-0.05128205128205121,-0.019536019536019578,-0.07692307692307676,0.0012210012210012167,2023H2
603121,2023-09-22,4,mid,none,shrinking_volume_acceleration,current_week,0.050128534704370065,0.06169665809768632,0.05784061696658105,-0.014138817480719879,0.07069408740359884,2023H2
603121,2023-11-06,0,mid,macd_cross,two_day_acceleration,current_week,0.009049773755656076,0.03846153846153855,0.08823529411764719,-0.004524886877827927,0.05429864253393668,2023H2
603121,2023-11-08,2,mid,macd_cross,two_day_acceleration,current_week,-0.0022050716648290836,0.009922822491730932,0.08489525909592066,-0.029768467475192906,0.044101433296582115,2023H2
603121,2023-11-10,4,mid,macd_cross,shrinking_volume_acceleration,current_week,0.030033370411568283,0.022246941045606095,0.007786429365962189,-0.016685205784204737,0.05339265850945507,2023H2
603121,2023-11-23,3,mid,ma_bull,shrinking_volume_acceleration,current_week,-0.004314994606256617,0.020496224379719763,0.12729234088457408,-0.03775620280474645,0.1628910463861919,2023H2
603121,2024-03-07,3,bull,none,pullback_holds,current_week,0.1284046692607006,0.16083009079118038,0.02853437094682243,-0.024643320363164634,0.2710765239948121,2024H1
603121,2024-03-08,4,bull,none,pullback_holds,current_week,0.18030690537084393,0.15856777493606145,0.03196930946291565,-0.007672634271099765,0.2531969309462916,2024H1
603121,2025-04-28,0,mid,ma_bull,shrinking_volume_acceleration,current_week,0.08141053548106236,0.021332172398781157,-0.014801915542011268,-0.025685676969960825,0.11493252067914672,2025H1
603121,2025-04-29,1,mid,ma_bull,two_day_acceleration,current_week,0.031130063965884913,0.03965884861407254,-0.0072494669509594045,-0.01364605543710018,0.09211087420042641,2025H1
603121,2025-06-19,3,mid,none,two_day_acceleration,current_week,0.027171492204899783,0.028507795100222832,0.03697104677060148,-0.028953229398663627,0.09532293986636975,2025H1
603121,2025-06-20,4,mid,ma_bull,two_day_acceleration,current_week,0.01368691189050475,-0.009409751924721932,0.01753635585970925,-0.02480752780153972,0.0517536355859709,2025H1
603121,2025-06-27,4,bull,none,shrinking_volume_acceleration,current_week,-0.023196963306621687,-0.046815689582454634,-0.03795866722901742,-0.05440742302825807,0.016870518768452136,2025H1
603121,2025-07-08,1,bull,none,pullback_holds,current_week,-0.06540084388185641,-0.002109704641350074,-0.08227848101265822,-0.09662447257383966,0.06244725738396628,2025H2
603121,2025-07-09,2,bull,none,pullback_holds,current_week,-0.06939123031077066,-0.02171136653895278,-0.06130268199233724,-0.08854831843337596,0.07194550872711791,2025H2
603121,2026-04-13,0,mid,none,shrinking_volume_acceleration,current_week,0.02960526315789469,-0.017857142857142794,-0.026315789473684292,-0.046052631578947345,0.08552631578947367,2026H1
300073,2025-10-13,0,bull,ma_bull,shrinking_volume_acceleration,current_week,-0.027023121387283355,-0.016184971098266,-0.04869942196531796,-0.09653179190751449,0.025722543352601157,2025H2
300073,2025-12-08,0,bull,none,two_day_acceleration,current_week,-0.04452344675808362,-0.03487387844929746,0.03148806500761814,-0.06720839681733537,0.007787370915862457,2025H2
300073,2025-12-09,1,mid,none,pullback_holds,current_week,-0.04717142368825844,0.0011963766877456372,0.0282003076397197,-0.058280635788753976,0.01692018458383182,2025H2
300073,2025-12-22,0,bull,none,pullback_holds,current_week,0.021841691420583675,0.0646514066049273,0.07740695439454837,-0.004018871221387443,0.08649309802551097,2025H2
300073,2025-12-23,1,bull,none,two_day_acceleration,current_week,0.0027491408934707806,0.033676975945017285,0.045876288659793873,-0.012027491408934776,0.06838487972508589,2025H2
300073,2025-12-26,4,bull,none,two_day_acceleration,current_week,0.004482815872488777,-0.011788145442470532,0.0006641208699982304,-0.04532624937738672,0.032375892412418894,2025H2
300073,2026-01-15,3,bull,none,two_day_acceleration,current_week,-0.03838862559241707,-0.10268562401263825,-0.09668246445497641,-0.10268562401263825,0.04265402843601884,2026H1
300073,2026-02-26,3,bull,none,pullback_holds,current_week,-0.07116369415504153,-0.03001942433339222,-0.05791983047854499,-0.10824651244923189,0.01500971216669611,2026H1
300073,2026-03-09,0,mid,none,two_day_acceleration,current_week,0.04061859511831556,-0.029252841438419996,-0.040059623625861684,-0.03521520402459477,0.0620458356623812,2026H1
300073,2026-03-11,2,bull,none,two_day_acceleration,current_week,-0.03248638838475493,-0.038112522686025385,-0.003085299455535373,-0.10725952813067152,0.034482758620689724,2026H1
300073,2026-03-12,3,bull,none,pullback_holds,current_week,-0.05182760501909445,-0.0298236042916894,0.03800691034733572,-0.1054737224949992,0.03655210038188761,2026H1
300073,2026-03-13,4,mid,none,pullback_holds,current_week,-0.03963963963963957,-0.015135135135135092,0.03333333333333344,-0.11369369369369375,0.019459459459459483,2026H1
300912,2023-08-08,1,bull,none,pullback_holds,current_week,-0.032241555783009135,-0.025076765609007068,-0.015353121801432779,-0.07011258955987709,0.017400204708290623,2023H2
300912,2023-08-10,3,bull,none,pullback_holds,current_week,-0.006806282722513268,-0.028272251308900653,-0.014136125654450216,-0.04869109947643979,0.023036649214659644,2023H2
300912,2023-09-11,0,mid,none,two_day_acceleration,current_week,-0.014470284237726116,-0.04909560723514206,-0.06511627906976747,-0.08682170542635659,0.022222222222222143,2023H2
300912,2025-07-03,3,bull,ma_bull,shrinking_volume_acceleration,current_week,0.012040133779264162,0.014046822742474818,0.030100334448160515,-0.018060200668896464,0.03678929765886285,2025H2
300912,2025-07-04,4,bull,ma_bull,two_day_acceleration,current_week,-0.009881422924901129,0.0,0.03293807641633739,-0.03293807641633728,0.021080368906455815,2025H2
300912,2025-07-08,1,bull,ma_bull,shrinking_volume_acceleration,current_week,-0.02099737532808399,0.03149606299212593,0.051181102362204633,-0.036745406824147064,0.07480314960629908,2025H2
300912,2025-07-14,0,bull,ma_bull,pullback_holds,current_week,0.03168316831683171,0.06864686468646863,0.12541254125412538,-0.031023102310231088,0.13333333333333353,2025H2
300912,2025-07-17,3,bull,ma_bull,pullback_holds,current_week,0.04833442194644033,0.005878510777269641,0.02547354670150237,-0.020248203788373664,0.12148922273024176,2025H2
300912,2025-07-18,4,bull,ma_bull,pullback_holds,current_week,0.05384110308601442,0.029546946815495634,0.06303348653972418,-0.007222586999343417,0.12738017071569274,2025H2
300912,2025-08-04,0,bull,ma_bull,pullback_holds,current_week,0.0757097791798107,0.008201892744479578,-0.05110410094637219,-0.01135646687697156,0.12870662460567828,2025H2
300912,2025-08-05,1,bull,ma_bull,pullback_holds,current_week,0.04681647940074907,0.009987515605493158,-0.056803995006242225,-0.021847690387016172,0.11672908863920117,2025H2
300912,2025-08-06,2,bull,ma_bull,shrinking_volume_acceleration,current_week,-0.0030358227079536615,-0.024286581663630735,-0.08014571948998173,-0.04857316332726158,0.08621736490588972,2025H2
300912,2025-09-04,3,mid,ma_bull,pullback_holds,current_week,0.04384816753926701,0.34096858638743455,0.12238219895287972,-0.0163612565445026,0.39921465968586367,2025H2
300912,2025-09-10,2,bull,ma_bull,two_day_acceleration,current_week,0.12383322962041055,0.10454262601120101,0.05600497822028605,-0.030491599253266943,0.3304293714996889,2025H2
300912,2025-09-16,1,bull,none,two_day_acceleration,current_week,0.07398568019093066,0.042959427207637235,0.03639618138424816,-0.02088305489260156,0.2756563245823387,2025H2
300912,2025-10-15,2,bull,ma_bull,shrinking_volume_acceleration,current_week,0.004046242774566444,-0.039884393063583934,0.003468208092485492,-0.05086705202312136,0.026011560693641522,2025H2
300912,2025-10-20,0,mid,ma_bull,pullback_holds,current_week,-0.0017462165308497202,0.00640279394644927,0.08847497089639123,-0.051222351571594826,0.03317811408614668,2025H2
300912,2025-10-21,1,bull,ma_bull,shrinking_volume_acceleration,current_week,-0.03477765108323827,-0.014823261117445696,0.07354618015963532,-0.07069555302166464,0.011972633979475455,2025H2
300912,2025-10-23,3,bull,ma_bull,pullback_holds,current_week,-0.05533141210374648,0.006340057636887497,0.02766570605187324,-0.060518731988472685,0.01729106628242083,2025H2
300912,2025-11-04,1,bull,ma_bull,pullback_holds,current_week,0.024447031431897637,0.0960419091967406,0.0005820721769500548,-0.004656577415599439,0.1629802095459838,2025H2
300912,2025-11-05,2,bull,ma_bull,shrinking_volume_acceleration,current_week,-0.0005757052389178119,0.040875071963154985,-0.03857225100748429,-0.012665515256188753,0.15025906735751282,2025H2
300912,2025-11-06,3,bull,ma_bull,two_day_acceleration,current_week,0.04868270332187841,0.021191294387170823,-0.05383734249713634,-0.016036655211912998,0.14432989690721643,2025H2
300912,2025-11-18,1,mid,ma_bull,two_day_acceleration,current_week,-0.07391763463569179,-0.09239704329461451,-0.18162618796198526,-0.13674762407602958,0.02375923970432936,2025H2
300912,2025-12-24,2,bull,none,shrinking_volume_acceleration,current_week,-0.029982363315696703,0.11992945326278659,1.0164609053497942,-0.05937683715461506,0.17460317460317443,2025H2
300912,2025-12-26,4,bull,none,pullback_holds,current_week,-0.015124016938898976,0.17604355716878395,1.601330913490623,-0.03206291591046584,0.20871143375680568,2025H2
300912,2025-12-29,0,bull,none,pullback_holds,current_week,-0.027190332326283984,0.1842900302114805,1.2296072507552869,-0.0332326283987916,0.23867069486404824,2025H2
300912,2026-04-09,3,mid,none,pullback_holds,current_week,0.046666666666666634,-0.00509803921568619,0.20196078431372566,-0.023921568627450984,0.10901960784313736,2026H1
300912,2026-05-06,2,bull,ma_bull,two_day_acceleration,current_week,0.15430047988187523,0.1406423034330011,-0.027316352897748142,-0.007013658176448834,0.39608711701734967,2026H1
300912,2026-06-18,3,bull,none,pullback_holds,current_week,-0.14145096609551577,0.04119577105359107,-0.1119212541013489,-0.1749908858913598,0.04119577105359107,2026H1
300912,2026-08-11,1,mid,none,pullback_holds,current_week,-0.002803738317757154,-0.06962616822429912,-0.0317757009345796,-0.133177570093458,0.03457943925233642,2026H2
300912,2026-08-12,2,mid,none,shrinking_volume_acceleration,current_week,-0.12067395264116587,-0.10428051001821492,-0.059198542805100174,-0.15528233151183968,0.0009107468123861207,2026H2
300387,2023-11-16,3,mid,none,pullback_holds,current_week,0.017127799736495364,0.01976284584980248,0.01844532279314892,0.0,0.044795783926218746,2023H2
300387,2024-12-02,0,bull,ma_bull,shrinking_volume_acceleration,current_week,0.005399568034557323,0.04643628509719222,-0.10043196544276456,-0.07019438444924408,0.07235421166306688,2024H2
300387,2024-12-11,2,bull,ma_bull,shrinking_volume_acceleration,current_week,-0.03418803418803407,-0.1431623931623932,-0.14850427350427353,-0.15918803418803418,0.10256410256410264,2024H2
300387,2024-12-13,4,bull,ma_bull,two_day_acceleration,current_week,-0.06519453207150361,-0.10935856992639315,-0.17665615141955837,-0.17245005257623547,0.0851735015772872,2024H2
300387,2025-01-24,4,mid,none,shrinking_volume_acceleration,current_week,0.06850961538461542,0.12379807692307687,0.11057692307692313,-0.01081730769230771,0.12379807692307687,2025H1
300387,2025-02-19,2,bull,ma_bull,shrinking_volume_acceleration,current_week,0.04456521739130426,-0.005434782608695676,-0.008695652173913104,-0.022826086956521774,0.26413043478260856,2025H1
300387,2025-03-18,1,bull,ma_bull,pullback_holds,current_week,-0.009825327510917026,-0.05021834061135366,-0.08406113537117899,-0.06441048034934493,0.07314410480349354,2025H1
300387,2025-03-20,3,bull,ma_bull,pullback_holds,current_week,0.05579868708971558,-0.03391684901531733,-0.0951859956236325,-0.06236323851203507,0.07549234135667393,2025H1
300387,2025-03-24,0,mid,ma_bull,pullback_holds,current_week,-0.03535911602209951,0.004419889502762286,-0.041988950276243164,-0.17790055248618786,0.08618784530386736,2025H1
300387,2025-04-23,2,mid,none,pullback_holds,current_week,-0.05446118192352267,-0.017381228273464666,-0.035921205098493725,-0.06488991888760143,0.005793742757821407,2025H1
300387,2025-05-07,2,bull,none,two_day_acceleration,current_week,-0.020857473928157733,0.0,-0.01274623406720754,-0.03939745075318657,0.03823870220162218,2025H1
300387,2025-05-08,3,bull,none,pullback_holds,current_week,-0.011655011655011593,-0.019813519813519753,-0.005827505827505908,-0.03379953379953371,0.044289044289044455,2025H1
300387,2025-05-09,4,bull,none,pullback_holds,current_week,-0.0199530516431925,-0.028169014084507116,0.014084507042253724,-0.028169014084507116,0.05164319248826299,2025H1
300387,2025-05-22,3,bull,none,pullback_holds,current_week,0.0035502958579882726,0.00946745562130169,-0.0035502958579880506,-0.029585798816568087,0.049704142011834485,2025H1
300387,2025-05-28,2,mid,none,pullback_holds,current_week,0.019138755980861344,0.05622009569377995,0.04306220095693791,-0.010765550239234423,0.05622009569377995,2025H1
300387,2025-05-29,3,bull,none,pullback_holds,current_week,0.014268727705112783,0.07491082045184316,0.04399524375743158,-0.01664684898929847,0.14149821640903681,2025H1
300387,2025-06-04,2,bull,none,pullback_holds,current_week,0.016470588235294237,0.030588235294117583,0.06000000000000005,-0.009411764705882342,0.12941176470588234,2025H1
300387,2025-06-05,3,bull,none,pullback_holds,current_week,0.04497041420118353,0.016568047337278236,0.08757396449704147,0.0,0.13609467455621305,2025H1
300387,2025-06-06,4,bull,none,pullback_holds,current_week,0.05978898007034017,-0.01289566236811246,0.1254396248534584,-0.014067995310668158,0.1254396248534584,2025H1
300387,2025-06-09,0,bull,none,two_day_acceleration,current_week,0.03828306264501169,-0.006960556844547661,0.09048723897911826,-0.029002320185614883,0.11368909512760994,2025H1
300387,2025-06-10,1,bull,none,pullback_holds,current_week,0.04784130688448074,0.012835472578763163,0.09334889148191383,-0.023337222870478347,0.12018669778296376,2025H1
300387,2025-06-11,2,bull,none,shrinking_volume_acceleration,current_week,0.006896551724137723,0.0,0.11494252873563227,-0.037931034482758585,0.10344827586206873,2025H1
300387,2025-06-12,3,bull,none,two_day_acceleration,current_week,-0.02386363636363642,-0.00909090909090915,0.06590909090909092,-0.04886363636363633,0.09090909090909083,2025H1
300387,2025-06-13,4,bull,none,two_day_acceleration,current_week,-0.06548279689234182,-0.025527192008879096,0.023307436182020025,-0.07103218645948928,0.02441731409544956,2025H1
300387,2025-06-30,0,bull,none,two_day_acceleration,current_week,0.04444444444444451,0.03111111111111109,0.0955555555555554,-0.01666666666666672,0.14666666666666672,2025H1
300387,2025-07-02,2,bull,none,shrinking_volume_acceleration,current_week,0.07777777777777795,0.017777777777777892,0.04444444444444451,-0.010000000000000009,0.14666666666666672,2025H2
300387,2025-07-03,3,bull,macd_cross,two_day_acceleration,current_week,-0.01882845188284521,-0.03451882845188281,-0.03451882845188281,-0.05543933054393313,0.07949790794979084,2025H2
300387,2025-07-21,0,bull,ma_bull,pullback_holds,current_week,0.04893617021276575,-0.0031914893617021045,0.009574468085106425,-0.02659574468085102,0.07659574468085117,2025H2
300387,2025-07-22,1,bull,ma_bull,pullback_holds,current_week,0.01707577374599767,0.018143009605122717,0.026680896478121552,-0.023479188900747183,0.08004268943436488,2025H2
300387,2025-07-24,3,bull,ma_bull,shrinking_volume_acceleration,current_week,-0.023280423280423346,0.008465608465608288,0.04761904761904745,-0.031746031746031855,0.0708994708994708,2025H2
300387,2025-08-18,0,bull,ma_bull,pullback_holds,current_week,0.02941176470588247,0.021008403361344685,-0.044117647058823484,-0.03046218487394947,0.07878151260504196,2025H2
300387,2025-08-19,1,bull,ma_bull,pullback_holds,current_week,0.030208333333333393,-0.019791666666666652,-0.04166666666666652,-0.03958333333333319,0.0697916666666667,2025H2
300387,2025-08-21,3,bull,ma_bull,two_day_acceleration,current_week,-0.026422764227642226,-0.06910569105691056,-0.060975609756097504,-0.08028455284552838,0.04369918699186992,2025H2
300387,2025-08-25,0,bull,ma_bull,shrinking_volume_acceleration,current_week,-0.003076923076922977,-0.040000000000000036,-0.08102564102564092,-0.07179487179487176,0.05333333333333323,2025H2
300387,2025-08-26,1,bull,ma_bull,two_day_acceleration,current_week,-0.05711422845691383,-0.07214428857715438,-0.11422845691382766,-0.09318637274549091,0.029058116232464792,2025H2
300387,2025-09-16,1,bull,none,pullback_holds,current_week,-0.0391304347826088,-0.023913043478260954,0.008695652173912771,-0.07282608695652193,0.04130434782608683,2025H2
300387,2025-09-18,3,mid,ma_bull,pullback_holds,current_week,-0.05579399141630892,-0.011802575107296098,0.008583690987124415,-0.08476394849785418,0.0021459227467810482,2025H2
300387,2025-10-09,3,bull,macd_stabilizing,pullback_holds,current_week,-0.001097694840834218,0.026344676180021898,0.04390779363337005,-0.027442371020856227,0.026344676180021898,2025H2
300387,2025-10-20,0,mid,macd_stabilizing,pullback_holds,current_week,0.027472527472527375,0.021978021978022122,0.06813186813186833,-0.005494505494505364,0.04175824175824183,2025H2
300387,2025-10-23,3,bull,macd_stabilizing,shrinking_volume_acceleration,current_week,-0.022388059701492602,0.013859275053304865,-0.015991471215351827,-0.024520255863539453,0.017057569296375252,2025H2
300387,2025-11-06,3,bull,none,two_day_acceleration,current_week,0.021119324181626098,-0.025343189017951406,-0.07180570221752902,-0.030623020063358042,0.03379091869060202,2025H2
300387,2025-12-01,0,mid,none,pullback_holds,current_week,-0.012181616832779518,-0.0575858250276855,-0.0553709856035437,-0.078626799557032,0.011074197120708895,2025H2
300387,2025-12-19,4,mid,none,pullback_holds,current_week,0.0011723329425559204,0.01992966002344687,0.09026963657678788,-0.01875732708089073,0.02110199296600257,2025H2
300387,2025-12-25,3,bull,none,pullback_holds,current_week,-0.0057870370370370905,0.01967592592592582,0.08796296296296302,-0.03125,0.024305555555555358,2025H2
300387,2026-01-05,0,bull,none,pullback_holds,current_week,0.02085747392815751,0.06373117033603704,0.06141367323290847,-0.008111239860950192,0.10892236384704512,2026H1
300387,2026-01-06,1,bull,none,two_day_acceleration,current_week,0.01603665521191311,0.06529209621993126,0.06643757159221075,-0.019473081328751474,0.09621993127147754,2026H1
300387,2026-01-07,2,bull,none,pullback_holds,current_week,0.0313953488372094,0.07674418604651168,0.09302325581395365,-0.0034883720930232176,0.11279069767441863,2026H1
300387,2026-01-08,3,bull,none,shrinking_volume_acceleration,current_week,0.05651672433679367,0.07727797001153403,0.05651672433679367,-0.005767012687427742,0.10380622837370246,2026H1
300387,2026-01-13,1,bull,none,two_day_acceleration,current_week,0.05084745762711873,0.05536723163841817,0.05084745762711873,-0.014689265536723006,0.08135593220338988,2026H1
300387,2026-01-15,3,bull,none,two_day_acceleration,current_week,0.026373626373626502,0.00879120879120876,0.002197802197802412,-0.020879120879120805,0.04065934065934074,2026H1
300387,2026-01-19,0,bull,none,shrinking_volume_acceleration,current_week,0.023965141612200425,-0.002178649237472685,0.03703703703703698,-0.008714596949891074,0.04030501089324634,2026H1
300387,2026-01-26,0,bull,macd_cross,two_day_acceleration,current_week,-0.022411953041622246,-0.0032017075773747017,-0.0010672358591250486,-0.033084311632870955,0.06403415154749204,2026H1
300387,2026-02-27,4,bull,none,shrinking_volume_acceleration,current_week,0.0,0.0463709677419355,-0.09879032258064524,-0.07157258064516114,0.11794354838709675,2026H1
300387,2026-05-06,2,bull,none,two_day_acceleration,current_week,-0.03222341568206233,-0.07303974221267451,-0.16004296455424272,-0.08915145005370573,0.0010741138560688146,2026H1
300644,2023-09-18,0,mid,ma_bull,pullback_holds,current_week,-0.001105583195135429,-0.0066334991708126845,-0.011055831951354289,-0.029297954671089088,0.01990049751243772,2023H2
300644,2023-09-22,4,mid,ma_bull,pullback_holds,current_week,0.013881177123820088,-0.02220988339811225,0.009994447529150463,-0.035535813436979535,0.024430871737923354,2023H2
300644,2023-11-13,0,mid,ma_bull,shrinking_volume_acceleration,current_week,0.014698162729658959,-0.0015748031496063408,0.026771653543306906,-0.020472440944881876,0.020472440944881987,2023H2
300644,2023-11-15,2,mid,ma_bull,shrinking_volume_acceleration,current_week,-0.0005296610169490679,0.04608050847457634,0.0625,-0.005296610169491456,0.1679025423728815,2023H2
300644,2023-11-17,4,mid,ma_bull,shrinking_volume_acceleration,current_week,-0.01299376299376298,0.0431392931392931,0.01975051975051967,-0.021829521829521914,0.14604989604989593,2023H2
300644,2024-09-26,3,bull,none,shrinking_volume_acceleration,current_week,0.17312072892938524,0.16799544419134405,0.31093394077448755,-0.005125284738040969,0.4037585421412302,2024H2
300644,2024-11-11,0,bull,ma_bull,shrinking_volume_acceleration,current_week,-0.1011523687580026,0.023047375160051287,0.13102859581732829,-0.11182244985061895,0.0793854033290653,2024H2
300644,2024-11-13,2,bull,ma_bull,shrinking_volume_acceleration,current_week,-0.01603375527426154,-0.025316455696202445,0.17805907172995794,-0.12194092827004221,0.06708860759493662,2024H2
300644,2024-11-14,3,bull,ma_bull,two_day_acceleration,current_week,-0.011527377521613702,-0.04116920543433511,0.10498147385755452,-0.14326883491148623,0.024289831206257606,2024H2
300644,2024-12-03,1,bull,ma_bull,two_day_acceleration,current_week,0.0807799442896937,-0.06446478312773563,-0.13012335853561474,-0.0660565061679268,0.14564265817747724,2024H2
300644,2024-12-05,3,bull,ma_bull,shrinking_volume_acceleration,current_week,0.05213641709133676,-0.06938455507644059,-0.204233633869071,-0.11172089376715022,0.12857702861622888,2024H2
300644,2024-12-11,2,bull,ma_bull,shrinking_volume_acceleration,current_week,-0.14724150529777136,-0.17391304347826098,-0.22689075630252098,-0.19583485568140302,0.009864815491414047,2024H2
300644,2025-02-06,3,mid,macd_stabilizing,two_day_acceleration,current_week,-0.006068487212830487,0.07282184655396629,0.05678370177719971,-0.04334633723450365,0.09059384482011268,2025H1
300644,2025-02-10,0,mid,none,shrinking_volume_acceleration,current_week,0.0021758050478677404,0.09138381201044399,0.0696257615317668,-0.0395996518711923,0.11618798955613574,2025H1
300644,2025-02-13,3,bull,none,pullback_holds,current_week,0.0831509846827132,0.10109409190371976,0.05601750547045947,-0.03413566739606133,0.1374179431072211,2025H1
300644,2025-02-17,0,bull,none,pullback_holds,current_week,0.09138381201044399,0.0395996518711923,0.0791993037423846,-0.0395996518711923,0.1309834638816363,2025H1
300644,2025-02-24,0,bull,macd_cross,two_day_acceleration,current_week,-0.03200972447325767,-0.004051863857374327,-0.043760129659643376,-0.05267423014586714,0.05307941653160464,2025H1
300644,2025-02-26,2,bull,macd_cross,two_day_acceleration,current_week,-0.0401574803149608,-0.023622047244094557,-0.026377952755905598,-0.07952755905511821,0.007874015748031482,2025H1
300644,2025-03-10,0,bull,none,pullback_holds,current_week,0.02310231023102305,-0.02640264026402639,-0.21740924092409253,-0.06146864686468656,0.07301980198019797,2025H1
300644,2025-03-11,1,bull,none,pullback_holds,current_week,0.046292503072511204,-0.02867677181482997,-0.19254403932814412,-0.06800491601802539,0.06554690700532584,2025H1
300644,2025-03-12,2,bull,none,two_day_acceleration,current_week,0.024193548387096753,-0.0028225806451612767,-0.17338709677419362,-0.08266129032258063,0.048790322580645196,2025H1
300644,2025-03-14,4,bull,none,pullback_holds,current_week,0.022167487684729092,-0.023399014778325178,-0.14573070607553373,-0.06609195402298851,0.06773399014778336,2025H1
300644,2025-03-18,1,bull,ma_bull,two_day_acceleration,current_week,-0.06284584980237151,-0.06916996047430835,-0.1889328063241107,-0.10079051383399207,0.028063241106719428,2025H1
300644,2025-03-20,3,bull,ma_bull,two_day_acceleration,current_week,-0.02891754591637352,-0.10042985541227045,-0.16881594372801878,-0.11098085189527163,0.005080109417741285,2025H1
300644,2025-03-21,4,mid,ma_bull,pullback_holds,current_week,-0.04304102976669355,-0.25864843121480285,-0.10981496379726474,-0.25905068382944485,0.016894609814963824,2025H1
300644,2025-04-23,2,mid,none,two_day_acceleration,current_week,0.1159929701230229,0.17398945518453424,0.24121265377855883,-0.002196836555360293,0.22451669595782064,2025H1
300644,2025-06-12,3,bull,ma_bull,pullback_holds,current_week,-0.05911517925247889,0.007246376811594235,0.01067887109077037,-0.08047292143401985,0.03279938977879482,2025H1
300644,2025-06-24,1,bull,none,two_day_acceleration,current_week,0.028726708074534146,0.04347826086956519,0.32492236024844723,-0.018245341614906874,0.05395962732919246,2025H1
300644,2025-06-27,4,bull,macd_cross,shrinking_volume_acceleration,current_week,-0.022264150943396177,-0.0018867924528301883,0.21320754716981116,-0.02754716981132077,0.02452830188679256,2025H1
300644,2025-07-09,2,bull,macd_cross,pullback_holds,current_week,0.05582798943794787,0.2270841192003017,0.5805356469256884,-0.019238023387400993,0.4696341003394944,2025H2
300644,2025-07-10,3,bull,macd_cross,pullback_holds,current_week,0.2665912518853697,0.21719457013574672,0.5263951734539971,-0.019607843137254832,0.46907993966817507,2025H2
300644,2025-07-11,4,bull,macd_cross,pullback_holds,current_week,0.27224536160545254,0.21734191594093133,0.4555092767890949,-0.006815600151457768,0.47519878833775087,2025H2
300644,2025-09-10,2,bull,ma_bull,pullback_holds,current_week,0.09046803652968038,0.020262557077625587,-0.07734018264840181,-0.003424657534246478,0.1024543378995435,2025H2
300644,2025-09-12,4,bull,ma_bull,pullback_holds,current_week,0.009839752600506069,0.04441945459657015,-0.07815574922687663,-0.018273826258082604,0.08602755130728146,2025H2
300644,2025-10-24,4,bull,none,pullback_holds,current_week,0.07149376331000923,0.07027684818983881,-0.05719501064800714,-0.0021296014602981694,0.14663827198052948,2025H2
300644,2025-10-27,0,bull,none,two_day_acceleration,current_week,0.0019707207207206867,-0.022240990990990972,-0.11036036036036034,-0.03716216216216217,0.061092342342342176,2025H2
300644,2025-12-08,0,bull,none,pullback_holds,current_week,-0.015225334957369108,0.03136419001218016,0.11419001218026792,-0.057551766138855154,0.04110840438489638,2025H2
300644,2025-12-24,2,bull,none,shrinking_volume_acceleration,current_week,0.08558823529411774,0.09441176470588242,0.13000000000000012,-0.0026470588235293357,0.10794117647058821,2025H2
300644,2025-12-25,3,bull,none,two_day_acceleration,current_week,0.05783689994216301,0.08212839791787174,0.09224985540775021,-0.012145748987854144,0.08935801041064217,2025H2
300644,2025-12-31,2,bull,none,shrinking_volume_acceleration,current_week,0.011141304347825898,0.011141304347825898,-0.05543478260869583,-0.040760869565217406,0.02798913043478235,2025H2
300644,2026-01-12,0,bull,macd_cross,two_day_acceleration,current_week,0.022204387372926737,0.010433386837881198,-0.0979133226324238,-0.055644729802033166,0.056179775280899014,2026H1
300644,2026-02-11,2,bull,ma_bull,two_day_acceleration,current_week,0.005730659025787954,-0.08452722063037243,-0.15042979942693402,-0.10315186246418329,0.02292263610315204,2026H1
300644,2026-02-24,1,bull,macd_stabilizing,two_day_acceleration,current_week,-0.09506137596345998,-0.07736226091921217,-0.20353982300884954,-0.127033970882101,0.01912646303168719,2026H1
300644,2026-02-26,3,bull,macd_stabilizing,pullback_holds,current_week,-0.08557527189467651,-0.08729250143102452,-0.1831711505437893,-0.12478534630795635,0.02175157412707507,2026H1
000536,2023-11-06,0,mid,ma_bull,two_day_acceleration,current_week,0.0,0.07427055702917773,-0.01591511936339529,-0.03183023872679047,0.1671087533156499,2023H2
000536,2023-11-07,1,mid,ma_bull,pullback_holds,current_week,0.09210526315789469,0.03421052631578947,-0.052631578947368474,-0.03947368421052644,0.1578947368421053,2023H2
000536,2023-11-08,2,mid,ma_bull,two_day_acceleration,current_week,0.079896907216495,0.012886597938144506,-0.09278350515463918,-0.05927835051546393,0.13402061855670122,2023H2
000536,2023-11-09,3,mid,ma_bull,pullback_holds,current_week,0.08266666666666689,0.15200000000000014,-0.07466666666666666,-0.026666666666666727,0.17333333333333334,2023H2
000536,2023-12-29,4,mid,none,shrinking_volume_acceleration,current_week,-0.13212435233160613,-0.19948186528497414,-0.2642487046632125,-0.21243523316062174,0.010362694300518172,2023H2
000536,2024-02-27,1,bull,none,shrinking_volume_acceleration,current_week,0.03934426229508192,0.00983606557377037,-0.059016393442622994,-0.09180327868852467,0.10491803278688527,2024H1
000536,2024-03-18,0,bull,none,two_day_acceleration,current_week,-0.06709265175718848,-0.009584664536741117,-0.2332268370607029,-0.15015974440894564,0.015974440894568787,2024H1
000536,2024-03-21,3,bull,none,pullback_holds,current_week,-0.08794788273615639,-0.09771986970684043,-0.250814332247557,-0.1335504885993486,0.0228013029315961,2024H1
000536,2024-12-05,3,bull,ma_bull,pullback_holds,current_week,-0.013157894736842146,-0.10855263157894735,-0.3125,-0.12828947368421062,0.02796052631578938,2024H2
000536,2024-12-06,4,bull,ma_bull,pullback_holds,current_week,-0.05427631578947367,-0.08717105263157898,-0.32894736842105265,-0.12828947368421062,0.024671052631578982,2024H2
000536,2025-02-12,2,bull,none,shrinking_volume_acceleration,current_week,0.055984555984555984,0.1930501930501931,0.1776061776061777,-0.025096525096525046,0.26640926640926654,2025H1
000536,2025-02-21,4,bull,none,pullback_holds,current_week,0.1365384615384615,0.14615384615384608,0.005769230769230749,-0.013461538461538525,0.2615384615384615,2025H1
000536,2025-03-11,1,bull,none,two_day_acceleration,current_week,-0.047770700636942665,-0.21178343949044587,-0.3407643312101911,-0.2213375796178345,0.0031847133757960666,2025H1
000536,2025-04-21,0,mid,none,two_day_acceleration,current_week,-0.043083900226757454,0.06122448979591821,0.0226757369614512,-0.054421768707483054,0.08843537414965974,2025H1
000536,2025-05-08,3,bull,none,shrinking_volume_acceleration,current_week,-0.04077253218884125,-0.032188841201716833,-0.05150214592274682,-0.049356223175965774,0.051502145922746934,2025H1
000536,2025-05-12,0,bull,none,shrinking_volume_acceleration,current_week,-0.008639308855291628,-0.03455723542116629,-0.056155507559395246,-0.049676025917926414,0.04535637149028071,2025H1
000536,2025-05-19,0,bull,none,two_day_acceleration,current_week,-0.032467532467532534,-0.06277056277056281,-0.0714285714285714,-0.07792207792207795,0.04761904761904767,2025H1
000536,2025-05-20,1,bull,none,two_day_acceleration,current_week,-0.05555555555555547,-0.06196581196581197,-0.07905982905982889,-0.08974358974358976,0.0,2025H1
000536,2025-05-22,3,bull,none,pullback_holds,current_week,-0.008908685968819552,-0.015590200445434355,-0.06681514476614692,-0.051224944320712784,0.006681514476614803,2025H1
000536,2025-06-04,2,bull,none,pullback_holds,current_week,0.0,-0.018223234624145546,-0.009111617312072662,-0.038724373576309756,0.02277904328018243,2025H1
000536,2025-06-05,3,bull,none,pullback_holds,current_week,-0.022421524663677084,-0.058295964125560484,-0.004484304932735328,-0.060538116591928204,0.0067264573991032695,2025H1
000536,2025-06-06,4,bull,none,pullback_holds,current_week,-0.03611738148984178,-0.05417607223476284,-0.022573363431151128,-0.05643340857787815,0.013544018058690765,2025H1
000536,2025-06-09,0,bull,none,pullback_holds,current_week,-0.04484304932735428,-0.047085201793722,-0.029147982062780242,-0.08071748878923779,0.0022421524663676085,2025H1
000536,2025-06-23,0,bull,none,pullback_holds,current_week,0.04245283018867907,0.021226415094339535,0.04716981132075482,-0.002358490566037652,0.0589622641509433,2025H1
000536,2025-06-24,1,bull,none,two_day_acceleration,current_week,0.013667425968109548,0.018223234624145768,0.011389521640091216,-0.02050113895216399,0.02505694760820054,2025H1
000536,2025-06-25,2,bull,none,pullback_holds,current_week,-0.009111617312072662,0.0,0.004555808656036442,-0.02050113895216399,0.02505694760820054,2025H1
000536,2025-06-26,3,bull,none,pullback_holds,current_week,0.0,0.0,0.011261261261261257,-0.031531531531531654,0.013513513513513375,2025H1
000536,2025-06-27,4,bull,none,shrinking_volume_acceleration,current_week,-0.015909090909090984,0.011363636363636243,0.022727272727272707,-0.022727272727272818,0.022727272727272707,2025H1
000536,2025-10-09,3,bull,none,two_day_acceleration,current_week,-0.004166666666666541,-0.008333333333333304,0.050000000000000044,-0.06874999999999998,0.016666666666666607,2025H2
000536,2025-10-16,3,bull,none,two_day_acceleration,current_week,0.006342494714587588,0.027484143763213398,0.02114164904862581,-0.031712473572938715,0.07188160676532762,2025H2
000536,2025-10-22,2,bull,none,pullback_holds,current_week,0.03125,0.07291666666666674,0.06458333333333344,-0.027083333333333348,0.08749999999999991,2025H2
000536,2025-10-23,3,bull,none,pullback_holds,current_week,0.021008403361344685,0.05882352941176472,0.18067226890756305,0.0,0.09663865546218497,2025H2
000536,2025-10-24,4,bull,macd_stabilizing,pullback_holds,current_week,0.01446280991735538,0.024793388429751984,0.13636363636363646,-0.014462809917355268,0.07851239669421495,2025H2
000536,2025-10-27,0,bull,none,two_day_acceleration,current_week,0.029045643153526868,0.03526970954356834,0.14730290456431527,-0.0020746887966804906,0.08298755186721984,2025H2
000536,2025-10-28,1,bull,none,two_day_acceleration,current_week,0.0139720558882237,-0.02395209580838331,0.10578842315369275,-0.039920159680638556,0.041916167664670656,2025H2
000536,2025-10-30,3,bull,none,pullback_holds,current_week,0.04132231404958686,-0.0020661157024792765,0.1342975206611572,-0.016528925619834767,0.07851239669421495,2025H2
000536,2025-10-31,4,bull,none,shrinking_volume_acceleration,current_week,0.014314928425357865,0.08588957055214741,0.11042944785276076,-0.026584867075664653,0.08588957055214741,2025H2
000536,2025-11-04,1,bull,none,two_day_acceleration,current_week,-0.020040080160320772,0.07615230460921851,0.12024048096192375,-0.04609218436873752,0.14829659318637267,2025H2
000536,2025-11-07,4,bull,none,pullback_holds,current_week,0.07056451612903247,0.1088709677419355,0.21370967741935498,-0.040322580645161366,0.215725806451613,2025H2
000536,2025-12-08,0,bull,ma_bull,two_day_acceleration,current_week,-0.10389610389610382,-0.1688311688311689,-0.1737012987012987,-0.19155844155844148,0.051948051948051965,2025H2
000536,2026-01-05,0,bull,none,pullback_holds,current_week,0.05656565656565671,0.016161616161616266,-0.07272727272727275,-0.0040404040404041774,0.08686868686868676,2026H1
000536,2026-01-08,3,bull,none,pullback_holds,current_week,-0.019569471624266255,-0.03326810176125239,-0.07827788649706469,-0.046966731898238745,0.03326810176125239,2026H1
000536,2026-01-12,0,bull,none,two_day_acceleration,current_week,-0.040076335877862634,-0.05916030534351158,-0.10496183206106868,-0.07061068702290074,0.005725190839694694,2026H1
000536,2026-02-25,2,bull,none,pullback_holds,current_week,-0.0945378151260503,-0.010504201680672232,-0.060924369747899165,-0.10084033613445365,0.0,2026H1
000536,2026-02-26,3,bull,none,pullback_holds,current_week,0.012820512820512997,0.03846153846153855,-0.07478632478632474,-0.08547008547008539,0.10256410256410264,2026H1
000536,2026-02-27,4,bull,none,pullback_holds,current_week,-0.004301075268817289,0.05161290322580636,-0.07096774193548383,-0.0795698924731183,0.10967741935483866,2026H1
000536,2026-03-12,3,bull,none,two_day_acceleration,current_week,-0.054507337526205624,-0.09224318658280928,-0.08805031446540879,-0.11740041928721179,0.07337526205450717,2026H1
000536,2026-03-16,0,mid,none,two_day_acceleration,current_week,-0.13226452905811625,-0.14829659318637278,-0.13827655310621245,-0.16633266533066138,0.01002004008016022,2026H1
688690,2025-07-15,1,bull,ma_bull,shrinking_volume_acceleration,current_week,0.03614457831325302,0.1165954139137193,0.04080839486980192,-0.022930431403031526,0.12436844150796733,2025H2
688690,2025-07-24,3,bull,ma_bull,shrinking_volume_acceleration,current_week,0.016381236038719438,-0.006701414743112477,0.024199553239017124,-0.028294862248696928,0.0770662695457931,2025H2
688690,2025-07-25,4,bull,ma_bull,two_day_acceleration,current_week,-0.03470953598830839,-0.039459261965655856,0.026671538180489618,-0.04786262331019364,0.05699671172816956,2025H2
688690,2025-08-04,0,bull,ma_bull,shrinking_volume_acceleration,current_week,0.01824274013402838,0.030900967982129712,0.034996276991809516,-0.02978406552494406,0.03797468354430378,2025H2
688690,2025-08-12,1,bull,ma_bull,pullback_holds,current_week,0.021268656716417977,0.0817164179104477,0.0003731343283581712,-0.010074626865671621,0.11380597014925375,2025H2
688690,2025-08-14,3,bull,ma_bull,pullback_holds,current_week,0.030723117272386746,0.05020606968902208,0.018733608092918796,-0.005994754589733975,0.1240164855751218,2025H2
688690,2025-08-15,4,bull,ma_bull,pullback_holds,current_week,0.019593613933236442,0.046444121915820036,-0.017779390420899932,-0.029753265602322165,0.08853410740203183,2025H2
688690,2025-08-20,2,bull,ma_bull,shrinking_volume_acceleration,current_week,0.03431022158684782,-0.05003573981415288,-0.031093638313080763,-0.0646890636168691,0.07219442458899206,2025H2
688690,2025-08-25,0,bull,ma_bull,two_day_acceleration,current_week,-0.037729318103149834,-0.051228798892350325,-0.07372793354101759,-0.11561093804084455,0.03842159916926269,2025H2
688690,2025-08-29,4,bull,ma_bull,shrinking_volume_acceleration,current_week,-0.05339462517680349,-0.04278642149929279,-0.00990099009900991,-0.09653465346534651,0.010961810466760813,2025H2
688690,2025-09-22,0,mid,ma_bull,shrinking_volume_acceleration,current_week,0.06874530428249437,0.021412471825694945,0.10894064613072874,-0.04921111945905332,0.09579263711495112,2025H2
688690,2025-10-13,0,bull,ma_bull,shrinking_volume_acceleration,current_week,-0.04902998236331568,0.0384479717813051,0.02857142857142847,-0.0670194003527338,0.06631393298059951,2025H2
688690,2025-10-21,1,bull,ma_bull,pullback_holds,current_week,0.08689248895434454,0.0762150220913107,0.11966126656848308,-0.026141384388807087,0.18188512518409428,2025H2
688690,2025-10-31,4,bull,ma_bull,shrinking_volume_acceleration,current_week,-0.04150197628458496,-0.01152832674571802,-0.11133069828721998,-0.06422924901185767,0.020421607378129147,2025H2
688690,2025-11-17,0,mid,ma_bull,shrinking_volume_acceleration,current_week,-0.0970548862115127,-0.0997322623828647,-0.14491298527443097,-0.11278447121820612,0.03380187416331992,2025H2
688690,2025-11-18,1,mid,ma_bull,two_day_acceleration,current_week,-0.11096476786302278,-0.1310503786631544,-0.16661178794863352,-0.1320381955877511,0.017122160026341815,2025H2
688690,2025-12-08,0,bull,none,pullback_holds,current_week,-0.03146322971948434,-0.03487490523123571,0.01705837755875672,-0.05307050796057611,0.00909780136467031,2025H2
688690,2025-12-25,3,bull,none,pullback_holds,current_week,0.02076923076923065,0.06307692307692303,0.07615384615384624,-0.019230769230769273,0.0692307692307692,2025H2
688690,2025-12-26,4,bull,none,pullback_holds,current_week,0.021914648212226107,0.12572087658592856,0.0803537101114955,-0.019607843137254943,0.15878508266051505,2025H2
688690,2026-01-09,4,bull,none,two_day_acceleration,current_week,-0.010230179028133057,0.039093898428936846,0.041286079649250906,-0.018633540372670843,0.13299232736572897,2026H1
688690,2026-01-19,0,bull,none,shrinking_volume_acceleration,current_week,0.0032269630692003393,-0.02832556471853709,0.004302617425600674,-0.03477949085693788,0.03549659376120462,2026H1
688690,2026-02-06,4,mid,none,pullback_holds,current_week,-0.03468609087755814,-0.02358654179673947,-0.07839056538328137,-0.04439819632327435,0.0024280263614291364,2026H1
688690,2026-02-25,2,bull,macd_stabilizing,pullback_holds,current_week,-0.09151943462897527,-0.09505300353356894,-0.14876325088339226,-0.12897526501766776,0.018374558303887012,2026H1
688690,2026-05-06,2,bull,ma_bull,shrinking_volume_acceleration,current_week,0.06244343891402715,0.11764705882352966,0.24012066365007545,-0.011161387631975828,0.13363499245852184,2026H1
688690,2026-05-07,3,bull,ma_bull,two_day_acceleration,current_week,0.009414533686378457,0.02030008826125318,0.22536040011768166,-0.013533392174168934,0.12032950867902303,2026H1
688690,2026-05-11,0,bull,ma_bull,two_day_acceleration,current_week,0.0394202898550724,0.035942028985507246,0.08869565217391306,-0.023188405797101352,0.10376811594202895,2026H1
688690,2026-05-18,0,bull,ma_bull,two_day_acceleration,current_week,-0.0005592841163309936,0.06935123042505609,0.12136465324384793,-0.03439597315436238,0.2164429530201344,2026H1
688690,2026-06-17,2,bull,ma_bull,shrinking_volume_acceleration,current_week,0.12679900744416872,0.05012406947890802,-0.12903225806451624,-0.006203473945409432,0.19106699751861034,2026H1
688690,2026-08-12,2,mid,macd_cross,shrinking_volume_acceleration,current_week,-0.031818181818181746,-0.09090909090909094,-0.027272727272727226,-0.12090909090909097,0.06363636363636371,2026H2
688690,2026-08-14,4,mid,macd_cross,shrinking_volume_acceleration,current_week,0.0006917223887479285,-0.10721697025593724,-0.05210975328568135,-0.1106755821996771,0.07908692644685278,2026H2
600371,2023-03-06,0,bull,none,pullback_holds,current_week,-0.035153328347045654,-0.04562453253552734,-0.056843679880329234,-0.05086013462976824,0.005235602094240788,2023H1
600371,2023-03-14,1,mid,none,pullback_holds,current_week,-0.012298232129131503,-0.01537279016141424,-0.07993850883935427,-0.030745580322828592,0.02229054573405076,2023H1
600371,2023-03-15,2,mid,none,pullback_holds,current_week,-0.01909854851031323,-0.04736440030557676,-0.0855614973262031,-0.04889228418640179,0.016042780748663166,2023H1
600371,2023-03-16,3,mid,none,pullback_holds,current_week,-0.013824884792626668,-0.04608294930875578,-0.08141321044546845,-0.05683563748079867,0.01766513056835639,2023H1
600371,2023-03-17,4,mid,none,pullback_holds,current_week,-0.026717557251908386,-0.04503816793893134,-0.08396946564885499,-0.06259541984732808,0.0015267175572519776,2023H1
600371,2023-03-28,1,mid,none,pullback_holds,current_week,-0.019716088328075698,-0.05599369085173489,-0.07807570977917988,-0.05678233438485791,0.004731861198738141,2023H1
600371,2023-04-03,0,bull,none,pullback_holds,current_week,-0.03885804916732738,-0.04282315622521804,-0.057097541633624016,-0.058683584456780236,0.00713719270420321,2023H1
600371,2023-04-19,2,bull,none,pullback_holds,current_week,-0.023391812865497186,-0.005847953216374324,0.008354218880534559,-0.04845446950710108,0.009189640768588081,2023H1
600371,2025-08-25,0,bull,ma_bull,two_day_acceleration,current_week,-0.05810397553516822,-0.05810397553516822,-0.08766564729867476,-0.09480122324159013,0.010193679918450549,2025H2
600371,2025-09-15,0,bull,none,pullback_holds,current_week,-0.026115342763873617,-0.029379760609357986,-0.0021762785636560977,-0.05875952121871586,0.0021762785636563198,2025H2
600371,2025-09-16,1,bull,none,pullback_holds,current_week,-0.03594771241830064,-0.02941176470588236,-0.006535947712418166,-0.057734204793028265,0.0032679738562093608,2025H2
600371,2025-09-29,0,bull,none,pullback_holds,current_week,0.060606060606060774,0.02918069584736238,0.023569023569023573,-0.008978675645342271,0.12570145903479224,2025H2
600371,2025-10-09,3,bull,none,pullback_holds,current_week,0.045861297539149914,0.03020134228187943,0.045861297539149914,-0.004474272930648726,0.12192393736017904,2025H2
600371,2025-10-10,4,bull,macd_stabilizing,two_day_acceleration,current_week,-0.07121057985757873,-0.056968463886063136,-0.05900305188199395,-0.08138351983723302,0.020345879959308144,2025H2
600371,2025-11-05,2,bull,macd_stabilizing,two_day_acceleration,current_week,0.011789924973204746,0.024651661307609984,0.008574490889603492,-0.013933547695605508,0.037513397642015,2025H2
600371,2025-11-07,4,bull,macd_stabilizing,pullback_holds,current_week,0.028169014084507005,0.01625135427952329,-0.005417118093174467,-0.003250270855904569,0.06283856988082337,2025H2
600371,2025-12-08,0,bull,ma_bull,pullback_holds,current_week,-0.039999999999999925,-0.011891891891891881,-0.045405405405405386,-0.08108108108108103,0.021621621621621845,2025H2
600371,2025-12-09,1,mid,ma_bull,pullback_holds,current_week,-0.0685959271168275,-0.032154340836012985,-0.04608788853161838,-0.08896034297963562,0.012861736334405238,2025H2
600371,2025-12-22,0,bull,macd_stabilizing,pullback_holds,current_week,-0.026258205689277947,-0.03391684901531733,-0.012035010940919189,-0.05579868708971547,0.003282275711159688,2025H2
600371,2026-03-06,4,bull,ma_bull,shrinking_volume_acceleration,current_week,-0.03567787971457692,-0.11213047910295615,-0.1651376146788992,-0.11518858307849145,0.029561671763506547,2026H1
300886,2025-05-08,3,bull,ma_bull,shrinking_volume_acceleration,current_week,0.1803563667970447,0.13255106475445455,0.255541069100391,-0.029552368535419316,0.26988265971316805,2025H1
300886,2025-05-19,0,bull,ma_bull,shrinking_volume_acceleration,current_week,0.04939759036144564,0.08714859437750988,0.37951807228915646,-0.002409638554216942,0.24457831325301194,2025H1
300886,2025-05-23,4,bull,ma_bull,shrinking_volume_acceleration,current_week,-0.020446096654275103,0.09665427509293667,0.13085501858736048,-0.06133828996282531,0.15204460966542754,2025H1
300886,2025-06-30,0,bull,ma_bull,two_day_acceleration,current_week,-0.021347565043362215,-0.02635090060040024,0.00767178118745826,-0.07271514342895258,0.06070713809206141,2025H1
300886,2025-07-03,3,bull,ma_bull,shrinking_volume_acceleration,current_week,-0.07843137254901966,-0.06437908496732037,-0.08300653594771235,-0.09150326797385622,0.0032679738562091387,2025H2
300886,2025-07-22,1,bull,none,pullback_holds,current_week,0.012662559890485925,0.002737850787132068,0.06605065023956214,-0.047227926078028726,0.0882956878850103,2025H2
300886,2025-08-15,4,bull,macd_stabilizing,shrinking_volume_acceleration,current_week,0.09508196721311468,0.05049180327868852,-0.00983606557377048,-0.015081967213114833,0.1436065573770493,2025H2
300886,2025-10-09,3,bull,none,two_day_acceleration,current_week,-0.008984105044920532,0.0031098825155493337,0.01727712508638568,-0.05666897028334483,0.04353835521769178,2025H2
300886,2025-10-10,4,bull,none,pullback_holds,current_week,0.007497322384862448,0.03463048911103184,0.05498036415565877,-0.025348089967868637,0.05855051767225983,2025H2
300886,2025-10-23,3,bull,none,pullback_holds,current_week,-0.024776324845148023,0.013076393668272512,-0.018238128011011767,-0.04060564349621487,0.037852718513420536,2025H2
300886,2025-10-24,4,bull,none,pullback_holds,current_week,-0.007241379310344853,0.018965517241379404,-0.08344827586206893,-0.0386206896551724,0.040000000000000036,2025H2
300886,2025-11-03,0,bull,none,two_day_acceleration,current_week,0.015300918055083379,0.028901734104046284,-0.040462427745664775,-0.02142128527711662,0.05474328459707589,2025H2
300886,2025-11-05,2,bull,none,shrinking_volume_acceleration,current_week,0.04846416382252561,0.0689419795221844,-0.06962457337883954,-0.007849829351535886,0.09180887372013657,2025H2
300886,2025-11-07,4,bull,none,two_day_acceleration,current_week,0.016920473773265554,-0.10050761421319798,-0.07275803722504226,-0.1096446700507614,0.08257191201353642,2025H2
300886,2025-11-10,0,bull,none,two_day_acceleration,current_week,0.008666666666666822,-0.09833333333333327,-0.08966666666666656,-0.12299999999999989,0.06633333333333336,2025H2
300886,2025-11-12,2,bull,none,two_day_acceleration,current_week,0.01820546163849146,-0.13133940182054626,-0.13166449934980495,-0.14466840052015606,0.03998699609882972,2025H2
300886,2025-11-14,4,bull,none,pullback_holds,current_week,-0.11576846307385225,-0.07052561543579505,-0.14471057884231542,-0.12475049900199597,0.06420492348636064,2025H2
300886,2025-11-18,1,mid,none,two_day_acceleration,current_week,-0.10102344007923403,-0.08220534829976889,-0.16903268405414318,-0.1313965004952128,0.05612413337735234,2025H2
300886,2025-11-19,2,mid,none,two_day_acceleration,current_week,-0.1468710089399745,-0.12962962962962954,-0.19572158365261805,-0.1599616858237547,0.0025542784163474774,2025H2
300886,2025-12-19,4,mid,none,shrinking_volume_acceleration,current_week,-0.02386363636363642,-0.010227272727272863,0.06818181818181812,-0.03560606060606064,0.009848484848484773,2025H2
300886,2025-12-29,0,bull,none,pullback_holds,current_week,0.009671179883945946,0.05222437137330749,0.07814313346228241,-0.015087040618955494,0.06769825918762096,2025H2
300886,2025-12-31,2,bull,none,pullback_holds,current_week,0.029366306027820865,0.06143740340030912,0.10162287480680066,-0.0030911901081915882,0.06646058732612059,2025H2
300886,2026-01-20,1,bull,none,two_day_acceleration,current_week,0.01353758460990373,0.027075169219807682,0.07196294976843598,-0.023512646954043426,0.030637691485571716,2026H1
300886,2026-01-22,3,bull,none,two_day_acceleration,current_week,-0.02765138256912847,0.022051102555127766,0.0430521526076304,-0.04060203010150509,0.04900245012250615,2026H1
300886,2026-05-08,4,bull,ma_bull,shrinking_volume_acceleration,current_week,-0.04010519395134793,-0.09138724523339914,-0.2172912557527943,-0.11867192636423407,0.005259697567389976,2026H1
300886,2026-05-18,0,bull,ma_bull,pullback_holds,current_week,-0.10306122448979593,-0.15034013605442187,-0.23571428571428577,-0.34523809523809523,0.013605442176870763,2026H1
002300,2023-03-03,4,bull,ma_bull,pullback_holds,current_week,-0.03953488372093017,-0.07093023255813946,-0.012790697674418539,-0.07906976744186045,0.015116279069767424,2023H1
002300,2023-03-06,0,bull,ma_bull,pullback_holds,current_week,-0.05977011494252893,-0.05862068965517253,-0.02298850574712652,-0.09655172413793112,0.0011494252873562871,2023H1
002300,2023-03-21,1,mid,none,pullback_holds,current_week,0.01820388349514568,0.020631067961164984,0.06432038834951448,-0.00728155339805836,0.03762135922330101,2023H1
002300,2023-03-22,2,mid,none,two_day_acceleration,current_week,0.007263922518159882,-0.002421307506053183,0.09564164648910434,-0.010895883777239712,0.03510895883777243,2023H1
002300,2023-03-23,3,bull,none,pullback_holds,current_week,-0.0011933174224343368,0.026252983293555854,0.0417661097852029,-0.02505966587112185,0.026252983293555854,2023H1
002300,2023-03-24,4,mid,none,pullback_holds,current_week,0.013126491646777927,0.04415274463007157,0.04534606205250591,-0.02505966587112185,0.04892601431980914,2023H1
002300,2023-03-28,1,mid,none,pullback_holds,current_week,0.004778972520907976,0.03823178016726381,0.020310633213858953,-0.0238948626045401,0.06212664277180391,2023H1
002300,2023-03-31,4,bull,none,two_day_acceleration,current_week,0.03183962264150941,0.05188679245283012,0.018867924528301883,-0.03655660377358494,0.054245283018867774,2023H1
002300,2023-07-03,0,mid,none,two_day_acceleration,current_week,-0.09576837416481065,-0.051224944320712784,-0.09465478841870822,-0.10690423162583529,0.03340757238307335,2023H2
002300,2023-07-13,3,mid,none,two_day_acceleration,current_week,-0.031100478468899517,-0.05382775119617211,-0.038277511961722355,-0.055023923444975975,0.035885167464114964,2023H2
002300,2023-07-31,0,bull,none,two_day_acceleration,current_week,-0.006119951040391536,0.004895960832313362,-0.02692778457772338,-0.05140758873929008,0.012239902080783294,2023H2
002300,2023-08-01,1,bull,none,pullback_holds,current_week,-0.0012269938650306678,0.007361963190184007,-0.01717791411042957,-0.049079754601227044,0.014723926380368013,2023H2
002300,2023-08-02,2,bull,none,pullback_holds,current_week,-0.0037174721189590088,0.040892193308550207,-0.00867410161090465,-0.039653035935563796,0.040892193308550207,2023H2
002300,2023-08-03,3,bull,none,pullback_holds,current_week,-0.007407407407407196,0.03580246913580254,-0.024691358024691246,-0.043209876543209846,0.04444444444444451,2023H2
002300,2023-08-04,4,bull,none,pullback_holds,current_week,-0.01835985312117505,-0.009791921664626724,-0.017135862913096767,-0.05140758873929008,0.03549571603427193,2023H2
002300,2023-09-06,2,mid,none,two_day_acceleration,current_week,-0.04884004884004878,-0.05860805860805851,0.072039072039072,-0.06593406593406581,0.0,2023H2
002300,2025-08-11,0,bull,none,pullback_holds,current_week,-0.01363636363636378,0.0015151515151514694,-0.024242424242424288,-0.03181818181818186,0.004545454545454408,2025H2
002300,2025-08-18,0,bull,none,pullback_holds,current_week,0.015360983102918668,-0.007680491551459223,-0.027649769585253448,-0.04608294930875578,0.02304147465437789,2025H2
002300,2025-08-19,1,bull,none,pullback_holds,current_week,0.023076923076923217,-0.023076923076922995,-0.01538461538461533,-0.04461538461538461,0.024615384615384706,2025H2
002300,2025-08-20,2,bull,none,pullback_holds,current_week,-0.016793893129770865,-0.05343511450381677,-0.025954198473282397,-0.05343511450381677,0.016793893129771087,2025H2
002300,2025-08-21,3,bull,none,pullback_holds,current_week,-0.027231467473525006,-0.05446293494705001,-0.05446293494705001,-0.062027231467473576,0.0075642965204236745,2025H2
002300,2025-08-22,4,bull,none,pullback_holds,current_week,-0.032061068702290085,-0.022900763358778553,-0.04580152671755722,-0.05343511450381677,0.016793893129771087,2025H2
002300,2025-08-25,0,bull,none,pullback_holds,current_week,-0.024169184290030232,-0.027190332326283984,-0.06344410876132933,-0.06344410876132933,0.0060422960725075026,2025H2
002300,2025-09-08,0,bull,none,pullback_holds,current_week,-0.018604651162790753,-0.03875968992248058,-0.02170542635658912,-0.046511627906976716,0.009302325581395321,2025H2
002300,2025-09-11,3,bull,none,pullback_holds,current_week,-0.036979969183358996,-0.06163328197226503,-0.05238828967642528,-0.0739599383667181,0.0,2025H2
002300,2025-09-29,0,bull,none,pullback_holds,current_week,0.026016260162601723,0.03577235772357712,0.06991869918699178,-0.004878048780487809,0.04878048780487809,2025H2
002300,2025-09-30,1,bull,none,pullback_holds,current_week,0.030694668820678395,0.029079159935379684,0.1696284329563813,-0.011308562197092087,0.04200323101777048,2025H2
002300,2025-10-09,3,bull,none,pullback_holds,current_week,-0.001577287066246047,0.007886435331230457,0.25552050473186116,-0.034700315457413256,0.01735015772870674,2025H2
002300,2025-10-10,4,bull,none,two_day_acceleration,current_week,-0.012841091492776902,0.024077046548956593,0.261637239165329,-0.01765650080256831,0.0321027287319422,2025H2
002300,2025-10-20,0,mid,none,shrinking_volume_acceleration,current_week,0.02539682539682553,0.023809523809523947,0.3126984126984127,-0.0031746031746030523,0.050793650793650835,2025H2
002300,2025-10-21,1,bull,none,pullback_holds,current_week,0.039432176656151396,0.03785488958990535,0.17350157728706628,-0.007886435331230235,0.05047318611987395,2025H2
002300,2025-10-28,1,bull,none,two_day_acceleration,current_week,0.007656967840734996,0.238897396630934,0.07197549770290967,-0.03369065849923425,0.324655436447167,2025H2
002300,2025-11-04,1,bull,none,two_day_acceleration,current_week,0.2313546423135464,0.13242009132420085,0.18417047184170476,-0.007610350076103445,0.3515981735159819,2025H2
002300,2025-11-12,2,bull,ma_bull,two_day_acceleration,current_week,-0.12406947890818854,-0.14888337468982626,0.27915632754342434,-0.19602977667493793,0.1017369727047146,2025H2
002300,2026-01-07,2,bull,ma_bull,two_day_acceleration,current_week,0.06531049250535337,0.021413276231263545,0.0235546038543899,-0.008565310492505307,0.13490364025695922,2026H1
002300,2026-02-02,0,mid,none,two_day_acceleration,current_week,0.08710801393728218,0.10801393728223019,0.3670150987224159,-0.016260162601625883,0.12195121951219523,2026H1
002300,2026-02-05,3,mid,none,pullback_holds,current_week,0.0,0.08369565217391295,0.13369565217391277,-0.026086956521739202,0.08913043478260851,2026H1
002300,2026-02-26,3,bull,macd_stabilizing,two_day_acceleration,current_week,0.044238683127572065,0.13888888888888884,-0.04218106995884774,-0.04629629629629639,0.2808641975308641,2026H1
002300,2026-05-06,2,bull,none,shrinking_volume_acceleration,current_week,0.16821465428276583,0.012383900928792713,-0.11145510835913319,-0.019607843137254832,0.2105263157894739,2026H1
002300,2026-05-07,3,bull,none,two_day_acceleration,current_week,0.06815869786368256,-0.061037639877924654,-0.15462868769074256,-0.06307222787385547,0.19328585961342837,2026H1
002300,2026-05-08,4,bull,none,pullback_holds,current_week,0.016048144433299827,-0.07021063189568721,-0.17452357071213642,-0.08726178535606832,0.17652958876629876,2026H1
300903,2025-06-20,4,mid,none,shrinking_volume_acceleration,current_week,0.1507936507936507,0.06448412698412698,0.12400793650793651,-0.02678571428571419,0.24007936507936511,2025H1
300903,2025-07-09,2,bull,ma_bull,pullback_holds,current_week,-0.05994550408719346,-0.021798365122615793,0.14259763851044505,-0.07175295186194364,0.13351498637602188,2025H2
300903,2025-08-19,1,bull,ma_bull,pullback_holds,current_week,-0.026807473598700282,-0.12022745735174656,0.036555645816409355,-0.12997562956945574,0.002437043054427157,2025H2
300903,2025-09-09,1,bull,ma_bull,pullback_holds,current_week,0.09340188517566417,0.11825192802056561,0.13024850042844904,-0.011139674378748854,0.1645244215938304,2025H2
300903,2025-09-10,2,bull,ma_bull,shrinking_volume_acceleration,current_week,0.11709401709401712,0.12222222222222223,0.11623931623931627,-0.006837606837606813,0.1615384615384614,2025H2
300903,2025-09-11,3,bull,ma_bull,two_day_acceleration,current_week,0.06957250628667233,0.07460184409052806,0.0159262363788768,-0.018440905280804554,0.13914501257334444,2025H2
300903,2025-09-17,2,bull,ma_bull,two_day_acceleration,current_week,0.004590665646518888,0.028309104820198883,-0.05891354246365721,-0.045906656465187434,0.07039020657995398,2025H2
300903,2025-09-24,2,bull,ma_bull,shrinking_volume_acceleration,current_week,0.035439137134052334,0.006163328197226425,0.14329738058551622,-0.08166409861325119,0.07781201848998465,2025H2
300903,2025-10-15,2,bull,ma_bull,pullback_holds,current_week,-0.057575757575757724,0.17272727272727262,0.6015151515151513,-0.09090909090909094,0.2583333333333331,2025H2
300903,2025-10-16,3,bull,ma_bull,pullback_holds,current_week,-0.05092592592592593,0.1450617283950617,0.6458333333333333,-0.07407407407407418,0.28163580246913567,2025H2
300903,2025-10-20,0,mid,ma_bull,shrinking_volume_acceleration,current_week,0.19367588932806323,0.15256916996047432,0.5059288537549407,-0.0513833992094862,0.31304347826086953,2025H2
300903,2025-12-23,1,bull,ma_bull,pullback_holds,current_week,-0.021505376344086113,0.1548387096774193,0.30053763440860215,-0.023655913978494647,0.20483870967741935,2025H2
300903,2025-12-24,2,bull,ma_bull,pullback_holds,current_week,0.03821313240043045,0.14693218514531736,0.4111948331539288,-0.02260495156081821,0.20613562970936483,2025H2
300903,2025-12-25,3,bull,ma_bull,pullback_holds,current_week,0.07341907824222949,0.127545551982851,0.4989281886387995,-0.026795284030010746,0.2009646302250805,2025H2
300903,2025-12-26,4,bull,ma_bull,two_day_acceleration,current_week,0.03919491525423746,0.06779661016949157,0.5439618644067798,-0.03813559322033888,0.18697033898305082,2025H2
300903,2026-03-02,0,bull,ma_bull,two_day_acceleration,current_week,0.15581098339719035,0.26947637292464877,0.04597701149425282,-0.07471264367816088,0.4367816091954022,2026H1
300903,2026-04-17,4,mid,ma_bull,shrinking_volume_acceleration,current_week,0.025190839694656297,0.3231552162849871,0.9099236641221373,-0.06743002544529275,0.34325699745547067,2026H1
300903,2026-06-24,2,bull,ma_bull,shrinking_volume_acceleration,current_week,-0.13676731793960928,-0.250177619893428,-0.4229129662522203,-0.26571936056838363,0.03463587921847244,2026H1
300903,2026-06-25,3,bull,ma_bull,shrinking_volume_acceleration,current_week,-0.1929203539823009,-0.23539823008849547,-0.44044247787610613,-0.26991150442477874,0.006991150442478,2026H1
300903,2026-08-14,4,mid,none,shrinking_volume_acceleration,current_week,-0.015033826108744708,0.156727637183663,0.1306690052618391,-0.09797043347531953,0.2105988474066649,2026H2
300903,2026-09-08,1,mid,none,pullback_holds,current_week,0.22943820224719103,,,-0.09820224719101123,0.26741573033707855,2026H2
000712,2023-11-20,0,mid,ma_bull,two_day_acceleration,current_week,-0.024615384615384595,-0.06646153846153846,-0.09353846153846146,-0.07199999999999995,0.008615384615384691,2023H2
000712,2023-11-21,1,mid,ma_bull,pullback_holds,current_week,-0.012578616352201255,-0.051572327044025146,-0.08679245283018877,-0.06289308176100628,0.030817610062893186,2023H2
000712,2025-03-13,3,bull,none,pullback_holds,current_week,-0.010408921933085513,-0.06542750929368035,-0.15092936802973989,-0.07360594795539033,0.037174721189590976,2025H1
000712,2025-09-16,1,bull,ma_bull,pullback_holds,current_week,-0.04275862068965508,-0.02551724137931033,-0.06275862068965521,-0.06689655172413789,0.01172413793103444,2025H2
000712,2025-09-24,2,bull,none,shrinking_volume_acceleration,current_week,0.009978617248752597,0.0,-0.03207412687099076,-0.023521026372059883,0.10192444761225938,2025H2
000712,2025-09-30,1,bull,none,pullback_holds,current_week,0.009200283085633254,-0.03821656050955424,-0.0346779900920029,-0.04033970276008492,0.09412597310686488,2025H2
000712,2025-10-09,3,bull,none,pullback_holds,current_week,-0.019566736547868557,-0.04192872117400415,-0.04332634521313772,-0.06498951781970652,0.08036338225017481,2025H2
000712,2025-10-10,4,bull,macd_stabilizing,two_day_acceleration,current_week,-0.017972681524083378,-0.008626887131560013,-0.03953989935298352,-0.038102084831056704,0.07692307692307687,2025H2
000712,2025-10-29,2,bull,none,pullback_holds,current_week,-0.015162454873646092,-0.035379061371841214,-0.06353790613718402,-0.04476534296028878,0.0014440433212996595,2025H2
000712,2025-11-10,0,bull,none,shrinking_volume_acceleration,current_week,0.01861504095309008,-0.004467609828741503,-0.043931496649292634,-0.014892032762471974,0.055100521221146614,2025H2
000712,2025-11-11,1,bull,none,pullback_holds,current_week,0.02366863905325456,-0.022189349112425982,-0.062130177514792884,-0.023668639053254337,0.04807692307692313,2025H2
000712,2025-11-13,3,bull,none,pullback_holds,current_week,0.029695619896065395,-0.04454342984409798,-0.04528582034149975,-0.05642167780252416,0.05196733481811422,2025H2
000712,2025-11-14,4,bull,none,pullback_holds,current_week,-0.0007457121551081025,-0.03579418344519014,-0.03803131991051456,-0.05219985085756895,0.05667412378821779,2025H2
000712,2025-11-17,0,mid,none,pullback_holds,current_week,-0.019794721407624616,-0.05131964809384171,-0.0674486803519061,-0.06818181818181812,0.03885630498533721,2025H2
000712,2025-11-20,3,mid,none,two_day_acceleration,current_week,-0.05714285714285705,-0.08058608058608052,-0.13992673992673998,-0.09084249084249085,0.01391941391941387,2025H2
605198,2024-05-23,3,mid,ma_bull,shrinking_volume_acceleration,current_week,-0.2076843198338526,-0.24662512980270002,-0.2850467289719627,-0.25181723779854626,0.0,2024H1
605198,2025-02-10,0,mid,ma_bull,pullback_holds,current_week,0.06018361101666092,0.04896293777626659,0.22883373002380147,-0.006460387623257402,0.0819449166950017,2025H1
605198,2025-02-11,1,mid,ma_bull,pullback_holds,current_week,0.02169491525423739,0.05355932203389835,0.24406779661016964,-0.009491525423728886,0.07864406779661026,2025H1
605198,2025-02-12,2,bull,ma_bull,two_day_acceleration,current_week,0.005606860158311466,0.037269129287598846,0.23812664907651704,-0.034630606860158286,0.045844327176781,2025H1
605198,2025-03-04,1,mid,ma_bull,shrinking_volume_acceleration,current_week,0.10575474540524277,0.11298583910816506,0.13136486893642685,-0.008737571557698054,0.15155167219041887,2025H1
605198,2025-03-05,2,bull,ma_bull,two_day_acceleration,current_week,0.10087976539589438,0.07917888563049869,0.10762463343108508,-0.021994134897360684,0.12082111436950149,2025H1
605198,2025-03-07,4,bull,ma_bull,shrinking_volume_acceleration,current_week,0.05057142857142871,0.05400000000000005,-0.011428571428571344,-0.041714285714285704,0.09199999999999986,2025H1
605198,2025-03-10,0,bull,ma_bull,two_day_acceleration,current_week,0.034482758620689724,0.045223289994347216,0.015545505935556703,-0.0056529112492934575,0.08027133973996592,2025H1
605198,2025-03-12,2,bull,ma_bull,shrinking_volume_acceleration,current_week,-0.02179691653375848,-0.02658160552897393,0.0037214247740564588,-0.04066985645932997,0.004784688995215447,2025H1
605198,2025-03-31,0,mid,ma_bull,pullback_holds,current_week,-0.02813091695969705,0.020557208547471006,0.027860427373546104,-0.07167974032999724,0.06383554233162014,2025H1
605198,2025-04-01,1,mid,ma_bull,two_day_acceleration,current_week,-0.025484470400849557,0.04273958056809124,0.009556676400318542,-0.08893018316963108,0.04592513936819742,2025H1
605198,2025-04-03,3,mid,ma_bull,two_day_acceleration,current_week,0.04157667386609076,0.06776457883369336,0.24190064794816424,-0.07343412526997839,0.08720302375809941,2025H1
605198,2025-05-19,0,bull,ma_bull,shrinking_volume_acceleration,current_week,-0.025557461406518045,0.011663807890222921,-0.15780445969125223,-0.06380789022298461,0.021955403087478453,2025H1
605198,2025-06-03,1,bull,ma_bull,shrinking_volume_acceleration,current_week,-0.16540447504302924,-0.15490533562822717,-0.293459552495697,-0.19277108433734946,0.0987951807228915,2025H1
605198,2025-07-01,1,bull,none,pullback_holds,current_week,-0.01931540342298288,0.03960880195599037,0.11540342298288508,-0.032273838630806906,0.08679706601466997,2025H2
605198,2025-07-09,2,bull,none,pullback_holds,current_week,0.03543111992071357,0.03989098116947476,0.16228939544103094,0.0,0.10133795837462833,2025H2
605198,2025-07-10,3,bull,none,pullback_holds,current_week,0.03768472906403941,0.041871921182266014,0.20935960591133007,-0.0019704433497536034,0.09482758620689657,2025H2
605198,2025-07-28,0,bull,none,two_day_acceleration,current_week,0.08495981630309979,0.12537313432835795,0.18300803673938004,-0.008036739380023028,0.19402985074626855,2025H2
605198,2025-08-18,0,bull,none,two_day_acceleration,current_week,0.0345381526104418,-0.030923694779116606,-0.10943775100401609,-0.04497991967871484,0.06385542168674707,2025H2
605198,2025-09-19,4,mid,none,pullback_holds,current_week,-0.05842598648354047,-0.030739045127534226,-0.017658600392413293,-0.09243514279485487,0.0019620667102682177,2025H2
605198,2025-10-14,1,bull,none,pullback_holds,current_week,0.01880530973451333,0.0165929203539823,-0.08230088495575216,-0.027654867256637128,0.047566371681415864,2025H2
605198,2025-10-15,2,bull,none,pullback_holds,current_week,0.05098389982110918,0.042262969588551025,-0.08743291592128799,-0.013864042933810272,0.05881037567084091,2025H2
605198,2025-10-21,1,bull,none,two_day_acceleration,current_week,-0.002604731929672144,0.012589537660082417,-0.1430431951378337,-0.042761015845452555,0.02778380724983731,2025H2
605198,2025-10-24,4,bull,none,shrinking_volume_acceleration,current_week,-0.0006446067898582264,-0.0038676407391491363,-0.1895143962183068,-0.05242801890846582,0.028362698753760185,2025H2
605198,2025-11-04,1,bull,none,pullback_holds,current_week,-0.10699677072120561,-0.15005382131323997,-0.17330462863293872,-0.16146393972012918,0.030355220667384275,2025H2
605198,2026-05-06,2,bull,ma_bull,pullback_holds,current_week,0.21583514099783097,0.26247288503253796,0.19110629067245122,0.0,0.38394793926247295,2026H1
605198,2026-05-07,3,bull,ma_bull,shrinking_volume_acceleration,current_week,0.2526539278131634,0.11210191082802545,0.1581740976645436,-0.01995753715498938,0.35456475583864133,2026H1
605198,2026-05-11,0,bull,ma_bull,shrinking_volume_acceleration,current_week,0.3064816732242701,0.15075585007247883,0.18326775729964795,-0.006005384137502623,0.3211845102505695,2026H1
605198,2026-07-01,2,bull,ma_bull,shrinking_volume_acceleration,current_week,-0.035937499999999956,-0.12265625000000002,-0.12265625000000002,-0.14453125,0.06562500000000004,2026H2
605198,2026-08-13,3,mid,macd_cross,shrinking_volume_acceleration,current_week,-0.10762598483722308,0.018581834398691877,0.12501858183439896,-0.15683068232495911,0.04801546008621971,2026H2
605198,2026-08-26,2,mid,ma_bull,shrinking_volume_acceleration,current_week,-0.007807807807807765,0.1561561561561562,,-0.04279279279279269,0.1561561561561562,2026H2
300121,2024-12-03,1,bull,ma_bull,pullback_holds,current_week,-0.03151260504201692,-0.11064425770308128,-0.15336134453781525,-0.11484593837535018,0.0182072829131652,2024H2
300121,2024-12-05,3,bull,ma_bull,pullback_holds,current_week,-0.007230657989877098,-0.08676789587852485,-0.1655820679681851,-0.09978308026030358,0.02675343456254531,2024H2
300121,2024-12-06,4,bull,ma_bull,pullback_holds,current_week,-0.029818181818181855,-0.06181818181818177,-0.1621818181818182,-0.09454545454545449,0.032727272727272716,2024H2
300121,2024-12-10,1,bull,ma_bull,pullback_holds,current_week,-0.06959706959706957,-0.08937728937728939,-0.15677655677655677,-0.10695970695970702,0.030036630036630152,2024H2
300121,2024-12-11,2,bull,ma_bull,pullback_holds,current_week,-0.08254887762490948,-0.12816799420709624,-0.16799420709630708,-0.1383055756698045,0.0014482259232440065,2024H2
300121,2025-02-12,2,bull,none,shrinking_volume_acceleration,current_week,-0.03355155482815053,0.12111292962356801,0.06955810147299513,-0.05810147299509005,0.14402618657937794,2025H1
300121,2025-02-17,0,bull,none,pullback_holds,current_week,0.09427609427609429,0.148989898989899,0.06986531986531985,-0.031144781144781253,0.17676767676767668,2025H1
300121,2025-03-20,3,bull,macd_stabilizing,pullback_holds,current_week,0.04374520337682264,-0.1097467382962396,-0.12279355333844988,-0.1235610130468151,0.051419800460475784,2025H1
300121,2025-03-21,4,mid,macd_stabilizing,pullback_holds,current_week,-0.014948859166011075,-0.2604248623131393,-0.08497246262785207,-0.2682926829268293,0.07789142407553107,2025H1
300121,2025-05-08,3,bull,none,shrinking_volume_acceleration,current_week,-0.04366078925272876,0.055415617128463435,0.1612090680100755,-0.04785894206549124,0.12426532325776662,2025H1
300121,2025-06-09,0,bull,ma_bull,shrinking_volume_acceleration,current_week,-0.0458781362007169,0.015053763440860068,0.03010752688172036,-0.07455197132616498,0.0688172043010753,2025H1
300121,2025-06-24,1,bull,ma_bull,two_day_acceleration,current_week,0.05939226519337004,0.04281767955801108,0.0034530386740332375,-0.03176795580110503,0.06767955801104986,2025H1
300121,2025-07-01,1,bull,ma_bull,two_day_acceleration,current_week,0.003989361702127603,-0.015292553191489366,0.010638297872340496,-0.05518617021276595,0.017287234042553168,2025H2
300121,2025-07-23,2,bull,ma_bull,pullback_holds,current_week,-0.010914051841746208,-0.05320600272851295,-0.0013642564802182067,-0.10300136425648021,0.054570259208731375,2025H2
300121,2025-07-24,3,bull,ma_bull,pullback_holds,current_week,-0.04523970290344359,-0.06144496961512491,-0.024983119513842023,-0.11208642808912894,0.04388926401080351,2025H2
300121,2025-08-14,3,bull,ma_bull,pullback_holds,current_week,0.03142857142857136,0.08071428571428574,0.06214285714285728,-0.002142857142857113,0.08571428571428585,2025H2
300121,2025-08-15,4,bull,ma_bull,pullback_holds,current_week,0.0055749128919859725,0.10662020905923364,0.0822299651567946,-0.009756097560975507,0.13588850174216027,2025H2
300121,2025-08-18,0,bull,none,two_day_acceleration,current_week,0.0,0.10275862068965513,0.07310344827586213,-0.019999999999999907,0.12413793103448278,2025H2
300121,2025-08-25,0,bull,none,two_day_acceleration,current_week,0.111961057023644,0.07301808066759374,0.1043115438108484,-0.01182197496522952,0.13351877607788598,2025H2
300121,2025-08-26,1,bull,macd_stabilizing,shrinking_volume_acceleration,current_week,0.05238095238095242,0.021768707482993088,0.12176870748299318,-0.033333333333333326,0.10884353741496589,2025H2
300121,2025-09-18,3,mid,ma_bull,two_day_acceleration,current_week,0.015000000000000124,-0.04437499999999994,0.011249999999999982,-0.06812499999999999,0.11749999999999994,2025H2
300121,2025-10-14,1,bull,ma_bull,two_day_acceleration,current_week,0.04569190600522188,0.03524804177545704,-0.02937336814621405,-0.030026109660574507,0.09007832898172308,2025H2
300121,2025-10-15,2,bull,ma_bull,shrinking_volume_acceleration,current_week,0.005092297899427223,-0.0006365372374284028,0.00445576066199882,-0.05410566518141324,0.06301718650541055,2025H2
300121,2025-10-22,2,bull,ma_bull,pullback_holds,current_week,0.004478566858605371,-0.028150991682661664,-0.0051183621241203126,-0.047344849648112586,0.06845809341010867,2025H2
300121,2025-10-23,3,bull,ma_bull,pullback_holds,current_week,-0.02408111533586821,-0.05956907477820028,-0.02408111533586821,-0.0633713561470215,0.0583016476552598,2025H2
300121,2025-10-24,4,bull,ma_bull,shrinking_volume_acceleration,current_week,-0.0688405797101449,-0.10567632850241537,-0.11835748792270528,-0.12379227053140096,0.008454106280193274,2025H2
300121,2025-11-03,0,bull,none,pullback_holds,current_week,-0.022609819121446995,0.05103359173126609,-0.06330749354005172,-0.06266149870801041,0.07881136950904377,2025H2
300121,2025-12-01,0,mid,none,two_day_acceleration,current_week,-0.021542738012508722,-0.010423905489923557,-0.09937456567060454,-0.05072967338429468,0.0,2025H2
300121,2025-12-25,3,bull,none,pullback_holds,current_week,-0.057037037037037,-0.0022222222222221255,0.023703703703703782,-0.10296296296296303,0.022222222222222365,2025H2
300121,2026-01-06,1,bull,none,shrinking_volume_acceleration,current_week,0.0,0.06819923371647496,0.012260536398467359,-0.019157088122605415,0.08505747126436769,2026H1
300121,2026-01-08,3,bull,none,pullback_holds,current_week,0.007479431563201189,0.04487658937920713,-0.03664921465968585,-0.04263275991024684,0.060583395661929496,2026H1
300121,2026-01-09,4,bull,none,pullback_holds,current_week,0.03689759036144569,0.06701807228915646,-0.008283132530120585,-0.03614457831325302,0.09186746987951788,2026H1
300121,2026-01-12,0,bull,none,pullback_holds,current_week,0.04376854599406532,0.02522255192878342,-0.013353115727002929,-0.05044510385756673,0.07566765578635004,2026H1
300121,2026-01-15,3,bull,none,two_day_acceleration,current_week,0.034814814814814854,0.0185185185185186,-0.022222222222222143,-0.01851851851851849,0.07407407407407418,2026H1
300655,2025-08-07,3,bull,ma_bull,two_day_acceleration,current_week,0.011100832562442209,0.0518038852913969,0.13320999074930606,-0.027752081406105522,0.12673450508788142,2025H2
300655,2025-12-23,1,bull,ma_bull,pullback_holds,current_week,-0.08219178082191769,0.08904109589041109,0.0547945205479452,-0.08675799086757985,0.15182648401826482,2025H2
300655,2026-02-09,0,bull,ma_bull,two_day_acceleration,current_week,0.036863662960795684,-0.045055588063194874,-0.08835576360444708,-0.04622586307782328,0.07548273844353415,2026H1
300655,2026-02-10,1,bull,ma_bull,pullback_holds,current_week,0.07398708162066936,-0.05695830886670594,-0.07339988256018792,-0.06283029947152086,0.07927187316500284,2026H1
300655,2026-02-11,2,bull,ma_bull,pullback_holds,current_week,0.06713368359603056,-0.04378283712784592,-0.11325160537069467,-0.06830122591943943,0.07297139521307638,2026H1
300655,2026-02-12,3,bull,ma_bull,pullback_holds,current_week,0.04800462695199559,-0.06419895893580096,-0.14343551185656445,-0.07692307692307687,0.06304222093695788,2026H1
300655,2026-02-13,4,mid,ma_bull,two_day_acceleration,current_week,-0.0033802816901408184,-0.11605633802816906,-0.21070422535211264,-0.14309859154929572,0.03549295774647887,2026H1
300655,2026-04-09,3,mid,none,pullback_holds,current_week,-0.0026490066225165476,0.03377483443708629,0.03443708609271523,-0.025165562913907258,0.07019867549668879,2026H1
300655,2026-04-10,4,mid,none,pullback_holds,current_week,0.03646185010128278,0.0540175557056044,0.09385550303848733,-0.006076975016880426,0.09115462525320717,2026H1
300655,2026-04-14,1,mid,none,two_day_acceleration,current_week,0.03630363036303641,-0.03168316831683171,0.07392739273927385,-0.05940594059405946,0.07062706270627062,2026H1
300655,2026-04-27,0,bull,none,two_day_acceleration,current_week,0.04111405835543769,0.0557029177718833,0.1326259946949604,-0.05503978779840846,0.09217506631299721,2026H1
300655,2026-05-08,4,bull,none,pullback_holds,current_week,0.046975546975546845,0.08043758043758031,-0.06821106821106826,-0.010939510939510955,0.14800514800514786,2026H1
300655,2026-05-22,4,mid,none,shrinking_volume_acceleration,current_week,-0.10946745562130167,-0.14319526627218926,0.010059171597633254,-0.2130177514792898,0.08284023668639073,2026H1
300655,2026-05-28,3,mid,none,shrinking_volume_acceleration,current_week,-0.12764705882352945,-0.05647058823529416,0.09000000000000008,-0.21764705882352942,0.0,2026H1
600032,2025-07-01,1,bull,none,pullback_holds,current_week,0.02233902759526929,0.005256241787122251,0.007884362680683266,-0.010512483574244391,0.043363994743758294,2025H2
600032,2025-07-02,2,bull,none,pullback_holds,current_week,0.02631578947368407,0.006578947368421018,0.009210526315789336,-0.009210526315789558,0.044736842105263186,2025H2
600032,2025-07-03,3,bull,none,pullback_holds,current_week,0.029023746701847042,0.01846965699208436,-0.01187335092348285,-0.00395778364116095,0.0474934036939314,2025H2
600032,2025-07-04,4,bull,none,pullback_holds,current_week,0.0,-0.003870967741935516,-0.028387096774193488,-0.015483870967741953,0.024516129032258194,2025H2
600032,2025-07-07,0,bull,none,two_day_acceleration,current_week,-0.006329113924050556,-0.015189873417721489,-0.04177215189873418,-0.03417721518987349,0.005063291139240533,2025H2
600032,2025-07-09,2,bull,none,shrinking_volume_acceleration,current_week,-0.01797175866495504,-0.0025673940949935137,-0.02695763799743256,-0.020539152759948665,0.019255455712451797,2025H2
600032,2025-07-11,4,bull,none,pullback_holds,current_week,-0.005154639175257714,0.0012886597938144284,-0.021907216494845394,-0.01675257731958757,0.023195876288659933,2025H2
600032,2025-07-21,0,bull,none,pullback_holds,current_week,-0.00899742930591263,-0.02699228791773778,-0.02185089974293053,-0.04113110539845766,0.01670951156812328,2025H2
600032,2025-07-23,2,bull,none,pullback_holds,current_week,-0.010322580645161339,-0.021935483870967776,-0.01806451612903226,-0.03741935483870973,0.011612903225806326,2025H2
600032,2025-07-24,3,bull,macd_cross,shrinking_volume_acceleration,current_week,-0.04342273307790545,-0.03065134099616862,-0.019157088122605415,-0.047254150702426556,0.0012771392081736277,2025H2
600032,2025-07-25,4,bull,none,pullback_holds,current_week,-0.028387096774193488,-0.020645161290322567,-0.00903225806451613,-0.03741935483870973,0.003870967741935516,2025H2
600032,2025-11-04,1,bull,none,two_day_acceleration,current_week,0.03249999999999997,-0.012499999999999956,-0.07750000000000001,-0.020000000000000018,0.04875000000000007,2025H2
600032,2025-11-05,2,bull,none,shrinking_volume_acceleration,current_week,0.013546798029556495,-0.032019704433497664,-0.09605911330049277,-0.03817733990147787,0.03325123152709364,2025H2
600032,2026-01-22,3,bull,none,shrinking_volume_acceleration,current_week,-0.00877192982456143,-0.010025062656641603,0.040100250626566414,-0.03258145363408527,0.025062656641603898,2026H1
600032,2026-01-23,4,bull,none,two_day_acceleration,current_week,-0.02716049382716046,-0.020987654320987592,0.0345679012345681,-0.04691358024691361,0.009876543209876631,2026H1
600032,2026-02-03,1,mid,ma_bull,pullback_holds,current_week,-0.006321112515802807,0.022756005056890016,0.1517067003792667,-0.01643489254108721,0.03286978508217442,2026H1
600032,2026-02-04,2,mid,ma_bull,two_day_acceleration,current_week,-0.024752475247524774,0.00990099009900991,0.14356435643564347,-0.03712871287128716,0.012376237623762387,2026H1
600032,2026-02-05,3,mid,ma_bull,pullback_holds,current_week,0.008894536213468918,0.054637865311308875,0.14231257941550202,-0.01143583227445999,0.06226175349428198,2026H1
600032,2026-02-06,4,mid,ma_bull,pullback_holds,current_week,-0.023839397741530655,0.05144291091593489,0.08281053952321216,-0.023839397741530655,0.061480552070263705,2026H1
600032,2026-02-26,3,bull,ma_bull,two_day_acceleration,current_week,0.027060270602705883,0.13653136531365306,0.5510455104551044,-0.0012300123001229846,0.16113161131611298,2026H1
600032,2026-02-27,4,bull,ma_bull,two_day_acceleration,current_week,0.018072289156626287,0.08313253012048194,0.4108433734939758,-0.013253012048192958,0.13734939759036124,2026H1
600032,2026-03-04,2,mid,ma_bull,shrinking_volume_acceleration,current_week,0.08323424494649223,0.07253269916765759,0.1652794292508919,-0.01664684898929847,0.1284185493460166,2026H1
600032,2026-03-06,4,bull,ma_bull,shrinking_volume_acceleration,current_week,0.057647058823529385,0.15058823529411747,0.051764705882352935,-0.012941176470588123,0.18823529411764706,2026H1
600032,2026-03-09,0,mid,ma_bull,two_day_acceleration,current_week,0.0034883720930234396,0.25116279069767455,0.054651162790697816,-0.024418604651162634,0.25116279069767455,2026H1
600032,2026-04-16,3,mid,ma_bull,shrinking_volume_acceleration,current_week,0.2412371134020619,0.017525773195876226,0.17628865979381425,-0.019587628865979534,0.2783505154639174,2026H1
600032,2026-07-01,2,bull,none,two_day_acceleration,current_week,-0.08976157082748948,-0.07433380084151464,0.033660589060308554,-0.11640953716690039,0.04207573632538564,2026H2
600032,2026-08-05,2,mid,none,pullback_holds,current_week,0.012145748987854255,-0.08771929824561409,-0.07962213225371118,-0.08906882591093124,0.05937921727395423,2026H2
600032,2026-08-12,2,mid,none,pullback_holds,current_week,-0.09625668449197866,-0.08155080213903743,-0.06417112299465244,-0.10962566844919786,0.013368983957219305,2026H2
600032,2026-08-13,3,mid,none,pullback_holds,current_week,-0.08378378378378382,-0.06891891891891888,-0.04729729729729737,-0.09999999999999998,0.008108108108108025,2026H2
300925,2024-11-11,0,bull,ma_bull,shrinking_volume_acceleration,current_week,-0.14086423953725757,-0.18509697175910178,-0.17420891459680166,-0.21742089145968013,0.07179312691391626,2024H2
300925,2024-11-13,2,bull,ma_bull,shrinking_volume_acceleration,current_week,-0.07702936096718482,-0.17789291882556124,-0.13126079447322958,-0.2335060449050086,0.08808290155440424,2024H2
300925,2024-11-15,4,mid,ma_bull,two_day_acceleration,current_week,-0.20664928292046936,-0.20534550195567147,-0.13722294654498046,-0.27672750977835714,0.00032594524119944346,2024H2
300925,2024-12-02,0,bull,ma_bull,pullback_holds,current_week,-0.029200000000000004,0.07440000000000002,-0.053199999999999914,-0.04280000000000006,0.1596000000000002,2024H2
300925,2024-12-03,1,bull,ma_bull,two_day_acceleration,current_week,0.004823151125401992,-0.004421221864951752,-0.10450160771704176,-0.03818327974276525,0.16519292604501623,2024H2
300925,2024-12-06,4,bull,ma_bull,two_day_acceleration,current_week,0.07079288025889974,0.07524271844660202,-0.18527508090614886,-0.044093851132686046,0.17273462783171545,2024H2
300925,2024-12-11,2,bull,none,pullback_holds,current_week,0.02279999999999993,-0.06559999999999999,-0.1684,-0.08479999999999999,0.1596000000000002,2024H2
300925,2025-02-12,2,bull,none,shrinking_volume_acceleration,current_week,-0.059106529209622116,-0.050515463917525816,-0.09656357388316161,-0.08900343642611686,0.04673539518900349,2025H1
300925,2025-03-07,4,bull,none,pullback_holds,current_week,0.0,-0.06994047619047616,-0.31659226190476186,-0.06994047619047616,0.049851190476190466,2025H1
300925,2025-05-08,3,bull,none,shrinking_volume_acceleration,current_week,-0.03247038174637995,-0.07283896445809568,-0.030715225976305383,-0.07415533128565155,0.03685827117156637,2025H1
300925,2025-05-26,0,bull,none,shrinking_volume_acceleration,current_week,0.0004840271055179812,0.038722168441432725,0.22604065827686348,-0.021781219748305825,0.12971926427879965,2025H1
300925,2025-11-03,0,bull,none,pullback_holds,current_week,-0.06204535729567817,-0.09285408643560122,-0.10226786478391103,-0.11210954214805313,0.0,2025H2
300925,2025-12-01,0,mid,none,two_day_acceleration,current_week,-0.018571428571428572,-0.04095238095238096,-0.01333333333333342,-0.06047619047619046,0.0004761904761905189,2025H2
300925,2025-12-08,0,bull,none,pullback_holds,current_week,-0.01851851851851849,-0.005847953216374102,0.06676413255360636,-0.05458089668615973,0.012670565302144388,2025H2
300925,2025-12-22,0,bull,none,pullback_holds,current_week,0.015188633023027975,0.07251347378735917,0.10583047525722677,-0.027437530622243966,0.12101910828025475,2025H2
300925,2025-12-24,2,bull,none,pullback_holds,current_week,0.04322200392927322,0.1055992141453832,0.13948919449901775,-0.004911591355599154,0.12377210216110024,2025H2
300925,2025-12-25,3,bull,none,two_day_acceleration,current_week,0.04354136429608113,0.18190614417029494,0.07982583454281555,-0.010643444605708874,0.18480890179003384,2025H2
300925,2025-12-31,2,bull,none,two_day_acceleration,current_week,0.0627950897072711,0.10859301227573193,0.041548630783758256,-0.007554296506137925,0.28895184135977336,2025H2
300170,2023-03-15,2,mid,ma_bull,pullback_holds,current_week,0.23864574731626753,0.15772089182493798,0.028075970272502193,-0.012386457473162582,0.3203963666391414,2023H1
300170,2023-03-16,3,mid,ma_bull,pullback_holds,current_week,0.1704000000000001,0.09440000000000004,0.014399999999999968,-0.009599999999999942,0.2792000000000001,2023H1
300170,2023-04-03,0,bull,ma_bull,pullback_holds,current_week,-0.11378091872791518,-0.10742049469964665,-0.2636042402826856,-0.1392226148409894,0.007067137809187329,2023H1
300170,2023-05-08,0,bull,none,two_day_acceleration,current_week,-0.0057197330791229906,-0.04861773117254531,0.018112488083889433,-0.06196377502383221,0.0762631077216398,2023H1
300170,2023-06-13,1,mid,none,two_day_acceleration,current_week,0.14140480591497218,-0.014787430683918634,-0.0341959334565618,-0.1284658040665435,0.21534195933456557,2023H1
300170,2025-04-01,1,mid,none,pullback_holds,current_week,-0.16832200731834812,-0.1338212232096183,0.016727652901202372,-0.2608468374281233,0.00993204391008895,2025H1
300170,2025-05-06,1,mid,none,shrinking_volume_acceleration,current_week,-0.06044226044226042,-0.10958230958230963,-0.15282555282555277,-0.1336609336609338,0.003439803439803546,2025H1
300170,2025-05-08,3,bull,none,shrinking_volume_acceleration,current_week,-0.07904130545639987,-0.08924018357980623,-0.08669046404895453,-0.1075981642019378,0.019377868434472312,2025H1
300170,2025-05-13,1,bull,none,pullback_holds,current_week,-0.04177683765203588,-0.08672659968270757,-0.053410893707033225,-0.09465891062929666,0.017979904812268632,2025H1
300170,2025-06-06,4,bull,none,pullback_holds,current_week,-0.07362637362637359,-0.14230769230769225,-0.10384615384615392,-0.14340659340659334,0.041208791208791284,2025H1
300170,2025-06-23,0,bull,none,shrinking_volume_acceleration,current_week,0.0851197982345524,0.023329129886506816,0.18852459016393452,-0.001891551071878994,0.1242118537200505,2025H1
300170,2025-06-24,1,bull,none,two_day_acceleration,current_week,0.03368034292712774,0.007960808328230096,0.13533374157991407,-0.013472137170851384,0.0918554807103491,2025H1
300170,2025-06-26,3,bull,none,pullback_holds,current_week,-0.023228111971411614,-0.01965455628350199,0.13162596783799896,-0.04050029779630726,0.04228707564026202,2025H1
300170,2025-06-30,0,bull,none,pullback_holds,current_week,-0.05253940455341499,-0.01809690601284286,0.11792177466433174,-0.05954465849387036,0.012842965557501529,2025H1
300170,2025-07-10,3,bull,none,pullback_holds,current_week,0.11524390243902438,0.1585365853658538,0.19207317073170738,-0.007317073170731603,0.19085365853658565,2025H2
300170,2025-07-11,4,bull,none,two_day_acceleration,current_week,0.10451306413301675,0.1704275534441806,0.07957244655581941,-0.014251781472684022,0.18052256532066502,2025H2
300170,2025-07-17,3,bull,none,shrinking_volume_acceleration,current_week,-0.004714510214772094,-0.011000523834468368,-0.04347826086956508,-0.04819277108433728,0.04138292299633317,2025H2
300170,2025-07-18,4,bull,none,two_day_acceleration,current_week,0.06482982171799012,0.07833603457590477,0.0037817396002162162,-0.01836844948676386,0.10588870880605072,2025H2
300170,2025-08-18,0,bull,ma_bull,two_day_acceleration,current_week,0.07257646448937294,0.01140487299118731,-0.08398133748055969,-0.015033696215655756,0.11975116640746508,2025H2
300170,2025-08-21,3,bull,ma_bull,pullback_holds,current_week,0.0485036119711042,-0.11248710010319918,-0.06140350877192968,-0.1336429308565531,0.11455108359133148,2025H2
300170,2025-08-28,3,bull,ma_bull,shrinking_volume_acceleration,current_week,-0.15229176934450472,-0.10300640709709219,-0.07146377525874814,-0.17249876786594387,0.0014785608674223738,2025H2
300170,2025-11-19,2,mid,none,pullback_holds,current_week,0.04775440591245017,0.03979533826037507,0.02046617396247874,-0.06367254121660038,0.14837976122797047,2025H2
300170,2025-11-20,3,mid,none,pullback_holds,current_week,0.12722948870392403,0.06777645659928666,0.04221165279429262,-0.020808561236623113,0.20095124851367419,2025H2
300170,2026-01-14,2,bull,ma_bull,shrinking_volume_acceleration,current_week,-0.10406779661016952,-0.09999999999999998,-0.15999999999999992,-0.14305084745762708,0.06745762711864423,2026H1
300170,2026-04-10,4,mid,none,pullback_holds,current_week,0.06746626686656665,0.0494752623688155,0.15792103948025993,-0.0014992503748126884,0.11344327836081947,2026H1
300170,2026-04-13,0,mid,none,pullback_holds,current_week,0.019248826291079713,-0.026760563380281654,0.026291079812206464,-0.04600938967136148,0.04600938967136159,2026H1
300170,2026-04-14,1,mid,none,two_day_acceleration,current_week,0.007136060894386453,-0.06422454804947664,0.039961941008563207,-0.07183634633682201,0.05994291151284492,2026H1
300170,2026-04-20,0,bull,none,two_day_acceleration,current_week,-0.034466697717745576,0.09361900326036343,-0.06427573358174188,-0.09175593851886343,0.10200279459711226,2026H1
300170,2026-05-19,1,bull,none,two_day_acceleration,current_week,-0.1068181818181817,-0.12590909090909086,-0.1959090909090908,-0.16727272727272724,0.013636363636363669,2026H1
300475,2023-08-01,1,bull,ma_bull,two_day_acceleration,current_week,0.044844330191373905,-0.11739502999143092,-0.13538988860325618,-0.12596401028277626,0.08397600685518447,2023H2
300475,2023-08-04,4,bull,ma_bull,shrinking_volume_acceleration,current_week,-0.10862166761202496,-0.1528644356211003,-0.057855927396483264,-0.15456608054452625,0.0762904140669316,2023H2
300475,2023-08-07,0,bull,ma_bull,pullback_holds,current_week,-0.11787709497206711,-0.17150837988826828,-0.06145251396648055,-0.17318435754189954,0.06005586592178758,2023H2
300475,2023-08-08,1,bull,ma_bull,shrinking_volume_acceleration,current_week,-0.14640883977900554,-0.15082872928176794,-0.024585635359116065,-0.1848066298342541,0.018508287292817505,2023H2
300475,2023-12-28,3,mid,ma_bull,pullback_holds,current_week,-0.03585536311151638,-0.06958371315709522,-0.0972348830142814,-0.10057733211789732,0.03129747797022153,2023H2
300475,2023-12-29,4,mid,ma_bull,shrinking_volume_acceleration,current_week,-0.07588075880758804,-0.06684733514001806,-0.15989159891598914,-0.10870219813309245,0.010237880156579227,2023H2
300475,2024-03-06,2,bull,macd_cross,shrinking_volume_acceleration,current_week,0.09361702127659566,0.13430851063829774,0.12393617021276593,-0.02393617021276595,0.17021276595744683,2024H1
300475,2024-03-18,0,bull,none,two_day_acceleration,current_week,-0.0818455831207976,-0.01367957338279624,-0.11430558775794109,-0.1421284488754927,0.06631115233016449,2024H1
300475,2024-03-20,2,bull,none,shrinking_volume_acceleration,current_week,-0.17555555555555558,-0.06088888888888888,-0.19399999999999995,-0.1777777777777778,0.02200000000000002,2024H1
300475,2024-03-21,3,bull,none,two_day_acceleration,current_week,-0.10442316461468304,-0.06520747834017326,-0.20383036935704513,-0.15640674874601002,0.04445964432284555,2024H1
300475,2024-05-20,0,bull,none,pullback_holds,current_week,-0.016901408450704314,0.021690140845070482,-0.009577464788732337,-0.08450704225352113,0.0501408450704226,2024H1
300475,2024-05-21,1,bull,none,pullback_holds,current_week,-0.04518497599548155,-0.019486020898051515,-0.003106467099689314,-0.0821801750917821,0.05280994069471889,2024H1
300475,2024-05-31,4,mid,none,pullback_holds,current_week,-0.05010020040080165,0.016318350987689634,-0.13884912682507866,-0.08960778700257654,0.06727741196679071,2024H1
300475,2024-07-16,1,mid,none,shrinking_volume_acceleration,current_week,-0.1197754210854649,-0.1515907673112914,-0.199625701809108,-0.17248908296943233,0.01216469120399255,2024H2
300475,2025-07-04,4,bull,none,pullback_holds,current_week,-0.04885714285714293,-0.0377142857142857,-0.04399999999999993,-0.05885714285714294,0.03400000000000003,2025H2
300475,2025-07-17,3,bull,none,pullback_holds,current_week,-0.04401257502143463,-0.0351529008288084,0.006287510717347677,-0.06544727064875677,0.0031437553586739497,2025H2
300475,2025-08-07,3,bull,none,two_day_acceleration,current_week,-0.00844832441565746,0.09096029287524643,0.12165587158546898,-0.022528865108420115,0.159673331455928,2025H2
300475,2025-08-15,4,bull,none,shrinking_volume_acceleration,current_week,0.08021828103683504,0.14979536152796724,1.0144611186903139,-0.016371077762619257,0.22019099590723057,2025H2
300475,2025-08-18,0,bull,ma_bull,two_day_acceleration,current_week,0.0952124798278644,0.26143087681549226,1.0306616460462616,-0.02850995158687475,0.2872512103281335,2025H2
300475,2025-08-25,0,bull,ma_bull,two_day_acceleration,current_week,0.13394584139264998,0.21929400386847187,1.119439071566731,-0.05415860735009681,0.24516441005802703,2025H2
300475,2025-08-29,4,bull,ma_bull,shrinking_volume_acceleration,current_week,-0.023176550783912675,0.6775732788002726,0.7689161554192232,-0.11111111111111116,0.758918427630084,2025H2
300475,2025-09-03,2,bull,ma_bull,shrinking_volume_acceleration,current_week,0.22320819112627976,0.7838452787258248,1.2457337883959045,-0.10989761092150185,0.8179749715585893,2025H2
300475,2025-09-24,2,bull,ma_bull,shrinking_volume_acceleration,current_week,0.21866897147796038,0.2925052475614276,0.5874799357945426,-0.038770218545499224,0.3290529695024078,2025H2
300475,2025-11-05,2,bull,ma_bull,shrinking_volume_acceleration,current_week,0.26662337662337654,0.04837662337662341,-0.17753246753246754,-0.01577922077922078,0.32837662337662343,2025H2
300475,2025-12-09,1,mid,ma_bull,pullback_holds,current_week,-0.1112183686133903,-0.056815831207336465,0.16527614976211824,-0.12176791008756804,0.03371716196648977,2025H2
300475,2026-01-30,4,bull,ma_bull,pullback_holds,current_week,-0.15466257668711658,-0.15349693251533747,-0.03190184049079747,-0.18815950920245395,0.0,2026H1
300475,2026-03-10,1,bull,none,shrinking_volume_acceleration,current_week,-0.04273877017008276,-0.10416796461279676,-0.07681764376051325,-0.14958569559529,0.07750295931717677,2026H1
300475,2026-04-10,4,mid,none,shrinking_volume_acceleration,current_week,0.07144300047134888,0.09117231162884676,0.3106188135479093,-0.0003366776648036085,0.15911386438623687,2026H1
300475,2026-04-16,3,mid,none,shrinking_volume_acceleration,current_week,0.0025000000000001688,0.11987179487179489,0.21076923076923082,-0.017115384615384532,0.14602564102564108,2026H1
300475,2026-04-20,0,bull,none,two_day_acceleration,current_week,0.05503794656629868,0.1672734003825509,0.09674831862775357,-0.05078052693280677,0.25871536990189425,2026H1
300475,2026-04-29,2,bull,ma_bull,shrinking_volume_acceleration,current_week,0.11406537753222845,0.11849677716390428,-0.03838627992633514,-0.01927946593001839,0.2077578268876612,2026H1
300475,2026-05-18,0,bull,ma_bull,shrinking_volume_acceleration,current_week,0.07663157894736838,-0.12057894736842101,0.0752105263157894,-0.12210526315789472,0.07889473684210535,2026H1
300475,2026-05-27,2,mid,ma_bull,pullback_holds,current_week,-0.0682631578947368,-0.06215789473684208,0.611842105263158,-0.1762631578947369,0.01926315789473687,2026H1
300475,2026-05-28,3,mid,ma_bull,pullback_holds,current_week,-0.023957783641160857,-0.038733509234828545,0.5883905013192612,-0.17408970976253302,0.021952506596305987,2026H1
300475,2026-06-24,2,bull,ma_bull,shrinking_volume_acceleration,current_week,0.006086204602899992,-0.18820673140880673,-0.4459225754955435,-0.2051350272715179,0.08361048290541429,2026H1
300475,2026-08-14,4,mid,none,shrinking_volume_acceleration,current_week,-0.02117384843982184,0.0655027241208519,0.037951956414066235,-0.08865775136206033,0.10525012382367516,2026H2
603429,2025-05-09,4,bull,ma_bull,shrinking_volume_acceleration,current_week,0.0020618556701030855,-0.18350515463917538,-0.05154639175257736,-0.21649484536082475,0.12680412371133998,2025H1
603429,2025-05-14,2,bull,ma_bull,shrinking_volume_acceleration,current_week,-0.13899613899613894,-0.21621621621621612,-0.1293436293436293,-0.2664092664092663,0.055019305019305076,2025H1
603429,2025-06-11,2,bull,ma_bull,shrinking_volume_acceleration,current_week,0.05189189189189203,0.035675675675675755,0.11351351351351369,-0.05729729729729727,0.07783783783783793,2025H1
603429,2025-06-30,0,bull,ma_bull,shrinking_volume_acceleration,current_week,-0.009625668449197877,0.0802139037433156,-0.0235294117647058,-0.016042780748662944,0.14438502673796805,2025H1
603429,2025-07-01,1,bull,ma_bull,pullback_holds,current_week,0.06256517205422307,0.04588112617309692,-0.05213764337851934,-0.040667361835244886,0.11574556830031302,2025H2
603429,2025-07-28,0,bull,ma_bull,two_day_acceleration,current_week,0.09748083242059136,0.09967141292442494,0.08871851040525724,-0.027382256297918905,0.13362541073384437,2025H2
603429,2025-07-30,2,bull,ma_bull,shrinking_volume_acceleration,current_week,0.08241758241758235,0.10989010989010994,0.09560439560439571,-0.02417582417582409,0.13736263736263732,2025H2
603429,2025-08-08,4,bull,ma_bull,shrinking_volume_acceleration,current_week,-0.04748062015503873,-0.04941860465116277,0.06395348837209314,-0.06492248062015504,0.0029069767441860517,2025H2
603429,2025-08-25,0,bull,ma_bull,pullback_holds,current_week,0.10111223458038432,0.2012133468149646,0.30738119312436796,-0.04145601617795758,0.22143579373104139,2025H2
603429,2025-08-27,2,bull,ma_bull,pullback_holds,current_week,0.07414829659318634,0.217434869739479,0.3306613226452906,-0.05010020040080165,0.30961923847695383,2025H2
603429,2025-08-28,3,bull,ma_bull,pullback_holds,current_week,0.08053007135575929,0.21814475025484215,0.37920489296636095,-0.007135575942915473,0.33231396534148816,2025H2
603429,2025-08-29,4,bull,ma_bull,pullback_holds,current_week,0.10797174571140267,0.17558022199798184,0.37739656912209885,-0.007063572149344166,0.3188698284561049,2025H2
603429,2025-09-24,2,bull,ma_bull,shrinking_volume_acceleration,current_week,-0.08000000000000007,-0.21358490566037736,-0.28830188679245283,-0.2550943396226414,0.08150943396226418,2025H2
603429,2025-09-29,0,bull,ma_bull,shrinking_volume_acceleration,current_week,-0.26595744680851063,-0.3042553191489361,-0.327659574468085,-0.3226950354609929,0.0,2025H2
603429,2026-01-05,0,bull,none,pullback_holds,current_week,0.09281437125748515,0.07784431137724557,0.0139720558882237,-0.011976047904191489,0.11776447105788446,2026H1
603429,2026-01-07,2,bull,none,two_day_acceleration,current_week,0.07575757575757569,0.1262626262626263,0.0,0.0,0.16060606060606064,2026H1
603429,2026-01-12,0,bull,none,shrinking_volume_acceleration,current_week,-0.011893870082342106,0.05123513266239721,-0.014638609332113472,-0.07868252516010976,0.1161939615736507,2026H1
603429,2026-01-19,0,bull,none,two_day_acceleration,current_week,0.07082945013979502,-0.05312208760484627,-0.006523765144454852,-0.05312208760484627,0.13699906803355089,2026H1
603429,2026-01-23,4,bull,none,two_day_acceleration,current_week,-0.041595925297113645,-0.07045840407470272,-0.15874363327674013,-0.22410865874363317,0.035653650254669156,2026H1
603429,2026-01-27,1,bull,macd_cross,shrinking_volume_acceleration,current_week,-0.2194705380017079,-0.05892399658411629,-0.21776259607173365,-0.2194705380017079,0.015371477369769293,2026H1
300019,2025-04-03,3,mid,ma_bull,pullback_holds,current_week,0.03915662650602392,0.053614457831325346,0.13253012048192758,-0.11265060240963864,0.11024096385542159,2025H1
300019,2025-04-21,0,mid,none,two_day_acceleration,current_week,-0.011305822498586693,0.049745618993781715,-0.010740531373657491,-0.016393442622950727,0.08762012436404754,2025H1
300019,2025-04-22,1,mid,none,pullback_holds,current_week,0.05769230769230771,0.04242081447963808,-0.014705882352941013,-0.015837104072398023,0.08823529411764719,2025H1
300019,2025-04-25,4,mid,none,pullback_holds,current_week,0.06575963718820854,0.04138321995464844,-0.014739229024943401,-0.013605442176870652,0.09070294784580502,2025H1
300019,2025-05-27,1,mid,ma_bull,pullback_holds,current_week,-0.02647887323943654,-0.0011267605633802358,0.13239436619718314,-0.05070422535211261,0.00957746478873256,2025H1
300019,2025-06-09,0,bull,none,pullback_holds,current_week,-0.01834862385321101,-0.017775229357798294,0.1272935779816513,-0.04759174311926617,0.02006880733944949,2025H1
300019,2025-06-10,1,bull,none,pullback_holds,current_week,-0.009237875288683584,0.024249422632794504,0.22055427251732107,-0.04099307159353349,0.02771362586605086,2025H1
300019,2025-06-12,3,bull,none,pullback_holds,current_week,-0.033314187248707494,0.12923607122343483,0.3968983342906376,-0.045950603101665766,0.21194715680643306,2025H1
300019,2025-06-23,0,bull,none,pullback_holds,current_week,0.14767441860465125,0.14302325581395348,0.3383720930232559,-0.0023255813953487747,0.2267441860465118,2025H1
300019,2025-07-14,0,bull,ma_bull,shrinking_volume_acceleration,current_week,0.022202486678507993,-0.019094138543516825,-0.05373001776198938,-0.04262877442273538,0.13499111900532879,2025H2
300019,2025-07-24,3,bull,ma_bull,pullback_holds,current_week,-0.07688927943760981,-0.0689806678383128,-0.04920913884007039,-0.0856766256590511,0.005711775043936607,2025H2
300019,2025-08-11,0,bull,ma_bull,pullback_holds,current_week,0.024482109227871973,0.06355932203389814,0.10875706214689251,-0.019303201506591372,0.07532956685499048,2025H2
300019,2025-08-13,2,bull,ma_bull,pullback_holds,current_week,0.02160638797557546,0.013151714419915583,0.09863785814936588,-0.0201972757162987,0.07280413339596059,2025H2
300019,2025-08-18,0,bull,ma_bull,pullback_holds,current_week,0.038143382352941124,0.0730698529411764,0.02159926470588225,-0.044117647058823595,0.07858455882352922,2025H2
300019,2025-08-19,1,bull,ma_bull,pullback_holds,current_week,0.017351598173515947,0.041095890410958846,0.02602739726027381,-0.05022831050228316,0.07168949771689492,2025H2
300019,2025-08-20,2,bull,ma_bull,pullback_holds,current_week,-0.0114573785517873,0.03299725022914757,0.018790100824931155,-0.04674610449129235,0.07561869844179636,2025H2
300019,2025-08-21,3,bull,ma_bull,pullback_holds,current_week,-0.00230733733271804,0.02861098292570352,0.025380710659898442,-0.040147669589293944,0.08306414397784945,2025H2
300019,2025-08-25,0,bull,ma_bull,two_day_acceleration,current_week,0.04334226988382506,0.052278820375335266,-0.04200178731009818,-0.07059874888293116,0.08221626452189446,2025H2
300019,2025-10-20,0,mid,none,shrinking_volume_acceleration,current_week,-0.018147086914995336,0.06303724928366772,0.17000955109837634,-0.04680038204393511,0.10936007640878698,2025H2
300019,2025-10-21,1,bull,none,pullback_holds,current_week,-0.010511227902532227,0.05637840420449125,0.1571906354515049,-0.046344959388437634,0.10989010989010994,2025H2
300019,2025-10-27,0,bull,none,shrinking_volume_acceleration,current_week,0.07796610169491514,0.20823244552058084,0.030024213075060313,-0.00920096852300245,0.2905569007263922,2025H2
300019,2025-10-28,1,bull,none,pullback_holds,current_week,0.07591240875912408,0.18345498783454994,0.055961070559610526,-0.001946472019464629,0.2968369829683699,2025H2
300019,2025-10-29,2,bull,none,pullback_holds,current_week,0.07867298578199056,0.12606635071090055,-0.00047393364928915993,-0.019431279620853115,0.26303317535545023,2025H2
300019,2025-10-30,3,bull,none,pullback_holds,current_week,0.12722035525684094,0.2145943350936148,0.05664906385021595,0.0,0.27940470475276036,2025H2
300019,2025-11-05,2,bull,none,two_day_acceleration,current_week,0.046696035242290934,0.1110132158590309,-0.08149779735682805,-0.01013215859030836,0.17400881057268736,2025H2
300019,2025-11-06,3,bull,none,two_day_acceleration,current_week,0.09952194697957406,0.029986962190351907,-0.11038678835289017,-0.0004345936549327023,0.15819209039548032,2025H2
300019,2025-11-18,1,mid,none,pullback_holds,current_week,-0.08861822763544724,-0.10625787484250304,-0.1583368332633347,-0.11717765644687106,0.09113817723645545,2025H2
300019,2026-01-05,0,bull,none,pullback_holds,current_week,0.07528409090909083,0.07859848484848486,0.0014204545454545858,-0.0033143939393939226,0.08380681818181812,2026H1
300019,2026-01-12,0,bull,none,two_day_acceleration,current_week,0.002640845070422726,0.011003521126760507,-0.046654929577464754,-0.046654929577464754,0.045774647887323994,2026H1
300019,2026-01-15,3,bull,none,shrinking_volume_acceleration,current_week,0.014719000892060574,-0.009812667261373864,-0.049955396966993804,-0.02720785013380922,0.05976806422836756,2026H1
300019,2026-02-27,4,bull,ma_bull,shrinking_volume_acceleration,current_week,-0.037885462555066085,-0.014537444933920618,-0.13259911894273124,-0.08898678414096917,0.016740088105726914,2026H1
688682,2025-08-06,2,bull,none,two_day_acceleration,current_week,-0.02736051502145931,-0.027092274678111483,-0.22076180257510725,-0.08798283261802575,0.03996781115879844,2025H2
688682,2025-08-11,0,bull,none,shrinking_volume_acceleration,current_week,-0.0363045245191006,0.024112706583581778,-0.18585749119479822,-0.07884042264968849,0.03386616093199679,2025H2
688682,2025-08-18,0,bull,none,two_day_acceleration,current_week,0.061797752808988804,-0.10196629213483144,-0.18286516853932588,-0.11853932584269666,0.08960674157303372,2025H2
688682,2025-08-20,2,bull,none,pullback_holds,current_week,0.04490022172949004,-0.19484478935698446,-0.17267184035476713,-0.2014966740576496,0.07511086474501116,2025H2
688682,2025-08-21,3,bull,none,pullback_holds,current_week,-0.040661805945036544,-0.19994391475042073,-0.186763881099271,-0.21340437464946727,0.08777341559169916,2025H2
688682,2025-08-22,4,bull,none,pullback_holds,current_week,-0.10024993057484033,-0.19189114134962504,-0.20272146625937237,-0.22104970841432925,0.07720077756178845,2025H2
688682,2025-08-27,2,bull,none,shrinking_volume_acceleration,current_week,-0.19305555555555554,-0.18833333333333335,-0.1988888888888889,-0.22083333333333333,0.0005555555555556424,2025H2
688682,2026-01-07,2,bull,ma_bull,shrinking_volume_acceleration,current_week,0.09298245614035094,0.004561403508771988,-0.128421052631579,-0.007017543859649145,0.2807017543859649,2026H1
688682,2026-02-09,0,bull,none,shrinking_volume_acceleration,current_week,-0.03255906293428634,-0.08457415128052426,-0.11494937462775467,-0.08675799086757996,0.06452253325392099,2026H1
688682,2026-02-27,4,bull,none,pullback_holds,current_week,-0.048152515723270506,-0.11458333333333326,-0.1629323899371069,-0.11536949685534603,0.05385220125786172,2026H1
688682,2026-03-02,0,bull,none,two_day_acceleration,current_week,-0.08191981495759448,-0.10832690824980729,-0.15265998457979957,-0.1324209714726292,0.0011565150346952713,2026H1
688682,2026-04-09,3,mid,none,pullback_holds,current_week,0.09700815956482334,0.08590208522212173,0.10788757932910253,-0.01813236627379866,0.15480507706255686,2026H1
688682,2026-04-10,4,mid,none,pullback_holds,current_week,0.10870061657912777,0.05229504453071465,0.1057319022607901,-0.01073304407398945,0.16350765014843582,2026H1
688682,2026-04-17,4,mid,none,shrinking_volume_acceleration,current_week,-0.05379876796714589,-0.008418891170431264,0.047227926078028615,-0.0950718685831623,0.0462012320328542,2026H1
688682,2026-04-20,0,bull,none,two_day_acceleration,current_week,-0.0604604604604605,-0.009409409409409375,-0.027227227227227258,-0.11771771771771777,0.020020020020020013,2026H1
688682,2026-04-27,0,bull,none,shrinking_volume_acceleration,current_week,0.057264957264957284,-0.006623931623931711,0.004700854700854684,-0.03846153846153855,0.102136752136752,2026H1
688682,2026-05-07,3,bull,none,shrinking_volume_acceleration,current_week,-0.0412456176531244,0.0020622808826562533,-0.18972984120437208,-0.0862033408950299,0.0775417611878737,2026H1
688682,2026-05-08,4,bull,none,two_day_acceleration,current_week,-0.11753144654088055,-0.019654088050314433,-0.15644654088050314,-0.129127358490566,0.02692610062893075,2026H1
688682,2026-05-22,4,mid,none,shrinking_volume_acceleration,current_week,-0.1741482965931863,-0.13987975951903797,-0.1619238476953907,-0.22545090180360727,0.07474949899799599,2026H1
688682,2026-05-25,0,bull,none,two_day_acceleration,current_week,-0.19217151848937852,-0.07808811959087347,-0.2265932336742723,-0.23977183320220308,0.0025570416994491474,2026H1
688087,2024-11-06,2,bull,ma_bull,pullback_holds,current_week,0.0356895356895357,-0.0010395010395009008,-0.01975051975051978,-0.03153153153153154,0.06722106722106735,2024H2
688087,2024-11-07,3,bull,ma_bull,pullback_holds,current_week,-0.01317122593718345,-0.03546099290780136,-0.04457953394123604,-0.05606214116852415,0.04018912529550822,2024H2
688087,2024-11-08,4,bull,ma_bull,pullback_holds,current_week,-0.024390243902438935,-0.0640243902439025,-0.02269647696476962,-0.06504065040650397,0.04336043360433606,2024H2
688087,2024-11-11,0,bull,ma_bull,two_day_acceleration,current_week,-0.07467105263157903,-0.08453947368421055,-0.051973684210526394,-0.09868421052631582,0.013157894736842035,2024H2
688087,2024-11-12,1,bull,ma_bull,pullback_holds,current_week,-0.03686327077747986,-0.08478552278820373,-0.027479892761394065,-0.08746648793565681,0.018766756032171594,2024H2
688087,2024-11-13,2,bull,ma_bull,shrinking_volume_acceleration,current_week,-0.038999999999999924,-0.07499999999999996,-0.04066666666666663,-0.10333333333333328,0.01333333333333342,2024H2
688087,2024-12-03,1,bull,none,pullback_holds,current_week,0.00554400554400547,-0.03534303534303529,0.05024255024255031,-0.0363825363825363,0.025641025641025772,2024H2
688087,2024-12-06,4,bull,none,pullback_holds,current_week,-0.019675526406627397,-0.028995512599240603,0.006213324128408804,-0.045219192267863306,0.02174663444943059,2024H2
688087,2024-12-26,3,bull,ma_bull,two_day_acceleration,current_week,-0.05210084033613449,0.01613445378151268,0.04907563025210093,-0.06184873949579828,0.051764705882352935,2024H2
688087,2025-02-06,3,mid,ma_bull,pullback_holds,current_week,0.0012726694241171899,-0.023544384346166014,-0.06076996500159082,-0.04486159720012728,0.03149856824689801,2025H1
688087,2025-02-07,4,mid,ma_bull,pullback_holds,current_week,-0.025633010315723626,-0.03938730853391692,-0.09096592685214133,-0.06158174429509233,0.013441700531416023,2025H1
688087,2025-02-24,0,bull,ma_bull,pullback_holds,current_week,-0.04059759662227991,-0.032153296524845665,-0.07957128937966873,-0.0613835660928872,0.0,2025H1
688087,2025-03-11,1,bull,none,pullback_holds,current_week,-0.01308285810130827,-0.04327406910432752,-0.29386112042938617,-0.06306608520630674,0.0026836632002682492,2025H1
688087,2025-03-12,2,bull,none,pullback_holds,current_week,-0.009523809523809601,-0.036054421768707545,-0.23129251700680276,-0.050000000000000044,0.00612244897959191,2025H1
688087,2025-03-18,1,bull,none,pullback_holds,current_week,-0.031907671418873074,-0.0641547861507128,-0.2464358452138493,-0.0726408689748812,0.0033944331296673624,2025H1
688087,2026-02-24,1,bull,ma_bull,pullback_holds,current_week,0.1849529780564263,0.28683385579937304,0.21880877742946714,0.0,0.3836990595611285,2026H1
688087,2026-02-25,2,bull,ma_bull,pullback_holds,current_week,0.17412781722753934,0.2812596480395184,0.23772769373263358,-0.013275702377276932,0.36276628589070703,2026H1
688087,2026-02-26,3,bull,ma_bull,shrinking_volume_acceleration,current_week,0.19300398895366677,0.33722000613685155,0.18778766492789178,0.0,0.3945995704203742,2026H1
688087,2026-03-05,3,mid,ma_bull,two_day_acceleration,current_week,0.15260513091774652,0.08040201005025116,-0.02777043110288291,-0.002909283258397233,0.20206294631049992,2026H1
688087,2026-04-08,2,mid,ma_bull,pullback_holds,current_week,-0.034711587544665634,-0.004594180704441064,0.13399693721286376,-0.059213884635017866,0.03879530372639106,2026H1
688087,2026-04-09,3,mid,ma_bull,pullback_holds,current_week,-0.03127383676582751,0.01754385964912286,0.12484108822781592,-0.0628019323671497,0.03941011950165274,2026H1
688087,2026-04-10,4,mid,ma_bull,pullback_holds,current_week,-0.03998993963782682,-0.024144869215291576,0.06690140845070425,-0.07293762575452711,0.028169014084507227,2026H1
688087,2026-04-13,0,mid,ma_bull,two_day_acceleration,current_week,-0.08452088452088469,-0.012285012285012331,0.05429975429975431,-0.09434889434889437,0.004422604422604337,2026H1
688087,2026-04-22,2,bull,ma_bull,pullback_holds,current_week,0.16929439131558555,0.1483587490307574,0.07986559834582585,-0.03463427242181438,0.2222796588265703,2026H1
688087,2026-04-30,3,bull,ma_bull,shrinking_volume_acceleration,current_week,-0.04696251615682889,-0.05644118914261087,-0.15208961654459285,-0.1174062903920724,0.018741921585523347,2026H1
688087,2026-05-12,1,bull,ma_bull,pullback_holds,current_week,-0.00227790432801811,-0.04396355353075165,-0.13120728929384962,-0.07494305239179955,0.04009111617312078,2026H1
688087,2026-08-12,2,mid,none,pullback_holds,current_week,0.009183420203524584,-0.04293869446512777,-0.0856291883842143,-0.07594936708860744,0.06899975179945406,2026H2
688087,2026-08-17,0,mid,macd_stabilizing,shrinking_volume_acceleration,current_week,0.04834996162701466,-0.021233051931440428,-0.12970069071373758,-0.06369915579432084,0.10181632130979779,2026H2
688087,2026-08-20,3,mid,macd_stabilizing,pullback_holds,current_week,-0.02438404876809741,-0.042926085852171614,,-0.07035814071628133,0.0939801879603761,2026H2
600496,2025-05-09,4,bull,macd_cross,pullback_holds,current_week,-0.01851851851851849,-0.03395061728395077,-0.04629629629629639,-0.03703703703703709,0.0,2025H1
600496,2025-05-19,0,bull,none,pullback_holds,current_week,-0.025000000000000022,-0.03125,-0.03125,-0.034375000000000044,0.009374999999999911,2025H1
600496,2025-05-20,1,bull,macd_stabilizing,pullback_holds,current_week,-0.03105590062111807,-0.02795031055900632,-0.04658385093167694,-0.04037267080745355,0.0031055900621117516,2025H1
600496,2025-05-21,2,bull,macd_stabilizing,pullback_holds,current_week,-0.024922118380062308,-0.03738317757009346,-0.06230529595015566,-0.04049844236760125,0.0,2025H1
600496,2025-05-29,3,bull,none,pullback_holds,current_week,-0.015822784810126667,-0.01898734177215189,0.0031645569620253333,-0.025316455696202556,0.006329113924050667,2025H1
600496,2025-06-12,3,bull,none,pullback_holds,current_week,-0.03525641025641024,-0.0064102564102563875,0.0641025641025641,-0.0705128205128206,0.0064102564102563875,2025H1
600496,2025-06-25,2,bull,macd_stabilizing,two_day_acceleration,current_week,0.058064516129032295,0.05483870967741944,0.1064516129032258,-0.006451612903225823,0.07096774193548394,2025H1
600496,2025-06-26,3,bull,macd_stabilizing,pullback_holds,current_week,0.05787781350482324,0.06752411575562722,0.10932475884244375,-0.003215434083601254,0.06752411575562722,2025H1
600496,2025-07-01,1,bull,none,two_day_acceleration,current_week,0.015432098765431945,0.04629629629629628,0.03703703703703698,-0.0030864197530865445,0.04629629629629628,2025H2
600496,2025-07-07,0,bull,macd_cross,shrinking_volume_acceleration,current_week,0.0,0.051204819277108404,-0.012048192771084376,-0.01807228915662651,0.051204819277108404,2025H2
600496,2025-07-11,4,bull,macd_cross,pullback_holds,current_week,0.0,0.02108433734939763,0.018072289156626287,-0.009036144578313365,0.06626506024096379,2025H2
600496,2025-07-14,0,bull,none,pullback_holds,current_week,0.048048048048048075,0.009009009009008917,0.018018018018018056,-0.009009009009008917,0.06306306306306309,2025H2
600496,2025-07-17,3,bull,none,pullback_holds,current_week,0.029850746268656803,-0.023880597014925398,-0.008955223880596996,-0.02686567164179099,0.05671641791044779,2025H2
600496,2025-07-18,4,bull,none,pullback_holds,current_week,0.011940298507462588,-0.023880597014925398,-0.005970149253731294,-0.02686567164179099,0.05671641791044779,2025H2
600496,2025-07-24,3,bull,ma_bull,shrinking_volume_acceleration,current_week,-0.05217391304347829,-0.03188405797101457,-0.01449275362318847,-0.060869565217391286,0.005797101449275477,2025H2
600496,2025-07-25,4,bull,none,pullback_holds,current_week,-0.03539823008849563,-0.002949852507374673,0.008849557522123908,-0.04424778761061943,0.005899705014749346,2025H2
600496,2025-08-04,0,bull,ma_bull,shrinking_volume_acceleration,current_week,0.03353658536585358,0.012195121951219523,0.10060975609756095,-0.0030487804878049918,0.04268292682926811,2025H2
600496,2025-08-05,1,bull,ma_bull,pullback_holds,current_week,0.008982035928143839,0.0059880239520957446,0.0628742514970062,-0.017964071856287345,0.0239520958083832,2025H2
600496,2025-08-06,2,bull,ma_bull,pullback_holds,current_week,0.008928571428571397,0.011904761904761862,0.06845238095238093,-0.017857142857142794,0.017857142857142794,2025H2
600496,2025-08-07,3,bull,ma_bull,pullback_holds,current_week,-0.0059880239520956335,0.017964071856287456,0.06886227544910195,-0.011976047904191489,0.0239520958083832,2025H2
600496,2025-08-08,4,bull,ma_bull,pullback_holds,current_week,-0.020588235294117574,0.00588235294117645,0.055882352941176494,-0.02941176470588225,0.00588235294117645,2025H2
600496,2025-08-19,1,bull,ma_bull,pullback_holds,current_week,0.0388059701492538,0.05970149253731338,0.0865671641791046,-0.005970149253731294,0.11044776119402977,2025H2
600496,2025-08-25,0,bull,ma_bull,two_day_acceleration,current_week,0.043352601156069426,0.037572254335260125,0.031791907514451045,-0.011560693641618491,0.07514450867052025,2025H2
600496,2025-09-22,0,mid,ma_bull,pullback_holds,current_week,0.0,0.07262569832402233,0.16759776536312843,-0.027932960893854775,0.0837988826815641,2025H2
600496,2025-09-23,1,mid,ma_bull,pullback_holds,current_week,0.014044943820224587,0.1853932584269662,0.17696629213483162,-0.022471910112359605,0.1853932584269662,2025H2
600496,2025-09-24,2,bull,ma_bull,pullback_holds,current_week,0.027932960893854775,0.13966480446927365,0.2039106145251397,-0.027932960893854775,0.18156424581005592,2025H2
600496,2025-09-26,4,mid,ma_bull,pullback_holds,current_week,0.0393258426966292,0.2050561797752808,0.1938202247191012,-0.022471910112359605,0.2275280898876404,2025H2
600496,2025-09-29,0,bull,ma_bull,pullback_holds,current_week,0.06666666666666665,0.18611111111111112,0.18333333333333335,-0.008333333333333304,0.2138888888888888,2025H2
600496,2025-09-30,1,bull,ma_bull,pullback_holds,current_week,0.16253443526170797,0.1460055096418733,0.1955922865013775,-0.008264462809917328,0.20385674931129483,2025H2
600496,2025-10-09,3,bull,ma_bull,two_day_acceleration,current_week,0.10569105691056913,0.11111111111111094,0.17073170731707332,-0.01084010840108407,0.1842818428184283,2025H2
600496,2025-11-12,2,bull,ma_bull,two_day_acceleration,current_week,-0.07760532150776045,-0.09312638580931265,-0.05099778270509969,-0.12195121951219512,0.004434589800443645,2025H2
600496,2025-12-19,4,mid,none,pullback_holds,current_week,-0.04640371229698381,-0.025522041763341163,0.08120649651972145,-0.058004640371229654,0.01856148491879339,2025H2
600496,2025-12-29,0,bull,none,shrinking_volume_acceleration,current_week,0.019230769230769162,0.06971153846153855,0.125,-0.024038461538461453,0.11778846153846168,2025H2
600496,2025-12-31,2,bull,none,shrinking_volume_acceleration,current_week,0.09615384615384626,0.0625,0.14182692307692313,-0.024038461538461453,0.11778846153846168,2025H2
600496,2026-01-06,1,bull,none,pullback_holds,current_week,0.07582938388625604,0.10426540284360208,0.0781990521327014,-0.009478672985781977,0.10663507109004744,2026H1
600496,2026-01-07,2,bull,none,pullback_holds,current_week,0.03971962616822422,0.08177570093457942,0.09112149532710268,0.0,0.09112149532710268,2026H1
600496,2026-01-20,1,bull,ma_bull,two_day_acceleration,current_week,0.006479481641468832,-0.017278617710583144,-0.008639308855291628,-0.03239740820734327,0.03455723542116629,2026H1
600496,2026-01-28,2,bull,ma_bull,shrinking_volume_acceleration,current_week,0.0021459227467810482,-0.021459227467811037,-0.07081545064377681,-0.03862660944205998,0.02360515021459242,2026H1
600496,2026-01-29,3,bull,ma_bull,pullback_holds,current_week,-0.008583690987124526,-0.030042918454935563,-0.05579399141630892,-0.03862660944205998,0.02360515021459242,2026H1
600496,2026-01-30,4,bull,ma_bull,two_day_acceleration,current_week,-0.016913319238900604,-0.05496828752642724,-0.09090909090909105,-0.05708245243128973,0.008456659619450413,2026H1
600496,2026-02-25,2,bull,ma_bull,pullback_holds,current_week,-0.0631808278867102,-0.05228758169934622,-0.10675381263616568,-0.06971677559912837,0.01089324618736387,2026H1
600496,2026-02-26,3,bull,ma_bull,pullback_holds,current_week,-0.052516411378555894,-0.04814004376367609,-0.11159737417943105,-0.06564551422319476,0.013129102844638973,2026H1
600496,2026-02-27,4,bull,ma_bull,pullback_holds,current_week,-0.0393013100436681,-0.048034934497816484,-0.12882096069868987,-0.06768558951965054,0.01091703056768556,2026H1
600496,2026-04-09,3,mid,none,pullback_holds,current_week,-0.022499999999999964,-0.010000000000000009,0.07000000000000006,-0.09250000000000003,0.0024999999999999467,2026H1
600496,2026-04-10,4,mid,none,pullback_holds,current_week,-0.017721518987341867,-0.03797468354430378,0.06835443037974676,-0.0810126582278482,0.015189873417721378,2026H1
600496,2026-05-06,2,bull,none,shrinking_volume_acceleration,current_week,0.0,-0.0023696682464454666,-0.028436018957346043,-0.056872037914691864,0.04976303317535535,2026H1
600496,2026-05-20,2,bull,none,pullback_holds,current_week,-0.023809523809523947,-0.023809523809523947,-0.1785714285714286,-0.06666666666666676,0.021428571428571352,2026H1
002708,2023-05-18,3,mid,none,two_day_acceleration,current_week,0.03703703703703698,0.062289562289562284,0.15151515151515138,-0.030303030303030387,0.16329966329966328,2023H1
002708,2023-05-22,0,mid,none,shrinking_volume_acceleration,current_week,0.06776859504132227,0.06611570247933884,0.10578512396694228,-0.024793388429751984,0.14214876033057866,2023H1
002708,2023-11-17,4,mid,ma_bull,two_day_acceleration,current_week,-0.0367816091954023,-0.03563218390804601,-0.09425287356321854,-0.06321839080459779,0.025287356321838983,2023H2
002708,2024-03-15,4,bull,macd_cross,shrinking_volume_acceleration,current_week,0.04148936170212769,0.10957446808510629,-0.23404255319148937,-0.00638297872340432,0.16914893617021276,2024H1
002708,2024-03-21,3,bull,ma_bull,two_day_acceleration,current_week,0.10526315789473695,-0.11455108359133126,-0.19711042311661497,-0.11455108359133126,0.13415892672858631,2024H1
002708,2024-03-25,0,mid,ma_bull,two_day_acceleration,current_week,0.04208416833667328,-0.12024048096192397,-0.15430861723446898,-0.19839679358717444,0.10120240480961917,2024H1
002708,2024-07-15,0,mid,none,two_day_acceleration,current_week,-0.055625790139064546,-0.011378002528445008,-0.08596713021491775,-0.12262958280657388,0.005056890012642201,2024H2
002708,2024-12-02,0,bull,ma_bull,two_day_acceleration,current_week,-0.010436432637571325,-0.00948766603415574,0.050284629981024676,-0.034155597722960285,0.18595825426944956,2024H2
002708,2024-12-09,0,bull,ma_bull,shrinking_volume_acceleration,current_week,-0.0206378986866792,-0.008442776735459678,-0.11632270168855541,-0.08067542213883672,0.0684803001876173,2024H2
002708,2024-12-23,0,mid,ma_bull,pullback_holds,current_week,0.02499999999999991,-0.12777777777777788,-0.03333333333333344,-0.15925925925925932,0.08611111111111103,2024H2
002708,2024-12-24,1,bull,ma_bull,two_day_acceleration,current_week,0.025782688766114337,-0.11510128913443829,-0.07734806629834257,-0.16390423572744006,0.08011049723756924,2024H2
002708,2025-02-12,2,bull,ma_bull,shrinking_volume_acceleration,current_week,-0.01405975395430581,0.06766256590509667,0.039543057996485054,-0.07469244288224963,0.11159929701230231,2025H1
002708,2025-02-17,0,bull,ma_bull,two_day_acceleration,current_week,0.06413730803974693,-0.0009033423667569318,0.13459801264679316,-0.04878048780487809,0.1427280939476061,2025H1
002708,2025-02-25,1,bull,ma_bull,shrinking_volume_acceleration,current_week,-0.056198347107437985,-0.0380165289256198,-0.006611570247933907,-0.10082644628099169,0.045454545454545414,2025H1
002708,2025-02-26,2,bull,ma_bull,two_day_acceleration,current_week,-0.049342105263157854,-0.027138157894736836,0.08717105263157898,-0.10526315789473684,0.026315789473684292,2025H1
002708,2025-04-02,2,mid,ma_bull,pullback_holds,current_week,-0.17346123101518784,-0.20383693045563545,-0.01918465227817745,-0.27338129496402874,0.04476418864908083,2025H1
002708,2025-05-08,3,bull,none,shrinking_volume_acceleration,current_week,-0.01616814874696859,-0.10105092966855289,-0.15925626515763947,-0.11883589329021826,0.018593371059013597,2025H1
002708,2025-05-12,0,bull,none,shrinking_volume_acceleration,current_week,-0.10256410256410253,-0.10737179487179482,-0.17307692307692313,-0.1266025641025641,0.008814102564102422,2025H1
002708,2025-05-16,4,bull,none,two_day_acceleration,current_week,-0.021390374331550777,-0.04634581105169333,-0.03297682709447425,-0.059714795008912636,0.03475935828876997,2025H1
002708,2025-06-26,3,bull,none,pullback_holds,current_week,-0.03849679193400546,-0.04949587534372124,-0.010999083409715782,-0.057745187901008355,0.01741521539871682,2025H1
002708,2025-06-27,4,bull,none,pullback_holds,current_week,-0.03974121996303137,-0.0341959334565618,-0.0009242144177449285,-0.049907578558225585,0.025878003696857554,2025H1
002708,2025-07-14,0,bull,none,two_day_acceleration,current_week,0.03308128544423439,0.03402646502835527,0.06805293005671076,-0.011342155009451682,0.047258979206049156,2025H2
002708,2025-07-15,1,bull,none,pullback_holds,current_week,0.018957345971563955,0.032227488151658656,0.07772511848341224,-0.0009478672985782088,0.05023696682464451,2025H2
002708,2025-07-16,2,bull,none,two_day_acceleration,current_week,-0.0046511627906975495,-0.0009302325581395099,0.05581395348837215,-0.009302325581395321,0.030697674418604715,2025H2
002708,2025-07-28,0,bull,none,two_day_acceleration,current_week,0.0018264840182649067,0.03196347031963476,0.215525114155251,-0.034703196347032006,0.03926940639269394,2025H2
002708,2025-07-29,1,bull,none,pullback_holds,current_week,0.0332409972299168,0.049861495844875536,0.21329639889196672,-0.024007386888273308,0.05632502308402576,2025H2
002708,2025-08-25,0,bull,ma_bull,two_day_acceleration,current_week,-0.06914893617021278,-0.0729483282674771,0.08738601823708203,-0.1443768996960486,0.018996960486322267,2025H2
002708,2025-09-11,3,bull,ma_bull,two_day_acceleration,current_week,0.03738317757009346,0.12694704049844252,0.0007788161993769194,-0.028816199376947016,0.1939252336448598,2025H2
002708,2025-09-18,3,mid,ma_bull,two_day_acceleration,current_week,0.06397058823529411,0.027941176470588358,0.00955882352941173,-0.026470588235294024,0.12720588235294117,2025H2
002708,2025-10-10,4,bull,ma_bull,two_day_acceleration,current_week,-0.032379518072289226,0.033885542168674565,0.011295180722891374,-0.03614457831325302,0.07680722891566272,2025H2
002708,2025-10-22,2,bull,ma_bull,pullback_holds,current_week,0.019302152932442418,-0.0044543429844098315,-0.07572383073496658,-0.02152932442464739,0.05716406829992571,2025H2
002708,2025-10-30,3,bull,ma_bull,pullback_holds,current_week,0.010869565217391353,-0.035507246376811574,-0.12826086956521732,-0.05942028985507253,0.04057971014492745,2025H2
002708,2025-10-31,4,bull,ma_bull,two_day_acceleration,current_week,-0.035201149425287404,-0.06537356321839083,-0.11278735632183912,-0.06752873563218387,0.031609195402298784,2025H2
002708,2025-11-12,2,bull,none,pullback_holds,current_week,-0.0674157303370786,-0.09138576779026208,-0.06367041198501866,-0.11385767790262169,0.002996254681647992,2025H2
002708,2025-12-01,0,mid,none,pullback_holds,current_week,-0.0016116035455278066,-0.010475423045930632,0.06688154713940375,-0.03867848509266725,0.01933924254633368,2025H2
002708,2025-12-25,3,bull,none,two_day_acceleration,current_week,0.011432926829268109,0.04649390243902429,0.05945121951219501,-0.016006097560975707,0.05411585365853644,2025H2
002708,2026-01-06,1,bull,none,two_day_acceleration,current_week,0.06053811659192809,0.035127055306427346,0.01718983557548559,-0.027653213751868577,0.11434977578475336,2026H1
002708,2026-01-09,4,bull,none,two_day_acceleration,current_week,0.02157738095238093,0.060267857142857206,0.011904761904761862,-0.01041666666666663,0.109375,2026H1
002708,2026-01-13,1,bull,macd_cross,two_day_acceleration,current_week,-0.010714285714285787,-0.0014285714285714457,-0.007857142857142785,-0.03785714285714281,0.046428571428571486,2026H1
002708,2026-01-16,4,bull,none,pullback_holds,current_week,0.0393873085339167,-0.0051057622173595885,0.016776075857038553,-0.024070021881838044,0.06856309263311444,2026H1
002708,2026-02-09,0,bull,ma_bull,pullback_holds,current_week,0.016023306627822365,-0.08885651857246912,-0.08084486525855783,-0.09104151493080848,0.030589949016751605,2026H1
002708,2026-02-10,1,bull,ma_bull,pullback_holds,current_week,0.02098408104196814,-0.09189580318379154,-0.07525325615050649,-0.11432706222865407,0.02387843704775694,2026H1
002708,2026-02-11,2,bull,ma_bull,pullback_holds,current_week,0.016666666666666607,-0.06376811594202902,-0.09782608695652173,-0.11304347826086958,0.0253623188405796,2026H1
002708,2026-02-12,3,bull,ma_bull,pullback_holds,current_week,-0.005788712011577379,-0.06295224312590442,-0.12879884225759763,-0.11432706222865407,0.02387843704775694,2026H1
002708,2026-03-11,2,bull,none,pullback_holds,current_week,-0.04341317365269448,-0.1152694610778443,0.009730538922155807,-0.16017964071856283,0.0014970059880241582,2026H1
002708,2026-05-07,3,bull,macd_cross,two_day_acceleration,current_week,0.11747643219724435,0.10804931109499649,0.045685279187817285,-0.002175489485134241,0.19651921682378526,2026H1
002708,2026-09-09,2,bull,none,shrinking_volume_acceleration,current_week,,,,-0.023970497848801453,0.05285802089735703,2026H2
688069,2025-07-23,2,bull,ma_bull,shrinking_volume_acceleration,current_week,-0.022344013490725012,0.0590219224283306,0.06112984822934253,-0.04932546374367619,0.09527824620573355,2025H2
688069,2025-08-18,0,bull,ma_bull,pullback_holds,current_week,-0.03675889328063242,-0.1359683794466403,-0.10830039525691704,-0.13715415019762844,0.02371541501976293,2025H2
688069,2025-08-19,1,bull,ma_bull,pullback_holds,current_week,-0.055888223552894134,-0.13652694610778449,-0.10698602794411172,-0.15169660678642716,0.02554890219560879,2025H2
688069,2025-09-11,3,bull,none,shrinking_volume_acceleration,current_week,-0.02517361111111105,-0.03298611111111105,-0.04644097222222221,-0.08116319444444431,0.0013020833333334814,2025H2
688069,2025-09-23,1,mid,none,pullback_holds,current_week,0.002703920684993255,0.03199639477242,0.06534474988733652,-0.04867057232987837,0.0554303740423614,2025H2
688069,2025-09-24,2,bull,none,pullback_holds,current_week,-0.02527716186252771,-0.007982261640798183,0.04301552106430151,-0.0638580931263859,0.03858093126385809,2025H2
688069,2025-09-25,3,bull,none,pullback_holds,current_week,-0.008046490835941,-0.017881090746535655,0.06794814483683509,-0.056325435851587,0.04693786320965576,2025H2
688069,2025-09-26,4,mid,none,pullback_holds,current_week,-0.008940545373267716,-0.006258381761287457,0.11756817165847111,-0.056325435851587,0.04693786320965576,2025H2
688069,2025-09-29,0,bull,none,pullback_holds,current_week,0.013345195729537407,0.015124555160142439,0.0716192170818506,-0.060943060498220736,0.04181494661921703,2025H2
688069,2025-10-14,1,bull,none,two_day_acceleration,current_week,0.024236983842010673,0.108617594254937,0.07540394973070019,-0.03321364452423703,0.11265709156193893,2025H2
688069,2025-10-16,3,bull,none,pullback_holds,current_week,0.055881027489860235,0.05993690851735001,0.07390716538981534,-0.029292474087426856,0.12483100495718791,2025H2
688069,2025-10-21,1,bull,none,shrinking_volume_acceleration,current_week,0.08333333333333326,0.05657894736842106,0.03508771929824572,-0.014912280701754432,0.10921052631578942,2025H2
688069,2025-10-31,4,bull,ma_bull,shrinking_volume_acceleration,current_week,0.03239556692242096,0.0059676044330776445,-0.0490196078431373,-0.007672634271099765,0.07800511508951402,2025H2
688069,2025-11-05,2,bull,none,shrinking_volume_acceleration,current_week,-0.01728395061728405,-0.06625514403292176,-0.11893004115226335,-0.07119341563786008,0.008230452674897082,2025H2
688069,2025-11-06,3,bull,none,pullback_holds,current_week,-0.017724649629018985,-0.07460840890354503,-0.11088211046990937,-0.08367683429513606,0.007419620774938185,2025H2
688069,2025-11-17,0,mid,none,pullback_holds,current_week,-0.07929143821172502,-0.09363137916490927,-0.09067903838043023,-0.11008013496415014,0.011809363137916584,2025H2
688069,2025-12-29,0,bull,none,pullback_holds,current_week,0.07305723592368518,0.08748255002326655,0.12563983248022326,-0.02000930665425793,0.12517449976733364,2025H2
688069,2025-12-30,1,bull,none,two_day_acceleration,current_week,0.0459090909090909,0.07045454545454555,0.06318181818181823,-0.017727272727272703,0.09909090909090912,2025H2
688069,2025-12-31,2,bull,none,two_day_acceleration,current_week,0.04682575416479051,0.06978838361098605,0.07699234579018466,-0.0004502476361999408,0.08869878433138223,2025H2
688069,2026-01-09,4,bull,none,shrinking_volume_acceleration,current_week,0.01799485861182526,0.042416452442159525,0.06726649528706075,-0.015424164524421524,0.04541559554413044,2026H1
688069,2026-01-14,2,bull,none,pullback_holds,current_week,0.043553255713669525,0.04312203536006898,0.13022854678740825,0.0,0.06727037516170764,2026H1
688069,2026-01-20,1,bull,none,shrinking_volume_acceleration,current_week,0.03164556962025311,0.01181434599156117,0.09704641350210963,-0.026160337552742496,0.08776371308016895,2026H1
688069,2026-01-21,2,bull,none,shrinking_volume_acceleration,current_week,0.0020712510356255542,0.007870753935377062,0.07829328914664457,-0.043910521955260906,0.06793703396851702,2026H1
688069,2026-02-02,0,mid,ma_bull,pullback_holds,current_week,0.031970861999190525,0.06960744637798455,0.08862808579522463,-0.04127883447996761,0.074463779846216,2026H1
688069,2026-02-03,1,mid,ma_bull,pullback_holds,current_week,0.09583333333333344,0.08333333333333326,0.09749999999999992,-0.006249999999999978,0.11999999999999988,2026H1
688069,2026-02-04,2,mid,ma_bull,pullback_holds,current_week,0.08574979287489648,0.07829328914664457,0.08492129246064617,-0.005385252692626352,0.12593206296603143,2026H1
688069,2026-02-06,4,mid,ma_bull,two_day_acceleration,current_week,0.03427660422479084,0.014348345954563468,0.033878039059386245,-0.01634117178158634,0.08330011956954952,2026H1
688069,2026-02-27,4,bull,ma_bull,shrinking_volume_acceleration,current_week,0.06322920587128333,-0.02634550244636802,0.07715468573579232,-0.08317651486639066,0.08280015054572831,2026H1
688069,2026-04-16,3,mid,ma_bull,shrinking_volume_acceleration,current_week,0.015384615384615552,0.09090909090909083,0.8125874125874124,-0.034965034965035,0.1440559440559439,2026H1
688069,2026-04-24,4,bull,ma_bull,pullback_holds,current_week,0.31092436974789917,0.55406162464986,0.6635854341736693,-0.019607843137254943,0.6268907563025208,2026H1
688069,2026-05-11,0,bull,ma_bull,shrinking_volume_acceleration,current_week,0.16151454179623181,0.09475032010243267,-0.03859520760929214,-0.030364002194988138,0.2762026705688676,2026H1
688069,2026-05-12,1,bull,ma_bull,two_day_acceleration,current_week,0.180327868852459,0.08378870673952643,-0.04790528233151181,-0.03442622950819674,0.27085610200364285,2026H1
688069,2026-08-27,3,mid,none,shrinking_volume_acceleration,current_week,0.017784963621665373,0.03368364322285089,,-0.056049582322823976,0.08596065750471582,2026H2
688069,2026-09-09,2,bull,none,two_day_acceleration,current_week,,,,-0.0742739655615523,0.0,2026H2
688292,2025-06-09,0,bull,none,pullback_holds,current_week,-0.017125064867669848,-0.036325895173845324,-0.02231447846393353,-0.0669434353918007,0.0,2025H1
688292,2025-06-16,0,bull,none,shrinking_volume_acceleration,current_week,-0.019535374868004274,0.015839493136219573,0.03801478352692711,-0.050686378035902924,0.021647307286166928,2025H1
688292,2025-06-17,1,bull,none,pullback_holds,current_week,0.013390465988216471,0.019282271023031594,0.061596143545795234,-0.036957686127477296,0.03642206748794852,2025H1
688292,2025-06-24,1,bull,none,pullback_holds,current_week,0.012772751463544507,0.018626929217669064,0.11122937732836613,-0.013304949441192093,0.02980308674827037,2025H1
688292,2025-06-27,4,bull,none,shrinking_volume_acceleration,current_week,-0.0316718587746625,0.01349948078920038,0.149013499480789,-0.03738317757009357,0.028037383177569986,2025H1
688292,2025-09-12,4,bull,ma_bull,pullback_holds,current_week,0.08096651123357357,0.025010597710894533,-0.08435777871979644,-0.027977956761339517,0.11064010173802452,2025H2
688292,2025-09-15,0,bull,ma_bull,pullback_holds,current_week,0.027568922305764465,-0.011695906432748537,-0.09690893901420217,-0.026733500417710943,0.0944026733500416,2025H2
688292,2025-10-28,1,bull,none,two_day_acceleration,current_week,-0.046417305092383954,-0.07435781883731418,0.05317710680486698,-0.10319963947724198,0.01126633618747186,2025H2
688292,2025-11-17,0,mid,none,two_day_acceleration,current_week,0.06491646778042948,0.21718377088305485,0.22768496420047724,-0.006205250596658662,0.25536992840095474,2025H2
688292,2025-12-22,0,bull,ma_bull,two_day_acceleration,current_week,-0.05833333333333335,-0.03066666666666662,0.058666666666666645,-0.11999999999999988,0.004666666666666597,2025H2
688292,2026-01-16,4,bull,ma_bull,shrinking_volume_acceleration,current_week,-0.04889502762430953,-0.17127071823204432,-0.06187845303867412,-0.1930939226519337,0.09337016574585633,2026H1
688292,2026-03-12,3,bull,none,pullback_holds,current_week,-0.08233587232499096,-0.16285817918026835,-0.1193326079071454,-0.19006166122597024,0.005077983315197709,2026H1
688292,2026-04-10,4,mid,none,pullback_holds,current_week,0.014119601328903553,-0.05689368770764125,0.00041528239202648365,-0.07184385382059799,0.03696013289036526,2026H1
688292,2026-04-14,1,mid,none,two_day_acceleration,current_week,-0.053650665590963986,-0.09479628882613944,-0.06494554255748286,-0.10246066962484868,0.007260992335619276,2026H1
688292,2026-05-06,2,bull,none,two_day_acceleration,current_week,0.03213367609254503,0.13967437874892896,-0.06383890317052265,-0.016709511568123392,0.21251071122536414,2026H1
002492,2023-03-01,2,bull,ma_bull,pullback_holds,current_week,0.0,-0.039473684210526216,-0.07017543859649111,-0.07017543859649111,0.0277777777777779,2023H1
002492,2023-03-02,3,bull,ma_bull,pullback_holds,current_week,-0.010218978102189857,-0.06423357664233587,-0.07445255474452561,-0.07153284671532845,0.0262773722627736,2023H1
002492,2023-03-03,4,bull,ma_bull,two_day_acceleration,current_week,-0.05873925501432664,-0.07736389684813749,-0.07306590257879664,-0.08882521489971351,0.0014326647564468775,2023H1
002492,2023-03-13,0,mid,none,shrinking_volume_acceleration,current_week,-0.03776435045317217,-0.028700906344410915,-0.08157099697885195,-0.04682779456193342,0.0,2023H1
002492,2023-03-21,1,mid,none,shrinking_volume_acceleration,current_week,-0.010736196319018454,-0.006134969325153339,-0.06748466257668717,-0.03834355828220859,0.010736196319018232,2023H1
002492,2023-03-22,2,mid,none,pullback_holds,current_week,-0.030487804878048808,-0.027439024390244038,-0.08079268292682928,-0.044207317073170715,0.0,2023H1
002492,2023-03-23,3,bull,none,pullback_holds,current_week,-0.020092735703245768,-0.02472952086553315,-0.09273570324574953,-0.030911901081916437,0.01391035548686248,2023H1
002492,2023-04-03,0,bull,none,pullback_holds,current_week,-0.07317073170731714,-0.06859756097560976,-0.060975609756097615,-0.08841463414634143,0.0,2023H1
002492,2023-04-04,1,bull,none,pullback_holds,current_week,-0.054095826893353904,-0.06027820710973719,-0.04327666151468301,-0.07573415765069547,0.0,2023H1
002492,2023-04-27,3,mid,none,pullback_holds,current_week,0.011666666666666714,-0.0033333333333332993,-0.03166666666666662,-0.029999999999999916,0.043333333333333224,2023H1
002492,2023-04-28,4,bull,none,two_day_acceleration,current_week,-0.011532125205930832,-0.011532125205930832,-0.04283360790774293,-0.041186161449752845,0.0313014827018121,2023H1
002492,2023-05-04,3,bull,none,pullback_holds,current_week,-0.02269043760129652,-0.024311183144246296,-0.05186385737439214,-0.05672609400324147,0.014586709886547755,2023H1
002492,2023-05-15,0,mid,none,pullback_holds,current_week,-0.004975124378109541,-0.036484245439469265,-0.01990049751243783,-0.046434494195688236,0.0016583747927030323,2023H1
002492,2023-05-18,3,mid,none,pullback_holds,current_week,-0.02329450915141429,-0.02662229617304479,-0.021630615640598982,-0.04658901830282847,0.0033277870216306127,2023H1
002492,2023-05-22,0,mid,none,pullback_holds,current_week,-0.03166666666666662,-0.008333333333333304,-0.043333333333333335,-0.04499999999999993,0.0,2023H1
002492,2023-06-13,1,mid,none,pullback_holds,current_week,-0.0607082630691399,-0.03709949409780766,-0.001686340640809414,-0.07757166947723437,0.00337268128161905,2023H1
002492,2025-06-05,3,bull,ma_bull,pullback_holds,current_week,0.024561403508771784,0.04561403508771922,0.03684210526315779,-0.007017543859649145,0.21052631578947367,2025H1
002492,2025-07-08,1,bull,ma_bull,pullback_holds,current_week,0.08291032148900168,0.09644670050761417,0.1675126903553299,-0.005076142131979711,0.12013536379018608,2025H2
002492,2025-07-09,2,bull,ma_bull,pullback_holds,current_week,0.08121827411167515,0.10152284263959377,0.20135363790186123,-0.0033840947546531774,0.12013536379018608,2025H2
002492,2025-08-01,4,bull,ma_bull,two_day_acceleration,current_week,0.04761904761904767,0.1096681096681098,0.010101010101010166,-0.031746031746031744,0.13852813852813872,2025H2
002492,2025-08-06,2,bull,ma_bull,two_day_acceleration,current_week,-0.015492957746478964,0.030985915492957705,-0.015492957746478964,-0.04507042253521132,0.11126760563380289,2025H2
002492,2025-08-07,3,bull,ma_bull,two_day_acceleration,current_week,0.08157524613220812,0.047819971870604716,0.02250351617440227,-0.04641350210970463,0.10970464135021096,2025H2
002492,2025-08-11,0,bull,ma_bull,shrinking_volume_acceleration,current_week,-0.01055408970976257,-0.04485488126649073,-0.00395778364116095,-0.10554089709762526,0.04089709762532978,2025H2
002492,2025-09-05,4,bull,ma_bull,pullback_holds,current_week,0.04258241758241743,0.04670329670329676,0.1332417582417582,-0.009615384615384692,0.11126373626373631,2025H2
002492,2025-09-10,2,bull,ma_bull,two_day_acceleration,current_week,0.02580645161290329,-0.02709677419354839,0.016774193548387162,-0.05548387096774188,0.04387096774193555,2025H2
002492,2025-09-19,4,mid,ma_bull,shrinking_volume_acceleration,current_week,-0.023684210526315863,0.08552631578947367,0.014473684210526194,-0.06315789473684219,0.14605263157894743,2025H2
002492,2025-09-22,0,mid,ma_bull,pullback_holds,current_week,-0.05555555555555547,0.040051679586563305,0.019379844961240345,-0.08010335917312661,0.12532299741602082,2025H2
002492,2025-10-27,0,bull,ma_bull,pullback_holds,current_week,0.2142857142857142,0.2324675324675325,-0.02467532467532474,-0.00909090909090915,0.2623376623376623,2025H2
002492,2025-10-28,1,bull,ma_bull,two_day_acceleration,current_week,0.17929292929292928,0.1742424242424243,-0.02020202020202022,-0.025252525252525304,0.2272727272727273,2025H2
002492,2025-10-30,3,bull,ma_bull,two_day_acceleration,current_week,0.17581047381546133,0.03615960099750626,-0.009975062344139585,-0.007481296758104716,0.2119700748129678,2025H2
002492,2025-11-05,2,bull,ma_bull,shrinking_volume_acceleration,current_week,-0.11240721102863194,-0.10498409331919412,-0.1760339342523859,-0.1378579003181335,0.02332979851537642,2025H2
002492,2025-12-22,0,bull,none,shrinking_volume_acceleration,current_week,0.05338541666666674,0.12369791666666674,0.04166666666666674,-0.04427083333333337,0.18489583333333326,2025H2
002492,2026-01-22,3,bull,ma_bull,two_day_acceleration,current_week,0.10265700483091811,0.048309178743961345,0.09541062801932387,0.0,0.14009661835748788,2026H1
002492,2026-04-09,3,mid,none,pullback_holds,current_week,-0.015706806282722474,0.048429319371727564,0.009162303664921323,-0.03664921465968585,0.11649214659685847,2026H1
002492,2026-04-24,4,bull,none,shrinking_volume_acceleration,current_week,-0.0074349442379182396,-0.027261462205700138,-0.1982651796778191,-0.049566294919454856,0.035935563816604565,2026H1
002492,2026-04-27,0,bull,none,two_day_acceleration,current_week,-0.024213075060532607,-0.06537530266343827,-0.20096852300242118,-0.0714285714285714,0.007263922518159882,2026H1
002492,2026-05-07,3,bull,none,pullback_holds,current_week,-0.039800995024875774,-0.133084577114428,-0.26119402985074636,-0.13681592039801005,0.026119402985074425,2026H1
002492,2026-05-08,4,bull,none,two_day_acceleration,current_week,-0.059683313032886876,-0.1400730816077954,-0.2655298416565165,-0.1656516443361754,0.004872107186357999,2026H1
605389,2025-04-21,0,mid,ma_bull,shrinking_volume_acceleration,current_week,-0.004796929964822505,0.061080908218740015,0.09146146466261595,-0.04956827630316596,0.062360089542692565,2025H1
605389,2025-04-25,4,mid,ma_bull,pullback_holds,current_week,0.044488060189728396,0.12855740922473013,0.08734052993130526,-0.015047432122996418,0.18056918547595702,2025H1
605389,2025-04-28,0,mid,ma_bull,two_day_acceleration,current_week,0.0699774266365687,0.09480812641083536,0.043534343760077254,-0.009996775233795607,0.16381812318606914,2025H1
605389,2025-05-16,4,bull,ma_bull,shrinking_volume_acceleration,current_week,-0.019562043795620543,-0.05956204379562047,0.0037956204379563374,-0.06832116788321163,0.03211678832116793,2025H1
605389,2025-06-05,3,bull,ma_bull,two_day_acceleration,current_week,-0.019137389317337772,0.07883461868037722,0.09140245644101697,-0.04655812624964284,0.12824907169380184,2025H1
605389,2025-06-26,3,bull,ma_bull,two_day_acceleration,current_week,-0.0387421383647798,-0.0203773584905661,0.23245283018867924,-0.0387421383647798,0.2193710691823898,2025H1
605389,2025-08-11,0,bull,ma_bull,two_day_acceleration,current_week,-0.03322404371584686,0.009180327868852478,-0.008743169398907069,-0.059672131147540886,0.05092896174863393,2025H2
605389,2025-09-01,0,bull,ma_bull,two_day_acceleration,current_week,-0.01413043478260867,0.031739130434782714,0.2456521739130435,-0.08260869565217388,0.050000000000000044,2025H2
605389,2025-11-20,3,mid,ma_bull,shrinking_volume_acceleration,current_week,-0.014202898550724652,-0.0468115942028986,-0.013188405797101455,-0.08666666666666667,0.08405797101449264,2025H2
605389,2025-12-08,0,bull,ma_bull,pullback_holds,current_week,-0.023559045784560473,0.06993628685731235,0.18239739220625273,-0.04667358127129928,0.09349533264187282,2025H2
605389,2025-12-19,4,mid,ma_bull,shrinking_volume_acceleration,current_week,0.09749062590135571,0.12734352466109033,0.1430631670031728,-0.024516873377559922,0.1880588404961061,2025H2
605389,2025-12-24,2,bull,ma_bull,shrinking_volume_acceleration,current_week,0.054054054054053946,0.09175675675675676,0.12702702702702706,-0.08594594594594596,0.11324324324324309,2025H2
605389,2026-01-07,2,bull,ma_bull,shrinking_volume_acceleration,current_week,-0.018366054464851178,0.02773907536415443,-0.005319822672577579,-0.03280557314756183,0.03229892336922102,2026H1
605389,2026-01-09,4,bull,ma_bull,shrinking_volume_acceleration,current_week,-0.028148148148148144,0.029629629629629672,-0.05432098765432092,-0.057283950617283974,0.03456790123456788,2026H1
605389,2026-03-02,0,bull,none,two_day_acceleration,current_week,-0.05405405405405406,-0.11756091066435892,-0.04526694181866586,-0.11915856743442954,0.009585940620423283,2026H1
605389,2026-04-08,2,mid,none,shrinking_volume_acceleration,current_week,-0.01402388225492901,0.1773118578172732,0.6023326853651765,-0.029436267703415564,0.18786448208830886,2026H1
605389,2026-04-09,3,mid,none,pullback_holds,current_week,-0.004678684464015426,0.18123021879730294,0.4958029448190451,-0.03811751754506665,0.1965047474886472,2026H1
605389,2026-08-06,3,mid,none,pullback_holds,current_week,-0.04732319894249837,-0.07838730998017196,-0.08790482485128892,-0.08592200925313942,0.022471910112359605,2026H2
605389,2026-08-07,4,mid,none,shrinking_volume_acceleration,current_week,-0.03828947368421043,-0.07236842105263153,-0.12460526315789477,-0.09368421052631581,0.017763157894737036,2026H2
600516,2025-09-12,4,bull,ma_bull,two_day_acceleration,current_week,-0.0337078651685393,-0.0337078651685393,0.009363295880149725,-0.06928838951310867,0.0037453183520599342,2025H2
600516,2025-09-29,0,bull,ma_bull,two_day_acceleration,current_week,0.022770398481973375,0.017077798861480087,0.23149905123339654,-0.022770398481973486,0.06641366223908918,2025H2
600516,2025-09-30,1,bull,ma_bull,pullback_holds,current_week,0.024761904761904763,0.0,0.2076190476190476,-0.01904761904761898,0.07047619047619058,2025H2
600516,2025-10-10,4,bull,ma_bull,two_day_acceleration,current_week,-0.011450381679389388,-0.019083969465648942,0.2232824427480915,-0.022900763358778664,0.06106870229007644,2025H2
600516,2025-10-21,1,bull,ma_bull,pullback_holds,current_week,0.06168224299065406,0.2130841121495326,0.216822429906542,-0.04299065420560755,0.2747663551401869,2025H2
600516,2025-10-22,2,bull,ma_bull,pullback_holds,current_week,0.19047619047619047,0.2076190476190476,0.318095238095238,-0.024761904761904763,0.299047619047619,2025H2
600516,2025-10-31,4,bull,ma_bull,shrinking_volume_acceleration,current_week,0.004702194357366851,0.00783699059561127,0.0031347962382446415,-0.047021943573667735,0.06896551724137945,2025H2
600516,2025-11-06,3,bull,ma_bull,two_day_acceleration,current_week,0.034267912772585785,0.05607476635514019,-0.06853582554517124,-0.052959501557632405,0.11370716510903423,2025H2
600516,2026-01-08,3,bull,none,shrinking_volume_acceleration,current_week,-0.005059021922428242,-0.025295109612141542,-0.04553119730185495,-0.06745362563237767,0.0404721753794266,2026H1
600516,2026-01-09,4,bull,macd_stabilizing,two_day_acceleration,current_week,-0.028006589785831926,-0.0032948929159802853,-0.06425041186161462,-0.08896210873146626,0.016474464579901094,2026H1
600516,2026-03-10,1,bull,ma_bull,two_day_acceleration,current_week,-0.05908419497784345,-0.14180206794682426,-0.1595273264401772,-0.172821270310192,0.07680945347119628,2026H1
600516,2026-03-11,2,bull,ma_bull,two_day_acceleration,current_week,-0.10533910533910529,-0.15873015873015872,-0.20057720057720052,-0.19191919191919182,0.051948051948051965,2026H1
600516,2026-04-13,0,mid,none,pullback_holds,current_week,-0.012367491166077826,-0.04593639575971731,-0.01590106007067138,-0.05477031802120136,0.0176678445229681,2026H1
002715,2023-03-22,2,mid,none,pullback_holds,current_week,-0.018046048537647685,-0.043559427504667014,-0.14436838830118237,-0.05164903546981958,0.01991288114499068,2023H1
002715,2023-03-23,3,bull,none,pullback_holds,current_week,-0.023153942428035035,-0.021276595744680882,-0.15644555694618267,-0.05569461827284106,0.025657071339173942,2023H1
002715,2025-04-21,0,mid,ma_bull,shrinking_volume_acceleration,current_week,-0.06876971608832805,0.007570977917981114,0.029652996845425994,-0.08012618296529961,0.023343848580441584,2025H1
002715,2025-05-08,3,bull,macd_stabilizing,shrinking_volume_acceleration,current_week,-0.04132748904195371,0.021916092673763377,0.09705698184095168,-0.05823418910457101,0.051972448340638744,2025H1
002715,2025-05-21,2,bull,macd_cross,two_day_acceleration,current_week,0.030120481927710774,0.06867469879518073,0.04879518072289146,-0.04216867469879526,0.11867469879518056,2025H1
002715,2025-06-06,4,bull,ma_bull,pullback_holds,current_week,0.03622771707878081,-0.010925819436457762,0.08395629672225424,-0.03392754456584246,0.12133410005750433,2025H1
002715,2025-06-24,1,bull,ma_bull,pullback_holds,current_week,0.04679665738161565,0.027298050139275887,0.07130919220055709,-0.0345403899721447,0.07520891364902504,2025H1
002715,2025-06-25,2,bull,ma_bull,pullback_holds,current_week,0.049745618993781715,0.031091011871113627,0.05935556811758058,-0.020350480497456136,0.09101187111362341,2025H1
002715,2025-07-23,2,bull,ma_bull,pullback_holds,current_week,-0.033635878270154795,-0.013347570742124892,0.02295782167645477,-0.1206620395088095,0.0304324612920448,2025H2
002715,2025-07-25,4,bull,ma_bull,pullback_holds,current_week,-0.07127659574468082,-0.046276595744680904,0.025531914893617058,-0.12393617021276604,0.02659574468085113,2025H2
002715,2025-07-29,1,bull,ma_bull,pullback_holds,current_week,-0.04656084656084669,-0.06507936507936507,0.13386243386243368,-0.12857142857142878,0.0,2025H2
002715,2025-08-19,1,bull,none,shrinking_volume_acceleration,current_week,0.13626723223753978,0.1580063626723225,0.28048780487804903,-0.013785790031813239,0.25556733828207845,2025H2
002715,2025-08-20,2,bull,ma_bull,two_day_acceleration,current_week,0.16563467492260076,0.16615067079463386,0.22600619195046456,-0.03818369453044368,0.22807017543859653,2025H2
002715,2025-08-22,4,bull,ma_bull,shrinking_volume_acceleration,current_week,0.19222797927461133,0.17616580310880825,0.4290155440414509,-0.00984455958549224,0.23316062176165797,2025H2
002715,2025-08-29,4,bull,ma_bull,two_day_acceleration,current_week,-0.013043478260869601,0.07304347826086954,0.08217391304347821,-0.13217391304347825,0.10347826086956524,2025H2
002715,2025-10-23,3,bull,ma_bull,pullback_holds,current_week,-0.03889860139860124,-0.02709790209790197,0.0008741258741260527,-0.04676573426573427,0.021853146853146876,2025H2
002715,2025-10-27,0,bull,none,pullback_holds,current_week,0.021691013722886288,-0.06640106241699872,-0.04869411243913224,-0.07392651615759183,0.03497122620628601,2025H2
301198,2025-05-19,0,bull,none,shrinking_volume_acceleration,current_week,-0.008411214953271129,-0.002803738317757154,0.02336448598130847,-0.028037383177570208,0.025233644859812943,2025H1
301198,2025-05-20,1,bull,none,two_day_acceleration,current_week,-0.022893772893772923,-0.0064102564102563875,-0.0064102564102563875,-0.04761904761904756,0.00366300366300365,2025H1
301198,2025-05-22,3,bull,none,pullback_holds,current_week,0.030274361400189242,0.03122043519394513,-0.023651844843897818,-0.016083254493850507,0.03595080416272478,2025H1
301198,2025-05-28,2,mid,none,pullback_holds,current_week,0.012115563839701693,0.03168685927306614,0.026095060577819185,-0.027958993476234872,0.06989748369058724,2025H1
301198,2025-05-29,3,bull,none,shrinking_volume_acceleration,current_week,0.0018382352941175295,0.011029411764705843,0.014705882352941124,-0.04136029411764719,0.05514705882352944,2025H1
301198,2025-06-09,0,bull,macd_cross,two_day_acceleration,current_week,-0.009856630824372714,-0.05197132616487454,0.014336917562723928,-0.08691756272401441,0.028673835125448077,2025H1
301198,2025-06-11,2,bull,macd_cross,shrinking_volume_acceleration,current_week,-0.021641118124436476,-0.008115419296663595,0.02524797114517585,-0.08115419296663662,0.026149684400360806,2025H1
301198,2025-06-13,4,bull,macd_cross,pullback_holds,current_week,-0.05753424657534256,0.008219178082191858,0.03287671232876699,-0.06940639269406401,0.020091324200913085,2025H1
301198,2025-06-16,0,bull,none,pullback_holds,current_week,-0.045126353790613694,0.009927797833934937,0.042418772563177054,-0.08032490974729245,0.011732851985559734,2025H1
301198,2025-06-23,0,bull,macd_stabilizing,shrinking_volume_acceleration,current_week,0.0332409972299168,0.04524469067405357,0.09787626962142193,-0.02123730378578026,0.048938134810710965,2025H1
301198,2025-06-27,4,bull,macd_cross,shrinking_volume_acceleration,current_week,-0.008130081300812941,0.02168021680216814,0.11743450767841024,-0.009936766034326916,0.039747064137307886,2025H1
301198,2025-07-10,3,bull,ma_bull,shrinking_volume_acceleration,current_week,0.009683098591549477,0.06073943661971848,0.0651408450704225,-0.022007042253521125,0.06866197183098599,2025H2
301198,2025-07-11,4,bull,ma_bull,pullback_holds,current_week,0.017699115044247815,0.09469026548672566,0.07964601769911517,-0.016814159292035558,0.13097345132743365,2025H2
301198,2025-07-16,2,bull,ma_bull,shrinking_volume_acceleration,current_week,0.02869565217391301,0.02869565217391301,0.0721739130434782,-0.013043478260869601,0.11130434782608711,2025H2
301198,2025-07-18,4,bull,ma_bull,pullback_holds,current_week,0.07099567099567095,0.026839826839826664,0.039826839826839766,-0.0034632034632035014,0.10649350649350642,2025H2
301198,2025-07-23,2,bull,ma_bull,shrinking_volume_acceleration,current_week,0.0025423728813558366,0.04067796610169494,0.06864406779661003,-0.02033898305084747,0.08305084745762725,2025H2
301198,2025-07-24,3,bull,ma_bull,two_day_acceleration,current_week,-0.03722084367245648,0.0008271298593878207,0.03804797353184464,-0.043837882547559937,0.057071960297766955,2025H2
301198,2025-07-25,4,bull,ma_bull,two_day_acceleration,current_week,-0.04431909750201457,-0.01692183722804186,-0.0016116035455278066,-0.06849315068493145,0.0040290088638195165,2025H2
301198,2025-08-11,0,bull,ma_bull,shrinking_volume_acceleration,current_week,-0.009599999999999942,-0.020000000000000018,-0.04399999999999993,-0.04399999999999993,0.016000000000000014,2025H2
301198,2025-08-22,4,bull,ma_bull,pullback_holds,current_week,-0.11289031224979984,-0.06485188150520416,-0.06725380304243389,-0.13210568454763816,0.0304243394715773,2025H2
301198,2025-09-29,0,bull,none,two_day_acceleration,current_week,-0.012248468941382207,0.04199475065616798,0.13385826771653564,-0.07261592300962383,0.05336832895888022,2025H2
301198,2025-09-30,1,bull,none,pullback_holds,current_week,0.01041666666666674,0.0355902777777779,0.15017361111111116,-0.07986111111111116,0.04600694444444464,2025H2
301198,2025-10-15,2,bull,macd_stabilizing,shrinking_volume_acceleration,current_week,0.02579535683576939,0.11779879621668088,0.15305245055889927,-0.021496130696474602,0.18658641444539992,2025H2
301198,2025-10-16,3,bull,macd_stabilizing,pullback_holds,current_week,0.04268292682926833,0.10627177700348445,0.1506968641114983,-0.008710801393728151,0.2020905923344949,2025H2
301198,2025-10-17,4,mid,none,pullback_holds,current_week,0.05052264808362361,0.11062717770034847,0.1454703832752613,-0.0060975609756097615,0.2020905923344949,2025H2
301198,2025-10-24,4,bull,macd_stabilizing,two_day_acceleration,current_week,0.04938271604938271,0.07654320987654328,-0.004115226337448652,-0.012345679012345734,0.1358024691358024,2025H2
301198,2025-10-27,0,bull,ma_bull,two_day_acceleration,current_week,0.04939271255060729,0.0542510121457489,-0.0080971659919028,-0.017813765182186136,0.1174089068825912,2025H2
301198,2025-10-31,4,bull,ma_bull,shrinking_volume_acceleration,current_week,0.010819165378670892,0.016228748068006338,-0.019319938176197815,-0.01777434312210191,0.06646058732612059,2025H2
301198,2025-12-08,0,bull,ma_bull,pullback_holds,current_week,-0.0763052208835342,-0.06184738955823299,0.050602409638554224,-0.1180722891566266,0.008032128514056103,2025H2
301198,2025-12-25,3,bull,none,pullback_holds,current_week,0.08786610878661083,0.13054393305439316,0.22510460251046016,-0.03682008368200851,0.13723849372384933,2025H2
301198,2025-12-29,0,bull,none,pullback_holds,current_week,0.10659898477157359,0.30710659898477166,0.21404399323181034,-0.022842639593908642,0.3857868020304567,2025H2
301198,2026-01-08,3,bull,macd_cross,shrinking_volume_acceleration,current_week,0.10802700675168797,0.11552888222055513,0.07351837959489882,-0.01800450112528129,0.2288072018004501,2026H1
301198,2026-02-09,0,bull,ma_bull,shrinking_volume_acceleration,current_week,0.03983794733288315,0.08170155300472648,0.0452397029034437,-0.02160702228224176,0.2052667116812965,2026H1
301198,2026-02-13,4,mid,ma_bull,shrinking_volume_acceleration,current_week,0.15030060120240463,0.02605210420841675,-0.09485637942551772,-0.018036072144288595,0.19238476953907813,2026H1
301198,2026-02-24,1,bull,ma_bull,two_day_acceleration,current_week,0.039584685269305586,0.005840363400389403,-0.07203114860480209,-0.046073977936404886,0.15833874107722257,2026H1
301198,2026-03-16,0,mid,ma_bull,pullback_holds,current_week,-0.12580645161290316,-0.0767741935483871,-0.08774193548387088,-0.1425806451612902,0.0496774193548386,2026H1
301198,2026-04-09,3,mid,none,pullback_holds,current_week,0.027201145311381403,0.18253400143163923,0.2526843235504652,-0.006442376521116677,0.23264137437365773,2026H1
301198,2026-04-10,4,mid,none,pullback_holds,current_week,0.015000000000000124,0.23142857142857154,0.2685714285714287,-0.008571428571428563,0.2428571428571431,2026H1
301198,2026-04-13,0,mid,none,two_day_acceleration,current_week,0.01467505241090139,0.17400419287211744,0.23899371069182385,-0.028651292802236217,0.2159329140461217,2026H1
301198,2026-04-17,4,mid,none,pullback_holds,current_week,0.2132301196340607,0.2857142857142856,0.2969739619985925,-0.010555946516537684,0.3624208304011258,2026H1
301198,2026-04-20,0,bull,none,shrinking_volume_acceleration,current_week,0.15384615384615397,0.24450549450549453,0.22527472527472514,-0.01098901098901095,0.3296703296703296,2026H1
301198,2026-04-29,2,bull,none,two_day_acceleration,current_week,0.0433048433048433,0.029059829059828957,0.05413105413105401,-0.05071225071225072,0.10313390313390314,2026H1
301198,2026-05-11,0,bull,ma_bull,two_day_acceleration,current_week,-0.004410143329658278,0.013781697905181911,-0.0793825799338479,-0.08158765159867698,0.05733186328555684,2026H1
301198,2026-05-18,0,bull,ma_bull,pullback_holds,current_week,0.022234574763757564,0.028349082823790894,-0.23235130628126743,-0.054474708171206254,0.08115619788771533,2026H1
301198,2026-06-03,2,mid,ma_bull,shrinking_volume_acceleration,current_week,-0.14743235781336284,-0.20541137493097728,-0.27112092766427376,-0.2606294864715626,0.014908890115957973,2026H1
300481,2025-12-22,0,bull,ma_bull,two_day_acceleration,current_week,0.008285532186105948,0.04843849585723392,0.08221797323135771,-0.0216698534098152,0.05991077119184185,2025H2
300481,2025-12-24,2,bull,ma_bull,pullback_holds,current_week,-0.016497461928933976,0.04187817258883264,0.10723350253807107,-0.02601522842639592,0.07550761421319785,2025H2
300481,2025-12-25,3,bull,ma_bull,pullback_holds,current_week,0.023329129886506816,0.038461538461538325,0.12862547288776804,-0.03215636822194212,0.06872635561160134,2025H2
300481,2025-12-29,0,bull,none,pullback_holds,current_week,0.0471037555697007,0.04010184595798849,0.16677275620623822,-0.02291534054742206,0.07893061744112018,2025H2
300481,2026-01-15,3,bull,none,two_day_acceleration,current_week,0.013633669235328938,0.07468879668049788,0.036158861885002835,-0.018968583283936025,0.10077059869590976,2026H1
300481,2026-01-26,0,bull,ma_bull,two_day_acceleration,current_week,-0.04999999999999993,-0.04055555555555557,-0.06666666666666665,-0.08666666666666656,0.03166666666666673,2026H1
300481,2026-04-09,3,mid,none,pullback_holds,current_week,-0.06481481481481477,-0.08580246913580236,-0.0913580246913579,-0.09197530864197523,0.010493827160493963,2026H1
300481,2026-04-10,4,mid,none,pullback_holds,current_week,-0.06999999999999995,-0.06312499999999999,-0.06499999999999995,-0.08499999999999996,0.005624999999999991,2026H1
300481,2026-04-24,4,bull,none,pullback_holds,current_week,-0.03068712474983315,-0.002001334222815121,0.04869913275517024,-0.04869913275517013,0.033355570380253496,2026H1
300481,2026-04-27,0,bull,none,two_day_acceleration,current_week,-0.026490066225165476,-0.009271523178807861,0.0649006622516557,-0.05562913907284772,0.025827814569536534,2026H1
300481,2026-04-28,1,bull,none,pullback_holds,current_week,-0.02384105960264893,-0.009933774834437026,-0.04172185430463571,-0.05562913907284772,0.025827814569536534,2026H1
300481,2026-04-29,2,bull,none,pullback_holds,current_week,-0.015686274509803977,-0.004575163398692794,-0.045751633986928164,-0.06797385620915042,0.0006535947712418277,2026H1
300481,2026-05-07,3,bull,none,shrinking_volume_acceleration,current_week,0.023956194387406038,0.028747433264887157,-0.05475701574264191,-0.003422313483915085,0.11772758384668047,2026H1
300481,2026-05-11,0,bull,none,two_day_acceleration,current_week,0.011288180610889764,0.0670650730411686,-0.11819389110225764,-0.02921646746347939,0.08432934926958846,2026H1
300481,2026-05-13,2,bull,none,pullback_holds,current_week,0.02201467645096722,0.04869913275517024,-0.053368912608405705,-0.01534356237491663,0.11340893929286189,2026H1
300481,2026-05-14,3,bull,none,pullback_holds,current_week,0.0033377837116155273,0.07343124165554071,0.13684913217623507,-0.01468624833110821,0.1141522029372497,2026H1
300481,2026-05-15,4,bull,none,pullback_holds,current_week,0.042953020134228304,-0.02885906040268449,0.13758389261744952,-0.03691275167785235,0.12013422818791941,2026H1
300481,2026-05-18,0,bull,none,shrinking_volume_acceleration,current_week,0.06283068783068768,-0.03439153439153453,0.24140211640211628,-0.06018518518518523,0.10383597883597884,2026H1
300481,2026-05-20,2,bull,none,two_day_acceleration,current_week,0.020779220779220786,-0.11168831168831173,0.2571428571428571,-0.12077922077922076,0.08376623376623393,2026H1
300481,2026-05-21,3,mid,none,pullback_holds,current_week,0.06068601583113464,-0.08905013192612132,0.2295514511873351,-0.11609498680738783,0.1009234828496044,2026H1
300481,2026-05-22,4,mid,none,shrinking_volume_acceleration,current_week,-0.07834394904458597,-0.11082802547770698,0.1878980891719746,-0.16687898089171982,0.06305732484076443,2026H1
300481,2026-05-25,0,bull,none,two_day_acceleration,current_week,-0.08521303258145374,-0.1679197994987468,0.13596491228070162,-0.18045112781954886,0.04573934837092741,2026H1
300481,2026-05-28,3,mid,none,shrinking_volume_acceleration,current_week,-0.14223602484472053,0.05776397515527942,0.12608695652173907,-0.18757763975155284,0.05776397515527942,2026H1
300481,2026-06-17,2,bull,macd_cross,shrinking_volume_acceleration,current_week,-0.046704722366372575,0.06279190451478978,-0.276595744680851,-0.08199273482096514,0.18422418266735874,2026H1
601311,2025-02-21,4,bull,none,pullback_holds,current_week,0.061594202898551,0.049516908212560384,0.05676328502415462,-0.004830917874396046,0.10386473429951715,2025H1
601311,2025-02-26,2,bull,macd_stabilizing,two_day_acceleration,current_week,0.0068728522336769515,-0.002290950744558984,0.00572737686139746,-0.01718213058419249,0.04696449026345939,2025H1
601311,2025-03-20,3,bull,none,shrinking_volume_acceleration,current_week,-0.02584269662921357,-0.07415730337078652,-0.11348314606741572,-0.07865168539325851,0.005617977528090012,2025H1
601311,2025-05-06,1,mid,none,two_day_acceleration,current_week,0.005793742757821407,0.006952491309385689,-0.02549246813441486,-0.01969872537659323,0.015063731170335881,2025H1
601311,2025-05-08,3,bull,none,shrinking_volume_acceleration,current_week,-0.002333722287047757,-0.003500583430571691,-0.022170361726954413,-0.008168028004667427,0.022170361726954413,2025H1
601311,2025-05-19,0,bull,ma_bull,pullback_holds,current_week,-0.023094688221708903,-0.03579676674364907,-0.025404157043879994,-0.04734411085450352,0.006928406466512715,2025H1
601311,2025-05-20,1,bull,ma_bull,pullback_holds,current_week,-0.032146957520092,-0.03444316877152709,-0.03444316877152709,-0.05281285878300812,0.0011481056257174327,2025H1
601311,2025-05-21,2,bull,ma_bull,pullback_holds,current_week,-0.03117782909930711,-0.03117782909930711,-0.03464203233256358,-0.04734411085450352,0.004618937644341958,2025H1
601311,2025-05-29,3,bull,none,pullback_holds,current_week,-0.007109004739336289,-0.010663507109004766,0.08886255924170627,-0.02251184834123221,0.007109004739336511,2025H1
601311,2025-06-23,0,bull,macd_stabilizing,two_day_acceleration,current_week,0.05490654205607459,0.005841121495326895,0.08644859813084116,-0.008177570093457986,0.08644859813084116,2025H1
601311,2025-06-27,4,bull,ma_bull,shrinking_volume_acceleration,current_week,-0.052230685527747456,-0.05875952121871586,0.02393906420021774,-0.07616974972796509,0.001088139281828271,2025H1
601311,2025-07-18,4,bull,ma_bull,shrinking_volume_acceleration,current_week,0.02060737527114953,-0.013015184381778844,0.06290672451193058,-0.021691973969631295,0.04121475054229928,2025H2
601311,2025-07-21,0,bull,ma_bull,two_day_acceleration,current_week,0.018378378378378413,-0.00324324324324321,0.0529729729729731,-0.025945945945946014,0.037837837837837895,2025H2
601311,2025-07-22,1,bull,ma_bull,two_day_acceleration,current_week,-0.022082018927444658,-0.02733964248159826,0.034700315457413256,-0.05257623554153523,0.009463722397476282,2025H2
601311,2025-07-24,3,bull,ma_bull,shrinking_volume_acceleration,current_week,-0.04109589041095896,-0.030558482613277094,0.05690200210748153,-0.050579557428872546,0.0031612223393044925,2025H2
601311,2025-08-05,1,bull,ma_bull,pullback_holds,current_week,0.011904761904761862,0.06493506493506485,0.0714285714285714,-0.008658008658008698,0.06818181818181834,2025H2
601311,2025-08-06,2,bull,ma_bull,pullback_holds,current_week,0.0237068965517242,0.08728448275862077,0.0700431034482758,-0.012931034482758563,0.09590517241379315,2025H2
601311,2025-08-07,3,bull,ma_bull,pullback_holds,current_week,0.009814612868047856,0.09378407851690285,0.09705561613958569,-0.0010905125408942062,0.11450381679389321,2025H2
601311,2025-08-08,4,bull,ma_bull,pullback_holds,current_week,0.047008547008547064,0.05769230769230771,0.12393162393162394,-0.013888888888888729,0.091880341880342,2025H2
601311,2025-08-11,0,bull,ma_bull,two_day_acceleration,current_week,0.03837953091684421,0.08422174840085273,0.15245202558635396,-0.015991471215351827,0.09168443496801704,2025H2
601311,2025-08-19,1,bull,ma_bull,shrinking_volume_acceleration,current_week,0.025329280648429542,0.003039513677811412,0.13069908814589648,-0.0314083080040527,0.03748733535967563,2025H2
601311,2025-08-20,2,bull,ma_bull,two_day_acceleration,current_week,-0.03448275862068961,-0.021674876847290747,0.11724137931034484,-0.058128078817733964,0.008866995073891548,2025H2
601311,2025-08-25,0,bull,ma_bull,shrinking_volume_acceleration,current_week,-0.012770137524557912,0.06188605108055012,0.05992141453831046,-0.06090373280943018,0.06286836935167006,2025H2
601311,2025-08-29,4,bull,ma_bull,two_day_acceleration,current_week,0.03747534516765283,0.0798816568047338,0.07396449704142016,-0.030571992110453694,0.17258382642998016,2025H2
601311,2025-09-17,2,bull,ma_bull,shrinking_volume_acceleration,current_week,-0.017761989342806372,0.00799289520426294,-0.04440497335701599,-0.06749555950266428,0.03641207815275305,2025H2
601311,2025-09-29,0,bull,ma_bull,two_day_acceleration,current_week,-0.02975653742110007,-0.03697024346257893,-0.1073038773669972,-0.06582506762849416,0.05229936880072139,2025H2
601311,2025-10-16,3,bull,ma_bull,pullback_holds,current_week,-0.021818181818181848,-0.08909090909090911,-0.054545454545454564,-0.09454545454545449,0.008181818181818068,2025H2
601311,2025-12-01,0,mid,none,pullback_holds,current_week,0.0032679738562093608,-0.02287581699346397,0.004357298474945592,-0.023965141612200314,0.01089324618736387,2025H2
601311,2025-12-22,0,bull,none,pullback_holds,current_week,0.013186813186813362,0.029670329670329787,0.06703296703296724,-0.004395604395604269,0.04285714285714293,2025H2
601311,2025-12-23,1,bull,none,pullback_holds,current_week,0.009846827133479286,0.022975929978118037,0.05579868708971558,-0.005470459518599591,0.0382932166301968,2025H2
601311,2025-12-24,2,bull,none,shrinking_volume_acceleration,current_week,0.0010917030567685337,0.025109170305676942,0.08296943231441056,-0.0065502183406114245,0.0360262008733625,2025H2
601311,2025-12-26,4,bull,none,two_day_acceleration,current_week,0.014023732470334505,0.006472491909385258,0.03559870550161803,-0.014023732470334282,0.02373247033441217,2025H2
601311,2026-01-08,3,bull,none,pullback_holds,current_week,0.025668449197860932,0.03208556149732633,0.009625668449197766,-0.007486631016042855,0.04385026737967923,2026H1
601311,2026-01-12,0,bull,none,two_day_acceleration,current_week,0.024390243902439046,0.03499469777306463,0.024390243902439046,-0.01590668080593849,0.05726405090137865,2026H1
601311,2026-01-15,3,bull,none,two_day_acceleration,current_week,0.0041623309053071544,-0.006243496357960288,0.005202913631633832,-0.027055150884495283,0.037460978147762836,2026H1
601311,2026-01-16,4,bull,none,pullback_holds,current_week,0.04641350210970452,0.001054852320675037,0.002109704641350074,-0.02426160337552752,0.05168776371308015,2026H1
603077,2025-12-22,0,bull,ma_bull,pullback_holds,current_week,0.004424778761061843,0.030973451327433565,0.0752212389380531,-0.017699115044247815,0.05309734513274322,2025H2
603077,2025-12-26,4,bull,ma_bull,two_day_acceleration,current_week,0.025974025974025983,-0.04329004329004338,0.10822510822510822,-0.06060606060606066,0.030303030303030276,2025H2
603077,2026-01-05,0,bull,none,pullback_holds,current_week,-0.026431718061673992,0.008810572687224738,0.022026431718061623,-0.048458149779735615,0.048458149779735615,2026H1
603077,2026-02-27,4,bull,ma_bull,shrinking_volume_acceleration,current_week,-0.023569023569023684,0.10437710437710446,-0.03703703703703709,-0.07744107744107742,0.19191919191919182,2026H1
603077,2026-04-13,0,mid,ma_bull,shrinking_volume_acceleration,current_week,0.08666666666666667,-0.013333333333333308,-0.08999999999999997,-0.04999999999999993,0.09666666666666668,2026H1
603077,2026-05-06,2,bull,ma_bull,pullback_holds,current_week,-0.057432432432432456,-0.10135135135135132,-0.16554054054054046,-0.11148648648648651,0.0033783783783785104,2026H1
603077,2026-06-16,1,bull,none,pullback_holds,current_week,0.0,-0.004132231404958553,-0.04132231404958686,-0.07851239669421484,0.053719008264462964,2026H1
603077,2026-06-24,2,bull,none,pullback_holds,current_week,0.0,-0.0954356846473029,-0.020746887966805128,-0.10373443983402486,0.016597510373443924,2026H1
603077,2026-06-25,3,bull,none,pullback_holds,current_week,-0.012605042016806678,-0.09663865546218486,0.004201680672269115,-0.1260504201680671,0.02941176470588247,2026H1
000524,2023-03-01,2,bull,ma_bull,pullback_holds,current_week,0.031905961376994085,-0.08060453400503775,-0.028547439126784258,-0.08732157850545752,0.04869857262804356,2023H1
000524,2023-03-03,4,bull,ma_bull,pullback_holds,current_week,-0.055178268251273255,-0.06366723259762308,0.0008488964346351491,-0.09507640067911705,0.06027164685908337,2023H1
000524,2023-03-06,0,bull,ma_bull,pullback_holds,current_week,-0.052013422818791843,-0.04865771812080533,-0.005872483221476488,-0.10570469798657711,0.04781879194630867,2023H1
000524,2023-03-08,2,mid,ma_bull,two_day_acceleration,current_week,-0.11906677393403042,-0.07401448109412712,-0.0563153660498793,-0.1423974255832663,0.00482703137570395,2023H1
000524,2023-03-21,1,mid,none,pullback_holds,current_week,0.006086956521739184,0.029565217391304355,0.06695652173913036,-0.017391304347825987,0.04956521739130437,2023H1
000524,2023-03-22,2,mid,ma_bull,pullback_holds,current_week,0.006086956521739184,0.020000000000000018,0.009565217391304337,-0.017391304347825987,0.04956521739130437,2023H1
000524,2023-03-27,0,mid,macd_stabilizing,pullback_holds,current_week,0.033129904097646046,0.054054054054053946,-0.08369659982563216,-0.0043591979075850995,0.08456843940714909,2023H1
000524,2023-03-28,1,mid,macd_stabilizing,pullback_holds,current_week,0.02422145328719716,0.0726643598615917,-0.03979238754325265,-0.01211072664359869,0.07785467128027679,2023H1
000524,2023-03-30,3,mid,macd_stabilizing,two_day_acceleration,current_week,0.022920203735144362,0.06451612903225823,-0.04753820033955847,-0.013582342954159499,0.1578947368421053,2023H1
000524,2023-04-03,0,bull,none,two_day_acceleration,current_week,0.0219780219780219,0.019442096365173356,-0.09382924767540146,-0.015215553677092153,0.15300084530853764,2023H1
000524,2023-06-13,1,mid,none,two_day_acceleration,current_week,0.01295097132284928,-0.028677150786309058,-0.0009250693802035359,-0.03052728954671602,0.07678075855689181,2023H1
000524,2023-07-03,0,mid,none,pullback_holds,current_week,0.0055147058823528106,-0.03860294117647056,0.018382352941176405,-0.05147058823529416,0.04044117647058809,2023H2
000524,2023-07-05,2,mid,none,pullback_holds,current_week,0.0196629213483146,-0.03558052434456915,0.02621722846441954,-0.048689138576779034,0.05992509363295895,2023H2
000524,2023-07-11,1,mid,none,pullback_holds,current_week,-0.06386861313868619,-0.02007299270072993,-0.014598540145985384,-0.07299270072992703,0.03284671532846706,2023H2
000524,2023-07-13,3,mid,none,pullback_holds,current_week,-0.04621072088724587,0.0,0.009242144177449063,-0.060998151571164505,0.04621072088724576,2023H2
000524,2023-07-14,4,mid,none,pullback_holds,current_week,-0.04516129032258065,-0.0036866359447004227,-0.0009216589861751334,-0.06359447004608287,0.011981566820276512,2023H2
000524,2025-02-06,3,mid,none,pullback_holds,current_week,0.028511087645195277,0.007391763463569179,0.060190073917634646,-0.017951425554382228,0.05174234424498425,2025H1
000524,2025-02-07,4,mid,none,pullback_holds,current_week,0.01564129301355588,0.0010427528675702735,0.05213764337851923,-0.030239833159541152,0.03858185610010434,2025H1
000524,2025-02-10,0,mid,none,two_day_acceleration,current_week,0.0,-0.008154943934760461,0.02650356778797147,-0.051987767584097844,0.015290519877675823,2025H1
000524,2025-02-12,2,bull,none,shrinking_volume_acceleration,current_week,-0.04290091930541362,-0.010214504596527174,0.036772216547497294,-0.05005107252298269,0.01736465781409602,2025H1
000524,2025-02-17,0,bull,none,two_day_acceleration,current_week,-0.0071428571428571175,0.009183673469387754,0.05306122448979589,-0.05102040816326525,0.01632653061224487,2025H1
000524,2025-02-24,0,bull,none,pullback_holds,current_week,0.030208333333333393,0.04895833333333344,0.07604166666666679,-0.005208333333333259,0.0708333333333333,2025H1
000524,2025-02-25,1,bull,none,pullback_holds,current_week,0.017525773195876226,0.05154639175257736,0.06391752577319587,-0.008247422680412342,0.05979381443298948,2025H1
000524,2025-02-26,2,bull,none,pullback_holds,current_week,0.01649484536082446,0.04639175257731942,0.08453608247422673,-0.008247422680412342,0.07835051546391747,2025H1
000524,2025-03-06,3,bull,none,two_day_acceleration,current_week,0.012987012987013102,0.023976023976024052,0.3776223776223777,-0.009990009990009985,0.06493506493506507,2025H1
000524,2025-03-14,4,bull,macd_cross,two_day_acceleration,current_week,-0.03849765258215965,0.025352112676056304,0.5079812206572769,-0.04788732394366191,0.08638497652582156,2025H1
000524,2025-03-26,2,mid,none,two_day_acceleration,current_week,0.17636022514071303,0.37898686679174487,0.17636022514071303,-0.014071294559099501,0.37898686679174487,2025H1
000524,2025-03-27,3,mid,none,two_day_acceleration,current_week,0.3009433962264152,0.4377358490566039,0.20377358490566033,-0.008490566037735792,0.5254716981132077,2025H1
000524,2025-05-12,0,bull,ma_bull,shrinking_volume_acceleration,current_week,0.07376362112321888,0.0016764459346187977,0.0402347024308467,-0.025984911986588366,0.1668063704945515,2025H1
000524,2025-05-13,1,bull,ma_bull,pullback_holds,current_week,0.13738551207327232,-0.018318068276436228,0.04163197335553703,-0.03247293921731875,0.1590341382181515,2025H1
000524,2025-05-14,2,bull,ma_bull,pullback_holds,current_week,0.06115702479338836,-0.06280991735537189,0.02148760330578514,-0.0636363636363636,0.150413223140496,2025H1
000524,2025-05-15,3,bull,ma_bull,pullback_holds,current_week,0.015075376884422287,-0.0368509212730318,0.0016750418760469454,-0.05778894472361806,0.16582914572864316,2025H1
000524,2025-06-04,2,bull,none,two_day_acceleration,current_week,0.06016949152542361,-0.014406779661016889,0.0008474576271186862,-0.02627118644067805,0.07288135593220324,2025H1
000524,2025-06-05,3,bull,none,pullback_holds,current_week,0.06551724137931036,-0.01724137931034475,0.018965517241379404,-0.019827586206896397,0.09137931034482771,2025H1
000524,2025-06-06,4,bull,none,pullback_holds,current_week,0.023096663815226792,-0.03763900769888795,0.016253207869974418,-0.04961505560307955,0.0829769033361849,2025H1
000524,2025-06-09,0,bull,none,two_day_acceleration,current_week,-0.003364171572750263,-0.05130361648444082,0.011774600504625754,-0.07064760302775441,0.06476030277544154,2025H1
000524,2025-06-25,2,bull,none,pullback_holds,current_week,0.02074330164217808,0.03111495246326701,0.03111495246326701,-0.010371650821088929,0.04753673292999139,2025H1
000524,2025-06-27,4,bull,none,pullback_holds,current_week,0.01192504258943794,0.016183986371379966,0.028960817717206044,-0.011925042589437829,0.03236797274275993,2025H1
000524,2025-07-02,2,bull,none,pullback_holds,current_week,0.015319148936170146,0.01276595744680864,0.06893617021276599,-0.002553191489361617,0.05872340425531908,2025H2
000524,2025-07-03,3,bull,none,pullback_holds,current_week,0.012711864406779627,0.023728813559321882,0.04237288135593209,-0.00423728813559332,0.05423728813559303,2025H2
000524,2025-07-04,4,bull,none,pullback_holds,current_week,0.004208754208754106,0.026094276094275948,0.011784511784511675,-0.010942760942761032,0.047138047138046923,2025H2
000524,2025-07-07,0,bull,none,two_day_acceleration,current_week,-0.0016611295681063787,0.018272425249169277,-0.002491694352159568,-0.022425249169435335,0.03322259136212602,2025H2
000524,2025-07-09,2,bull,none,pullback_holds,current_week,0.0,0.0025210084033613356,0.00588235294117645,-0.010924369747899232,0.04537815126050404,2025H2
000524,2025-07-10,3,bull,none,pullback_holds,current_week,0.009189640768588081,0.03341687552213868,0.03091060985797811,-0.01670843776106945,0.044277360066833804,2025H2
000524,2025-07-11,4,bull,none,pullback_holds,current_week,0.018379281537176162,0.009189640768588081,0.045112781954887105,-0.01670843776106945,0.044277360066833804,2025H2
000524,2025-07-14,0,bull,none,pullback_holds,current_week,0.0008163265306122547,-0.0065306122448979265,0.02857142857142847,-0.03918367346938778,0.020408163265306145,2025H2
000524,2025-07-17,3,bull,none,two_day_acceleration,current_week,0.023159636062861866,0.017369727047146455,0.02977667493796532,-0.014061207609594728,0.042183622828784184,2025H2
000524,2025-07-31,3,bull,none,pullback_holds,current_week,0.008994276369582943,0.017988552739166108,0.09076042518397376,-0.03679476696647599,0.05805396565821752,2025H2
000524,2025-08-15,4,bull,none,shrinking_volume_acceleration,current_week,0.03149606299212593,0.055905511811023434,0.21181102362204718,-0.0007874015748032814,0.07480314960629908,2025H2
000524,2025-08-19,1,bull,macd_cross,two_day_acceleration,current_week,0.006083650190114032,0.07680608365019004,0.18022813688212924,-0.018250950570342206,0.11634980988593147,2025H2
000524,2025-08-22,4,bull,macd_cross,shrinking_volume_acceleration,current_week,0.022883295194508158,0.2570556826849735,0.1639969488939741,-0.015255530129671957,0.29138062547673527,2025H2
000524,2025-08-25,0,bull,ma_bull,two_day_acceleration,current_week,0.04665161775771254,0.21294206170052665,0.06847253574115886,-0.02859292701279159,0.3370955605718584,2025H2
000524,2025-10-14,1,bull,none,two_day_acceleration,current_week,0.059523809523809534,0.06845238095238093,-0.04910714285714268,-0.013392857142857095,0.09672619047619047,2025H2
000524,2025-10-15,2,bull,none,shrinking_volume_acceleration,current_week,0.04249084249084256,0.03663003663003672,-0.09230769230769231,-0.009523809523809601,0.07985347985347979,2025H2
000524,2025-10-17,4,mid,none,two_day_acceleration,current_week,-0.020758768790264948,0.052254831782390765,-0.10450966356478175,-0.0322118826055835,0.06657122405153904,2025H2
000524,2025-10-30,3,bull,macd_stabilizing,pullback_holds,current_week,-0.06991525423728817,-0.11723163841807915,-0.15748587570621475,-0.13771186440677963,0.0805084745762712,2025H2
000524,2025-12-01,0,mid,none,two_day_acceleration,current_week,-0.036644951140065274,-0.019543973941368087,-0.02035830618892509,-0.05130293159609123,0.0016286644951140072,2025H2
000524,2025-12-09,1,mid,none,pullback_holds,current_week,0.0,0.032690695725063,0.026823134953897654,-0.023470243084660503,0.09388097233864223,2025H2
000524,2025-12-19,4,mid,none,shrinking_volume_acceleration,current_week,-0.03001579778830954,-0.05134281200631918,0.03554502369668233,-0.06319115323854663,0.03080568720379162,2025H2
000524,2025-12-22,0,bull,none,two_day_acceleration,current_week,-0.05647058823529405,-0.039215686274509776,0.0023529411764706687,-0.06980392156862747,0.0015686274509802978,2025H2
000524,2026-01-07,2,bull,none,pullback_holds,current_week,0.06661184210526327,0.050986842105263275,0.06332236842105265,-0.0074013157894736725,0.09375,2026H1
000524,2026-01-08,3,bull,none,pullback_holds,current_week,0.043265306122449054,0.041632653061224545,0.06448979591836745,-0.004081632653061162,0.08571428571428585,2026H1
000524,2026-01-09,4,bull,none,pullback_holds,current_week,0.0138211382113822,0.03333333333333344,0.03333333333333344,-0.008130081300812941,0.08130081300813008,2026H1
000524,2026-01-12,0,bull,none,two_day_acceleration,current_week,0.03370786516853941,0.006420545746388395,0.03772070626003199,-0.020866773675762396,0.0674157303370786,2026H1
000524,2026-01-16,4,bull,none,pullback_holds,current_week,0.012749003984063645,0.01513944223107555,0.0015936254980080111,-0.03266932270916334,0.05976095617529875,2026H1
000524,2026-01-30,4,bull,none,pullback_holds,current_week,0.005537974683544222,-0.005537974683544333,0.030063291139240444,-0.019778481012658222,0.04034810126582267,2026H1
000524,2026-02-03,1,mid,none,shrinking_volume_acceleration,current_week,0.008566978193146557,-0.03504672897196259,0.030373831775700966,-0.05763239875389414,0.02414330218068539,2026H1
000524,2026-02-05,3,mid,none,two_day_acceleration,current_week,-0.03869969040247678,-0.021671826625386914,0.009287925696594534,-0.06346749226006199,0.006965944272445901,2026H1
000524,2026-02-09,0,bull,none,shrinking_volume_acceleration,current_week,-0.06336939721792878,-0.023183925811437356,0.02395672333848542,-0.06491499227202469,0.016228748068006338,2026H1
688236,2023-07-13,3,mid,none,shrinking_volume_acceleration,current_week,-0.0563153660498793,0.060740144810941255,-0.158487530168946,-0.0643604183427191,0.0752212389380531,2023H2
688236,2025-09-05,4,bull,ma_bull,shrinking_volume_acceleration,current_week,0.022241231822070384,-0.021385799828913643,-0.01924721984602218,-0.04619332763045336,0.07784431137724557,2025H2
688236,2025-09-22,0,mid,ma_bull,shrinking_volume_acceleration,current_week,0.015404364569961526,-0.026101839965768092,0.1514762516046213,-0.05733846812152332,0.07616602481814305,2025H2
688236,2025-09-24,2,bull,ma_bull,two_day_acceleration,current_week,-0.00498960498960499,0.018295218295218296,0.049064449064448956,-0.083991683991684,0.05530145530145525,2025H2
688236,2025-11-13,3,bull,ma_bull,pullback_holds,current_week,-0.07809110629067251,-0.12002892263195952,-0.13340563991323218,-0.13340563991323218,0.02313810556760676,2025H2
688236,2025-11-14,4,bull,ma_bull,pullback_holds,current_week,-0.11428571428571432,-0.10402930402930399,-0.13186813186813195,-0.12307692307692308,0.021611721611721535,2025H2
688236,2026-01-15,3,bull,none,shrinking_volume_acceleration,current_week,-0.02777777777777768,-0.07711988304093564,-0.1915204678362572,-0.08991228070175428,0.007309941520468044,2026H1
000153,2023-04-13,3,bull,none,pullback_holds,current_week,-0.034554973821989576,0.07748691099476446,0.05863874345549713,-0.07120418848167531,0.09947643979057585,2023H1
000153,2023-04-14,4,bull,none,pullback_holds,current_week,-0.03039832285115318,0.06184486373165621,0.04507337526205446,-0.07023060796645697,0.10062893081761004,2023H1
000153,2025-12-01,0,mid,none,pullback_holds,current_week,0.01195814648729443,-0.046337817638266166,-0.053811659192825156,-0.06726457399103136,0.03736920777279518,2025H2
000153,2025-12-19,4,mid,none,two_day_acceleration,current_week,-0.013846153846153841,-0.007692307692307665,0.006153846153846176,-0.039999999999999925,0.007692307692307665,2025H2
000153,2026-01-05,0,bull,none,pullback_holds,current_week,0.015625,0.020312499999999956,0.0078125,-0.0031250000000000444,0.0390625,2026H1
000153,2026-01-06,1,bull,none,pullback_holds,current_week,0.01552795031055898,0.01552795031055898,0.01863354037267073,-0.009316770186335477,0.032608695652173836,2026H1
000153,2026-01-07,2,bull,none,pullback_holds,current_week,0.015649452269170583,0.025039123630672844,0.04068857589984343,-0.0015649452269171915,0.04068857589984343,2026H1
000153,2026-01-19,0,bull,none,pullback_holds,current_week,0.025954198473282508,-0.015267175572518998,0.02442748091603053,-0.015267175572518998,0.027480916030534486,2026H1
000153,2026-01-20,1,bull,none,pullback_holds,current_week,0.018376722817764257,0.004594180704441175,0.029096477794793074,-0.012251148545176171,0.030627871362940207,2026H1
000153,2026-01-21,2,bull,none,pullback_holds,current_week,0.0,0.013719512195121908,0.02591463414634143,-0.0167682926829269,0.02591463414634143,2026H1
000153,2026-01-26,0,bull,none,two_day_acceleration,current_week,-0.03731343283582089,0.004477611940298498,-0.02985074626865669,-0.03731343283582089,0.004477611940298498,2026H1
000153,2026-02-04,2,mid,none,pullback_holds,current_week,0.007518796992481258,0.012030075187969835,0.003007518796992459,-0.016541353383458746,0.02857142857142847,2026H1
000153,2026-02-05,3,mid,none,pullback_holds,current_week,-0.010526315789473717,0.018045112781954975,0.003007518796992459,-0.016541353383458746,0.02857142857142847,2026H1
000153,2026-02-09,0,bull,macd_cross,shrinking_volume_acceleration,current_week,-0.002971768202080338,-0.034175334323922835,-0.022288261515601815,-0.03566121842496284,0.01634472511144125,2026H1
000153,2026-02-24,1,bull,macd_cross,shrinking_volume_acceleration,current_week,-0.03129657228017879,0.007451564828613977,-0.08643815201192251,-0.05067064083457529,0.019374068554396384,2026H1
000153,2026-02-25,2,bull,macd_cross,pullback_holds,current_week,-0.04166666666666652,0.0,-0.07291666666666652,-0.05208333333333326,0.017857142857142794,2026H1
000153,2026-02-26,3,bull,macd_cross,pullback_holds,current_week,-0.022388059701492602,-0.004477611940298498,-0.07462686567164178,-0.04925373134328359,0.013432835820895495,2026H1
000153,2026-02-27,4,bull,macd_cross,shrinking_volume_acceleration,current_week,-0.0014880952380952328,-0.007440476190476164,-0.04315476190476186,-0.05208333333333326,0.008928571428571397,2026H1
000153,2026-05-11,0,bull,none,pullback_holds,current_week,-0.04961240310077519,-0.07751937984496127,-0.14883720930232558,-0.08992248062015507,0.0046511627906977715,2026H1
002584,2024-03-20,2,bull,none,shrinking_volume_acceleration,current_week,-0.14369158878504673,-0.032710280373831946,-0.22313084112149528,-0.15186915887850472,0.02102803738317749,2024H1
002584,2024-11-04,0,bull,ma_bull,shrinking_volume_acceleration,current_week,0.04271356783919611,-0.10678391959798994,0.1168341708542715,-0.11432160804020097,0.047738693467336724,2024H2
002584,2024-11-05,1,bull,ma_bull,two_day_acceleration,current_week,0.0,-0.08198757763975162,0.08944099378881964,-0.12422360248447217,0.03602484472049672,2024H2
002584,2024-11-07,3,bull,ma_bull,shrinking_volume_acceleration,current_week,-0.06257668711656439,0.03803680981595092,0.042944785276073594,-0.13496932515337434,0.07239263803680984,2024H2
002584,2024-11-28,3,mid,ma_bull,shrinking_volume_acceleration,current_week,-0.024110218140068973,0.03788748564867972,-0.13203214695752008,-0.04936854190585549,0.07462686567164156,2024H2
002584,2024-12-13,4,bull,ma_bull,two_day_acceleration,current_week,-0.05875952121871586,-0.1675734494015233,-0.15778019586507064,-0.2034820457018498,0.017410228509249226,2024H2
002584,2025-04-03,3,mid,none,two_day_acceleration,current_week,0.05093167701863366,0.1254658385093168,0.16770186335403725,-0.07701863354037275,0.20496894409937894,2025H1
002584,2025-04-21,0,mid,ma_bull,shrinking_volume_acceleration,current_week,0.05355191256830594,0.016393442622950838,0.12896174863387966,-0.07540983606557372,0.2546448087431694,2025H1
002584,2025-05-06,1,mid,ma_bull,shrinking_volume_acceleration,current_week,0.007543103448275801,0.07758620689655182,0.10883620689655182,-0.04849137931034475,0.10775862068965525,2025H1
002584,2025-05-15,3,bull,ma_bull,pullback_holds,current_week,0.10363247863247871,0.09081196581196593,0.0737179487179489,-0.02350427350427342,0.24786324786324787,2025H1
002584,2025-05-20,1,bull,ma_bull,shrinking_volume_acceleration,current_week,0.12222222222222223,0.03939393939393954,-0.04343434343434338,-0.0060606060606061,0.17979797979797962,2025H1
002584,2025-05-26,0,bull,ma_bull,shrinking_volume_acceleration,current_week,-0.01886792452830177,-0.024528301886792447,-0.09245283018867911,-0.08018867924528295,0.10188679245283017,2025H1
002584,2025-05-27,1,mid,ma_bull,two_day_acceleration,current_week,-0.05422794117647056,-0.0689338235294118,-0.11397058823529416,-0.10386029411764708,0.047794117647058876,2025H1
002584,2025-06-09,0,bull,ma_bull,shrinking_volume_acceleration,current_week,-0.01002004008016033,-0.043086172344689366,-0.044088176352705344,-0.08517034068136264,0.06412825651302612,2025H1
002584,2025-07-03,3,bull,ma_bull,shrinking_volume_acceleration,current_week,-0.011099899091826404,-0.09485368314833498,-0.0898082744702321,-0.10998990918264373,0.003027245206861595,2025H2
002584,2025-07-30,2,bull,none,two_day_acceleration,current_week,-0.01847826086956539,-0.004347826086956608,-0.034782608695652195,-0.05434782608695654,0.010869565217391353,2025H2
002584,2025-08-05,1,bull,none,pullback_holds,current_week,0.018847006651884657,0.041019955654102214,-0.037694013303769425,-0.012195121951219412,0.07427937915742788,2025H2
002584,2025-08-06,2,bull,none,pullback_holds,current_week,0.01327433628318575,0.02765486725663724,-0.0409292035398231,-0.014380530973451378,0.07190265486725655,2025H2
002584,2025-08-07,3,bull,none,pullback_holds,current_week,0.01986754966887405,0.015452538631346657,-0.06181015452538641,-0.01655629139072856,0.0695364238410594,2025H2
002584,2025-08-11,0,bull,none,pullback_holds,current_week,0.06519337016574589,0.013259668508287303,-0.04419889502762431,-0.0011049723756906271,0.0707182320441988,2025H2
002584,2025-08-12,1,bull,none,two_day_acceleration,current_week,0.02622950819672143,0.0010928961748633004,-0.07431693989071031,-0.005464480874317057,0.05901639344262288,2025H2
002584,2025-08-14,3,bull,none,two_day_acceleration,current_week,0.0,-0.038043478260869734,-0.08478260869565224,-0.07500000000000018,0.05326086956521725,2025H2
002584,2025-08-15,4,bull,none,shrinking_volume_acceleration,current_week,-0.017039403620873306,-0.07561235356762519,-0.10436634717784876,-0.09371671991480302,0.03194888178913735,2025H2
002584,2025-08-18,0,bull,none,two_day_acceleration,current_week,-0.028601694915254217,-0.07309322033898302,-0.11970338983050832,-0.09851694915254239,0.0031779661016950733,2025H2
002584,2025-09-08,0,bull,none,two_day_acceleration,current_week,-0.03596287703016243,0.09628770301624123,0.0696055684454755,-0.04060324825986095,0.15197215777262163,2025H2
002584,2025-09-17,2,bull,none,pullback_holds,current_week,0.12280701754385959,0.05263157894736836,0.0,-0.022222222222222365,0.20584795321637417,2025H2
002584,2025-09-24,2,bull,none,two_day_acceleration,current_week,-0.04862579281183943,-0.05708245243128973,-0.12473572938689237,-0.08985200845665975,0.04334038054968281,2025H2
002584,2025-10-09,3,bull,none,shrinking_volume_acceleration,current_week,-0.0044642857142858094,-0.0457589285714286,-0.05803571428571441,-0.0625,0.05915178571428559,2025H2
002584,2025-10-10,4,bull,none,two_day_acceleration,current_week,-0.0045977011494253706,-0.012643678160919714,-0.021839080459770233,-0.034482758620689724,0.09080459770114935,2025H2
002584,2025-10-13,0,bull,none,two_day_acceleration,current_week,-0.07058823529411762,-0.0652406417112299,-0.0855614973262031,-0.10160427807486627,0.0032085561497328108,2025H2
002584,2025-10-14,1,bull,none,pullback_holds,current_week,-0.053030303030303094,-0.07467532467532467,-0.06709956709956699,-0.09090909090909094,0.0021645021645020357,2025H2
603856,2025-07-07,0,bull,none,pullback_holds,current_week,0.177739430543572,0.1337359792924937,0.031924072476272825,-0.0025884383088868868,0.2752372735116482,2025H2
603856,2025-07-08,1,bull,none,two_day_acceleration,current_week,0.09409751924721999,0.08810949529512424,0.031650983746792205,-0.0051325919589391145,0.2643284858853723,2025H2
603856,2025-08-11,0,bull,ma_bull,pullback_holds,current_week,0.022969647251845915,0.02625102543068092,-0.04265791632485638,-0.004922067268252617,0.049220672682526834,2025H2
603856,2025-08-14,3,bull,ma_bull,pullback_holds,current_week,0.019607843137254832,-0.03921568627450989,-0.042483660130718914,-0.058006535947712434,0.033496732026143894,2025H2
603856,2025-08-15,4,bull,ma_bull,shrinking_volume_acceleration,current_week,0.013776337115072979,-0.051053484602917254,-0.05267423014586714,-0.06564019448946523,0.025121555915721183,2025H2
603856,2025-08-26,1,bull,none,shrinking_volume_acceleration,current_week,-0.07404458598726116,-0.07802547770700641,-0.10111464968152861,-0.09713375796178347,0.007165605095541316,2025H2
603856,2025-09-08,0,bull,none,pullback_holds,current_week,-0.002577319587628968,-0.028350515463917536,0.00859106529209619,-0.029209621993127155,0.009450171821305808,2025H2
603856,2025-09-09,1,bull,none,pullback_holds,current_week,0.010389610389610393,-0.02251082251082248,0.023376623376623273,-0.048484848484848575,0.017316017316017174,2025H2
603856,2025-09-25,3,bull,none,pullback_holds,current_week,0.004273504273504258,0.03076923076923066,0.11367521367521372,-0.022222222222222365,0.0675213675213675,2025H2
603856,2025-09-26,4,mid,macd_stabilizing,two_day_acceleration,current_week,-0.00596252129471897,0.03407155025553665,0.13798977853492334,-0.02555366269165249,0.06388415672913128,2025H2
603856,2025-10-09,3,bull,none,pullback_holds,current_week,0.03986135181975725,0.05285961871750433,0.1377816291161178,-0.008665511265164794,0.0823223570190641,2025H2
603856,2025-10-10,4,bull,macd_stabilizing,two_day_acceleration,current_week,0.045060658578856216,0.09965337954939324,0.17504332755632568,-0.008665511265164794,0.1169844020797226,2025H2
603856,2025-10-15,2,bull,none,shrinking_volume_acceleration,current_week,0.021940928270042237,0.07172995780590719,0.15527426160337554,-0.006751054852320637,0.09957805907173012,2025H2
603856,2025-10-16,3,bull,none,two_day_acceleration,current_week,0.01673640167364021,0.098744769874477,0.1481171548117155,-0.002510460251046065,0.11297071129707104,2025H2
603856,2025-10-20,0,mid,none,shrinking_volume_acceleration,current_week,0.04612850082372333,0.10049423393739687,0.10626029654036229,-0.01317957166392092,0.10214168039538718,2025H2
603856,2025-11-03,0,bull,none,shrinking_volume_acceleration,current_week,0.022624434389140413,0.012820512820512775,-0.016591251885369473,-0.02262443438914019,0.052790346907994,2025H2
603856,2025-11-11,1,bull,ma_bull,shrinking_volume_acceleration,current_week,-0.04145454545454552,-0.06909090909090909,-0.0770909090909091,-0.0938181818181818,0.015272727272727327,2025H2
603856,2025-12-01,0,mid,ma_bull,pullback_holds,current_week,-0.024558710667689998,-0.0468150422102841,-0.02839600920951657,-0.06369915579432084,0.003069838833461125,2025H2
603856,2025-12-19,4,mid,none,pullback_holds,current_week,0.011961722488038173,-0.0007974481658692412,0.08452950558213712,-0.022328548644338198,0.03668261562998398,2025H2
603856,2025-12-25,3,bull,macd_stabilizing,two_day_acceleration,current_week,-0.018794048551291964,-0.002349256068911454,0.06891151135473783,-0.03680501174628026,0.014095536413469167,2025H2
603856,2025-12-26,4,bull,none,pullback_holds,current_week,-0.018794048551291964,0.0,0.061863743148003136,-0.03680501174628026,0.014095536413469167,2025H2
603856,2026-01-07,2,bull,none,pullback_holds,current_week,0.060365369340746655,0.08022239872915016,0.11119936457505952,-0.011914217633042123,0.09690230341540906,2026H1
603856,2026-01-16,4,bull,none,shrinking_volume_acceleration,current_week,0.03808073115003818,0.0434120335110435,0.026656511805026595,0.0,0.05178979436405173,2026H1
603856,2026-01-19,0,bull,ma_bull,shrinking_volume_acceleration,current_week,0.021706586826347296,0.002245508982035904,0.05688622754491024,-0.006736526946107824,0.03368263473053901,2026H1
603856,2026-01-20,1,bull,ma_bull,two_day_acceleration,current_week,-0.0007369196757552876,-0.0014738393515106862,0.036845983787767045,-0.022107590272660294,0.017686072218128235,2026H1
603856,2026-01-22,3,bull,ma_bull,shrinking_volume_acceleration,current_week,-0.021014492753623215,-0.006521739130434745,0.0007246376811593791,-0.03840579710144931,0.031159420289855078,2026H1
603856,2026-01-30,4,bull,ma_bull,pullback_holds,current_week,0.005109489051094762,-0.016058394160583966,0.08321167883211666,-0.025547445255474588,0.03868613138686117,2026H1
603856,2026-02-05,3,mid,ma_bull,pullback_holds,current_week,0.0014662756598240456,0.012463343108504388,0.0256598240469208,-0.01319648093841641,0.0513196480938416,2026H1
603856,2026-02-06,4,mid,ma_bull,shrinking_volume_acceleration,current_week,-0.034383954154727836,-0.025071633237822466,-0.027936962750716332,-0.035816618911174825,0.02722063037249267,2026H1
603856,2026-02-27,4,bull,ma_bull,pullback_holds,current_week,0.02204261572373256,0.02792064658339455,-0.04188096987509171,-0.03894195444526083,0.10506980161645862,2026H1
603856,2026-04-08,2,mid,none,two_day_acceleration,current_week,-0.014809041309430948,-0.00623538581449723,0.015588464536243185,-0.026500389711613392,0.03117692907248637,2026H1
603856,2026-04-10,4,mid,none,pullback_holds,current_week,-0.0078125,-0.006249999999999978,-0.020312499999999956,-0.024218750000000067,0.035937499999999956,2026H1
603856,2026-04-16,3,mid,none,pullback_holds,current_week,0.013250194855806807,0.020265003897116163,-0.028059236165237644,-0.03117692907248637,0.04364770070148105,2026H1
603856,2026-04-21,1,bull,none,pullback_holds,current_week,-0.016884113584036853,0.0,-0.062164236377590165,-0.04604758250191876,0.027628549501151234,2026H1
603856,2026-04-22,2,bull,none,pullback_holds,current_week,0.03296703296703285,0.02276295133437989,-0.014913657770800559,-0.024332810047095754,0.05102040816326525,2026H1
603856,2026-04-28,1,bull,none,pullback_holds,current_week,0.009295120061967532,-0.06971340046475605,-0.07048799380325332,-0.07513555383423709,0.03718048024786991,2026H1
603856,2026-04-29,2,bull,none,two_day_acceleration,current_week,-0.011380880121395931,-0.06676783004552345,-0.009104704097116834,-0.09408194233687406,0.014415781487101764,2026H1
603856,2026-05-18,0,bull,none,shrinking_volume_acceleration,current_week,0.01619433198380582,0.0574898785425102,0.03238866396761142,-0.07530364372469633,0.06882591093117418,2026H1
603856,2026-05-25,0,bull,none,two_day_acceleration,current_week,0.04479999999999995,-0.013599999999999945,0.033600000000000074,-0.08640000000000003,0.05600000000000005,2026H1
603856,2026-06-03,2,mid,none,pullback_holds,current_week,-0.037520391517128826,0.019575856443719397,0.10195758564437196,-0.054649265905383326,0.057096247960848334,2026H1
002734,2025-03-24,0,mid,ma_bull,pullback_holds,current_week,0.0678824721377913,0.13171225937183362,0.2613981762917934,-0.01722391084093211,0.21276595744680837,2025H1
002734,2025-05-06,1,mid,ma_bull,shrinking_volume_acceleration,current_week,0.04485294117647065,0.08382352941176485,0.3786764705882353,-0.05294117647058816,0.14779411764705896,2025H1
002734,2025-05-16,4,bull,ma_bull,shrinking_volume_acceleration,current_week,0.11010452961672468,0.25993031358885044,0.5818815331010452,-0.022996515679442497,0.28432055749128926,2025H1
002734,2025-05-21,2,bull,ma_bull,shrinking_volume_acceleration,current_week,0.14459459459459456,0.3472972972972974,0.3682432432432432,-0.016216216216216273,0.3709459459459459,2025H1
002734,2025-05-22,3,bull,ma_bull,shrinking_volume_acceleration,current_week,0.090728476821192,0.3165562913907285,0.20728476821192054,-0.0046357615894038195,0.36821192052980134,2025H1
002734,2025-06-18,2,bull,ma_bull,shrinking_volume_acceleration,current_week,-0.18411552346570392,-0.1493682310469313,-0.09160649819494593,-0.20351985559566776,0.0018050541516245744,2025H1
002734,2025-07-03,3,bull,ma_bull,pullback_holds,current_week,0.09189189189189184,0.06756756756756754,0.07783783783783793,-0.012432432432432416,0.18648648648648636,2025H2
002734,2025-07-21,0,bull,ma_bull,two_day_acceleration,current_week,-0.04604604604604612,0.0645645645645645,0.06356356356356363,-0.07407407407407407,0.06606606606606613,2025H2
002734,2025-07-29,1,bull,ma_bull,pullback_holds,current_week,0.1503680336487907,0.17981072555205047,0.1161934805467928,-0.003680336487907443,0.24237644584647744,2025H2
002734,2025-07-31,3,bull,ma_bull,pullback_holds,current_week,0.1803030303030304,0.09343434343434343,0.01717171717171717,-0.017676767676767735,0.1934343434343433,2025H2
002734,2025-08-01,4,bull,ma_bull,shrinking_volume_acceleration,current_week,0.16291854072963496,0.09695152423788089,-0.007996001999000524,-0.004497751124437732,0.18090954522738611,2025H2
002734,2025-08-26,1,bull,ma_bull,pullback_holds,current_week,-0.08522727272727271,-0.022727272727272707,-0.16429924242424232,-0.10558712121212122,0.0037878787878786735,2025H2
002734,2025-09-09,1,bull,ma_bull,pullback_holds,current_week,-0.021568627450980427,-0.13480392156862742,-0.03431372549019618,-0.1470588235294118,0.016666666666666607,2025H2
002734,2025-10-09,3,bull,none,pullback_holds,current_week,0.010752688172043001,-0.024193548387096753,-0.020430107526881902,-0.04623655913978486,0.15591397849462352,2025H2
002734,2025-10-28,1,bull,none,pullback_holds,current_week,-0.038297872340425476,0.011702127659574346,-0.12234042553191493,-0.05478723404255326,0.040957446808510545,2025H2
002734,2025-10-29,2,bull,none,two_day_acceleration,current_week,-0.06604747162022695,-0.007223942208462231,-0.15479876160990713,-0.08307533539731682,0.0005159958720331037,2025H2
002734,2025-10-30,3,bull,none,pullback_holds,current_week,-0.04105263157894745,0.05210526315789488,-0.13421052631578956,-0.0647368421052632,0.07684210526315804,2025H2
002734,2025-10-31,4,bull,none,pullback_holds,current_week,-0.016059957173447548,0.01605995717344766,-0.09261241970021417,-0.04871520342612423,0.09528907922912211,2025H2
002734,2025-11-10,0,bull,none,two_day_acceleration,current_week,-0.010079575596817048,-0.13793103448275867,-0.14376657824933692,-0.15596816976127326,0.08541114058355426,2025H2
002734,2025-11-12,2,bull,none,two_day_acceleration,current_week,-0.03394255874673635,-0.14464751958224553,-0.164490861618799,-0.16919060052219326,0.06840731070496076,2025H2
002734,2025-12-19,4,mid,none,pullback_holds,current_week,0.0024721878862792313,0.048825710754017315,0.09147095179233622,-0.02410383189122367,0.07231149567367123,2025H2
002734,2026-04-09,3,mid,none,pullback_holds,current_week,0.0056433408577878375,-0.00959367945823919,-0.0146726862302482,-0.04401805869074482,0.010722347629796847,2026H1
002734,2026-04-10,4,mid,none,pullback_holds,current_week,-0.01765375854214113,0.01537585421412313,0.0028473804100228595,-0.05523917995444183,0.026195899772209597,2026H1
002734,2026-04-20,0,bull,none,pullback_holds,current_week,0.03418803418803429,0.05014245014245011,-0.036467236467236486,-0.05470085470085473,0.06780626780626786,2026H1
002734,2026-04-21,1,bull,none,pullback_holds,current_week,0.04450867052023111,0.041040462427745616,-0.054913294797687806,-0.04104046242774573,0.08323699421965336,2026H1
002734,2026-04-23,3,bull,none,pullback_holds,current_week,0.04825581395348855,0.015116279069767424,-0.010465116279069764,-0.035465116279069786,0.08953488372093044,2026H1
002734,2026-04-24,4,bull,none,two_day_acceleration,current_week,0.013422818791946511,-0.015100671140939603,-0.06543624161073813,-0.04306487695749439,0.04809843400447433,2026H1
002734,2026-04-27,0,bull,none,shrinking_volume_acceleration,current_week,0.01542699724517882,-0.04683195592286504,-0.10247933884297533,-0.05730027548209382,0.032506887052341504,2026H1
002734,2026-04-30,3,bull,none,shrinking_volume_acceleration,current_week,-0.029999999999999916,-0.05166666666666664,-0.07277777777777772,-0.0722222222222223,0.04111111111111132,2026H1
002734,2026-05-07,3,bull,none,two_day_acceleration,current_week,-0.057734204793028265,-0.07897603485838778,-0.06154684095860563,-0.09041394335511987,0.0016339869281045694,2026H1
002734,2026-05-26,1,mid,none,two_day_acceleration,current_week,-0.01996476805637115,-0.06635349383440992,0.11332941867293012,-0.07809747504403997,0.03229594832648264,2026H1
002734,2026-06-03,2,mid,none,pullback_holds,current_week,-0.0950974601299468,-0.027170702894270593,0.03248670998228009,-0.13762551683402247,0.0383933845245128,2026H1
601231,2023-03-14,1,mid,none,pullback_holds,current_week,0.01085568326947639,0.13026819923371646,0.14176245210727956,-0.01979565772669223,0.21839080459770122,2023H1
601231,2023-03-15,2,mid,none,pullback_holds,current_week,0.06382978723404253,0.14377820760799498,0.09284332688588015,-0.010315925209542276,0.23017408123791117,2023H1
601231,2023-03-21,1,mid,none,pullback_holds,current_week,0.10971786833855779,0.14733542319749215,0.13981191222570533,-0.00752351097178694,0.19623824451410665,2023H1
601231,2023-04-06,3,bull,ma_bull,shrinking_volume_acceleration,current_week,-0.08130081300813008,-0.008130081300812941,-0.28184281842818426,-0.12086720867208678,0.011924119241192521,2023H1
601231,2024-10-25,4,bull,macd_cross,two_day_acceleration,current_week,-0.0583279325988334,0.007128969539857533,-0.08684381075826308,-0.06156837329876863,0.029163966299416755,2024H2
601231,2024-11-06,2,bull,macd_stabilizing,pullback_holds,current_week,0.06961178045515393,0.012048192771084487,-0.06693440428380193,-0.00870147255689413,0.0917001338688086,2024H2
601231,2024-11-13,2,bull,none,shrinking_volume_acceleration,current_week,-0.05084745762711862,-0.108600125549278,-0.08725674827369734,-0.14124293785310738,0.005649717514124353,2024H2
601231,2024-11-29,4,mid,none,shrinking_volume_acceleration,current_week,0.0049365303244006675,0.009167842031029716,0.16008462623413244,-0.020451339915373734,0.028913963328631942,2024H2
601231,2024-12-24,1,bull,macd_cross,shrinking_volume_acceleration,current_week,0.05296745373324829,-0.01978302488832162,0.008934269304403442,-0.03956604977664324,0.10402042118698152,2024H2
601231,2024-12-26,3,bull,macd_cross,two_day_acceleration,current_week,-0.01749999999999996,-0.06937499999999996,-0.013749999999999929,-0.06937499999999996,0.08125000000000004,2024H2
601231,2024-12-27,4,bull,macd_cross,two_day_acceleration,current_week,-0.04528763769889843,-0.11015911872705009,-0.044063647490820035,-0.11872705018359853,0.05875152998776012,2024H2
601231,2025-03-24,0,mid,ma_bull,pullback_holds,current_week,0.022274325908558268,-0.26377491207502923,-0.22508792497069163,-0.2667057444314185,0.03282532239155933,2025H1
601231,2025-03-26,2,mid,ma_bull,pullback_holds,current_week,-0.035882352941176476,-0.21999999999999997,-0.2129411764705882,-0.30470588235294116,0.036470588235294255,2025H1
601231,2025-03-28,4,mid,ma_bull,pullback_holds,current_week,-0.19326755658734762,-0.21183981427742316,-0.22228670922809057,-0.31398723157283803,0.015670342426001183,2025H1
601231,2025-03-31,0,mid,ma_bull,pullback_holds,current_week,-0.2773302646720368,-0.2359033371691599,-0.22899884925201375,-0.3199079401611047,0.0017261219792865656,2025H1
601231,2025-05-08,3,bull,none,shrinking_volume_acceleration,current_week,-0.014104372355430161,-0.03244005641748937,0.03314527503526099,-0.03244005641748937,0.06205923836389293,2025H1
601231,2025-05-26,0,bull,none,shrinking_volume_acceleration,current_week,-0.013899049012435993,0.029261155815654805,0.049012435991221626,-0.016825164594001518,0.135332845647403,2025H1
601231,2025-06-18,2,bull,none,two_day_acceleration,current_week,0.005536332179930881,-0.00968858131487893,-0.00899653979238757,-0.04359861591695502,0.019377162629757638,2025H1
601231,2025-06-30,0,bull,none,shrinking_volume_acceleration,current_week,-0.02595628415300555,-0.02595628415300555,0.0806010928961749,-0.029371584699453557,0.026639344262295195,2025H1
601231,2025-09-01,0,bull,ma_bull,shrinking_volume_acceleration,current_week,-0.0359897172236503,-0.05552699228791769,0.12904884318766086,-0.09460154241645247,0.0025706940874037354,2025H2
601231,2025-09-08,0,bull,ma_bull,pullback_holds,current_week,-0.02804232804232809,0.05767195767195776,0.03650793650793638,-0.04338624338624342,0.09576719576719572,2025H2
601231,2025-09-09,1,bull,ma_bull,pullback_holds,current_week,-0.0048102618920363716,0.06199893105291299,0.09780865847140552,-0.03367183324425438,0.10689470871191875,2025H2
601231,2025-09-12,4,bull,ma_bull,pullback_holds,current_week,0.0463258785942493,0.14749733759318429,0.030351437699680517,-0.024494142705005384,0.20660276890308826,2025H2
601231,2025-09-17,2,bull,ma_bull,pullback_holds,current_week,0.07581420181526966,0.22156967431927388,0.15589962626801923,-0.0026695141484249785,0.23491724506139877,2025H2
601231,2025-09-18,3,mid,ma_bull,two_day_acceleration,current_week,0.12196356275303644,0.0728744939271253,0.20546558704453433,-0.025809716599190402,0.17054655870445323,2025H2
601231,2025-09-24,2,bull,ma_bull,shrinking_volume_acceleration,current_week,0.1377424167081054,-0.001989060169070078,0.2779711586275484,-0.0382894082545997,0.15017404276479351,2025H2
601231,2025-10-23,3,bull,ma_bull,shrinking_volume_acceleration,current_week,0.16871305138699388,0.07730786721236926,-0.015916325602546633,-0.014552069122328315,0.236925875397908,2025H2
601231,2025-10-29,2,bull,ma_bull,shrinking_volume_acceleration,current_week,-0.10160427807486627,-0.1382734912146677,-0.17226890756302515,-0.17532467532467533,0.011077158135981646,2025H2
601231,2025-12-01,0,mid,ma_bull,two_day_acceleration,current_week,0.07462039045553137,0.10325379609544472,0.27201735357917567,-0.05422993492407813,0.1388286334056399,2025H2
601231,2026-01-26,0,bull,ma_bull,shrinking_volume_acceleration,current_week,0.048064516129032286,0.25709677419354837,0.4058064516129032,-0.016129032258064502,0.29032258064516125,2026H1
601231,2026-05-06,2,bull,ma_bull,shrinking_volume_acceleration,current_week,0.13190730837789655,0.0022918258212374365,0.11077158135981646,-0.03743315508021383,0.16373822256175186,2026H1
601231,2026-05-29,4,mid,ma_bull,shrinking_volume_acceleration,current_week,-0.03875619648490303,-0.23614240648940976,-0.3057683641279856,-0.23614240648940976,0.07908968003605232,2026H1
003003,2023-05-15,0,mid,none,shrinking_volume_acceleration,current_week,0.023622047244094446,0.007874015748031482,0.02263779527559051,-0.02066929133858264,0.03149606299212593,2023H1
003003,2023-11-06,0,mid,macd_cross,two_day_acceleration,current_week,0.05388692579505294,0.030035335689045928,0.03798586572438167,-0.015017667844522964,0.09982332155477036,2023H2
003003,2023-11-15,2,mid,ma_bull,shrinking_volume_acceleration,current_week,-0.008539709649872052,-0.00256191289496166,-0.0315969257045261,-0.02561912894961582,0.009393680614859123,2023H2
003003,2023-11-16,3,mid,ma_bull,pullback_holds,current_week,0.011284722222222321,0.0078125,-0.00694444444444442,-0.00954861111111105,0.02604166666666674,2023H2
003003,2023-11-17,4,mid,ma_bull,pullback_holds,current_week,-0.004310344827586077,0.0034482758620690834,-0.012068965517241237,-0.016379310344827536,0.018965517241379404,2023H2
003003,2023-12-28,3,mid,ma_bull,pullback_holds,current_week,0.03083700440528636,0.032599118942731264,0.0017621145374451253,-0.009691629955947079,0.047577092511013275,2023H2
003003,2023-12-29,4,mid,ma_bull,pullback_holds,current_week,0.006956521739130528,0.018260869565217552,-0.11043478260869566,0.0,0.03391304347826085,2023H2
003003,2024-01-02,1,mid,none,two_day_acceleration,current_week,-0.00679694137638065,-0.01189464740866597,-0.18181818181818177,-0.030586236193712812,0.010195412064571086,2024H1
003003,2025-05-16,4,bull,ma_bull,pullback_holds,current_week,0.04201680672268915,0.0672268907563025,-0.01176470588235301,-0.021008403361344574,0.12100840336134455,2025H1
003003,2025-05-19,0,bull,ma_bull,two_day_acceleration,current_week,0.009023789991796649,0.03527481542247757,-0.04019688269072996,-0.044298605414273884,0.09433962264150941,2025H1
003003,2025-05-22,3,bull,ma_bull,pullback_holds,current_week,0.07969798657718119,0.010067114093959884,-0.08808724832214754,-0.01342281879194629,0.11912751677852351,2025H1
003003,2025-05-23,4,bull,ma_bull,two_day_acceleration,current_week,0.03504482477587634,0.004074979625101838,-0.09942950285248564,-0.028524857375713086,0.08720456397718013,2025H1
003003,2025-05-28,2,mid,ma_bull,pullback_holds,current_week,-0.020193861066235885,-0.029079159935379795,-0.08481421647819065,-0.042003231017770704,0.07754442649434568,2025H1
003003,2025-06-10,1,bull,ma_bull,pullback_holds,current_week,-0.03940886699507373,-0.0714285714285714,0.1453201970443352,-0.11740558292282433,0.008210180623973828,2025H1
003003,2025-07-01,1,bull,none,pullback_holds,current_week,0.1994840928632846,0.06362854686156494,0.07308684436801371,-0.012897678417884806,0.27944969905417016,2025H2
003003,2025-07-02,2,bull,none,pullback_holds,current_week,0.16051502145922747,0.16824034334763938,0.05579399141630903,-0.014592274678111528,0.27725321888412013,2025H2
003003,2025-07-03,3,bull,none,pullback_holds,current_week,0.14029084687767335,0.12489307100085556,0.045337895637296954,-0.017964071856287345,0.2728828058169377,2025H2
003003,2025-08-08,4,bull,ma_bull,pullback_holds,current_week,-0.019778481012658222,0.003955696202531556,-0.01898734177215189,-0.028481012658227778,0.019778481012658222,2025H2
003003,2025-08-11,0,bull,ma_bull,two_day_acceleration,current_week,-0.013312451057165275,-0.004698512137822908,-0.005481597494126689,-0.03837118245888793,0.009397024275646038,2025H2
003003,2025-08-12,1,bull,ma_bull,pullback_holds,current_week,-0.006279434850863463,0.00706436420722123,0.0007849293563579884,-0.03610675039246458,0.012558869701726927,2025H2
003003,2025-08-18,0,bull,ma_bull,pullback_holds,current_week,0.008730158730158921,-0.012698412698412764,0.00793650793650813,-0.06349206349206338,0.023809523809523947,2025H2
003003,2025-08-19,1,bull,ma_bull,pullback_holds,current_week,0.017446471054718637,-0.022997620935765184,0.00872323552735943,-0.064234734337827,0.022997620935765406,2025H2
003003,2025-08-20,2,bull,ma_bull,pullback_holds,current_week,-0.03147128245476005,-0.05271439811172307,-0.006294256490952055,-0.07159716758457912,0.014948859166010964,2025H2
003003,2025-08-21,3,bull,ma_bull,two_day_acceleration,current_week,-0.023492560689114983,-0.03288958496476113,-0.03288958496476113,-0.07595927956147208,0.01018010963195004,2025H2
003003,2025-08-22,4,bull,ma_bull,pullback_holds,current_week,-0.023640661938534202,-0.02285263987391639,-0.04255319148936165,-0.0701339637509849,0.01654846335697413,2025H2
003003,2025-08-25,0,bull,ma_bull,pullback_holds,current_week,-0.020472440944881987,0.0,-0.051181102362204745,-0.07086614173228345,0.015748031496062964,2025H2
003003,2025-08-26,1,bull,ma_bull,two_day_acceleration,current_week,-0.03749999999999998,-0.00390625,-0.07734375000000004,-0.078125,0.006250000000000089,2025H2
003003,2025-09-08,0,bull,macd_stabilizing,two_day_acceleration,current_week,0.0,-0.051181102362204745,-0.02913385826771664,-0.05905511811023623,0.015748031496062964,2025H2
003003,2025-09-29,0,bull,none,pullback_holds,current_week,0.012315270935960632,0.03201970443349755,0.1050903119868638,-0.04597701149425282,0.03284072249589487,2025H2
003003,2025-09-30,1,bull,none,pullback_holds,current_week,0.021364009860312283,0.04765817584223497,0.09695973705834016,-0.04519309778142966,0.05423171733771581,2025H2
003003,2025-10-10,4,bull,none,pullback_holds,current_week,0.012499999999999956,0.0691666666666666,0.11416666666666675,-0.03166666666666662,0.09166666666666656,2025H2
003003,2025-10-14,1,bull,none,pullback_holds,current_week,0.019464720194647178,0.04622871046228716,0.09164639091646398,-0.019464720194647178,0.06244931062449299,2025H2
003003,2025-10-15,2,bull,none,pullback_holds,current_week,0.024919614147909996,0.02331189710610948,0.07797427652733124,-0.02813504823151125,0.05305466237942125,2025H2
003003,2025-10-20,0,mid,none,pullback_holds,current_week,0.04439063761097661,0.0669895076674738,0.10734463276836159,-0.012913640032284124,0.07183212267958039,2025H2
003003,2025-10-21,1,bull,macd_stabilizing,two_day_acceleration,current_week,0.026252983293556076,0.0708035003977725,0.07716785998408926,-0.007955449482895727,0.07239459029435169,2025H2
003003,2025-10-27,0,bull,ma_bull,shrinking_volume_acceleration,current_week,0.0271950271950272,0.046620046620046596,-0.012432012432012418,-0.018648018648018683,0.05283605283605275,2025H2
003003,2025-11-07,4,bull,ma_bull,shrinking_volume_acceleration,current_week,0.038173652694610816,-0.08158682634730541,0.03293413173652704,-0.09056886227544902,0.059131736526946144,2025H2
003003,2025-12-09,1,mid,ma_bull,shrinking_volume_acceleration,current_week,-0.10828025477707015,-0.06369426751592355,-0.03750884642604391,-0.14578910120311395,0.019108280254777066,2025H2
003003,2026-01-05,0,bull,ma_bull,pullback_holds,current_week,0.008227374719521174,-0.00972326103216159,0.022438294689603566,-0.04038893044128655,0.023186237845923552,2026H1
003003,2026-01-06,1,bull,ma_bull,pullback_holds,current_week,-0.008208955223880543,0.0014925373134329067,0.0388059701492538,-0.042537313432835844,0.020895522388059584,2026H1
003003,2026-01-07,2,bull,ma_bull,pullback_holds,current_week,-0.016479400749063622,0.021722846441947663,0.05318352059925102,-0.03895131086142323,0.024719101123595433,2026H1
003003,2026-01-08,3,bull,ma_bull,pullback_holds,current_week,-0.04188096987509171,0.01763409257898596,0.02571638501102136,-0.05731080088170459,0.021307861866274758,2026H1
003003,2026-01-09,4,bull,ma_bull,pullback_holds,current_week,-0.03481481481481474,0.020000000000000018,0.06962962962962949,-0.04962962962962958,0.03333333333333344,2026H1
003003,2026-01-20,1,bull,ma_bull,pullback_holds,current_week,0.01797752808988773,0.04269662921348316,0.08239700374531855,-0.014232209737827684,0.04794007490636698,2026H1
003003,2026-02-03,1,mid,ma_bull,shrinking_volume_acceleration,current_week,0.028017241379310276,0.03807471264367823,0.033764367816091934,-0.005747126436781658,0.10344827586206895,2026H1
003003,2026-03-09,0,mid,ma_bull,pullback_holds,current_week,-0.005653710247349841,-0.1590106007067138,-0.09681978798586566,-0.17314487632508824,0.028268551236749095,2026H1
003003,2026-03-10,1,bull,ma_bull,shrinking_volume_acceleration,current_week,-0.05303030303030298,-0.12603305785123964,-0.07644628099173545,-0.19421487603305776,0.0020661157024794985,2026H1
003003,2026-03-12,3,bull,ma_bull,pullback_holds,current_week,-0.04220314735336195,-0.07439198855507878,-0.05865522174535054,-0.16309012875536477,0.025751072961373245,2026H1
003003,2026-03-13,4,mid,ma_bull,pullback_holds,current_week,-0.09785714285714275,-0.059285714285714275,-0.06928571428571417,-0.16428571428571426,0.014285714285714457,2026H1
003003,2026-04-09,3,mid,none,pullback_holds,current_week,0.0007581501137225999,-0.021228203184230465,0.04094010614101595,-0.03487490523123571,0.014404852160727843,2026H1
003003,2026-04-10,4,mid,none,pullback_holds,current_week,0.005347593582887722,0.0,0.04354469060351418,-0.03743315508021394,0.022154316271963292,2026H1
003003,2026-04-21,1,bull,none,pullback_holds,current_week,0.006823351023502733,0.0629264594389689,0.004548900682335155,-0.04473085670962851,0.07657316148597437,2026H1
003003,2026-04-27,0,bull,none,shrinking_volume_acceleration,current_week,0.034405385190725335,0.015706806282722363,-0.08750934928945397,-0.020194465220643276,0.06207928197456991,2026H1
003003,2026-04-28,1,bull,none,pullback_holds,current_week,0.053343350864011985,0.018031555221637907,-0.1074380165289256,-0.01577761081893314,0.06686701728024036,2026H1
003003,2026-05-08,4,bull,none,shrinking_volume_acceleration,current_week,-0.04307909604519766,-0.06426553672316382,-0.17372881355932202,-0.0981638418079096,0.0021186440677964935,2026H1
003003,2026-05-18,0,bull,none,pullback_holds,current_week,-0.057454545454545425,-0.09963636363636363,-0.19854545454545458,-0.1527272727272727,0.005818181818181722,2026H1
003003,2026-05-19,1,bull,none,pullback_holds,current_week,-0.07163958641063517,-0.12850812407680945,-0.18611521418020693,-0.1395864106351551,0.008124076809453484,2026H1
605077,2025-10-09,3,bull,none,two_day_acceleration,current_week,-0.023860021208907733,-0.05726405090137854,-0.10604453870625663,-0.07953340402969244,0.0328738069989396,2025H2
605077,2025-10-10,4,bull,ma_bull,two_day_acceleration,current_week,-0.05869910100475939,-0.056583818085668924,-0.10100475938656794,-0.08196721311475419,0.030142781597038537,2025H2
605077,2025-10-24,4,bull,none,shrinking_volume_acceleration,current_week,-0.020693512304250428,-0.04921700223713643,-0.08668903803131978,-0.0755033557046979,0.027964205816554788,2025H2
605077,2025-10-27,0,bull,none,pullback_holds,current_week,-0.05199115044247793,-0.030973451327433787,-0.1161504424778762,-0.08573008849557529,0.006637168141592875,2025H2
605077,2025-10-28,1,bull,none,pullback_holds,current_week,-0.06618059450364566,-0.0044868199663489206,-0.11553561413348301,-0.07291082445316888,0.01233875490745917,2025H2
605077,2025-11-10,0,bull,none,two_day_acceleration,current_week,-0.0011435105774729726,-0.0863350485991996,-0.12521440823327623,-0.11720983419096642,0.046312178387650116,2025H2
605077,2025-11-11,1,bull,none,pullback_holds,current_week,-0.021971830985915486,-0.1115492957746479,-0.15774647887323934,-0.13014084507042256,0.030985915492957705,2025H2
605077,2025-11-13,3,bull,none,two_day_acceleration,current_week,-0.05833333333333335,-0.12444444444444447,-0.18833333333333335,-0.14222222222222225,0.016666666666666607,2025H2
605077,2025-12-25,3,bull,none,two_day_acceleration,current_week,-0.03318152244632411,0.022121014964215924,0.04814573845152892,-0.046193884189980494,0.04749512036434611,2025H2
300182,2023-07-25,1,mid,none,two_day_acceleration,current_week,-0.037800687285223344,0.0068728522336769515,-0.10652920962199319,-0.06872852233676985,0.027491408934708028,2023H2
300182,2023-08-04,4,bull,none,two_day_acceleration,current_week,-0.038528896672504365,-0.11908931698774072,-0.05604203152364273,-0.12084063047285454,0.04728546409807355,2023H2
300182,2023-08-07,0,bull,none,pullback_holds,current_week,-0.022687609075043635,-0.1221640488656196,-0.05061082024432806,-0.12390924956369986,0.04363001745200701,2023H2
300182,2023-08-08,1,bull,none,two_day_acceleration,current_week,-0.0672413793103448,-0.10344827586206895,-0.07241379310344831,-0.1344827586206896,0.010344827586207028,2023H2
300182,2023-09-12,1,mid,none,pullback_holds,current_week,-0.04580152671755733,-0.020992366412213803,-0.05534351145038163,-0.06679389312977113,0.0,2023H2
300182,2025-02-10,0,mid,ma_bull,shrinking_volume_acceleration,current_week,-0.012949640287769792,-0.05179856115107917,-0.09208633093525176,-0.08345323741007193,0.04028776978417259,2025H1
300182,2025-02-12,2,bull,ma_bull,shrinking_volume_acceleration,current_week,-0.052023121387283155,-0.040462427745664664,-0.056358381502890076,-0.08670520231213863,0.044797687861271696,2025H1
300182,2025-02-14,4,bull,ma_bull,two_day_acceleration,current_week,-0.048090523338048086,-0.15275813295615281,-0.09900990099009899,-0.15558698727015563,0.008486562942008335,2025H1
300182,2025-03-12,2,bull,ma_bull,pullback_holds,current_week,-0.038580246913580196,-0.10339506172839508,-0.2114197530864198,-0.11265432098765438,0.0030864197530864335,2025H1
300182,2025-04-21,0,mid,none,two_day_acceleration,current_week,-0.00576923076923086,0.05576923076923079,0.011538461538461497,-0.04038461538461535,0.0692307692307692,2025H1
300182,2025-04-30,2,mid,none,two_day_acceleration,current_week,0.015037593984962516,-0.015037593984962405,-0.015037593984962405,-0.03383458646616555,0.04511278195488733,2025H1
300182,2025-05-06,1,mid,none,two_day_acceleration,current_week,-0.02717391304347827,-0.034420289855072506,-0.04528985507246375,-0.06884057971014501,0.007246376811594235,2025H1
300182,2025-05-08,3,bull,none,shrinking_volume_acceleration,current_week,-0.042124542124542086,-0.03663003663003661,-0.034798534798534675,-0.05860805860805862,0.005494505494505475,2025H1
300182,2025-05-12,0,bull,none,shrinking_volume_acceleration,current_week,-0.04204753199268729,-0.04570383912248632,-0.01645338208409508,-0.0658135283363801,0.00365630712979903,2025H1
300182,2025-05-19,0,bull,none,pullback_holds,current_week,0.0,0.003831417624521105,0.03639846743295028,-0.021072796934865745,0.024904214559387183,2025H1
300182,2025-05-20,1,bull,none,pullback_holds,current_week,-0.017013232514177634,-0.003780718336483857,0.011342155009451904,-0.03402646502835538,0.005671077504725952,2025H1
300182,2025-05-21,2,bull,none,pullback_holds,current_week,-0.011494252873563093,0.019157088122605526,0.026819923371647514,-0.021072796934865745,0.024904214559387183,2025H1
300182,2025-05-22,3,bull,none,pullback_holds,current_week,0.011472275334607929,0.007648183556405286,-0.01147227533460815,-0.02294455066921608,0.02294455066921608,2025H1
300182,2025-05-26,0,bull,none,pullback_holds,current_week,0.007692307692307665,0.03461538461538449,0.03653846153846141,-0.015384615384615441,0.04038461538461546,2025H1
300182,2025-05-27,1,mid,none,pullback_holds,current_week,0.01737451737451745,0.044401544401544424,0.05212355212355213,-0.01158301158301156,0.050193050193050315,2025H1
300182,2025-10-15,2,bull,ma_bull,shrinking_volume_acceleration,current_week,0.001626016260162677,0.029268292682926855,-0.00975609756097573,-0.05853658536585371,0.07317073170731714,2025H2
300182,2025-11-18,1,mid,ma_bull,two_day_acceleration,current_week,-0.012924071082390909,-0.06300484652665594,-0.1760904684975767,-0.0662358642972537,0.004846526655896577,2025H2
300182,2026-01-05,0,bull,none,two_day_acceleration,current_week,0.1861702127659577,0.09751773049645407,0.05141843971631199,-0.00886524822695034,0.2606382978723405,2026H1
300182,2026-01-14,2,bull,macd_cross,shrinking_volume_acceleration,current_week,-0.10029940119760483,-0.11227544910179643,0.3248502994011977,-0.12574850299401197,0.029940119760479167,2026H1
300182,2026-05-13,2,bull,none,shrinking_volume_acceleration,current_week,-0.04754098360655734,-0.04590163934426228,0.040983606557376984,-0.12131147540983611,0.013114754098360493,2026H1
002366,2023-07-31,0,bull,none,two_day_acceleration,current_week,-0.09308885754583929,-0.10719322990126934,-0.06346967559943573,-0.11847672778561347,0.07898448519040913,2023H2
002366,2023-11-09,3,mid,none,two_day_acceleration,current_week,-0.0019011406844106071,-0.0019011406844106071,0.049429657794676896,-0.024714828897338337,0.028517110266159662,2023H2
002366,2023-11-14,1,mid,none,two_day_acceleration,current_week,-0.007448789571694592,-0.04469273743016766,-0.011173184357541777,-0.05027932960893844,0.007448789571694592,2023H2
002366,2023-11-16,3,mid,none,pullback_holds,current_week,0.003824091778202643,-0.03824091778202676,0.015296367112810794,-0.04588910133843216,0.028680688336520044,2023H2
002366,2023-11-17,4,mid,none,shrinking_volume_acceleration,current_week,-0.03183520599250933,0.035580524344569264,-0.02434456928838946,-0.06928838951310867,0.035580524344569264,2023H2
002366,2025-05-08,3,bull,none,shrinking_volume_acceleration,current_week,0.017857142857142794,0.015873015873015817,0.35515873015873023,-0.02182539682539686,0.08928571428571441,2025H1
002366,2025-05-16,4,bull,none,two_day_acceleration,current_week,0.08269230769230762,0.42692307692307696,0.4788461538461539,-0.02115384615384619,0.5846153846153845,2025H1
002366,2025-06-16,0,bull,ma_bull,shrinking_volume_acceleration,current_week,0.08136482939632539,0.07742782152230987,0.23884514435695525,-0.03149606299212604,0.18897637795275601,2025H1
002366,2025-06-25,2,bull,ma_bull,shrinking_volume_acceleration,current_week,0.1323155216284988,0.2162849872773538,0.0661577608142494,-0.040712468193384255,0.2951653944020356,2025H1
002366,2025-07-09,2,bull,ma_bull,shrinking_volume_acceleration,current_week,-0.10147991543340384,-0.11416490486257924,-0.13530655391120516,-0.13213530655391115,0.031712473572938604,2025H2
002366,2025-07-11,4,bull,ma_bull,shrinking_volume_acceleration,current_week,-0.09253417455310187,-0.14090431125131442,-0.1556256572029443,-0.1587802313354364,0.02628811777076767,2025H2
002366,2025-08-11,0,bull,ma_bull,two_day_acceleration,current_week,0.0491400491400491,0.029484029484029506,-0.051597051597051746,-0.02211302211302224,0.0982800982800982,2025H2
002366,2025-08-26,1,bull,none,pullback_holds,current_week,-0.09245742092457432,-0.08515815085158152,-0.05717761557177625,-0.12773722627737238,0.03406326034063256,2025H2
002366,2025-09-10,2,bull,none,pullback_holds,current_week,0.03183023872679058,0.04111405835543769,0.10477453580901863,-0.01591511936339529,0.10079575596816981,2025H2
002366,2025-09-11,3,bull,none,two_day_acceleration,current_week,-0.0038910505836575737,0.04020752269779493,0.012970168612192134,-0.03372243839169908,0.07782101167315192,2025H2
002366,2025-09-17,2,bull,none,pullback_holds,current_week,0.0181582360570689,0.07782101167315192,0.07652399481193273,-0.046692607003890996,0.07782101167315192,2025H2
002366,2025-09-25,3,bull,none,two_day_acceleration,current_week,0.11352040816326547,-0.003826530612244805,0.007653061224489832,-0.06249999999999989,0.22704081632653073,2025H2
002366,2025-10-15,2,bull,none,shrinking_volume_acceleration,current_week,-0.08390804597701162,-0.04022988505747138,-0.07931034482758637,-0.12643678160919547,0.0,2025H2
002366,2025-10-27,0,bull,none,shrinking_volume_acceleration,current_week,0.0,-0.0048661800486619056,-0.1119221411192215,-0.041362530413625365,0.05352798053527974,2025H2
002366,2025-11-05,2,bull,none,pullback_holds,current_week,-0.04186602870813394,-0.07894736842105254,-0.14832535885167453,-0.09090909090909083,0.035885167464114964,2025H2
002366,2025-11-06,3,bull,none,pullback_holds,current_week,-0.021871202916160404,-0.0911300121506683,-0.14580801944106925,-0.0911300121506683,0.03888213851761857,2025H2
002366,2025-11-07,4,bull,none,pullback_holds,current_week,-0.03911980440097795,-0.12469437652811732,-0.1112469437652811,-0.12469437652811732,0.04523227383863082,2025H2
002366,2025-12-08,0,bull,none,pullback_holds,current_week,0.037292817679557944,0.02071823204419898,0.10911602209944737,-0.023480662983425438,0.1049723756906078,2025H2
002366,2026-01-05,0,bull,none,two_day_acceleration,current_week,0.19870129870129882,0.0714285714285714,-0.03246753246753242,-0.010389610389610393,0.24155844155844153,2026H1
002366,2026-01-07,2,bull,none,two_day_acceleration,current_week,0.062189054726368154,0.006218905472636704,-0.052238805970149405,-0.004975124378109541,0.18905472636815923,2026H1
688588,2023-06-13,1,mid,ma_bull,two_day_acceleration,current_week,0.08534432018834592,-0.08122424955856389,-0.1836374337845792,-0.1406709829311361,0.11771630370806352,2023H1
688588,2023-06-16,4,mid,ma_bull,shrinking_volume_acceleration,current_week,-0.07872219053051921,-0.11922418710781524,-0.19794637763833434,-0.1671420422133486,0.0661722760981176,2023H1
688588,2023-06-19,0,mid,ma_bull,two_day_acceleration,current_week,-0.15205327413984449,-0.16759156492785787,-0.21753607103218642,-0.18978912319644836,0.037180910099889,2023H1
688588,2023-07-25,1,mid,none,two_day_acceleration,current_week,-0.009735744089012566,0.07858136300417229,0.06397774687065372,-0.057023643949930425,0.1529902642559111,2023H2
688588,2023-08-02,2,bull,none,shrinking_volume_acceleration,current_week,0.06853146853146863,0.034965034965035,0.06363636363636371,-0.002797202797202858,0.15944055944055946,2023H2
688588,2023-08-03,3,bull,none,two_day_acceleration,current_week,0.025776602775941848,-0.048248512888301454,-0.018506278916060825,-0.08261731658955718,0.09583608724388637,2023H2
688588,2025-03-07,4,bull,none,pullback_holds,current_week,0.012203876525484603,-0.0287150035893754,-0.23905240488155066,-0.05168700646087576,0.03876525484565696,2025H1
688588,2025-04-01,1,mid,none,pullback_holds,current_week,-0.13793103448275856,-0.11319340329835081,0.06821589205397305,-0.22188905547226379,0.01799100449775115,2025H1
688588,2025-04-02,2,mid,none,pullback_holds,current_week,-0.11136363636363644,-0.10833333333333339,0.0924242424242423,-0.21363636363636362,0.018939393939394034,2025H1
688588,2025-04-23,2,mid,none,pullback_holds,current_week,0.17283950617283939,0.1596707818930041,0.08724279835390947,-0.02716049382716046,0.23868312757201648,2025H1
688588,2025-04-28,0,mid,none,two_day_acceleration,current_week,0.20215410107705045,0.12924606462303245,0.13421706710853343,-0.003314001657000798,0.24689312344656167,2025H1
688588,2025-05-26,0,bull,none,shrinking_volume_acceleration,current_week,0.01514004542013625,0.015897047691143085,0.06661619984859946,-0.024224072672218044,0.058289174867524496,2025H1
688588,2025-05-30,4,mid,none,pullback_holds,current_week,0.03208955223880605,0.02238805970149249,0.08731343283582094,-0.018656716417910446,0.0432835820895523,2025H1
688588,2025-06-03,1,bull,none,pullback_holds,current_week,0.0007457121551082135,0.015659955257270708,0.07904548844146153,-0.01938851603281133,0.04250559284116329,2025H1
688588,2025-06-04,2,bull,none,shrinking_volume_acceleration,current_week,-0.015228426395939132,-0.006526468455402501,0.024655547498187103,-0.046410442349528735,0.013778100072516342,2025H1
688588,2025-06-17,1,bull,macd_stabilizing,pullback_holds,current_week,0.0406203840472672,0.06868537666174301,0.14254062038404713,-0.039143279172821344,0.10192023633677993,2025H1
688588,2025-06-18,2,bull,macd_stabilizing,pullback_holds,current_week,0.06985294117647056,0.0389705882352942,0.0948529411764707,-0.04338235294117643,0.09705882352941186,2025H1
688588,2025-06-19,3,mid,none,pullback_holds,current_week,0.09466566491359885,0.07062359128474838,0.1179564237415478,-0.02253944402704744,0.12096168294515408,2025H1
688588,2025-07-08,1,bull,ma_bull,two_day_acceleration,current_week,0.032710280373831724,-0.019359145527369837,0.021361815754339153,-0.028037383177570097,0.06275033377837103,2025H2
688588,2025-07-10,3,bull,ma_bull,shrinking_volume_acceleration,current_week,-0.005347593582887722,0.002673796791443861,0.026069518716577367,-0.02339572192513384,0.06417112299465244,2025H2
688588,2025-07-23,2,bull,ma_bull,pullback_holds,current_week,0.03791469194312791,0.05416384563304,0.18618821936357488,-0.003385240352064889,0.06838185511171302,2025H2
688588,2025-07-24,3,bull,ma_bull,pullback_holds,current_week,0.0066225165562914245,0.01655629139072845,0.1490066225165565,-0.018543046357615833,0.04503311258278164,2025H2
688588,2025-07-25,4,bull,ma_bull,pullback_holds,current_week,0.008620689655172376,0.0006631299734747298,0.18368700265251992,-0.017241379310344862,0.04641909814323619,2025H2
688588,2025-07-29,1,bull,ma_bull,two_day_acceleration,current_week,-0.01607717041800638,-0.0012861736334405238,0.16463022508038572,-0.04308681672025727,0.010932475884244397,2025H2
688588,2025-08-01,4,bull,ma_bull,pullback_holds,current_week,0.0019920318725099584,0.0909694555112881,0.3751660026560426,-0.009296148738379806,0.09694555112881797,2025H2
688588,2025-08-13,2,bull,ma_bull,two_day_acceleration,current_week,0.12307692307692308,0.24807692307692308,0.15384615384615397,-0.00961538461538447,0.3653846153846154,2025H2
688588,2025-10-13,0,bull,none,pullback_holds,current_week,-0.09999999999999998,-0.023626373626373653,-0.20769230769230762,-0.12527472527472527,0.007692307692307665,2025H2
688588,2025-10-27,0,bull,none,two_day_acceleration,current_week,-0.24349999999999994,-0.279,-0.25,-0.30999999999999994,0.0,2025H2
688588,2025-12-08,0,bull,none,pullback_holds,current_week,-0.030810448760884013,-0.022103148024112507,-0.0187541862022772,-0.05224380442062959,0.00803750837240469,2025H2
688588,2025-12-19,4,mid,none,pullback_holds,current_week,-0.020449897750511203,0.012269938650306678,0.030674846625766916,-0.04089979550102252,0.01976823449216103,2025H2
688588,2026-01-05,0,bull,none,pullback_holds,current_week,0.1036376115305424,0.053534660260809774,-0.028826355525051417,-0.0027453671928620027,0.16609471516815377,2026H1
688588,2026-01-06,1,bull,none,two_day_acceleration,current_week,0.07190860215053774,0.016129032258064502,-0.030241935483870996,-0.02083333333333337,0.14180107526881724,2026H1
688588,2026-01-08,3,bull,none,shrinking_volume_acceleration,current_week,0.06815114709851544,0.031039136302294157,-0.04048582995951411,-0.0013495276653171517,0.1464237516869098,2026H1
688588,2026-01-09,4,bull,none,two_day_acceleration,current_week,0.014954486345903906,0.00975292587776333,-0.08257477243172962,-0.024057217165149636,0.10468140442132645,2026H1
603590,2023-07-03,0,mid,none,two_day_acceleration,current_week,-0.021694517736734142,-0.030782761653473933,-0.010847258868367016,-0.0554089709762533,0.016710642040457246,2023H2
603590,2023-07-26,2,mid,none,shrinking_volume_acceleration,current_week,-0.07171089779785433,-0.06549971767363072,-0.06860530773574247,-0.09288537549407117,0.047713156408808466,2023H2
603590,2023-07-28,4,bull,none,two_day_acceleration,current_week,-0.07236658284436981,-0.07432243643475822,-0.08913104219055601,-0.102263202011735,0.03688181056160933,2023H2
603590,2023-09-14,3,mid,none,pullback_holds,current_week,0.005583472920156485,0.029871580122836416,0.01591289782244565,-0.004745951982132901,0.04662199888330543,2023H2
603590,2023-11-20,0,mid,ma_bull,two_day_acceleration,current_week,0.01614906832298124,0.0029813664596272105,-0.01788819875776393,-0.009689440993788878,0.042236024844720665,2023H2
603590,2023-11-22,2,mid,ma_bull,shrinking_volume_acceleration,current_week,0.008676251859196737,0.01041150223103604,-0.034705007436787394,-0.00594942984630642,0.0399107585523053,2023H2
603590,2023-11-23,3,mid,ma_bull,two_day_acceleration,current_week,0.007320644216691097,-0.010492923377257157,-0.07369448511469012,-0.021473889702293913,0.02367008296730111,2023H2
603590,2023-12-29,4,mid,none,pullback_holds,current_week,-0.037815126050420145,-0.0890231092436975,-0.1966911764705882,-0.0890231092436975,0.003939075630252198,2023H2
603590,2024-02-27,1,bull,none,shrinking_volume_acceleration,current_week,-0.039897039897039965,-0.03474903474903479,-0.020913770913771,-0.05888030888030893,0.09073359073359066,2024H1
603590,2025-07-17,3,bull,ma_bull,shrinking_volume_acceleration,current_week,0.1815585475316197,0.3259893920848633,0.17523459812321485,-0.03304773561811514,0.35985312117503043,2025H2
603590,2025-09-19,4,mid,none,pullback_holds,current_week,-0.06955752212389377,-0.12106194690265482,-0.12831858407079644,-0.14672566371681417,0.04778761061946901,2025H2
603590,2025-10-21,1,bull,none,pullback_holds,current_week,-0.034115994380894965,-0.07947019867549676,-0.10315071242223561,-0.0858920329119004,0.03752759381898474,2025H2
603590,2025-12-08,0,bull,none,shrinking_volume_acceleration,current_week,-0.03303862261516988,-0.05374592833876224,-0.025593299208934384,-0.05630525825965571,0.026058631921824116,2025H2
603590,2026-01-06,1,bull,none,pullback_holds,current_week,0.08508533267375706,0.07741775908978488,-0.025476131585456363,-0.003710116250309148,0.1352955725946079,2026H1
600785,2023-03-01,2,bull,none,pullback_holds,current_week,0.026071842410196888,-0.05388180764774042,-0.11877172653534185,-0.0741599073001159,0.07589803012746232,2023H1
600785,2023-03-02,3,bull,none,pullback_holds,current_week,0.002328288707799775,-0.04190919674039573,-0.09545983701979044,-0.06984866123399303,0.08090803259604185,2023H1
600785,2023-03-22,2,mid,none,pullback_holds,current_week,-0.07086133170433717,0.02138057422113615,-0.05253512522907766,-0.0757483200977398,0.07330482590103848,2023H1
600785,2023-05-08,0,bull,none,two_day_acceleration,current_week,-0.012921348314606784,-0.07865168539325851,-0.0955056179775281,-0.1123595505617977,0.05617977528089879,2023H1
600785,2023-06-13,1,mid,none,pullback_holds,current_week,-0.12991880074953166,-0.1530293566520925,-0.11805121798875706,-0.1580262336039976,0.009369144284821829,2023H1
600785,2025-12-09,1,mid,ma_bull,pullback_holds,current_week,-0.055631868131868156,-0.008241758241758323,-0.05494505494505497,-0.11263736263736268,0.018543956043955978,2025H2
600785,2026-01-07,2,bull,ma_bull,pullback_holds,current_week,0.1333819241982508,0.6355685131195334,0.847667638483965,-0.010204081632653073,0.7128279883381923,2026H1
600785,2026-01-08,3,bull,ma_bull,pullback_holds,current_week,0.24436363636363634,0.6072727272727274,0.7745454545454546,-0.0036363636363635488,0.709090909090909,2026H1
600785,2026-01-09,4,bull,ma_bull,two_day_acceleration,current_week,0.34236804564907275,0.637660485021398,0.61055634807418,-0.008559201141226769,0.6761768901569187,2026H1
600785,2026-01-12,0,bull,ma_bull,two_day_acceleration,current_week,0.4345114345114345,0.6250866250866252,0.5329175329175331,-0.02009702009702008,0.6798336798336799,2026H1
600785,2026-04-10,4,mid,none,pullback_holds,current_week,0.028307336799537897,-0.03466204506065851,0.04910456383593309,-0.03928365106874643,0.07336799537839411,2026H1
600785,2026-04-13,0,mid,none,pullback_holds,current_week,0.005110732538330387,-0.0363429869392391,0.03236797274275971,-0.06530380465644514,0.05508233957978437,2026H1
600785,2026-04-16,3,mid,none,two_day_acceleration,current_week,-0.043333333333333446,-0.03555555555555556,0.010000000000000009,-0.0855555555555555,0.015555555555555545,2026H1
600785,2026-04-30,3,bull,none,pullback_holds,current_week,0.05126728110599088,0.047235023041474644,-0.07546082949308752,-0.012096774193548265,0.11693548387096775,2026H1
600785,2026-05-11,0,bull,none,shrinking_volume_acceleration,current_week,-0.035557986870897285,-0.11433260393873079,-0.19529540481400443,-0.12144420131291045,0.060722100656455114,2026H1
600785,2026-05-14,3,bull,none,two_day_acceleration,current_week,-0.09602649006622532,-0.09492273730684342,-0.17494481236203085,-0.13907284768211925,0.07008830022075063,2026H1
600785,2026-05-19,1,bull,none,two_day_acceleration,current_week,-0.13149350649350644,-0.13149350649350644,-0.18019480519480524,-0.1558441558441559,0.009199134199134207,2026H1
600785,2026-06-22,0,bull,none,pullback_holds,current_week,-0.3501308900523561,-0.3285340314136126,-0.4731675392670157,-0.375,0.08049738219895297,2026H1
300708,2024-02-26,0,bull,none,two_day_acceleration,current_week,-0.0253036437246964,-0.061740890688259276,-0.11437246963562764,-0.08704453441295557,0.023279352226720507,2024H1
300708,2024-02-27,1,bull,none,two_day_acceleration,current_week,-0.055276381909547756,-0.06130653266331665,-0.11557788944723624,-0.09346733668341722,0.004020100502512447,2024H1
300708,2025-02-06,3,mid,ma_bull,two_day_acceleration,current_week,-0.010752688172043001,-0.03440860215053765,-0.07455197132616498,-0.07526881720430112,0.04014336917562722,2025H1
300708,2025-02-07,4,mid,ma_bull,pullback_holds,current_week,-0.02020202020202011,-0.014430014430014348,-0.0670995670995671,-0.06926406926406925,0.04689754689754699,2025H1
300708,2025-02-10,0,mid,ma_bull,shrinking_volume_acceleration,current_week,-0.014378145219266614,-0.025880661394680038,-0.09058231488138024,-0.07260963335729687,0.04313443565780006,2025H1
300708,2025-02-11,1,mid,ma_bull,two_day_acceleration,current_week,-0.09713487071977644,-0.051013277428371806,-0.1132075471698114,-0.0985324947589099,0.009084556254367548,2025H1
300708,2025-04-02,2,mid,none,pullback_holds,current_week,-0.08629441624365475,-0.07529610829103217,-0.015228426395939021,-0.21489001692047383,0.043147208121827374,2025H1
300708,2025-04-03,3,mid,none,two_day_acceleration,current_week,-0.04761904761904767,-0.054545454545454564,-0.0017316017316018062,-0.19653679653679668,0.01904761904761898,2025H1
300708,2025-04-22,1,mid,none,pullback_holds,current_week,-0.007092198581560183,-0.0008865248226950229,-0.028368794326240954,-0.025709219858155996,0.05141843971631199,2025H1
300708,2025-04-23,2,mid,none,pullback_holds,current_week,0.0026501766784452485,0.0229681978798586,-0.013250883392226132,-0.02915194346289751,0.04770318021201403,2025H1
300708,2025-04-24,3,mid,none,pullback_holds,current_week,0.042076991942703756,0.029543419874664245,-0.006266786034019756,-0.0161145926589078,0.061772605192479846,2025H1
300708,2025-04-25,4,mid,none,pullback_holds,current_week,0.0294642857142855,0.02857142857142847,-0.016964285714285876,-0.018750000000000044,0.05892857142857122,2025H1
300708,2025-04-30,2,mid,none,shrinking_volume_acceleration,current_week,0.019366197183098732,-0.004401408450704136,-0.035211267605633645,-0.02024647887323927,0.04401408450704225,2025H1
300708,2025-05-06,1,mid,none,shrinking_volume_acceleration,current_week,-0.026248941574936513,-0.031329381879762974,-0.06265876375952584,-0.057578323454699376,0.0042337002540220325,2025H1
300708,2025-05-08,3,bull,none,shrinking_volume_acceleration,current_week,-0.02595155709342567,-0.02941176470588236,-0.030276816608996504,-0.037197231833909994,0.016435986159169413,2025H1
300708,2025-05-13,1,bull,none,pullback_holds,current_week,-0.0026155187445511263,-0.032258064516129115,-0.01569311246730598,-0.04533565823888397,0.01482127288578905,2025H1
300708,2025-05-14,2,bull,none,pullback_holds,current_week,-0.01826086956521733,-0.042608695652173956,-0.016521739130434754,-0.047826086956521685,0.012173913043478368,2025H1
002693,2023-03-22,2,mid,none,pullback_holds,current_week,-0.035190615835777206,-0.01319648093841641,-0.03665689149560114,-0.05131964809384171,0.01026392961876832,2023H1
002693,2023-04-06,3,bull,none,pullback_holds,current_week,0.010447761194029903,-0.0194029850746269,-0.059701492537313494,-0.025373134328358193,0.03731343283582089,2023H1
002693,2023-04-07,4,bull,none,two_day_acceleration,current_week,-0.02017291066282434,-0.060518731988472574,-0.10951008645533156,-0.06340057636887608,0.0014409221902016434,2023H1
002693,2023-04-28,4,bull,none,pullback_holds,current_week,-0.07067669172932345,-0.03759398496240607,-0.04060150375939853,-0.08571428571428574,0.03007518796992481,2023H1
002693,2023-05-04,3,bull,none,shrinking_volume_acceleration,current_week,-0.08357771260997071,-0.061583577712609916,-0.07917888563049857,-0.10850439882697949,0.0,2023H1
002693,2023-05-18,3,mid,none,pullback_holds,current_week,0.010937499999999822,-0.018750000000000044,-0.07500000000000007,-0.026562499999999933,0.06093749999999987,2023H1
002693,2023-05-22,0,mid,none,shrinking_volume_acceleration,current_week,-0.010670731707317138,-0.027439024390244038,-0.10213414634146356,-0.060975609756097615,0.03506097560975596,2023H1
002693,2023-11-20,0,mid,none,pullback_holds,current_week,-0.016949152542372836,0.05606258148631027,0.08083441981747086,-0.041720990873533204,0.14211212516297267,2023H2
002693,2023-11-22,2,mid,none,pullback_holds,current_week,-0.030065359477124187,0.06797385620915031,0.065359477124183,-0.039215686274509776,0.1450980392156862,2023H2
002693,2023-11-23,3,mid,none,two_day_acceleration,current_week,0.0394904458598726,0.016560509554140124,0.04585987261146496,-0.06369426751592355,0.11592356687898087,2023H2
002693,2024-01-03,2,mid,ma_bull,pullback_holds,current_week,-0.08970976253298146,-0.11609498680738783,-0.28232189973614774,-0.11609498680738783,0.0013192612137202797,2024H1
002693,2024-10-31,3,bull,ma_bull,two_day_acceleration,current_week,-0.211830985915493,-0.3276056338028168,-0.35549295774647893,-0.3464788732394366,0.01380281690140861,2024H2
002693,2024-12-05,3,bull,ma_bull,shrinking_volume_acceleration,current_week,-0.049159663865546266,-0.12773109243697478,-0.2378151260504202,-0.13403361344537823,0.004201680672268893,2024H2
002693,2025-02-06,3,mid,none,two_day_acceleration,current_week,0.25396825396825395,0.13997113997114008,0.009379509379509487,-0.004329004329004182,0.3658008658008658,2025H1
002693,2025-02-12,2,bull,none,shrinking_volume_acceleration,current_week,-0.009481668773704155,-0.04551201011378003,-0.29266750948166886,-0.07711757269279396,0.19658659924146638,2025H1
002693,2025-03-10,0,bull,none,shrinking_volume_acceleration,current_week,-0.06757843925985518,-0.243765084473049,-0.4360418342719228,-0.2622687047465808,0.0,2025H1
688190,2024-10-21,0,bull,ma_bull,pullback_holds,current_week,0.08330114587356774,0.05832367709540365,0.07364490794386502,-0.020213724732843996,0.10299987125016097,2024H2
688190,2024-12-10,1,bull,none,pullback_holds,current_week,-0.00012313754463744164,0.06661741164881163,0.13471247383327167,-0.05331855682797704,0.10208102450437129,2024H2
688190,2025-01-24,4,mid,ma_bull,shrinking_volume_acceleration,current_week,-0.038867719107240184,-0.09221556886227555,-0.07196516058791524,-0.11399020141535121,0.060206859009254154,2025H1
688190,2025-03-04,1,mid,none,pullback_holds,current_week,-0.016514609077260767,0.2999191592562651,0.16283635523732531,-0.03429957269892592,0.2999191592562651,2025H1
688190,2025-03-07,4,bull,none,pullback_holds,current_week,0.05302763080540873,0.3279247501469724,0.036801881246325774,-0.016813639035861194,0.5461493239271018,2025H1
688190,2025-03-14,4,bull,macd_stabilizing,shrinking_volume_acceleration,current_week,0.250719822812846,0.1370985603543744,0.022037652270210595,-0.009966777408637828,0.4562569213732004,2025H1
688190,2025-04-23,2,mid,ma_bull,two_day_acceleration,current_week,-0.04134020618556711,-0.00886597938144329,-0.10422680412371133,-0.06773195876288651,0.025670103092783503,2025H1
688190,2025-05-06,1,mid,none,pullback_holds,current_week,-0.004146730462519899,-0.03987240829346095,-0.08984582668793184,-0.05582137161084533,0.05784157363104736,2025H1
688190,2025-05-07,2,bull,none,pullback_holds,current_week,-0.0117423040304665,-0.058605733629535695,-0.0939384322437321,-0.07003067809161123,0.05247011530730994,2025H1
688190,2025-06-05,3,bull,none,pullback_holds,current_week,-0.01571777855396428,-0.04249621609034815,0.0660146699266504,-0.04529048783327516,0.08278030038421247,2025H1
688190,2025-06-06,4,bull,none,pullback_holds,current_week,-0.0030523597088518706,0.015379196994599553,0.047898567738905884,-0.03733270720826498,0.09180558816623607,2025H1
688190,2025-07-17,3,bull,none,shrinking_volume_acceleration,current_week,0.10795392210641808,0.0636313768513439,0.10104223806911672,-0.014810751508502529,0.14042786615469005,2025H2
688190,2025-07-21,0,bull,none,shrinking_volume_acceleration,current_week,0.05209342374340764,0.06651598320955765,0.08653535679690028,-0.009794424712086913,0.11882466903454958,2025H2
688190,2025-07-23,2,bull,none,two_day_acceleration,current_week,0.02393782383419696,0.021761658031088205,0.030569948186528473,-0.006217616580310836,0.07720207253886002,2025H2
688190,2025-08-08,4,bull,none,pullback_holds,current_week,0.015895372233400318,0.025050301810865205,0.08138832997987921,-0.026156941649899457,0.055331991951710346,2025H2
688190,2025-08-15,4,bull,ma_bull,pullback_holds,current_week,0.007714370487587718,0.07289091088913069,0.13658391850459894,-0.042626842053209435,0.10552863218277131,2025H2
688190,2025-08-26,1,bull,ma_bull,two_day_acceleration,current_week,0.011155606407322605,0.06207093821510301,0.025553012967200583,-0.017925247902364605,0.10488176964149498,2025H2
688190,2025-08-28,3,bull,ma_bull,shrinking_volume_acceleration,current_week,-0.004147422000188472,0.046187199547554014,0.026298425864831776,-0.029126213592232997,0.09228013950419456,2025H2
688190,2025-08-29,4,bull,ma_bull,two_day_acceleration,current_week,-0.009126106194690231,0.059365781710914334,-0.020372418879056164,-0.05051622418879065,0.09153761061946897,2025H2
688190,2025-09-08,0,bull,ma_bull,shrinking_volume_acceleration,current_week,0.06875907111756163,-0.008617561683599395,0.041817851959361274,-0.028483309143686464,0.07792089985486195,2025H2
688190,2025-09-10,2,bull,ma_bull,pullback_holds,current_week,0.05437568656169889,0.040735994141340104,0.09621017942145715,-0.03588429146832661,0.08778835591358458,2025H2
688190,2025-09-29,0,bull,ma_bull,shrinking_volume_acceleration,current_week,0.055606617647058876,0.026838235294117663,-0.011397058823529371,-0.05312499999999998,0.20790441176470598,2025H2
688190,2025-09-30,1,bull,ma_bull,pullback_holds,current_week,0.16238691400895555,-0.007310609522068967,0.07840628712418907,-0.05857625879557715,0.20095037923786907,2025H2
688190,2025-10-30,3,bull,none,pullback_holds,current_week,0.07256297918948529,0.012778386272362274,-0.0997626871120848,-0.08260313983205547,0.18473895582329325,2025H2
688190,2025-10-31,4,bull,none,pullback_holds,current_week,0.13992181107373391,-0.030820983725793227,-0.09637239749068105,-0.08618965360487318,0.18010728248022545,2025H2
688190,2026-01-05,0,bull,none,pullback_holds,current_week,0.042300000000000004,0.07879999999999998,-0.01539999999999997,-0.007399999999999962,0.11740000000000017,2026H1
688190,2026-01-06,1,bull,none,pullback_holds,current_week,0.04500049451092858,0.07269310651765415,-0.00405498961527051,-0.018296904361586375,0.10730887152606083,2026H1
688190,2026-01-07,2,bull,none,two_day_acceleration,current_week,0.02805492442951696,0.07142151536105912,-0.031216042675096256,-0.0010866343969179182,0.10599624617208336,2026H1
688190,2026-01-09,4,bull,none,two_day_acceleration,current_week,-0.0071894806546212164,0.03443382839844866,-0.055813073502979926,-0.03679878914010026,0.059124018541292234,2026H1
688190,2026-01-19,0,bull,none,shrinking_volume_acceleration,current_week,-0.0007415647015202032,-0.08731924360400434,0.028921023359288034,-0.12096774193548387,0.037819799777530694,2026H1
688190,2026-01-22,3,bull,none,pullback_holds,current_week,-0.0703395379290992,-0.0740810027125619,0.06622392666729038,-0.11299223646057432,0.028902815452249486,2026H1
688190,2026-02-03,1,mid,none,shrinking_volume_acceleration,current_week,0.05302279484638239,0.10297324083250747,0.15649157581764106,-0.0385530227948464,0.1743310208126858,2026H1
603076,2023-04-11,1,bull,ma_bull,two_day_acceleration,current_week,-0.026074259491030483,-0.14997914059240713,-0.16249478514810178,-0.1675010429703795,0.0010429703796412948,2023H1
603076,2023-04-17,0,bull,ma_bull,two_day_acceleration,current_week,-0.10289389067524113,-0.10460878885316172,-0.1264737406216505,-0.1680600214362271,0.01479099678456608,2023H1
603076,2023-04-18,1,bull,ma_bull,pullback_holds,current_week,-0.12384433455170929,-0.10556869490432164,-0.09223822833799178,-0.16555579445280577,0.0,2023H1
603076,2023-05-04,3,bull,ma_bull,two_day_acceleration,current_week,-0.03469879518072283,-0.01807228915662651,0.07349397590361462,-0.044337349397590264,0.024096385542168752,2023H1
603076,2023-05-05,4,bull,ma_bull,pullback_holds,current_week,-0.0290205562273278,0.02103990326481253,0.06408706166868194,-0.040870616686819794,0.05030229746070125,2023H1
603076,2023-05-08,0,bull,ma_bull,shrinking_volume_acceleration,current_week,-0.03568896242023156,0.03379815646419293,0.028362089340581376,-0.06263294729378399,0.06074214133774514,2023H1
603076,2023-05-18,3,mid,none,pullback_holds,current_week,0.06478527607361961,0.09325153374233142,0.07116564417177917,-0.01104294478527601,0.11754601226993855,2023H1
603076,2023-06-15,3,mid,ma_bull,shrinking_volume_acceleration,current_week,0.08154897494305247,0.09134396355353092,0.04077448747152612,-0.015945330296127436,0.14578587699316636,2023H1
603076,2023-06-16,4,mid,ma_bull,two_day_acceleration,current_week,0.06810519217801758,0.07462351090132624,0.03551359856147451,0.0,0.13059114407732086,2023H1
603076,2023-08-01,1,bull,none,pullback_holds,current_week,-0.04526007655933362,-0.15582076108984466,-0.20400810628236887,-0.1668543120918713,0.0488628687232604,2023H2
603076,2023-08-03,3,bull,none,pullback_holds,current_week,-0.08876811594202905,-0.13292572463768126,-0.19157608695652173,-0.17844202898550732,0.02083333333333326,2023H2
603076,2023-08-04,4,bull,none,pullback_holds,current_week,-0.14479638009049767,-0.15226244343891415,-0.18529411764705894,-0.17918552036199098,0.007466063348416263,2023H2
603076,2023-09-18,0,mid,none,shrinking_volume_acceleration,current_week,-0.015895543570820347,-0.05847289242123199,-0.1862049389724667,-0.06414987226795354,0.0,2023H2
603076,2025-06-30,0,bull,ma_bull,shrinking_volume_acceleration,current_week,-0.02817803394172269,-0.04418828049951962,-0.08357348703170031,-0.07140569964777455,0.011207172590457892,2025H1
603076,2025-07-08,1,bull,ma_bull,pullback_holds,current_week,-0.05292029686995803,-0.07389480477573418,-0.07195869635366248,-0.080348499515973,0.012584704743465513,2025H2
603076,2025-07-09,2,bull,ma_bull,pullback_holds,current_week,-0.02950819672131144,-0.060655737704917945,-0.06229508196721312,-0.06557377049180324,0.0,2025H2
603076,2025-08-04,0,bull,none,two_day_acceleration,current_week,-0.00417391304347825,-0.029913043478260848,-0.02817391304347827,-0.044173913043478286,0.008000000000000007,2025H2
603076,2025-08-05,1,bull,none,pullback_holds,current_week,-0.013217391304347736,-0.022260869565217445,-0.057739130434782626,-0.044173913043478286,0.008000000000000007,2025H2
603076,2025-08-06,2,bull,none,pullback_holds,current_week,-0.012237762237762295,-0.0013986013986013734,-0.08076923076923082,-0.039160839160839234,0.013286713286713159,2025H2
603076,2025-08-07,3,bull,none,pullback_holds,current_week,-0.03899721448467963,-0.004874651810584885,-0.08077994428969348,-0.04317548746518096,0.0128830083565461,2025H2
603076,2025-08-08,4,bull,none,pullback_holds,current_week,-0.014503006720905542,0.0014149274849664106,-0.05624336752741421,-0.027944817828086332,0.029006013441811085,2025H2
603076,2025-08-19,1,bull,none,pullback_holds,current_week,0.03272856634649601,-0.036286019210245435,-0.0686588402703664,-0.051583066524368504,0.11348274635361078,2025H2
603076,2025-08-20,2,bull,none,pullback_holds,current_week,0.06127450980392157,-0.07948179271708689,-0.09488795518207283,-0.08333333333333337,0.09593837535013994,2025H2
603076,2025-08-21,3,bull,none,pullback_holds,current_week,-0.017138859741168133,-0.07660020986358862,-0.11472542847149347,-0.08744316194473589,0.09478838754809371,2025H2
603076,2025-08-22,4,bull,none,pullback_holds,current_week,-0.051597051597051635,-0.06353106353106364,-0.10810810810810811,-0.09090909090909094,0.09863109863109853,2025H2
603076,2025-09-16,1,bull,none,pullback_holds,current_week,-0.0515267175572518,-0.05496183206106864,-0.04312977099236637,-0.07480916030534346,0.0,2025H2
603076,2025-10-14,1,bull,none,pullback_holds,current_week,0.010064412238325326,0.0370370370370372,0.05394524959742353,-0.019323671497584516,0.07045088566827706,2025H2
603076,2025-10-16,3,bull,none,pullback_holds,current_week,-0.006643220007815476,-0.020711215318483633,0.02579132473622514,-0.04806565064478319,0.02149277061352084,2025H2
603076,2025-10-31,4,bull,none,two_day_acceleration,current_week,-0.03285659064553548,0.005025125628140614,-0.04367993815229987,-0.03285659064553548,0.0177812137611133,2025H2
603076,2025-11-14,4,bull,none,pullback_holds,current_week,-0.0757692307692307,-0.048461538461538334,-0.11653846153846159,-0.07769230769230773,0.017692307692307674,2025H2
603076,2026-04-10,4,mid,ma_bull,pullback_holds,current_week,0.028782028782028846,0.04563004563004558,0.01333801333801321,-0.03685503685503688,0.09512109512109501,2026H1
300448,2023-08-04,4,bull,none,two_day_acceleration,current_week,0.060655737704917945,-0.060655737704918056,-0.04590163934426228,-0.06229508196721323,0.17868852459016393,2023H2
300448,2023-09-05,1,mid,macd_stabilizing,two_day_acceleration,current_week,0.018151815181518094,-0.07425742574257432,0.019801980198019598,-0.07920792079207928,0.04125412541254114,2023H2
300448,2023-09-18,0,mid,none,shrinking_volume_acceleration,current_week,0.006956521739130528,0.08869565217391306,-0.02782608695652178,-0.03652173913043477,0.13913043478260856,2023H2
300448,2025-03-12,2,bull,macd_stabilizing,two_day_acceleration,current_week,0.010362694300518172,-0.10233160621761661,-0.2227979274611399,-0.11269430051813467,0.04015544041450769,2025H1
300448,2025-03-19,2,bull,ma_bull,two_day_acceleration,current_week,-0.09765625,-0.12109375,-0.21223958333333337,-0.15234375,0.02083333333333326,2025H1
300448,2025-03-20,3,bull,ma_bull,pullback_holds,current_week,-0.09868421052631582,-0.10789473684210527,-0.20526315789473693,-0.143421052631579,0.019736842105263053,2025H1
300448,2025-04-21,0,mid,none,two_day_acceleration,current_week,-0.04347826086956519,0.04508856682769724,0.04347826086956519,-0.05797101449275355,0.056360708534621606,2025H1
300448,2025-04-23,2,mid,none,pullback_holds,current_week,-0.01118210862619795,0.043130990415335635,0.028753993610223683,-0.06549520766773154,0.06549520766773176,2025H1
300448,2025-05-08,3,bull,none,shrinking_volume_acceleration,current_week,0.01238390092879249,0.003095975232198178,0.007739938080495223,-0.02631578947368418,0.06346749226006199,2025H1
300448,2025-05-15,3,bull,none,two_day_acceleration,current_week,0.009345794392523477,0.03738317757009346,0.0,-0.034267912772585674,0.04361370716510904,2025H1
300448,2025-09-01,0,bull,ma_bull,shrinking_volume_acceleration,current_week,-0.07434402332361512,-0.07288629737609331,-0.013119533527696792,-0.10495626822157433,0.0,2025H2
300448,2025-10-27,0,bull,ma_bull,pullback_holds,current_week,0.05657708628005653,0.09052333804809054,0.10608203677510608,-0.00990099009900991,0.10466760961810473,2025H2
300448,2025-10-30,3,bull,ma_bull,pullback_holds,current_week,0.023287671232876672,0.013698630136986356,0.05753424657534256,-0.019178082191780743,0.07671232876712342,2025H2
300448,2025-11-05,2,bull,ma_bull,shrinking_volume_acceleration,current_week,-0.01200000000000001,-0.01866666666666661,-0.014666666666666606,-0.04533333333333334,0.04800000000000004,2025H2
300448,2025-11-11,1,bull,ma_bull,pullback_holds,current_week,0.01740294511378848,0.05087014725568961,0.05756358768406966,-0.05087014725568939,0.0682730923694781,2025H2
300448,2025-11-12,2,bull,ma_bull,pullback_holds,current_week,-0.006747638326585648,0.07287449392712553,0.04858299595141702,-0.04318488529014852,0.09446693657219973,2025H2
300448,2025-11-13,3,bull,ma_bull,pullback_holds,current_week,0.008130081300813163,0.046070460704606964,0.01897018970189701,-0.03929539295392959,0.09891598915989164,2025H2
300448,2025-11-14,4,bull,ma_bull,pullback_holds,current_week,-0.037583892617449655,0.037583892617449655,0.014765100671140896,-0.04832214765100673,0.0885906040268456,2025H2
300448,2025-11-17,0,mid,ma_bull,shrinking_volume_acceleration,current_week,0.030303030303030276,0.015810276679841806,0.06719367588932812,-0.06587615283267456,0.06851119894598146,2025H2
300448,2025-12-19,4,mid,ma_bull,shrinking_volume_acceleration,current_week,0.0037453183520601563,0.014981273408239737,0.18352059925093633,-0.024968789013732784,0.05742821473158566,2025H2
300448,2025-12-29,0,bull,ma_bull,two_day_acceleration,current_week,-0.02818627450980382,0.11397058823529416,0.11519607843137258,-0.05024509803921573,0.1470588235294117,2025H2
300448,2026-01-05,0,bull,ma_bull,pullback_holds,current_week,0.1464646464646464,0.13510101010101017,0.13636363636363646,-0.02146464646464641,0.20833333333333348,2026H1
300448,2026-01-06,1,bull,ma_bull,two_day_acceleration,current_week,0.10864197530864206,0.1703703703703705,0.1469135802469137,-0.043209876543209846,0.31358024691358044,2026H1
300448,2026-01-07,2,bull,ma_bull,pullback_holds,current_week,0.1491782553729455,0.173198482932996,0.19974715549936795,0.0,0.34513274336283195,2026H1
300448,2026-01-08,3,bull,ma_bull,shrinking_volume_acceleration,current_week,0.15177478580171355,0.09424724602203183,0.1701346389228886,-0.00244798041615657,0.30232558139534893,2026H1
300448,2026-01-14,2,bull,ma_bull,shrinking_volume_acceleration,current_week,0.03571428571428559,0.015624999999999778,0.09375,-0.016741071428571508,0.1875,2026H1
300448,2026-04-09,3,mid,none,pullback_holds,current_week,-0.024320457796852657,0.09728183118741063,0.1702432045779685,-0.07010014306151646,0.10872675250357644,2026H1
688200,2025-04-01,1,mid,ma_bull,two_day_acceleration,current_week,-0.04765132515420589,0.016606791838947865,-0.01592896360062357,-0.13305768318308142,0.11495966921981982,2025H1
688200,2025-04-02,2,mid,ma_bull,pullback_holds,current_week,-0.010886469673405896,0.08171921391205994,0.030892124982327296,-0.09585748621518453,0.1628022055704792,2025H1
688200,2025-05-06,1,mid,ma_bull,shrinking_volume_acceleration,current_week,-0.05665976535541761,-0.05603864734299524,-0.023464458247067,-0.07177363699102834,0.024706694271911633,2025H1
688200,2025-05-22,3,bull,none,pullback_holds,current_week,-0.0026637868970482703,0.015406767458603143,-0.005759539236861122,-0.041612670986321154,0.0341972642188626,2025H1
688200,2025-05-26,0,bull,none,pullback_holds,current_week,0.000284697508896814,-0.019928825622775648,0.021352313167259718,-0.052526690391459074,0.022419928825622826,2025H1
688200,2025-05-27,1,mid,none,pullback_holds,current_week,0.006186446704117277,-0.029865604778496646,0.007324184029012359,-0.053402545687264436,0.021474792007395438,2025H1
688200,2025-06-26,3,bull,none,shrinking_volume_acceleration,current_week,-0.030042918454935452,-0.05649757264476185,-0.02553999859283751,-0.06423696615774288,0.04115950186449013,2025H1
688200,2025-06-27,4,bull,none,shrinking_volume_acceleration,current_week,-0.0246602213815329,-0.04336555975900236,-0.032296483116155295,-0.06823595348185518,0.036710102283872725,2025H1
688200,2025-06-30,0,bull,none,two_day_acceleration,current_week,-0.04032921810699586,-0.07750342935528132,-0.06447187928669418,-0.08779149519890272,0.014814814814814836,2025H1
688200,2025-07-21,0,bull,none,shrinking_volume_acceleration,current_week,0.021646318627818184,0.06606246723091913,0.09040521309265248,-0.003445434798891367,0.12343644670811194,2025H2
688200,2025-07-22,1,bull,none,pullback_holds,current_week,0.06644493717664424,0.05668883961566884,0.06784922394678472,-0.007243163340724501,0.10857354028085742,2025H2
688200,2025-07-23,2,bull,none,pullback_holds,current_week,0.05544989027066549,0.051353328456474,0.0940746159473298,-0.014557425018288273,0.09722019019751271,2025H2
688200,2025-07-24,3,bull,none,pullback_holds,current_week,0.03198263386396527,0.021056439942112926,0.07525325615050638,-0.025253256150506553,0.08531114327062217,2025H2
688200,2025-07-25,4,bull,none,pullback_holds,current_week,0.024161557879552875,0.0030292102416153988,0.15384060584204828,-0.02841687702848894,0.08178867652362065,2025H2
688200,2025-08-14,3,bull,none,pullback_holds,current_week,0.05255701940784796,0.27489729423431086,0.2457855220286158,-0.008003966567502463,0.3361665958351041,2025H2
688200,2025-08-15,4,bull,none,shrinking_volume_acceleration,current_week,0.11367908109989555,0.20445527323355384,0.25840584754611906,-0.012878524190741314,0.31319178558997574,2025H2
688200,2025-08-18,0,bull,none,two_day_acceleration,current_week,0.11196592938590455,0.30505563951092185,0.19961533177634294,-0.025965105096854013,0.34565187525759034,2025H2
688200,2025-08-26,1,bull,ma_bull,shrinking_volume_acceleration,current_week,0.11967460078336845,0.014160891834889888,0.2515818017475142,-0.005423320277191945,0.18891232298885208,2025H2
688200,2025-09-03,2,bull,ma_bull,shrinking_volume_acceleration,current_week,-0.1000321992057529,0.00928410432542659,0.1254695717505634,-0.11452184179456903,0.017494901792422413,2025H2
688200,2025-10-13,0,bull,ma_bull,shrinking_volume_acceleration,current_week,-0.10781404549950546,-0.020722057368941726,-0.11815034619188924,-0.11800197823936698,0.008902077151335286,2025H2
688200,2025-10-27,0,bull,ma_bull,two_day_acceleration,current_week,-0.03851626016260168,-0.09395325203252036,-0.16026422764227655,-0.10005081300813001,0.12281504065040649,2025H2
688200,2025-12-08,0,bull,none,shrinking_volume_acceleration,current_week,-0.030002255808707412,0.019230769230769162,0.18238213399503733,-0.05819986465147753,0.040491766298218046,2025H2
688200,2025-12-25,3,bull,none,two_day_acceleration,current_week,0.004431699687174051,0.16788321167883202,0.32950990615224174,-0.021532846715328402,0.17205422314911356,2025H2
688200,2026-01-06,1,bull,none,two_day_acceleration,current_week,0.05414634146341468,0.152048780487805,0.4485365853658536,-0.024341463414634168,0.19999999999999996,2026H1
688200,2026-04-27,0,bull,ma_bull,shrinking_volume_acceleration,current_week,0.09703756999405622,0.24190571526887106,0.32949604279413136,-0.03462946163230829,0.27878749960897165,2026H1
688200,2026-04-29,2,bull,ma_bull,two_day_acceleration,current_week,0.09716417910447772,0.2316417910447761,0.12626865671641796,-0.02597014925373131,0.2838805970149254,2026H1
688200,2026-07-01,2,bull,ma_bull,shrinking_volume_acceleration,current_week,-0.002440097603904179,-0.10596423856954285,-0.2783311332453299,-0.15782631305252215,0.1293451738069522,2026H2
688200,2026-08-20,3,mid,none,shrinking_volume_acceleration,current_week,-0.043268195843000345,-0.10641249491736227,,-0.11916094620775441,0.011743882896027014,2026H2
001256,2025-05-08,3,bull,none,shrinking_volume_acceleration,current_week,-0.05500000000000005,-0.0854166666666667,-0.11583333333333334,-0.08708333333333329,0.008333333333333304,2025H1
001256,2025-06-03,1,bull,none,shrinking_volume_acceleration,current_week,0.028557599225556674,0.010164569215876051,0.06001936108422079,-0.007260406582768608,0.10745401742497585,2025H1
001256,2025-06-04,2,bull,none,shrinking_volume_acceleration,current_week,0.01914791766395396,0.0019147917663953073,0.03733843944471049,-0.020105313547151837,0.09526089037817131,2025H1
001256,2025-06-05,3,bull,none,pullback_holds,current_week,0.0014150943396227245,-0.037735849056603654,0.011792452830188704,-0.04433962264150937,0.0792452830188679,2025H1
001256,2025-06-06,4,bull,none,pullback_holds,current_week,-0.03237916471140301,-0.04833411543876098,-0.008446738620366046,-0.052088221492257114,0.07367433129985934,2025H1
001256,2025-06-09,0,bull,none,two_day_acceleration,current_week,-0.07299596954769383,-0.08598298253470671,-0.048813255709807435,-0.10031347962382453,0.006269592476488839,2025H1
001256,2025-06-24,1,bull,none,pullback_holds,current_week,0.04285714285714293,0.008571428571428452,0.040476190476190554,-0.02238095238095228,0.08095238095238089,2025H1
001256,2025-06-25,2,bull,none,pullback_holds,current_week,0.026527711984841496,0.008053055423969724,0.020369493131217498,-0.01421127427759361,0.07531975367124577,2025H1
001256,2025-06-26,3,bull,none,pullback_holds,current_week,0.023866348448687402,0.02959427207637244,0.046778042959427335,-0.0023866348448685626,0.0835322195704058,2025H1
001256,2025-07-10,3,bull,none,pullback_holds,current_week,0.04697674418604669,0.020000000000000018,0.05255813953488375,-0.018604651162790642,0.05953488372093019,2025H2
001256,2025-07-14,0,bull,none,shrinking_volume_acceleration,current_week,0.0072267389340561206,0.014001806684733387,0.10930442637759707,-0.03703703703703709,0.04336043360433606,2025H2
001256,2025-07-17,3,bull,none,shrinking_volume_acceleration,current_week,-0.025766326077299007,-0.02843180808529544,0.04264771212794294,-0.052865393158596286,0.026210573078631727,2025H2
001256,2025-07-25,4,bull,none,two_day_acceleration,current_week,-0.019486271036315395,0.057573073516385964,0.07927369353410096,-0.03764393268379107,0.09787422497785636,2025H2
001256,2025-08-04,0,bull,none,two_day_acceleration,current_week,0.08672566371681412,0.10398230088495564,0.025663716814159132,-0.010619469026548756,0.14646017699115044,2025H2
001256,2025-08-06,2,bull,none,two_day_acceleration,current_week,0.04217391304347817,0.07173913043478275,-0.030434782608695587,-0.02782608695652178,0.12652173913043474,2025H2
001256,2025-08-07,3,bull,none,pullback_holds,current_week,0.03711886875828552,0.07998232434821051,0.010163499779054286,-0.011931064958020321,0.14494034467521,2025H2
001256,2025-08-20,2,bull,macd_cross,shrinking_volume_acceleration,current_week,-0.04058441558441561,-0.09496753246753242,-0.04220779220779214,-0.09699675324675328,0.012987012987013102,2025H2
001256,2025-08-21,3,bull,macd_cross,pullback_holds,current_week,-0.023858494446729828,-0.059646236116824514,-0.04977375565610864,-0.08473879062114364,0.026737967914438387,2025H2
001256,2025-09-17,2,bull,ma_bull,pullback_holds,current_week,-0.03758445945945943,-0.06714527027027029,-0.06714527027027029,-0.0815033783783784,0.007601351351351315,2025H2
001256,2025-10-14,1,bull,none,two_day_acceleration,current_week,-0.017937219730941645,0.021973094170403495,0.028251121076233066,-0.053811659192825045,0.07623318385650224,2025H2
001256,2025-10-15,2,bull,none,pullback_holds,current_week,-0.02951699463327373,0.0031305903398926027,0.022361359570661987,-0.05635062611806785,0.07334525939177095,2025H2
001256,2026-01-19,0,bull,none,shrinking_volume_acceleration,current_week,-0.004048582995951455,-0.03688708951866848,0.022042285200179812,-0.055330634278002666,0.021592442645074206,2026H1
001256,2026-01-21,2,bull,none,shrinking_volume_acceleration,current_week,-0.03417266187050372,-0.02023381294964044,0.035521582733812895,-0.055755395683453335,0.02113309352517989,2026H1
001256,2026-02-03,1,mid,macd_stabilizing,pullback_holds,current_week,0.05355493998153271,0.05355493998153271,0.05817174515235468,-0.003693444136657398,0.06232686980609414,2026H1
001256,2026-02-04,2,mid,macd_stabilizing,pullback_holds,current_week,0.04589261128958233,0.05690683799908225,0.03487838458008263,-0.006883891693437283,0.0578246902248738,2026H1
001256,2026-02-05,3,mid,macd_stabilizing,two_day_acceleration,current_week,0.026928343222272888,0.03605659516202642,0.03331811958010045,-0.005020538566864463,0.052031036056595203,2026H1
001256,2026-04-10,4,mid,ma_bull,pullback_holds,current_week,0.03594080338266381,-0.0033826638477801874,0.052854122621564414,-0.034249471458773884,0.056659619450317056,2026H1
001256,2026-05-11,0,bull,ma_bull,two_day_acceleration,current_week,0.005436893203883519,-0.040776699029126284,-0.04310679611650481,-0.06407766990291253,0.04310679611650481,2026H1
001256,2026-05-15,4,bull,ma_bull,two_day_acceleration,current_week,-0.013513513513513598,-0.12779922779922792,-0.0911196911196912,-0.13088803088803092,0.037065637065637036,2026H1
001256,2026-05-19,1,bull,ma_bull,shrinking_volume_acceleration,current_week,-0.08038095238095233,-0.12609523809523804,-0.019809523809523832,-0.15657142857142858,0.00990476190476186,2026H1
001256,2026-08-07,4,mid,macd_stabilizing,shrinking_volume_acceleration,current_week,-0.039756446991404015,-0.16797994269340977,-0.19914040114613185,-0.18839541547277938,0.02077363896848139,2026H2
001256,2026-08-31,0,bull,none,shrinking_volume_acceleration,current_week,-0.04242681374628765,-0.09546033092914719,,-0.11921934662706823,0.012728044123886395,2026H2
001256,2026-09-02,2,mid,none,pullback_holds,current_week,-0.03804582792909639,,,-0.10246433203631633,0.004755728491137257,2026H2
300003,2023-03-01,2,bull,none,pullback_holds,current_week,-0.036846615252784876,-0.028277634961439646,0.006855184233076184,-0.06126820908311914,0.0025706940874037354,2023H1
300003,2023-03-15,2,mid,none,pullback_holds,current_week,0.03362831858407067,0.03982300884955747,0.08539823008849545,-0.029646017699115124,0.06106194690265476,2023H1
300003,2023-03-16,3,mid,none,pullback_holds,current_week,0.03982300884955747,0.038053097345132736,0.08849557522123885,-0.029646017699115124,0.06106194690265476,2023H1
300003,2023-03-23,3,bull,macd_stabilizing,two_day_acceleration,current_week,-0.010544074230282585,0.016448755799240766,-0.006326444538169662,-0.04133277098270771,0.02193167439898769,2023H1
300003,2023-03-24,4,mid,none,pullback_holds,current_week,0.01979762428508569,0.06907171139463264,0.03167619885613715,0.0,0.08007039155301365,2023H1
300003,2023-03-31,4,bull,none,pullback_holds,current_week,0.051038062283736974,0.056660899653979246,0.035899653979238666,-0.015138408304498308,0.07655709342560546,2023H1
300003,2023-04-06,3,bull,none,pullback_holds,current_week,0.052789699570815474,0.031330472103004325,-0.012875536480686733,-0.0012875536480687622,0.06824034334763951,2023H1
300003,2023-04-07,4,bull,none,two_day_acceleration,current_week,0.01990049751243772,-0.02321724709784423,-0.05265339966832505,-0.02321724709784423,0.031923714759535704,2023H1
300003,2023-04-12,2,bull,ma_bull,shrinking_volume_acceleration,current_week,0.00540990428630872,-0.011235955056179803,-0.025384935497295036,-0.0578443612151478,0.035788597586350335,2023H1
300003,2023-04-13,3,bull,ma_bull,two_day_acceleration,current_week,-0.029090909090909056,-0.03717171717171708,-0.029494949494949463,-0.08525252525252525,0.005656565656565693,2023H1
300003,2023-04-27,3,mid,ma_bull,pullback_holds,current_week,-0.04086738949124269,0.0016680567139282232,0.0387823185988323,-0.06422018348623848,0.01751459549624701,2023H1
300003,2023-04-28,4,bull,ma_bull,pullback_holds,current_week,-0.04192872117400415,0.014255765199161496,0.03563941299790341,-0.0591194968553459,0.023060796645702375,2023H1
300003,2023-05-04,3,bull,ma_bull,pullback_holds,current_week,-0.05446985446985442,0.00956340956340962,-0.023700623700623757,-0.06694386694386689,0.02079002079002068,2023H1
300003,2023-06-15,3,mid,ma_bull,shrinking_volume_acceleration,current_week,-0.026518391787852758,-0.029084687767322537,-0.09238665526090672,-0.04020530367835751,0.011548331907613507,2023H1
300003,2023-06-16,4,mid,ma_bull,pullback_holds,current_week,-0.025531914893616947,-0.03574468085106386,-0.10382978723404257,-0.04510638297872338,0.004255319148936287,2023H1
300003,2025-10-16,3,bull,none,pullback_holds,current_week,-0.05477920626048072,-0.02235885969815532,-0.058133035215203965,-0.08049189491335951,0.026271660145332554,2025H2
300003,2025-12-01,0,mid,none,pullback_holds,current_week,-0.0037617554858934144,-0.033228840125391956,0.00940438871473348,-0.037617554858934255,0.007523510971786829,2025H2
300003,2025-12-19,4,mid,none,pullback_holds,current_week,0.0201005025125629,0.22550251256281428,0.17713567839195998,-0.012562814070351758,0.29711055276381915,2025H2
300003,2026-02-09,0,bull,ma_bull,two_day_acceleration,current_week,-0.023574561403508998,-0.06743421052631582,-0.02247807017543857,-0.06853070175438591,0.010416666666666519,2026H1
300003,2026-02-26,3,bull,ma_bull,pullback_holds,current_week,-0.06894649751792614,-0.055157198014340825,-0.13568670711527853,-0.08439051296194144,0.013237727523441878,2026H1
300003,2026-02-27,4,bull,ma_bull,shrinking_volume_acceleration,current_week,-0.049008810572687245,-0.02698237885462551,-0.10572687224669597,-0.08590308370044042,0.004405286343612369,2026H1
300003,2026-03-11,2,bull,none,pullback_holds,current_week,0.05089647194910363,-0.06766917293233077,-0.06362058993637931,-0.10931174089068818,0.07113938692886057,2026H1
601965,2023-03-03,4,bull,ma_bull,shrinking_volume_acceleration,current_week,-0.08307692307692305,-0.13192307692307692,-0.05615384615384622,-0.15076923076923066,0.009230769230769376,2023H1
601965,2023-03-30,3,mid,ma_bull,pullback_holds,current_week,-0.005862646566163976,0.003350083752093891,-0.06742043551088772,-0.0506700167504186,0.05904522613065333,2023H1
601965,2023-03-31,4,bull,ma_bull,shrinking_volume_acceleration,current_week,-0.016687016687016665,0.0,-0.1326821326821327,-0.07733007733007724,0.0293040293040292,2023H1
601965,2023-04-10,0,bull,ma_bull,pullback_holds,current_week,0.020772746157041944,-0.01080182800166185,-0.042376402160365534,-0.058163689239717375,0.07976734524304119,2023H1
601965,2023-04-20,3,bull,ma_bull,two_day_acceleration,current_week,-0.02675059008654601,-0.15696302124311567,-0.20810385523210084,-0.1927616050354053,0.003933910306844979,2023H1
601965,2023-05-08,0,bull,none,shrinking_volume_acceleration,current_week,0.017370892018779394,-0.022535211267605604,-0.04084507042253527,-0.04741784037558694,0.13145539906103298,2023H1
601965,2023-07-25,1,mid,macd_cross,two_day_acceleration,current_week,0.014435695538057791,0.003937007874015741,-0.07042869641294836,-0.024496937882764636,0.036745406824147064,2023H2
601965,2025-10-10,4,bull,macd_stabilizing,pullback_holds,current_week,-0.024929178470254998,-0.02606232294617572,-0.025495750708215414,-0.041926345609065274,0.01076487252124636,2025H2
000816,2025-05-06,1,mid,none,two_day_acceleration,current_week,-0.01577287066246047,0.025236593059936974,-0.018927444794952675,-0.028391167192428957,0.028391167192429068,2025H1
000816,2025-05-07,2,bull,none,pullback_holds,current_week,0.0031746031746031633,0.012698412698412653,-0.015873015873015817,-0.022222222222222143,0.03492063492063502,2025H1
000816,2025-05-08,3,bull,none,pullback_holds,current_week,-0.025000000000000022,-0.012499999999999956,-0.006249999999999978,-0.03749999999999998,0.018750000000000044,2025H1
000816,2025-05-09,4,bull,none,pullback_holds,current_week,-0.01273885350318471,-0.019108280254777066,0.01273885350318471,-0.022292993630573243,0.03821656050955413,2025H1
000816,2025-05-14,2,bull,none,pullback_holds,current_week,0.009493670886075778,-0.012658227848101222,-0.006329113924050667,-0.034810126582278444,0.03164556962025311,2025H1
000816,2025-05-21,2,bull,none,pullback_holds,current_week,-0.01577287066246047,-0.02208201892744477,-0.04416403785488954,-0.03785488958990524,0.018927444794952786,2025H1
000816,2025-05-22,3,bull,none,pullback_holds,current_week,0.009523809523809712,0.009523809523809712,-0.03809523809523796,-0.03174603174603163,0.03809523809523818,2025H1
000816,2025-05-29,3,bull,none,pullback_holds,current_week,0.003154574132492094,-0.018927444794952675,-0.018927444794952675,-0.03154574132492105,0.03154574132492116,2025H1
000816,2025-06-23,0,bull,none,shrinking_volume_acceleration,current_week,0.013071895424836555,0.026143790849673332,0.06862745098039214,-0.0032679738562090277,0.05228758169934644,2025H1
000816,2025-06-24,1,bull,none,pullback_holds,current_week,0.003225806451612856,0.009677419354838568,0.05483870967741944,-0.016129032258064502,0.03870967741935494,2025H1
000816,2025-06-25,2,bull,none,pullback_holds,current_week,-0.003225806451612967,0.041935483870967794,0.048387096774193505,-0.016129032258064502,0.058064516129032295,2025H1
000816,2025-06-26,3,bull,none,pullback_holds,current_week,-0.003215434083601254,0.02893890675241173,0.054662379421221985,-0.019292604501607635,0.054662379421221985,2025H1
000816,2025-06-27,4,bull,none,pullback_holds,current_week,-0.019230769230769273,0.028846153846153744,0.044871794871794934,-0.022435897435897356,0.05128205128205132,2025H1
000816,2025-07-08,1,bull,none,pullback_holds,current_week,-0.0031948881789136685,0.04472843450479247,0.009584664536741228,-0.012779552715655007,0.07028753993610226,2025H2
000816,2025-07-11,4,bull,none,shrinking_volume_acceleration,current_week,-0.018808777429467072,0.021943573667711602,-0.00940438871473348,-0.031347962382445194,0.059561128526645746,2025H2
000816,2025-07-24,3,bull,none,shrinking_volume_acceleration,current_week,-0.06865671641791049,-0.05373134328358209,-0.04477611940298509,-0.07462686567164178,0.008955223880596996,2025H2
000816,2025-08-11,0,bull,none,pullback_holds,current_week,-0.01562500000000011,0.009374999999999911,0.018750000000000044,-0.03125,0.015625,2025H2
000816,2025-08-13,2,bull,none,pullback_holds,current_week,0.018927444794952786,0.028391167192429068,0.04416403785488954,-0.02208201892744477,0.09463722397476348,2025H2
000816,2025-08-18,0,bull,ma_bull,pullback_holds,current_week,0.02215189873417711,0.034810126582278444,0.06645569620253156,-0.01898734177215189,0.09810126582278489,2025H2
000816,2025-08-19,1,bull,ma_bull,pullback_holds,current_week,0.028213166144200663,0.021943573667711602,0.06896551724137945,-0.028213166144200552,0.08777429467084641,2025H2
000816,2025-08-21,3,bull,ma_bull,pullback_holds,current_week,0.0031249999999998224,0.0,0.034375000000000044,-0.03125,0.08437500000000009,2025H2
000816,2025-08-22,4,bull,ma_bull,pullback_holds,current_week,-0.0031250000000000444,0.006250000000000089,0.0031249999999998224,-0.03125,0.08437500000000009,2025H2
000816,2025-08-26,1,bull,ma_bull,two_day_acceleration,current_week,-0.035502958579881505,-0.035502958579881505,-0.09467455621301768,-0.08284023668639051,0.026627218934911268,2025H2
000816,2025-08-28,3,bull,ma_bull,pullback_holds,current_week,-0.0031152647975076775,0.02180685358255463,-0.04361370716510893,-0.02180685358255452,0.031152647975077885,2025H2
000816,2025-09-08,0,bull,ma_bull,pullback_holds,current_week,0.04012345679012341,-0.01851851851851849,0.006172839506172867,-0.030864197530864224,0.061728395061728225,2025H2
000816,2025-09-10,2,bull,ma_bull,two_day_acceleration,current_week,0.021212121212121238,-0.06363636363636371,-0.015151515151515249,-0.08181818181818179,0.04242424242424225,2025H2
000816,2025-10-14,1,bull,none,two_day_acceleration,current_week,0.021472392638036686,0.033742331288343586,0.09202453987730053,-0.024539877300613466,0.14417177914110413,2025H2
000816,2025-10-23,3,bull,macd_cross,two_day_acceleration,current_week,-0.047337278106508784,0.0,0.059171597633136175,-0.050295857988165715,0.10355029585798814,2025H2
000816,2025-11-13,3,bull,ma_bull,shrinking_volume_acceleration,current_week,0.0,-0.025139664804469275,0.06145251396648055,-0.05027932960893855,0.027932960893854775,2025H2
000816,2025-11-20,3,mid,ma_bull,pullback_holds,current_week,-0.011331444759206777,0.0764872521246458,-0.031161473087818803,-0.03682719546742219,0.15014164305949018,2025H2
000816,2026-01-09,4,bull,ma_bull,pullback_holds,current_week,0.01084010840108407,0.08943089430894324,-0.005420054200542035,-0.01897018970189701,0.09485094850948506,2026H1
000816,2026-01-12,0,bull,ma_bull,pullback_holds,current_week,0.02933333333333321,0.08800000000000008,-0.016000000000000014,-0.03466666666666662,0.17866666666666675,2026H1
000816,2026-01-15,3,bull,ma_bull,two_day_acceleration,current_week,0.06666666666666665,0.09866666666666668,-0.05066666666666664,-0.01866666666666661,0.17866666666666675,2026H1
000816,2026-01-16,4,bull,ma_bull,pullback_holds,current_week,0.08648648648648649,0.08918918918918917,-0.037837837837837895,-0.005405405405405461,0.1945945945945946,2026H1
000816,2026-01-21,2,bull,ma_bull,two_day_acceleration,current_week,0.07575757575757569,0.017676767676767735,0.002525252525252597,-0.06060606060606055,0.11616161616161613,2026H1
000816,2026-01-26,0,bull,ma_bull,two_day_acceleration,current_week,-0.08353808353808356,-0.09336609336609347,-0.04422604422604426,-0.10565110565110569,0.07371007371007376,2026H1
000816,2026-01-27,1,bull,ma_bull,shrinking_volume_acceleration,current_week,-0.029126213592232997,-0.12378640776699035,-0.04611650485436891,-0.12621359223300976,0.06067961165048552,2026H1
000816,2026-02-27,4,bull,ma_bull,shrinking_volume_acceleration,current_week,-0.0174563591022443,-0.05735660847880286,-0.16708229426433918,-0.07730673316708225,0.02743142144638422,2026H1
000816,2026-04-10,4,mid,none,pullback_holds,current_week,0.006250000000000089,-0.0031250000000000444,-0.05312499999999998,-0.025000000000000022,0.02499999999999991,2026H1
000816,2026-04-13,0,mid,none,pullback_holds,current_week,0.0,-0.036809815950920255,-0.0950920245398773,-0.07975460122699396,0.006134969325153339,2026H1
000816,2026-04-14,1,mid,none,pullback_holds,current_week,-0.006153846153846176,-0.03384615384615386,-0.11692307692307691,-0.07692307692307687,0.009230769230769376,2026H1
000816,2026-04-16,3,mid,none,pullback_holds,current_week,-0.03395061728395077,-0.0030864197530865445,-0.1234567901234569,-0.07407407407407418,0.012345679012345734,2026H1
000816,2026-04-20,0,bull,none,pullback_holds,current_week,-0.03975535168195721,-0.06727828746177367,-0.18042813455657492,-0.0825688073394496,0.0,2026H1
000816,2026-04-21,1,bull,none,pullback_holds,current_week,-0.02786377708978327,-0.04643962848297212,-0.15479876160990713,-0.07120743034055732,0.003095975232198178,2026H1
000816,2026-04-30,3,bull,none,pullback_holds,current_week,-0.06521739130434778,-0.11801242236024856,-0.13354037267080754,-0.13975155279503115,0.0031055900621117516,2026H1
603083,2023-03-13,0,mid,ma_bull,two_day_acceleration,current_week,0.1421654929577465,0.4493838028169015,1.0264084507042255,-0.040492957746478764,0.4493838028169015,2023H1
603083,2023-06-15,3,mid,ma_bull,shrinking_volume_acceleration,current_week,-0.09541511771995037,-0.13809720501170308,-0.14663362247005363,-0.2023957042544403,0.08219743907476262,2023H1
603083,2023-06-20,1,mid,ma_bull,shrinking_volume_acceleration,current_week,-0.18189189189189192,-0.14635135135135136,-0.2567567567567568,-0.21716216216216222,0.03756756756756752,2023H1
603083,2023-07-04,1,mid,ma_bull,shrinking_volume_acceleration,current_week,-0.03944647685700653,-0.06950850962303168,-0.10800063623349776,-0.08859551455384129,0.08636869731191332,2023H2
603083,2023-07-13,3,mid,ma_bull,shrinking_volume_acceleration,current_week,-0.1609458428680396,-0.15957284515636905,-0.2617848970251716,-0.19130434782608696,0.04195270785659799,2023H2
603083,2023-08-01,1,bull,none,pullback_holds,current_week,-0.004553734061930825,-0.10655737704918022,-0.13260473588342447,-0.12896174863387977,0.03825136612021862,2023H2
603083,2023-09-05,1,mid,none,two_day_acceleration,current_week,-0.027368421052631486,-0.11557894736842111,0.07557894736842119,-0.11831578947368415,0.0437894736842106,2023H2
603083,2025-05-06,1,mid,none,shrinking_volume_acceleration,current_week,0.19176136363636354,0.10767045454545454,0.0803977272727272,-0.024431818181818166,0.23863636363636354,2025H1
603083,2025-05-26,0,bull,none,pullback_holds,current_week,-0.015552523874488466,0.203274215552524,0.2622100954979536,-0.0390177353342428,0.25375170532060043,2025H1
603083,2025-05-29,3,bull,none,pullback_holds,current_week,0.19750464560658343,0.19246084417308196,0.26121582160870704,-0.052561720201752204,0.2556410937085214,2025H1
603083,2025-07-01,1,bull,ma_bull,shrinking_volume_acceleration,current_week,0.01837606837606831,0.05683760683760686,0.08504273504273496,-0.11111111111111116,0.11773504273504276,2025H2
603083,2025-07-14,0,bull,ma_bull,two_day_acceleration,current_week,-0.01544554455445546,-0.02534653465346537,0.021980198019802,-0.07980198019801987,0.04712871287128717,2025H2
603083,2025-07-30,2,bull,ma_bull,pullback_holds,current_week,-0.005332806636381693,0.12423464349200075,0.7418526565277501,-0.04602014615840411,0.12502468891961294,2025H2
603083,2025-08-15,4,bull,ma_bull,shrinking_volume_acceleration,current_week,0.21783088235294112,0.7215073529411766,0.8656250000000003,-0.006433823529411686,0.8161764705882353,2025H2
603083,2025-12-26,4,bull,ma_bull,shrinking_volume_acceleration,current_week,-0.025468223493456676,-0.08000940365175135,-0.119191285949377,-0.08314395423556142,0.13392367369328428,2025H2
603083,2026-02-26,3,bull,none,two_day_acceleration,current_week,0.07279620853080582,0.16208530805687205,-0.0006635071090046463,-0.053459715639810446,0.24815165876777256,2026H1
603083,2026-05-08,4,bull,ma_bull,shrinking_volume_acceleration,current_week,-0.0045507461106994995,0.005397396549899458,0.016086358344798546,-0.08016721346174183,0.1094295692665892,2026H1
603083,2026-05-13,2,bull,ma_bull,shrinking_volume_acceleration,current_week,-0.05424390243902444,-0.08048780487804874,-0.14151219512195112,-0.1520487804878048,0.07068292682926836,2026H1
603083,2026-06-17,2,bull,ma_bull,shrinking_volume_acceleration,current_week,0.3019999999999998,0.09214999999999995,-0.021499999999999964,-0.0010499999999999954,0.3165,2026H1
603083,2026-08-05,2,mid,none,pullback_holds,current_week,0.10122741690801274,0.15466832161081223,0.24120810922631342,-0.008412632740311676,0.3425044821403944,2026H2
603083,2026-08-06,3,mid,none,shrinking_volume_acceleration,current_week,0.08990068360634584,0.15497226879917458,0.20153488972010836,-0.06881207274603374,0.25557848574745257,2026H2
688269,2025-07-01,1,bull,ma_bull,pullback_holds,current_week,-0.025335320417287477,-0.02771982116244409,0.03457526080476914,-0.053353204172876145,0.0,2025H2
688269,2025-08-04,0,bull,ma_bull,shrinking_volume_acceleration,current_week,0.060582010582010515,0.021957671957671954,0.025661375661375718,-0.012433862433862575,0.08492063492063484,2025H2
688269,2025-08-07,3,bull,ma_bull,shrinking_volume_acceleration,current_week,0.025128205128205128,-0.015641025641025652,-0.08615384615384614,-0.04282051282051291,0.05153846153846153,2025H2
688269,2025-08-08,4,bull,ma_bull,two_day_acceleration,current_week,-0.04139650872817968,-0.003491271820448838,-0.07556109725685789,-0.06907730673316714,0.022693266832917613,2025H2
688269,2025-08-20,2,bull,ma_bull,pullback_holds,current_week,0.009369460622942416,-0.08179285895163346,-0.0754621423145101,-0.08635097493036226,0.06330716637123324,2025H2
688269,2025-09-09,1,bull,ma_bull,pullback_holds,current_week,-0.03830010493179414,-0.04118572927597042,0.05561385099685223,-0.093651626442812,0.013903462749212947,2025H2
688269,2025-09-10,2,bull,ma_bull,pullback_holds,current_week,-0.03616684266103498,-0.016367476240760404,0.1335797254487856,-0.08790918690601901,0.020063357972544882,2025H2
688269,2025-09-11,3,bull,ma_bull,pullback_holds,current_week,-0.06438998957247133,-0.03310740354535968,0.08837330552659028,-0.09932221063607916,0.0028675703858185297,2025H2
688269,2025-09-12,4,bull,ma_bull,pullback_holds,current_week,-0.05322793148880112,0.0013175230566533358,0.14176548089591545,-0.08959156785243738,0.0184453227931487,2025H2
688269,2025-09-22,0,mid,none,two_day_acceleration,current_week,0.08114035087719285,0.09155701754385959,0.1896929824561402,-0.052905701754385914,0.14254385964912264,2025H2
688269,2025-09-23,1,mid,none,pullback_holds,current_week,0.13359201773835916,0.1152993348115301,0.13913525498891355,-0.010532150776053073,0.15521064301552112,2025H2
688269,2025-09-24,2,bull,none,pullback_holds,current_week,0.046361185983827546,0.15741239892183279,0.1078167115902966,-0.010781671159029615,0.1832884097035039,2025H2
688269,2025-09-25,3,bull,none,pullback_holds,current_week,0.030760928224500717,0.12655153804641106,0.11980572045331894,-0.009713977334052881,0.18456556934700474,2025H2
688269,2025-10-15,2,bull,ma_bull,shrinking_volume_acceleration,current_week,0.034909631096806226,0.01757860856647686,0.01955929685565727,-0.013369645951968323,0.0968061401336966,2025H2
688269,2025-12-08,0,bull,none,pullback_holds,current_week,-0.00791347929306263,-0.005539435505143797,0.09733579530466896,-0.050382484832498076,0.03903983117910825,2025H2
688269,2026-01-07,2,bull,ma_bull,shrinking_volume_acceleration,current_week,-0.026909090909090883,0.038787878787878816,0.08800000000000008,-0.04193939393939383,0.04072727272727272,2026H1
688269,2026-01-08,3,bull,ma_bull,pullback_holds,current_week,-0.010666666666666602,0.08266666666666667,0.04509090909090907,-0.04193939393939383,0.10496969696969694,2026H1
688269,2026-01-09,4,bull,ma_bull,shrinking_volume_acceleration,current_week,-0.008563273073263544,0.062321598477640405,0.01831588962892483,-0.05994291151284481,0.08420551855375824,2026H1
688269,2026-01-28,2,bull,ma_bull,shrinking_volume_acceleration,current_week,-0.08706265256305945,-0.14646053702196915,-0.0895036615134257,-0.15968266883645243,0.10720097640357995,2026H1
688269,2026-03-06,4,bull,ma_bull,shrinking_volume_acceleration,current_week,-0.011787819253438081,-0.11569526304300382,-0.19777341191879505,-0.12137087972058502,0.012006112202575858,2026H1
688269,2026-04-10,4,mid,none,two_day_acceleration,current_week,0.02437745740498043,0.0802096985583225,0.10249017038007868,-0.03014416775884665,0.1764089121887289,2026H1
688269,2026-04-21,1,bull,none,shrinking_volume_acceleration,current_week,0.0331908473723912,0.07367362333417149,0.06738747799849132,-0.019361327633894976,0.12848881066130247,2026H1
688269,2026-04-23,3,bull,none,pullback_holds,current_week,-0.04185280978133088,-0.007288972490007151,-0.015283329414530922,-0.05196332000940518,0.05525511403715022,2026H1
688269,2026-05-06,2,bull,none,two_day_acceleration,current_week,0.023357664233576658,0.0024330900243310083,-0.13381995133819946,-0.008029197080291928,0.07007299270072997,2026H1
688269,2026-05-07,3,bull,none,shrinking_volume_acceleration,current_week,0.007568590350047311,-0.05842005676442763,-0.18945127719962152,-0.06315042573320728,0.04020813623462627,2026H1
300331,2023-08-02,2,bull,none,pullback_holds,current_week,-0.03260869565217395,-0.10782608695652174,-0.05217391304347818,-0.10869565217391308,0.01304347826086949,2023H2
300331,2023-08-04,4,bull,none,pullback_holds,current_week,-0.0754961173425367,-0.12122519413287314,-0.041846419327005946,-0.12597066436583249,0.0051768766177739955,2023H2
300331,2023-12-28,3,mid,none,two_day_acceleration,current_week,0.07448630136986312,-0.024400684931506822,-0.1763698630136985,-0.0702054794520548,0.1643835616438356,2023H2
300331,2025-08-06,2,bull,ma_bull,two_day_acceleration,current_week,0.023255813953488413,0.07110912343470477,0.430232558139535,-0.012522361359570522,0.10017889087656529,2025H2
300331,2025-08-13,2,bull,ma_bull,two_day_acceleration,current_week,0.01871544023819638,0.05487026797107619,0.2735006380263718,-0.03700552956188863,0.12632922160782645,2025H2
300331,2025-08-26,1,bull,ma_bull,pullback_holds,current_week,0.2034252297410193,0.27109440267334994,0.5601503759398496,-0.0029239766081871066,0.44402673350041755,2025H2
300331,2025-12-08,0,bull,none,two_day_acceleration,current_week,-0.007766990291262155,-0.0045307443365696365,0.355987055016181,-0.06051779935275081,0.04207119741100329,2025H2
300331,2025-12-09,1,mid,none,pullback_holds,current_week,-0.041042345276872894,0.03127035830618885,0.34690553745928354,-0.054397394136807775,0.05732899022801319,2025H2
300331,2025-12-23,1,bull,none,two_day_acceleration,current_week,-0.01137081490840175,0.3060644346178143,0.4889450410612761,-0.026847757422615248,0.3449147188881869,2025H2
300331,2025-12-25,3,bull,none,shrinking_volume_acceleration,current_week,0.03658536585365857,0.3555347091932457,0.4934333958724202,-0.03658536585365846,0.3705440900562851,2025H2
300331,2025-12-31,2,bull,none,two_day_acceleration,current_week,0.25888168056842775,0.49366697559468653,0.5013901760889714,-0.01699104108742655,0.5532900834105654,2025H2
300331,2026-02-26,3,bull,ma_bull,pullback_holds,current_week,0.028057399871492805,-0.05611479974298561,-0.11265795673591772,-0.08438637823945161,0.14264296423216982,2026H1
300331,2026-04-13,0,mid,none,pullback_holds,current_week,0.04876404494382025,0.2195505617977529,0.1910112359550562,-0.03325842696629211,0.23573033707865165,2026H1
300331,2026-04-14,1,mid,none,two_day_acceleration,current_week,0.07444933920704844,0.17533039647577087,0.20374449339207046,-0.0524229074889867,0.21123348017621146,2026H1
300331,2026-04-16,3,mid,none,shrinking_volume_acceleration,current_week,0.2149042844120328,0.20806745670009108,0.276207839562443,-0.001823154056517784,0.25319051959890615,2026H1
300331,2026-04-30,3,bull,ma_bull,shrinking_volume_acceleration,current_week,0.059526030975928235,0.044971076693412826,-0.022952043291659008,-0.05243515581265168,0.09815264041798843,2026H1
300331,2026-05-06,2,bull,ma_bull,two_day_acceleration,current_week,0.021843761569789066,0.10366530914476124,0.0773787486116253,-0.05997778600518333,0.14068863383931873,2026H1
300331,2026-05-07,3,bull,ma_bull,shrinking_volume_acceleration,current_week,-0.03460837887067392,-0.01020036429872484,0.06338797814207653,-0.07504553734061925,0.12240437158469963,2026H1
300331,2026-05-11,0,bull,ma_bull,two_day_acceleration,current_week,-0.00832428519724926,-0.020448787549764647,-0.053564965617082794,-0.08107129931234158,0.11509229098805651,2026H1
300331,2026-06-15,0,bull,ma_bull,shrinking_volume_acceleration,current_week,-0.03108653415035123,0.06277088626513239,-0.1279330443879838,-0.06740397548946342,0.09520251083545062,2026H1
300331,2026-09-01,1,bull,none,pullback_holds,current_week,0.010101010101009944,-0.04692760942760954,,-0.09238215488215484,0.07007575757575757,2026H2
603955,2023-03-08,2,mid,none,pullback_holds,current_week,-0.06152993348115299,-0.022727272727272707,-0.10587583148558755,-0.07982261640798216,0.006651884700665134,2023H1
603955,2023-03-09,3,mid,none,pullback_holds,current_week,-0.06159822419533845,-0.04162042175360714,-0.08490566037735836,-0.07880133185349603,0.0,2023H1
603955,2023-03-10,4,mid,none,pullback_holds,current_week,-0.024858757062146797,-0.03785310734463265,-0.07288135593220335,-0.0621468926553671,0.011299435028248705,2023H1
603955,2023-03-22,2,mid,none,pullback_holds,current_week,-0.1073636874648678,-0.0933108487914559,-0.09162450815064638,-0.12647554806070815,0.0022484541877461073,2023H1
603955,2025-03-04,1,mid,none,pullback_holds,current_week,-0.004188481675392763,0.05183246073298431,0.002617801047120505,-0.0350785340314137,0.09528795811518331,2025H1
603955,2025-03-05,2,bull,none,pullback_holds,current_week,0.04853862212943638,0.04331941544885187,0.016701461377870652,-0.03810020876826725,0.09185803757828825,2025H1
603955,2025-03-14,4,bull,none,pullback_holds,current_week,0.07069143446852433,0.02786377708978338,-0.06862745098039202,0.0,0.09649122807017552,2025H1
603955,2025-05-23,4,bull,ma_bull,shrinking_volume_acceleration,current_week,-0.0752393980848155,-0.05581395348837226,-0.16087551299589609,-0.10013679890560889,0.026812585499315977,2025H1
603955,2025-06-06,4,bull,ma_bull,pullback_holds,current_week,-0.01988472622478399,-0.10662824207492805,-0.10749279538904899,-0.11066282420749285,0.02420749279538903,2025H1
603955,2025-07-01,1,bull,ma_bull,pullback_holds,current_week,0.02619808306709248,0.08498402555910545,0.08530351437699668,-0.02875399361022357,0.11277955271565476,2025H2
603955,2025-07-03,3,bull,ma_bull,pullback_holds,current_week,-0.00961538461538447,0.07371794871794868,0.08333333333333326,-0.02564102564102555,0.16987179487179493,2025H2
603955,2025-07-04,4,bull,ma_bull,pullback_holds,current_week,0.09503865979381443,0.06926546391752564,0.09503865979381443,-0.01771907216494839,0.17590206185567014,2025H2
603955,2025-07-08,1,bull,none,two_day_acceleration,current_week,0.05106778087279484,0.034973692355307895,0.08604147322810274,-0.05292479108635095,0.1296812132466727,2025H2
603955,2025-07-16,2,bull,none,two_day_acceleration,current_week,-0.02088849661665193,-0.018240659017358163,0.15945866431303335,-0.0379523389232127,0.024713150926743088,2025H2
603955,2025-07-28,0,bull,ma_bull,two_day_acceleration,current_week,0.020099038741625552,0.09350422371103995,0.13981939994174208,-0.035537430818526006,0.10690358287212365,2025H2
603955,2025-07-29,1,bull,ma_bull,pullback_holds,current_week,0.032666274278987606,0.17274867569158325,0.14155385520894637,-0.02560329605650391,0.17716303708063563,2025H2
603955,2025-07-31,3,bull,ma_bull,pullback_holds,current_week,0.09967465246968343,0.282165039929015,0.13280094646554286,-0.014196983141082642,0.282165039929015,2025H2
603955,2025-08-01,4,bull,ma_bull,pullback_holds,current_week,0.07956225968648312,0.26974267968056775,0.15380065069506044,-0.013605442176870763,0.3324460218870158,2025H2
603955,2025-08-04,0,bull,ma_bull,two_day_acceleration,current_week,0.07287796513289502,0.15490140040011435,0.0840240068591025,-0.011146041726207478,0.28751071734781375,2025H2
603955,2025-09-08,0,bull,ma_bull,two_day_acceleration,current_week,-0.03152683689421576,-0.06409588327253779,-0.1271495570609693,-0.06930693069306937,0.032047941636268895,2025H2
603955,2025-09-09,1,bull,ma_bull,pullback_holds,current_week,0.013684210526315965,-0.06447368421052624,-0.0647368421052632,-0.07999999999999996,0.04236842105263161,2025H2
603955,2025-09-15,0,bull,ma_bull,pullback_holds,current_week,-0.03440860215053765,-0.07930107526881724,-0.06801075268817203,-0.08870967741935498,0.06478494623655906,2025H2
603955,2025-11-11,1,bull,none,pullback_holds,current_week,-0.03891859774212725,-0.07754010695187175,-0.1247771836007131,-0.11794414735591208,0.016042780748663166,2025H2
603955,2025-11-13,3,bull,none,pullback_holds,current_week,-0.0301659125188537,-0.07360482654600298,-0.12880844645550527,-0.10437405731523375,0.03167420814479649,2025H2
603955,2025-11-14,4,bull,none,pullback_holds,current_week,-0.10652818991097934,-0.09228486646884282,-0.14362017804154315,-0.11899109792284868,0.008902077151335286,2025H2
603955,2025-12-01,0,mid,none,two_day_acceleration,current_week,-0.02826510721247566,-0.014619883040935644,-0.04028589993502285,-0.07472384665367127,0.030864197530864113,2025H2
000778,2025-11-17,0,mid,ma_bull,pullback_holds,current_week,-0.08294930875576034,-0.07834101382488479,-0.05760368663594473,-0.10599078341013823,0.0023041474654379446,2025H2
000778,2025-12-01,0,mid,ma_bull,pullback_holds,current_week,0.03015075376884413,0.027638190954773822,0.05527638190954787,-0.007537688442211032,0.03768844221105527,2025H2
000778,2025-12-19,4,mid,none,two_day_acceleration,current_week,0.014527845036319764,0.02421307506053272,0.12832929782082325,-0.012106537530266248,0.029055690072639306,2025H2
000778,2026-01-09,4,bull,macd_cross,two_day_acceleration,current_week,0.03981264637002346,0.09367681498829028,0.18969555035128804,-0.014051522248243686,0.11475409836065564,2026H1
000778,2026-01-12,0,bull,ma_bull,two_day_acceleration,current_week,0.037209302325581506,0.09069767441860477,0.17674418604651176,-0.020930232558139528,0.1116279069767443,2026H1
000778,2026-01-16,4,bull,ma_bull,two_day_acceleration,current_week,0.051801801801801606,0.1373873873873872,0.0923423423423424,-0.0022522522522524513,0.177927927927928,2026H1
000778,2026-01-22,3,bull,ma_bull,two_day_acceleration,current_week,0.029598308668076,0.09513742071881581,0.10782241014799143,-0.023255813953488413,0.10570824524312905,2026H1
000778,2026-01-28,2,bull,ma_bull,two_day_acceleration,current_week,0.04338842975206614,0.024793388429751984,0.045454545454545636,-0.018595041322314043,0.08057851239669422,2026H1
000778,2026-04-09,3,mid,none,pullback_holds,current_week,-0.04077253218884125,-0.010729613733905574,-0.045064377682403456,-0.05579399141630892,0.05364806866952798,2026H1
000778,2026-04-14,1,mid,none,shrinking_volume_acceleration,current_week,0.05752212389380529,0.0022123893805310324,-0.06194690265486735,-0.0243362831858408,0.08628318584070782,2026H1
000778,2026-04-16,3,mid,none,shrinking_volume_acceleration,current_week,0.026726057906458767,0.024498886414253906,-0.04008908685968815,-0.017817371937639215,0.09354120267260568,2026H1
000778,2026-04-23,3,bull,none,pullback_holds,current_week,0.004366812227074357,-0.028384279475982543,-0.06113537117903933,-0.037117903930131035,0.03056768558951961,2026H1
000778,2026-04-24,4,bull,none,pullback_holds,current_week,0.013129102844638973,-0.030634573304157642,-0.07658643326039394,-0.035010940919037226,0.03282275711159732,2026H1
000778,2026-04-30,3,bull,none,pullback_holds,current_week,-0.03679653679653683,-0.06709956709956699,-0.05627705627705626,-0.08874458874458879,0.010822510822510845,2026H1
000778,2026-05-06,2,bull,none,pullback_holds,current_week,-0.043196544276457916,-0.07991360691144711,-0.07559395248380119,-0.09071274298056153,0.008639308855291628,2026H1
000778,2026-05-11,0,bull,none,pullback_holds,current_week,-0.03111111111111109,-0.008888888888888946,-0.0822222222222222,-0.07555555555555549,0.006666666666666821,2026H1
000778,2026-06-22,0,bull,none,two_day_acceleration,current_week,-0.09046454767726153,-0.05867970660146693,-0.08557457212713926,-0.1124694376528117,0.012224938875305513,2026H1
000759,2023-03-03,4,bull,none,pullback_holds,current_week,-0.05927342256214163,-0.07265774378585088,-0.04588910133843216,-0.089866156787763,0.028680688336520044,2023H1
000759,2023-03-06,0,bull,none,two_day_acceleration,current_week,-0.07692307692307698,-0.10506566604127576,-0.07504690431519712,-0.10694183864915574,0.009380863039399667,2023H1
000759,2023-03-22,2,mid,none,pullback_holds,current_week,-0.004081632653061273,-0.030612244897959218,-0.07346938775510214,-0.032653061224489854,0.02857142857142847,2023H1
000759,2023-03-23,3,bull,none,pullback_holds,current_week,0.004081632653061051,-0.026530612244897944,-0.10204081632653061,-0.04081632653061229,0.02857142857142847,2023H1
000759,2023-03-31,4,bull,none,pullback_holds,current_week,-0.05252525252525253,-0.04040404040404044,-0.05252525252525253,-0.05858585858585863,0.010101010101010166,2023H1
000759,2023-04-13,3,bull,none,pullback_holds,current_week,-0.05020920502092052,-0.08577405857740583,-0.014644351464435212,-0.10669456066945604,0.0020920502092049986,2023H1
000759,2025-02-17,0,bull,none,shrinking_volume_acceleration,current_week,0.0035460992907800915,0.19621749408983447,0.10047281323877066,-0.07446808510638303,0.29905437352245845,2025H1
000759,2025-02-24,0,bull,none,shrinking_volume_acceleration,current_week,0.20332936979785976,0.08085612366230666,0.01664684898929858,-0.007134363852556502,0.3067776456599287,2025H1
000759,2025-02-25,1,bull,none,two_day_acceleration,current_week,0.058072009291521454,0.0650406504065042,-0.0499419279907084,-0.009291521486643473,0.27642276422764245,2025H1
000759,2025-05-07,2,bull,none,pullback_holds,current_week,0.05707196029776673,0.023573200992555776,-0.001240694789081842,-0.006203473945409543,0.10918114143920588,2025H1
000759,2025-05-15,3,bull,none,pullback_holds,current_week,-0.042857142857142816,-0.01904761904761909,-0.07499999999999996,-0.06428571428571428,0.042857142857142705,2025H1
000759,2025-05-19,0,bull,none,pullback_holds,current_week,-0.03786982248520687,-0.04852071005917136,-0.06745562130177507,-0.06982248520710044,0.03668639053254452,2025H1
000759,2025-05-20,1,bull,none,pullback_holds,current_week,-0.03202846975088958,-0.03440094899169621,-0.08540925266903909,-0.06761565836298922,0.039145907473309594,2025H1
000759,2025-05-28,2,mid,none,two_day_acceleration,current_week,-0.030120481927710885,-0.04216867469879526,-0.050602409638554335,-0.04939759036144575,0.012048192771084265,2025H1
000759,2025-05-29,3,bull,none,pullback_holds,current_week,-0.020757020757020794,-0.05128205128205121,-0.05494505494505486,-0.053724053724053644,0.0024420024420026554,2025H1
000759,2025-06-09,0,bull,none,pullback_holds,current_week,-0.03950617283950608,-0.06913580246913575,-0.06543209876543199,-0.09629629629629621,0.0024691358024693244,2025H1
000759,2025-06-17,1,bull,none,two_day_acceleration,current_week,-0.019280205655527016,-0.006426735218509005,-0.03598971722365041,-0.059125964010282805,0.04755784061696655,2025H1
000759,2025-06-24,1,bull,none,two_day_acceleration,current_week,-0.017789072426937724,-0.03430749682337986,-0.03939008894536211,-0.0406607369758577,0.03557814485387545,2025H1
000759,2025-06-25,2,bull,none,two_day_acceleration,current_week,0.013123359580052396,0.007874015748031482,-0.003937007874015741,-0.009186351706036766,0.06036745406824151,2025H1
000759,2025-06-26,3,bull,none,pullback_holds,current_week,-0.019230769230769162,-0.016666666666666607,-0.008974358974358942,-0.03205128205128205,0.007692307692307665,2025H1
000759,2025-06-27,4,bull,none,pullback_holds,current_week,-0.016839378238341918,-0.011658031088082832,-0.015544041450777146,-0.02720207253886009,0.0181347150259068,2025H1
000408,2024-05-14,1,bull,none,pullback_holds,current_week,0.003844809507165259,-0.06815798671793072,-0.11499475707794471,-0.08283816847256198,0.04124432016777346,2024H1
000408,2024-05-15,2,bull,none,pullback_holds,current_week,-0.06840838776211755,-0.06909590924716391,-0.1426607081471295,-0.09797181161911306,0.024063251976624178,2024H1
000408,2024-05-16,3,bull,none,pullback_holds,current_week,-0.07508771929824565,-0.07052631578947366,-0.11192982456140343,-0.07929824561403498,0.045263157894736894,2024H1
000408,2024-05-17,4,bull,none,pullback_holds,current_week,-0.08087731322823855,-0.1058944482522276,-0.13673749143248792,-0.10760795065113093,0.020904729266620903,2024H1
000408,2024-06-04,1,mid,none,shrinking_volume_acceleration,current_week,-0.02126014688828759,-0.03285659064553548,-0.05295709315809827,-0.03942790877464242,0.008117510630073488,2024H1
000408,2024-12-11,2,bull,ma_bull,pullback_holds,current_week,-0.03481349911190057,-0.000710479573712397,0.047957371225577194,-0.04973357015985802,0.0248667850799289,2024H2
000408,2024-12-12,3,bull,ma_bull,shrinking_volume_acceleration,current_week,-0.05514834205933683,-0.023036649214659644,0.1326352530541013,-0.06631762652705064,0.0013961605584642545,2024H2
000408,2024-12-26,3,bull,none,pullback_holds,current_week,-0.02929617720614508,0.15934262236513042,0.14219364058592365,-0.03179707038227941,0.15934262236513042,2024H2
000408,2024-12-27,4,bull,none,pullback_holds,current_week,0.006130544536603111,0.16840966462315166,0.14893617021276584,-0.022719076812116823,0.2044716913090514,2024H2
000408,2024-12-30,0,bull,none,pullback_holds,current_week,0.003948312993539149,0.12096195262024412,0.16941852117731515,-0.027279253409906556,0.19885139985642497,2024H2
000408,2025-02-07,4,mid,ma_bull,two_day_acceleration,current_week,0.015479876160990669,0.023219814241486114,0.022600619195046523,-0.021671826625386914,0.05510835913312695,2025H1
000408,2025-02-19,2,bull,ma_bull,two_day_acceleration,current_week,-0.012677331723513485,-0.01690310896468461,0.10534258979776623,-0.037126471476003675,0.028674916993661093,2025H1
000408,2025-03-04,1,mid,ma_bull,pullback_holds,current_week,0.07723076923076921,0.1446153846153848,0.13938461538461544,-0.00676923076923075,0.16584615384615375,2025H1
000408,2025-03-05,2,bull,ma_bull,pullback_holds,current_week,0.13438735177865624,0.11340833079963497,0.10580723624201882,-0.009729401033748863,0.1520218911523259,2025H1
000408,2025-03-06,3,bull,ma_bull,pullback_holds,current_week,0.12658994548758318,0.11629315566323428,0.0947910357359174,-0.004239854633555473,0.1474863718958206,2025H1
000408,2025-03-10,0,bull,ma_bull,two_day_acceleration,current_week,0.10480480480480492,0.07687687687687705,-0.03273273273273258,-0.003903903903903716,0.13783783783783798,2025H1
000408,2025-03-31,0,mid,ma_bull,pullback_holds,current_week,-0.1052777777777778,-0.04499999999999993,-0.004444444444444362,-0.13888888888888884,0.046666666666666634,2025H1
000408,2025-04-01,1,mid,ma_bull,two_day_acceleration,current_week,-0.10780870035125634,-0.08186976492839759,-0.02350716022696564,-0.16238854363685484,0.018103215347203605,2025H1
000408,2025-04-02,2,mid,ma_bull,pullback_holds,current_week,-0.07091412742382275,-0.03795013850415507,0.02188365650969537,-0.1412742382271468,0.008864265927977844,2025H1
000408,2025-04-03,3,mid,ma_bull,pullback_holds,current_week,0.043023970497848785,0.06330669944683476,0.12446220036877698,-0.04732636754763364,0.07805777504609712,2025H1
000408,2025-04-23,2,mid,ma_bull,shrinking_volume_acceleration,current_week,0.015453779151446856,0.021073335206518662,0.0550716493397021,-0.0025288002247823016,0.049452093284630516,2025H1
000408,2025-04-24,3,mid,ma_bull,two_day_acceleration,current_week,0.021600664635834876,0.008031016338964303,0.043201329271669975,-0.01689282747161447,0.03433951813901981,2025H1
000408,2025-04-30,2,mid,ma_bull,shrinking_volume_acceleration,current_week,0.0013777900248004293,-0.014329016257922156,-0.00027555800496004146,-0.01873794433728304,0.02920914852576484,2025H1
000408,2025-05-06,1,mid,none,two_day_acceleration,current_week,-0.021505376344086113,-0.040322580645161255,-0.011827956989247435,-0.04274193548387106,0.004032258064516014,2025H1
000408,2025-05-09,4,bull,none,shrinking_volume_acceleration,current_week,-0.013121924548933794,0.006014215418261415,0.02788408966648448,-0.025150355385456402,0.020229633679606396,2025H1
000408,2025-05-14,2,bull,ma_bull,shrinking_volume_acceleration,current_week,-0.013029315960912169,0.001357220412594895,0.10450597176981535,-0.03203040173724214,0.046416938110749095,2025H1
000408,2025-05-21,2,bull,ma_bull,pullback_holds,current_week,0.013740038472107807,0.00577081615828523,0.1236603462489696,-0.010442429238801898,0.05935696619950548,2025H1
000408,2025-05-22,3,bull,ma_bull,pullback_holds,current_week,-0.005703422053231932,0.02064095600217275,0.10809342748506268,-0.021998913633894723,0.04698533405757743,2025H1
000408,2025-05-23,4,bull,ma_bull,two_day_acceleration,current_week,-0.017344173441734445,0.01897018970189701,0.11138211382113816,-0.024119241192411933,0.04471544715447173,2025H1
000408,2025-06-23,0,bull,ma_bull,two_day_acceleration,current_week,0.02993000241370991,0.021482017861452984,0.07627323195751878,0.0,0.0736181510982381,2025H1
000408,2025-06-24,1,bull,ma_bull,two_day_acceleration,current_week,0.0363939105613702,0.005233111322549888,0.11274976213130361,-0.008087535680304403,0.05803996194100858,2025H1
000408,2025-07-14,0,bull,ma_bull,two_day_acceleration,current_week,0.036976744186046684,0.10325581395348826,0.17348837209302337,-0.029767441860465094,0.11860465116279073,2025H2
000408,2025-07-15,1,bull,ma_bull,pullback_holds,current_week,0.09197012138188598,0.11297852474323045,0.17903828197945826,-0.026143790849673332,0.1356209150326797,2025H2
000408,2025-07-18,4,bull,ma_bull,shrinking_volume_acceleration,current_week,0.06418079096045215,0.040903954802259834,0.1419209039548024,-0.012429378531073398,0.09943502824858763,2025H2
000408,2025-07-28,0,bull,ma_bull,shrinking_volume_acceleration,current_week,0.012920991315399366,0.06884134717220936,0.07477229400550733,-0.030925651345053984,0.10252065240415176,2025H2
000408,2025-07-30,2,bull,ma_bull,shrinking_volume_acceleration,current_week,0.05218855218855212,0.0732323232323231,0.04440235690235683,-0.03724747474747481,0.09532828282828287,2025H2
000408,2025-08-06,2,bull,ma_bull,shrinking_volume_acceleration,current_week,0.016949152542372836,0.0013958125623130258,0.10309072781655049,-0.012761714855433759,0.03788634097706889,2025H2
000408,2025-08-28,3,bull,ma_bull,shrinking_volume_acceleration,current_week,0.05581854043392509,0.09960552268244571,0.08757396449704147,-0.0015779092702169484,0.13412228796844183,2025H2
000408,2025-09-25,3,bull,ma_bull,pullback_holds,current_week,0.11192526103681999,0.0018318373328447546,0.07821945411247477,-0.005312328265250077,0.1503938450265616,2025H2
000408,2025-10-20,0,mid,ma_bull,shrinking_volume_acceleration,current_week,0.07621247113163965,0.022561733878131207,0.08243027180671514,-0.0161662817551963,0.09877420500977085,2025H2
000408,2025-10-21,1,bull,ma_bull,shrinking_volume_acceleration,current_week,0.044784172661870514,-0.016366906474820198,0.06097122302158264,-0.023381294964028743,0.11241007194244612,2025H2
000408,2025-11-17,0,mid,ma_bull,two_day_acceleration,current_week,-0.05684796854521623,0.03079947575360431,0.19134993446920046,-0.06929882044560942,0.06798820445609444,2025H2
000408,2025-12-08,0,bull,ma_bull,two_day_acceleration,current_week,0.05391304347826087,0.15782608695652178,0.32101449275362337,-0.0220289855072463,0.16811594202898572,2025H2
000408,2026-01-09,4,bull,ma_bull,pullback_holds,current_week,-0.004338153503893216,0.03993325917686308,-0.07675194660734153,-0.06273637374860952,0.050945494994438345,2026H1
000408,2026-01-15,3,bull,ma_bull,shrinking_volume_acceleration,current_week,0.013340683572216072,0.00672546857772871,-0.05920617420066154,-0.040793825799338546,0.07254685777287762,2026H1
000408,2026-02-25,2,bull,ma_bull,pullback_holds,current_week,-0.07069895558361061,-0.05394238494204051,-0.10329392861241826,-0.12200160679444505,0.02456100080339718,2026H1
000408,2026-02-26,3,bull,ma_bull,two_day_acceleration,current_week,-0.0585155886458818,-0.06223825034899966,-0.09481154025127969,-0.11005118659841795,0.025709632387156844,2026H1
000408,2026-02-27,4,bull,ma_bull,pullback_holds,current_week,-0.07030527289546717,-0.07793709528214621,-0.06914893617021278,-0.11540240518038858,0.0025439407955596405,2026H1
000408,2026-03-09,0,mid,none,two_day_acceleration,current_week,-0.017783191230207107,-0.1406820950060903,-0.013398294762484886,-0.14738124238733263,0.026796589524969328,2026H1
000408,2026-03-10,1,bull,none,shrinking_volume_acceleration,current_week,-0.028716216216216117,-0.08494208494208488,0.01954633204633205,-0.15540540540540537,0.01713320463320467,2026H1
000408,2026-03-11,2,bull,none,pullback_holds,current_week,-0.05018270401948843,-0.04835566382460432,0.02411693057247244,-0.14738124238733263,0.026796589524969328,2026H1
000408,2026-05-12,1,bull,none,pullback_holds,current_week,-0.10953121528549215,-0.06420795378804711,-0.16351921795156632,-0.1393023772495,0.031770717618307076,2026H1
000408,2026-06-03,2,mid,none,pullback_holds,current_week,-0.05582278481012659,-0.023037974683544182,-0.11645569620253171,-0.09493670886075944,0.05822784810126591,2026H1
000408,2026-06-22,0,bull,none,two_day_acceleration,current_week,-0.11066041323361653,-0.05285841044492334,-0.11471669413106855,-0.14513880086195974,0.0,2026H1
300094,2023-03-01,2,bull,ma_bull,pullback_holds,current_week,-0.018333333333333424,-0.05666666666666664,-0.10833333333333328,-0.06333333333333335,0.021666666666666723,2023H1
300094,2023-03-03,4,bull,ma_bull,pullback_holds,current_week,-0.0515806988352745,-0.08652246256239593,-0.09650582362728788,-0.08652246256239593,0.019966722129783676,2023H1
300094,2023-03-06,0,bull,ma_bull,two_day_acceleration,current_week,-0.060556464811784005,-0.08674304418985279,-0.10801963993453356,-0.1112929623567922,0.0016366612111291534,2023H1
300094,2023-03-21,1,mid,none,pullback_holds,current_week,-0.04424778761061943,-0.04778761061946912,-0.07610619469026558,-0.06725663716814156,0.008849557522123908,2023H1
300094,2023-03-22,2,mid,none,pullback_holds,current_week,-0.04804270462633442,-0.06227758007117434,-0.10142348754448405,-0.06227758007117434,0.003558718861209842,2023H1
300094,2023-03-23,3,bull,none,pullback_holds,current_week,-0.03776978417266186,-0.04676258992805771,-0.10611510791366918,-0.05215827338129497,0.014388489208633004,2023H1
300094,2023-03-24,4,mid,none,pullback_holds,current_week,-0.03208556149732633,-0.07664884135472383,-0.11764705882352944,-0.07843137254901966,0.0017825311942958333,2023H1
300094,2023-04-03,0,bull,none,pullback_holds,current_week,-0.0055248618784529135,0.0036832412523020164,-0.06261510128913439,-0.047882136279926324,0.023941068139963217,2023H1
300094,2023-04-12,2,bull,none,pullback_holds,current_week,-0.024299065420560928,-0.05046728971962622,-0.056074766355140304,-0.09719626168224305,0.03551401869158877,2023H1
300094,2023-04-13,3,bull,none,pullback_holds,current_week,-0.059590316573556845,-0.08938547486033532,-0.07448789571694603,-0.1005586592178771,0.03165735567970196,2023H1
300094,2023-04-18,1,bull,none,pullback_holds,current_week,-0.03780718336483935,-0.03780718336483935,-0.10964083175803407,-0.08695652173913038,0.003780718336483968,2023H1
300094,2023-05-05,4,bull,none,pullback_holds,current_week,-0.001956947162426559,-0.07827788649706469,-0.09589041095890416,-0.08023483365949124,0.019569471624266033,2023H1
300094,2023-05-08,0,bull,none,shrinking_volume_acceleration,current_week,-0.005905511811023723,-0.05905511811023623,-0.10433070866141736,-0.08070866141732291,0.025590551181102317,2023H1
300094,2025-09-30,1,bull,none,two_day_acceleration,current_week,0.013736263736263687,-0.0027472527472528485,-0.008241758241758323,-0.03296703296703296,0.03846153846153855,2025H2
300094,2025-10-10,4,bull,none,pullback_holds,current_week,0.014164305949008416,0.011331444759206777,0.011331444759206777,-0.0028328611898017497,0.07082152974504252,2025H2
300094,2025-10-13,0,bull,none,pullback_holds,current_week,-0.029649595687331498,-0.04312668463611846,-0.013477088948786964,-0.04582210242587603,0.018867924528301883,2025H2
300094,2025-10-14,1,bull,macd_stabilizing,pullback_holds,current_week,-0.021505376344086002,-0.048387096774193616,-0.0026881720430108613,-0.05376344086021512,0.0026881720430107503,2025H2
300094,2025-10-15,2,bull,none,pullback_holds,current_week,-0.018918918918918948,-0.04864864864864871,0.0,-0.06756756756756754,0.008108108108108025,2025H2
300094,2025-11-05,2,bull,none,pullback_holds,current_week,0.0277777777777779,0.49444444444444446,0.17222222222222205,-0.022222222222222254,0.49444444444444446,2025H2
300094,2025-11-06,3,bull,none,pullback_holds,current_week,0.062322946175637384,0.3484419263456089,0.10481586402266285,-0.0028328611898017497,0.6430594900849858,2025H2
300094,2025-11-07,4,bull,none,pullback_holds,current_week,0.07821229050279332,0.3212290502793298,0.13966480446927365,-0.008379888268156388,0.6201117318435754,2025H2
300094,2025-11-10,0,bull,none,two_day_acceleration,current_week,0.15300546448087426,0.3524590163934427,0.11475409836065564,-0.010928961748633892,0.5846994535519126,2025H2
300094,2025-11-14,4,bull,none,two_day_acceleration,current_week,0.02159827213822907,-0.1166306695464363,-0.17926565874730016,-0.14470842332613387,0.25269978401727866,2025H2
300094,2025-12-22,0,bull,ma_bull,pullback_holds,current_week,-0.03916449086161877,0.02872062663185382,-0.028720626631853707,-0.08093994778067881,0.04177545691906004,2025H2
300094,2025-12-26,4,bull,ma_bull,pullback_holds,current_week,-0.02917771883289122,0.05039787798408479,-0.010610079575596787,-0.06631299734748008,0.1114058355437666,2025H2
300094,2026-02-25,2,bull,ma_bull,shrinking_volume_acceleration,current_week,-0.06345177664974622,-0.08121827411167504,-0.1700507614213198,-0.10659898477157359,0.010152284263959421,2026H1
603887,2023-08-01,1,bull,none,pullback_holds,current_week,-0.0035799522673032325,-0.03818615751789978,-0.05011933174224348,-0.059665871121718506,0.031026252983293423,2023H2
603887,2023-08-02,2,bull,none,pullback_holds,current_week,-0.021634615384615308,-0.04567307692307687,-0.03245192307692302,-0.055288461538461564,0.03846153846153855,2023H2
603887,2023-09-11,0,mid,none,pullback_holds,current_week,-0.14090909090909087,-0.1431818181818183,-0.11022727272727284,-0.1693181818181818,0.0,2023H2
603887,2024-12-02,0,bull,ma_bull,pullback_holds,current_week,-0.03594080338266381,0.1980267794221282,0.09725158562367864,-0.04510218463706828,0.28964059196617353,2024H2
603887,2025-02-06,3,mid,none,two_day_acceleration,current_week,0.21501014198782942,0.13116970926301552,0.39688979039891814,-0.0006761325219742931,0.269100743745774,2025H1
603887,2025-02-26,2,bull,ma_bull,two_day_acceleration,current_week,0.08776595744680837,0.21329787234042552,-0.014361702127659526,-0.08138297872340428,0.2872340425531914,2025H1
603887,2025-03-13,3,bull,ma_bull,shrinking_volume_acceleration,current_week,-0.054940186087726994,-0.19716437749224636,-0.20691182986264944,-0.19893664155959234,0.011962782454585819,2025H1
603887,2025-04-01,1,mid,ma_bull,shrinking_volume_acceleration,current_week,-0.08590885280251448,-0.06966998428496585,-0.005762179151388103,-0.19434258774227342,0.046621267679413325,2025H1
603887,2025-04-21,0,mid,none,two_day_acceleration,current_week,0.0005446623093683378,0.02450980392156854,-0.053376906318082784,-0.04193899782135069,0.06644880174291945,2025H1
603887,2025-04-28,0,mid,none,two_day_acceleration,current_week,0.02786885245901627,-0.04644808743169404,-0.060655737704917945,-0.051366120218579336,0.069945355191257,2025H1
603887,2025-04-29,1,mid,none,pullback_holds,current_week,0.00108108108108107,-0.05297297297297299,-0.06594594594594594,-0.06162162162162166,0.05837837837837845,2025H1
603887,2025-06-05,3,bull,none,pullback_holds,current_week,-0.044767767207610554,-0.08114157806379407,-0.04924454392837152,-0.08561835478455515,0.008953553441522155,2025H1
603887,2025-06-06,4,bull,none,pullback_holds,current_week,-0.057386363636363735,-0.0818181818181819,-0.03863636363636358,-0.08522727272727271,0.018749999999999822,2025H1
603887,2025-06-16,0,bull,none,shrinking_volume_acceleration,current_week,-0.03100775193798444,0.033989266547406194,0.02981514609421576,-0.053070960047704174,0.04651162790697683,2025H1
603887,2025-06-23,0,bull,none,shrinking_volume_acceleration,current_week,0.0625,0.02267156862745101,0.08639705882352944,-0.001225490196078427,0.0753676470588236,2025H1
603887,2025-06-24,1,bull,none,two_day_acceleration,current_week,0.002962085308056972,0.014810426540284416,0.018364928909952782,-0.017772511848341055,0.03969194312796209,2025H1
603887,2025-06-27,4,bull,none,shrinking_volume_acceleration,current_week,-0.028702640642939148,-0.008036739380023028,-0.016073478760045945,-0.048220436280137724,0.00746268656716409,2025H1
603887,2025-07-09,2,bull,none,pullback_holds,current_week,0.017028772753963528,-0.0035231943628891704,0.026423957721667612,-0.01174398120963005,0.05695830886670583,2025H2
603887,2025-07-10,3,bull,none,pullback_holds,current_week,0.0388235294117647,0.01764705882352935,0.017058823529411793,-0.009999999999999898,0.05882352941176472,2025H2
603887,2025-08-07,3,bull,none,pullback_holds,current_week,0.006707657909446718,0.01173840134153159,-0.029625489100055913,-0.019005030743432072,0.05533817775293448,2025H2
603887,2025-08-13,2,bull,none,shrinking_volume_acceleration,current_week,0.012602739726027323,0.03835616438356171,-0.032328767123287694,-0.023013698630136914,0.07287671232876725,2025H2
603887,2025-08-18,0,bull,none,two_day_acceleration,current_week,0.020652173913043415,0.018478260869565277,0.021739130434782483,-0.02119565217391306,0.0657608695652172,2025H2
603887,2025-08-20,2,bull,none,shrinking_volume_acceleration,current_week,0.0259880887926367,-0.04439631835408753,-0.012994044396318238,-0.052517596101786634,0.061721710882512326,2025H2
603887,2025-08-26,1,bull,ma_bull,shrinking_volume_acceleration,current_week,-0.06614583333333335,-0.08489583333333328,-0.08854166666666663,-0.10937499999999989,0.021354166666666785,2025H2
603990,2025-05-08,3,bull,none,shrinking_volume_acceleration,current_week,-0.03533333333333333,0.02733333333333343,0.012666666666666604,-0.05333333333333323,0.1253333333333333,2025H1
603990,2025-05-12,0,bull,ma_bull,shrinking_volume_acceleration,current_week,0.08712871287128698,0.0066006600660066805,0.08910891089108919,-0.04950495049504955,0.114191419141914,2025H1
603990,2025-06-04,2,bull,ma_bull,two_day_acceleration,current_week,0.051633986928104614,0.06405228758169934,0.05555555555555536,-0.014379084967320321,0.1071895424836602,2025H1
603990,2025-06-06,4,bull,ma_bull,pullback_holds,current_week,0.0683023872679045,0.007957559681697646,0.0557029177718833,0.0,0.12334217506631306,2025H1
603990,2025-06-16,0,bull,ma_bull,two_day_acceleration,current_week,-0.05939393939393944,-0.015151515151515138,0.00969696969696976,-0.09818181818181815,0.02666666666666684,2025H1
603990,2025-07-07,0,bull,ma_bull,pullback_holds,current_week,0.023970497848801564,0.04363859864781805,-0.06883835279655803,-0.01659496004917027,0.06883835279655814,2025H2
603990,2025-07-10,3,bull,ma_bull,pullback_holds,current_week,0.03960396039603964,0.005569306930693019,-0.05445544554455439,-0.010519801980197974,0.07611386138613874,2025H2
603990,2025-08-06,2,bull,ma_bull,two_day_acceleration,current_week,-0.02454780361757114,-0.0019379844961240345,-0.07299741602067189,-0.043927648578811374,0.004521963824289488,2025H2
603990,2025-08-18,0,bull,none,two_day_acceleration,current_week,-0.0025974025974027093,-0.03376623376623378,-0.05974025974025976,-0.05909090909090908,0.016883116883116944,2025H2
603990,2025-08-19,1,bull,none,pullback_holds,current_week,0.013725490196078383,-0.04967320261437902,-0.03464052287581709,-0.06274509803921569,0.0235294117647058,2025H2
603990,2025-08-20,2,bull,none,pullback_holds,current_week,-0.02775984506132989,-0.0735958683021305,-0.023886378308586087,-0.07424144609425443,0.010974822466107259,2025H2
603990,2025-08-21,3,bull,none,pullback_holds,current_week,-0.028013029315960947,-0.07622149837133552,-0.03583061889250805,-0.08403908794788273,0.020195439739413734,2025H2
603990,2025-08-22,4,bull,none,pullback_holds,current_week,-0.027450980392156876,-0.04313725490196074,-0.05555555555555558,-0.08104575163398697,0.0235294117647058,2025H2
603990,2025-08-25,0,bull,none,pullback_holds,current_week,-0.03376623376623378,-0.030519480519480613,-0.0662337662337662,-0.08701298701298699,0.016883116883116944,2025H2
603990,2025-08-26,1,bull,none,two_day_acceleration,current_week,-0.06794871794871782,-0.04166666666666663,-0.09487179487179476,-0.0987179487179487,0.0038461538461538325,2025H2
603990,2025-09-08,0,bull,none,pullback_holds,current_week,-0.0307898259705488,-0.03748326639892896,-0.0033467202141900243,-0.04417670682730912,0.03413654618473916,2025H2
603990,2025-09-09,1,bull,none,pullback_holds,current_week,-0.005387205387205385,-0.04915824915824907,0.011447811447811373,-0.06599326599326594,0.04040404040404044,2025H2
603990,2025-09-11,3,bull,none,pullback_holds,current_week,0.0006761325219741821,0.007437457741717335,-0.013522650439486195,-0.062204192021636184,0.04462474645030423,2025H2
603990,2025-09-17,2,bull,none,two_day_acceleration,current_week,-0.03172504957039002,0.016523463317911435,-0.011235955056179803,-0.0832782551222736,0.021150033046926753,2025H2
603990,2025-09-18,3,mid,none,pullback_holds,current_week,0.006756756756756799,0.029729729729729648,0.05675675675675684,-0.0628378378378378,0.04391891891891886,2025H2
603990,2025-10-20,0,mid,none,shrinking_volume_acceleration,current_week,0.05097250167672707,0.1287726358148895,0.05566733735747831,-0.011401743796110031,0.13078470824949684,2025H2
603990,2025-10-21,1,bull,none,pullback_holds,current_week,0.07333333333333347,0.10733333333333328,0.05600000000000005,-0.01733333333333331,0.1260000000000001,2025H2
603990,2025-10-22,2,bull,none,pullback_holds,current_week,0.10754843019372085,0.09953239812959258,0.035404141616566465,-0.015364061456245803,0.128256513026052,2025H2
603990,2025-10-23,3,bull,none,pullback_holds,current_week,0.10991957104557626,0.18699731903485262,0.018766756032171594,0.0,0.19705093833780163,2025H2
603990,2025-10-29,2,bull,none,two_day_acceleration,current_week,-0.005438066465256797,0.0060422960725075026,-0.06465256797583085,-0.015105740181268867,0.0845921450151057,2025H2
603990,2025-10-31,4,bull,none,shrinking_volume_acceleration,current_week,0.02289156626506017,-0.07289156626506033,-0.05481927710843382,-0.07831325301204828,0.08132530120481918,2025H2
603990,2025-11-10,0,bull,none,shrinking_volume_acceleration,current_week,-0.09174841315637627,-0.12867859203693033,-0.09174841315637627,-0.15579919215233706,0.0,2025H2
603990,2025-11-17,0,mid,none,shrinking_volume_acceleration,current_week,-0.0406607369758577,-0.006988564167725531,-0.037484116899618836,-0.0705209656925031,0.022236340533672072,2025H2
603990,2025-12-09,1,mid,macd_stabilizing,pullback_holds,current_week,-0.03211303789338471,-0.01862556197816312,-0.028901734104046173,-0.05780346820809246,0.04431599229287109,2025H2
603990,2025-12-24,2,bull,macd_stabilizing,shrinking_volume_acceleration,current_week,-0.05068836045056324,-0.01814768460575722,-0.006257822277847325,-0.07196495619524412,0.03254067584480591,2025H2
603990,2026-01-05,0,bull,none,pullback_holds,current_week,0.03481624758220514,0.024500322372662753,-0.045132172791747194,-0.03803997421018701,0.13862024500322367,2026H1
603990,2026-01-13,1,bull,ma_bull,two_day_acceleration,current_week,-0.0662650602409639,-0.07710843373493981,-0.09698795180722897,-0.0993975903614458,0.028915662650602414,2026H1
603990,2026-02-09,0,bull,none,pullback_holds,current_week,0.010020040080160442,-0.06479625918503673,0.016700066800267255,-0.07615230460921851,0.022044088176352616,2026H1
603990,2026-02-10,1,bull,none,pullback_holds,current_week,0.005319148936170137,-0.08178191489361708,0.03191489361702127,-0.08643617021276595,0.017287234042553168,2026H1
603990,2026-02-11,2,bull,none,pullback_holds,current_week,-0.004008016032064132,-0.05611222444889774,0.02605210420841675,-0.0821643286573146,0.022044088176352616,2026H1
603990,2026-02-12,3,bull,none,pullback_holds,current_week,-0.002673796791443861,-0.053475935828877,0.03342245989304815,-0.08155080213903743,0.022727272727272707,2026H1
603990,2026-02-13,4,mid,none,pullback_holds,current_week,-0.06710526315789478,-0.06578947368421051,-0.03421052631578958,-0.09605263157894739,0.006578947368421018,2026H1
603990,2026-05-22,4,mid,ma_bull,shrinking_volume_acceleration,current_week,0.15470588235294103,0.3329411764705883,0.2894117647058825,-0.0005882352941175562,0.3935294117647059,2026H1
603990,2026-05-28,3,mid,ma_bull,shrinking_volume_acceleration,current_week,0.143426294820717,-0.0019920318725100694,0.040338645418326546,-0.028386454183266907,0.17978087649402386,2026H1
603990,2026-06-22,0,bull,ma_bull,shrinking_volume_acceleration,current_week,-0.04926335174953944,0.058931860036832484,-0.20211786372007357,-0.09392265193370164,0.08655616942909772,2026H1
603990,2026-08-31,0,bull,ma_bull,pullback_holds,current_week,-0.09756097560975607,-0.1330376940133038,,-0.15654101995565417,0.04567627494456761,2026H2
001323,2024-12-12,3,bull,ma_bull,pullback_holds,current_week,-0.05813060179257368,-0.044302176696543016,-0.07400768245838674,-0.08040973111395644,0.003841229193341844,2024H2
001323,2024-12-26,3,bull,ma_bull,pullback_holds,current_week,0.03524347592144217,-0.02717245090126441,-0.012644605864944869,-0.02717245090126441,0.07506053268765123,2024H2
001323,2024-12-27,4,bull,ma_bull,pullback_holds,current_week,0.022234273318872066,-0.0032537960954448497,0.005151843817787327,-0.03443600867678964,0.08351409978308011,2024H2
001323,2024-12-30,0,bull,ma_bull,pullback_holds,current_week,0.017753047164811964,-0.036036036036036,-0.072072072072072,-0.056438791732909444,0.05882352941176472,2024H2
001323,2024-12-31,1,mid,ma_bull,pullback_holds,current_week,0.005313496280552776,-0.05047821466524971,-0.07279489904357073,-0.05393198724760895,0.06163655685441016,2024H2
001323,2025-01-24,4,mid,none,pullback_holds,current_week,-0.06395663956639563,-0.03902439024390236,-0.038211382113821024,-0.1333333333333333,0.028455284552845628,2025H1
001323,2025-01-27,0,mid,none,pullback_holds,current_week,-0.04708097928436916,-0.060532687651331685,-0.04358353510895874,-0.13962873284907185,0.008609093354856157,2025H1
001323,2025-02-12,2,bull,none,pullback_holds,current_week,-0.02633790977864947,-0.02998038666293079,-0.0571588680302606,-0.04679181843653668,0.03166152984029158,2025H1
001323,2025-02-13,3,bull,none,pullback_holds,current_week,0.013663535439794927,0.02106461713635066,-0.04924565898092814,-0.03159692570452599,0.04810703102761171,2025H1
001323,2025-02-14,4,bull,none,pullback_holds,current_week,0.003976143141153132,0.032377165577960776,-0.027548991763703512,-0.03379721669980118,0.0627662595853451,2025H1
001323,2025-02-17,0,bull,none,pullback_holds,current_week,-0.02692743764172345,0.005952380952380931,-0.00793650793650802,-0.0357142857142857,0.06065759637188206,2025H1
001323,2025-02-21,4,bull,none,pullback_holds,current_week,0.03916523727844479,-0.0074328187535736,-0.044596912521440935,-0.027444253859348233,0.06975414522584322,2025H1
300244,2025-09-09,1,bull,ma_bull,pullback_holds,current_week,-0.008115942028985579,-0.09449275362318832,-0.0939130434782608,-0.111304347826087,0.03014492753623177,2025H2
300244,2025-09-10,2,bull,ma_bull,pullback_holds,current_week,-0.004728132387706974,-0.05319148936170226,-0.09042553191489366,-0.09397163120567387,0.05023640661938522,2025H2
300244,2025-09-11,3,bull,ma_bull,pullback_holds,current_week,-0.05260115606936422,-0.06763005780346831,-0.1352601156069364,-0.11387283236994228,0.027167630057803427,2025H2
300244,2025-09-12,4,bull,ma_bull,two_day_acceleration,current_week,-0.06986143187066984,-0.09526558891454973,-0.12759815242494232,-0.11489607390300227,0.017898383371824478,2025H2
300244,2025-10-27,0,bull,none,pullback_holds,current_week,0.05612244897959173,0.05102040816326525,-0.0006377551020407823,-0.01211734693877553,0.07525510204081631,2025H2
300244,2025-10-28,1,bull,none,pullback_holds,current_week,0.0405833861762841,0.04692454026632853,0.015218769816106592,-0.01775523145212421,0.06911857958148393,2025H2
300244,2025-10-29,2,bull,none,pullback_holds,current_week,0.03811944091486663,0.05527318932655656,0.031766200762388896,-0.015883100381194448,0.0711562897077509,2025H2
300244,2025-10-30,3,bull,none,pullback_holds,current_week,0.03326935380678164,0.060780550223928476,0.008317338451695466,-0.0012795905310299949,0.07869481765834929,2025H2
300244,2025-11-10,0,bull,none,two_day_acceleration,current_week,-0.01762917933130692,-0.047416413373860156,-0.07720364741641339,-0.08389057750759876,0.024316109422492627,2025H2
300244,2025-11-12,2,bull,none,two_day_acceleration,current_week,-0.020531400966183555,-0.019323671497584294,-0.07246376811594202,-0.08997584541062797,0.035024154589372136,2025H2
300244,2025-11-14,4,bull,none,pullback_holds,current_week,-0.07251675807434488,-0.03229737964655699,-0.0840950639853747,-0.08165752589884212,0.04448507007922009,2025H2
300244,2026-04-10,4,mid,none,pullback_holds,current_week,0.03187466234467862,0.01944894651539708,0.09454349000540252,-0.005942733657482435,0.07995678011885476,2026H1
300244,2026-04-15,2,mid,none,pullback_holds,current_week,0.028750653423941452,0.018818609513852724,-0.02456874019864086,-0.035023523261892175,0.04495556717198124,2026H1
300244,2026-04-20,0,bull,none,two_day_acceleration,current_week,-0.028205128205128216,0.05128205128205132,-0.06871794871794867,-0.053333333333333344,0.06461538461538474,2026H1
300244,2026-04-22,2,bull,none,shrinking_volume_acceleration,current_week,-0.008646998982705933,0.07426246185147511,-0.06866734486266535,-0.061037639877924654,0.13936927772126162,2026H1
300244,2026-04-29,2,bull,none,shrinking_volume_acceleration,current_week,0.0841889117043122,-0.0420944558521561,-0.06622176591375761,-0.05646817248459968,0.14989733059548271,2026H1
300244,2026-04-30,3,bull,none,pullback_holds,current_week,0.0417095777548917,-0.023171987641606773,-0.09011328527291451,-0.053553038105046524,0.15345005149330593,2026H1
300244,2026-05-08,4,bull,none,two_day_acceleration,current_week,-0.11190137505926978,-0.13134186818397342,-0.20246562351825503,-0.15220483641536275,0.015173067804646667,2026H1
601139,2024-04-08,0,mid,ma_bull,two_day_acceleration,current_week,0.014285714285714235,0.01948051948051943,0.003896103896103842,-0.020779220779220786,0.04415584415584428,2024H1
601139,2024-05-06,0,bull,ma_bull,two_day_acceleration,current_week,0.026109660574412663,-0.00652741514360311,-0.06396866840731075,-0.044386422976501305,0.03524804177545704,2024H1
601139,2024-05-09,3,bull,ma_bull,two_day_acceleration,current_week,-0.047865459249676556,-0.05821474773609314,-0.06985769728331181,-0.06338939197930149,0.02587322121604152,2024H1
601139,2024-05-10,4,bull,ma_bull,pullback_holds,current_week,-0.05089058524173029,-0.055979643765903364,-0.07379134860050895,-0.07888040712468192,0.008905852417302906,2024H1
601139,2024-05-13,0,bull,ma_bull,two_day_acceleration,current_week,-0.02809706257982114,-0.0523627075351214,-0.09067688378033201,-0.0753512132822477,0.011494252873563093,2024H1
601139,2024-11-07,3,bull,ma_bull,two_day_acceleration,current_week,-0.015936254980079667,-0.015936254980079667,-0.054448871181938974,-0.030544488711819473,0.031872509960159334,2024H2
601139,2024-11-08,4,bull,ma_bull,pullback_holds,current_week,0.002702702702702675,-0.008108108108108136,-0.02432432432432441,-0.013513513513513598,0.050000000000000044,2024H2
601139,2024-11-15,4,mid,ma_bull,pullback_holds,current_week,-0.025232403718459584,-0.03984063745019917,-0.06374501992031878,-0.05976095617529886,0.010624169986719778,2024H2
601139,2024-12-02,0,bull,ma_bull,pullback_holds,current_week,-0.0027586206896551557,-0.024827586206896513,-0.04137931034482756,-0.030344827586206824,0.016551724137931156,2024H2
601139,2024-12-03,1,bull,ma_bull,pullback_holds,current_week,-0.00969529085872567,-0.030470914127423754,-0.022160664819944498,-0.03601108033240996,0.020775623268698196,2024H2
601139,2025-01-27,0,mid,none,pullback_holds,current_week,-0.0030030030030029353,-0.013513513513513487,-0.02102102102102099,-0.018018018018018056,0.007507507507507505,2025H1
601139,2026-05-18,0,bull,none,shrinking_volume_acceleration,current_week,-0.02121212121212135,0.01969696969696977,-0.043939393939393945,-0.03333333333333344,0.027272727272727337,2026H1
601139,2026-05-19,1,bull,none,pullback_holds,current_week,-0.02844311377245501,-0.007485029940119681,-0.06886227544910184,-0.04491017964071853,0.014970059880239583,2026H1
601139,2026-05-20,2,bull,none,pullback_holds,current_week,-0.03736920777279518,-0.013452914798206206,-0.07324364723467869,-0.046337817638266166,0.008968609865470878,2026H1
601139,2026-06-02,1,mid,none,pullback_holds,current_week,-0.06906906906906907,-0.06606606606606613,-0.13363363363363356,-0.08408408408408408,0.0015015015015014122,2026H1
601139,2026-06-03,2,mid,none,pullback_holds,current_week,-0.06402439024390238,-0.054878048780487854,-0.11280487804878048,-0.07012195121951215,0.0060975609756097615,2026H1
601139,2026-06-15,0,bull,none,pullback_holds,current_week,-0.05714285714285705,-0.10158730158730156,-0.026984126984127,-0.12857142857142856,0.0015873015873018037,2026H1
002358,2023-04-14,4,bull,none,pullback_holds,current_week,-0.01863354037267073,-0.035196687370600444,-0.012422360248447117,-0.055900621118012306,0.05175983436852993,2023H1
002358,2023-04-17,0,bull,none,pullback_holds,current_week,-0.028340080971660075,-0.03238866396761131,-0.046558704453441346,-0.07692307692307687,0.00809716599190291,2023H1
002358,2023-05-04,3,bull,none,two_day_acceleration,current_week,-0.07112970711297073,-0.014644351464435212,-0.03138075313807542,-0.12343096234309625,0.0,2023H1
002358,2023-06-19,0,mid,none,pullback_holds,current_week,-0.026548672566371723,0.022123893805309658,0.02433628318584069,-0.0663716814159293,0.07964601769911495,2023H1
002358,2023-06-20,1,mid,none,pullback_holds,current_week,0.04318181818181799,0.09999999999999987,0.045454545454545414,-0.040909090909091006,0.13181818181818183,2023H1
002358,2023-07-31,0,bull,macd_stabilizing,pullback_holds,current_week,-0.026030368763557465,-0.026030368763557465,-0.11062906724511945,-0.03470715835141003,0.015184381778741818,2023H2
002358,2025-02-18,1,bull,ma_bull,pullback_holds,current_week,0.07968127490039834,0.16533864541832677,0.3844621513944222,0.0,0.25298804780876494,2025H1
002358,2025-02-19,2,bull,ma_bull,shrinking_volume_acceleration,current_week,0.08414872798434425,0.1487279843444227,0.3228962818003913,-0.007827788649706457,0.23091976516634038,2025H1
002358,2025-02-20,3,bull,ma_bull,shrinking_volume_acceleration,current_week,0.08139534883720922,0.25193798449612403,0.33914728682170536,-0.007751937984496138,0.25193798449612403,2025H1
002358,2025-02-21,4,bull,ma_bull,two_day_acceleration,current_week,0.09124767225325892,0.15083798882681565,0.16387337057728124,-0.020484171322160183,0.22532588454376157,2025H1
002358,2025-02-26,2,bull,ma_bull,two_day_acceleration,current_week,0.05385996409335725,0.15978456014362652,0.07719928186714542,-0.021543985637342944,0.18132854578096946,2025H1
002358,2025-03-05,2,bull,ma_bull,shrinking_volume_acceleration,current_week,0.0930626057529611,0.143824027072758,-0.045685279187817285,-0.025380710659898553,0.20304568527918776,2025H1
002358,2025-03-20,3,bull,ma_bull,shrinking_volume_acceleration,current_week,-0.1499999999999999,-0.1823529411764705,-0.2720588235294117,-0.19852941176470584,0.00588235294117645,2025H1
002358,2025-05-06,1,mid,none,two_day_acceleration,current_week,-0.013157894736842146,0.02443609022556381,-0.024436090225563922,-0.02819548872180455,0.03571428571428559,2025H1
002358,2025-05-08,3,bull,none,shrinking_volume_acceleration,current_week,-0.040740740740740855,-0.024074074074074026,-0.03703703703703709,-0.042592592592592626,0.020370370370370372,2025H1
002358,2025-05-19,0,bull,none,two_day_acceleration,current_week,-0.02226345083487924,-0.04823747680890533,-0.05751391465677169,-0.05751391465677169,0.02226345083487935,2025H1
002358,2025-05-21,2,bull,none,pullback_holds,current_week,-0.0018691588785048063,-0.020560747663551426,-0.08785046728971979,-0.05046728971962622,0.0224299065420559,2025H1
002358,2025-05-22,3,bull,none,pullback_holds,current_week,0.022598870056496967,-0.020715630885122516,-0.09039548022598876,-0.043314500941619705,0.030131826741996104,2025H1
002358,2025-05-27,1,mid,none,pullback_holds,current_week,-0.026266416510318913,-0.016885553470919246,-0.04878048780487798,-0.046904315196998114,0.026266416510318802,2025H1
002358,2025-05-28,2,mid,none,pullback_holds,current_week,-0.026022304832713727,-0.040892193308550095,-0.06505576208178432,-0.055762081784386575,0.016728624535315983,2025H1
002358,2025-05-29,3,bull,none,two_day_acceleration,current_week,-0.04936014625228513,-0.07495429616087734,-0.06946983546617913,-0.07861060329067637,0.0,2025H1
002358,2025-06-09,0,bull,none,pullback_holds,current_week,-0.036053130929791344,-0.07210626185958269,-0.017077798861480198,-0.09487666034155595,0.003795066413662118,2025H1
002358,2025-06-10,1,bull,none,pullback_holds,current_week,-0.023076923076923106,-0.03269230769230769,0.0019230769230769162,-0.08269230769230762,0.013461538461538414,2025H1
002358,2025-06-11,2,bull,none,pullback_holds,current_week,-0.041984732824427384,-0.03244274809160308,-0.007633587786259555,-0.08969465648854957,0.0,2025H1
002358,2025-06-23,0,bull,none,shrinking_volume_acceleration,current_week,0.04303278688524581,0.061475409836065475,0.09836065573770503,-0.002049180327868827,0.06352459016393452,2025H1
002358,2025-06-24,1,bull,none,two_day_acceleration,current_week,0.011928429423459175,0.035785288270377746,0.1093439363817097,-0.005964214711729698,0.0377733598409542,2025H1
002358,2025-06-26,3,bull,none,pullback_holds,current_week,0.009920634920634885,0.037698412698412787,0.08134920634920628,0.0,0.04761904761904767,2025H1
002358,2025-06-27,4,bull,none,pullback_holds,current_week,-0.005882352941176561,0.019607843137254832,0.0490196078431373,-0.01176470588235301,0.0352941176470587,2025H1
002358,2025-07-02,2,bull,none,pullback_holds,current_week,0.015625,0.021484375,0.025390625,-0.015625,0.033203125,2025H2
002358,2025-07-10,3,bull,none,shrinking_volume_acceleration,current_week,0.0057581573896352545,0.04606525911708248,0.017274472168905985,-0.015355086372360827,0.10364683301343569,2025H2
002358,2025-07-15,1,bull,none,pullback_holds,current_week,0.07101727447216888,0.019193857965451144,0.0249520153550864,-0.0057581573896353655,0.10364683301343569,2025H2
002358,2025-07-16,2,bull,none,pullback_holds,current_week,0.040152963671128195,0.003824091778202643,0.028680688336520044,-0.007648183556405397,0.0994263862332696,2025H2
002358,2025-07-17,3,bull,none,pullback_holds,current_week,0.03809523809523818,-0.01333333333333342,-0.005714285714285783,-0.015238095238095273,0.09523809523809534,2025H2
002358,2025-07-18,4,bull,none,pullback_holds,current_week,-0.01109057301293892,-0.038817005545286554,-0.014787430683918634,-0.044362292051756014,0.06284658040665425,2025H2
002358,2025-07-24,3,bull,none,shrinking_volume_acceleration,current_week,-0.04954128440366978,-0.02752293577981657,0.00917431192660545,-0.053211009174311985,0.003669724770642091,2025H2
002358,2025-08-07,3,bull,none,pullback_holds,current_week,-0.015094339622641506,0.037735849056603765,-0.0320754716981132,-0.016981132075471694,0.05471698113207557,2025H2
002358,2025-08-08,4,bull,none,pullback_holds,current_week,0.0037664783427493465,0.03389830508474567,-0.011299435028248705,-0.01883239171374773,0.05273069679849329,2025H2
002358,2025-08-11,0,bull,ma_bull,two_day_acceleration,current_week,0.011194029850746245,0.026119402985074647,-0.020522388059701524,-0.027985074626865725,0.042910447761193904,2025H2
002358,2025-08-12,1,bull,none,pullback_holds,current_week,0.022556390977443552,0.05451127819548862,-0.026315789473684292,-0.020676691729323404,0.06390977443609014,2025H2
002358,2025-08-15,4,bull,none,shrinking_volume_acceleration,current_week,0.02616822429906529,-0.0018691588785048063,-0.029906542056074792,-0.01495327102803734,0.05794392523364489,2025H2
002358,2025-08-20,2,bull,ma_bull,two_day_acceleration,current_week,-0.014519056261342977,-0.07078039927404711,-0.05444646098003625,-0.072595281306715,0.02722323049001818,2025H2
002358,2025-09-16,1,bull,ma_bull,pullback_holds,current_week,-0.04980842911877392,-0.05363984674329492,-0.028735632183907955,-0.07279693486590033,0.005747126436781658,2025H2
002358,2025-09-17,2,bull,ma_bull,pullback_holds,current_week,-0.04606525911708259,-0.03838771593090218,-0.019193857965451033,-0.07101727447216888,0.0038387715930903177,2025H2
002358,2025-12-01,0,mid,ma_bull,two_day_acceleration,current_week,0.016453382084095303,0.040219378427788,0.02742230347349195,-0.02925045703839113,0.06032906764168189,2025H2
002358,2025-12-24,2,bull,ma_bull,two_day_acceleration,current_week,-0.05078809106830118,0.014010507880910739,0.3082311733800349,-0.06304728546409799,0.02626970227670755,2025H2
002358,2026-01-05,0,bull,none,shrinking_volume_acceleration,current_week,0.06959706959706957,0.3003663003663004,0.38095238095238093,-0.0073260073260073,0.3003663003663004,2026H1
002358,2026-01-06,1,bull,none,shrinking_volume_acceleration,current_week,0.05555555555555558,0.39964157706093206,0.38888888888888884,-0.01075268817204289,0.39964157706093206,2026H1
002358,2026-01-07,2,bull,ma_bull,two_day_acceleration,current_week,0.024518388791593848,0.3239929947460596,0.35201401050788084,-0.008756567425569184,0.46760070052539415,2026H1
002358,2026-01-15,3,bull,ma_bull,shrinking_volume_acceleration,current_week,0.1693548387096775,0.0951612903225807,0.3354838709677419,-0.001612903225806428,0.35161290322580663,2026H1
002358,2026-01-23,4,bull,ma_bull,shrinking_volume_acceleration,current_week,-0.09986859395532188,-0.003942181340341633,0.13666228646517742,-0.13929040735873854,0.04073587385019706,2026H1
002358,2026-03-09,0,mid,ma_bull,shrinking_volume_acceleration,current_week,-0.09051724137931039,-0.20474137931034475,-0.230603448275862,-0.20905172413793105,0.007543103448275801,2026H1
002358,2026-04-09,3,mid,none,pullback_holds,current_week,0.024390243902439046,0.012195121951219523,0.050135501355013545,-0.027100271002710064,0.050135501355013545,2026H1
002358,2026-04-10,4,mid,none,pullback_holds,current_week,0.02892561983471076,0.009641873278236845,0.09090909090909083,-0.011019283746556474,0.06749311294765836,2026H1
002358,2026-04-14,1,mid,none,pullback_holds,current_week,0.014765100671140896,-0.03489932885906033,-0.02684563758389269,-0.0442953020134228,0.04026845637583887,2026H1
002358,2026-04-15,2,mid,none,pullback_holds,current_week,0.012064343163538771,0.006702412868632601,-0.01072386058981234,-0.04557640750670244,0.03887399463806962,2026H1
002358,2026-04-17,4,mid,none,pullback_holds,current_week,-0.018741633199464536,0.016064257028112428,-0.06693440428380193,-0.04685408299866123,0.03748326639892907,2026H1
002358,2026-04-30,3,bull,none,pullback_holds,current_week,0.03609625668449201,-0.012032085561497263,-0.143048128342246,-0.041443850267379734,0.07352941176470584,2026H1
002358,2026-05-13,2,bull,none,two_day_acceleration,current_week,-0.12437185929648242,-0.18341708542713564,-0.2613065326633166,-0.18844221105527637,0.0012562814070351536,2026H1
002358,2026-06-15,0,bull,none,shrinking_volume_acceleration,current_week,-0.011725293132328174,-0.07035175879396982,-0.13232830820770525,-0.10385259631490773,0.06532663316582932,2026H1
002358,2026-06-17,2,bull,none,pullback_holds,current_week,-0.04340567612687807,-0.08013355592654436,-0.13689482470784642,-0.10684474123539223,0.026711185308848195,2026H1
002358,2026-06-23,1,bull,none,pullback_holds,current_week,-0.04802744425385941,-0.07890222984562612,-0.1269296740994854,-0.08576329331046317,0.054888507718696466,2026H1
002358,2026-06-24,2,bull,none,pullback_holds,current_week,-0.05423728813559325,-0.10677966101694913,-0.15254237288135597,-0.11016949152542377,0.0016949152542371504,2026H1
300056,2024-04-11,3,mid,ma_bull,shrinking_volume_acceleration,current_week,-0.18613485280151942,-0.10921177587844244,-0.03703703703703698,-0.28774928774928765,0.006647673314339908,2024H1
300056,2024-04-30,1,bull,ma_bull,shrinking_volume_acceleration,current_week,0.0,0.07715430861723438,0.05511022044088176,-0.06212424849699405,0.10821643286573157,2024H1
300056,2024-05-14,1,bull,none,two_day_acceleration,current_week,0.11264822134387331,0.07312252964426857,-0.12055335968379455,-0.029644268774703608,0.12351778656126489,2024H1
300056,2024-05-15,2,bull,none,two_day_acceleration,current_week,0.07061068702290085,0.04293893129770976,-0.1507633587786259,-0.06297709923664119,0.08492366412213737,2024H1
300056,2024-12-02,0,bull,none,shrinking_volume_acceleration,current_week,-0.0159893404397069,-0.02065289806795456,-0.11392405063291133,-0.038640906062624936,0.0652898067954697,2024H2
300056,2025-02-07,4,mid,none,shrinking_volume_acceleration,current_week,0.07464788732394356,0.10563380281690149,0.15000000000000013,-0.0007042253521127861,0.1077464788732394,2025H1
300056,2025-02-26,2,bull,macd_cross,two_day_acceleration,current_week,-0.017023959646910503,-0.007566204287515865,-0.07440100882723844,-0.07755359394703654,0.0643127364438838,2025H1
300056,2025-05-12,0,bull,none,shrinking_volume_acceleration,current_week,0.03190661478599233,-0.04280155642023342,0.10272373540856039,-0.04513618677042808,0.06303501945525292,2025H1
300056,2025-05-16,4,bull,none,pullback_holds,current_week,-0.06382978723404253,-0.020516717325227973,0.07446808510638303,-0.0820668693009119,0.03799392097264431,2025H1
300056,2025-09-15,0,bull,ma_bull,two_day_acceleration,current_week,-0.004255319148936065,-0.03900709219858145,-0.24113475177304955,-0.049645390070921946,0.11063829787234036,2025H2
300056,2025-09-18,3,mid,ma_bull,pullback_holds,current_week,-0.023129251700680364,-0.2081632653061225,-0.2863945578231293,-0.23129251700680276,0.0,2025H2
300056,2025-09-19,4,mid,ma_bull,pullback_holds,current_week,-0.04100069492703262,-0.22446143154968734,-0.2925642807505212,-0.26129256428075054,0.015983321751216195,2025H2
600601,2023-03-02,3,bull,none,pullback_holds,current_week,0.02390438247011928,-0.02788844621513953,-0.007968127490039834,-0.02788844621513953,0.047808764940239,2023H1
600601,2023-03-03,4,bull,none,shrinking_volume_acceleration,current_week,-0.003906249999999889,-0.04296875,-0.015625,-0.046875,0.02734375,2023H1
600601,2023-03-21,1,mid,none,pullback_holds,current_week,0.0161943319838056,0.036437246963562764,0.14979757085020218,-0.004048582995951455,0.048582995951416796,2023H1
600601,2023-03-22,2,mid,macd_stabilizing,two_day_acceleration,current_week,0.007968127490039834,0.015936254980079667,0.15537848605577675,-0.007968127490039834,0.03187250996015911,2023H1
600601,2023-03-23,3,bull,macd_stabilizing,pullback_holds,current_week,-0.011904761904761862,0.051587301587301626,0.11507936507936511,-0.011904761904761862,0.06349206349206349,2023H1
600601,2023-03-24,4,mid,macd_stabilizing,pullback_holds,current_week,0.003984063745019917,0.047808764940239,0.10358565737051784,-0.007968127490039834,0.06772908366533859,2023H1
600601,2023-06-19,0,mid,ma_bull,shrinking_volume_acceleration,current_week,-0.09708737864077666,-0.012944983818770073,0.17475728155339798,-0.11326860841423936,0.02265372168284796,2023H1
600601,2023-07-03,0,mid,ma_bull,pullback_holds,current_week,0.1811846689895471,0.254355400696864,0.23693379790940772,-0.0034843205574913716,0.34843205574912894,2023H2
600601,2023-07-04,1,mid,ma_bull,pullback_holds,current_week,0.17832167832167833,0.2552447552447552,0.22727272727272751,0.0,0.35314685314685335,2023H2
600601,2023-11-08,2,mid,none,two_day_acceleration,current_week,-0.02409638554216864,-0.05722891566265076,-0.09638554216867479,-0.05722891566265076,0.012048192771084265,2023H2
600601,2023-11-10,4,mid,none,pullback_holds,current_week,0.0031249999999998224,-0.034375000000000044,-0.04375000000000007,-0.03749999999999998,0.034375000000000044,2023H2
600601,2023-11-14,1,mid,none,shrinking_volume_acceleration,current_week,-0.03039513677811556,-0.06990881458966569,-0.0729483282674771,-0.07598784194528874,0.006079027355623046,2023H2
600601,2023-12-28,3,mid,none,two_day_acceleration,current_week,0.014084507042253502,-0.03873239436619713,-0.07042253521126751,-0.03873239436619713,0.08450704225352124,2023H2
600601,2024-11-11,0,bull,ma_bull,shrinking_volume_acceleration,current_week,-0.1465116279069767,-0.16511627906976745,0.04186046511627928,-0.18837209302325575,0.0,2024H2
600601,2025-02-11,1,mid,ma_bull,pullback_holds,current_week,-0.07635009310986962,-0.06890130353817503,-0.059590316573556845,-0.09869646182495351,0.05027932960893855,2025H1
600601,2025-03-12,2,bull,none,pullback_holds,current_week,0.06000000000000005,0.038000000000000034,-0.15399999999999991,-0.027999999999999914,0.1359999999999999,2025H1
600601,2025-03-18,1,bull,none,shrinking_volume_acceleration,current_week,-0.023636363636363567,-0.11636363636363634,-0.23272727272727278,-0.13454545454545463,0.0,2025H1
600601,2025-05-08,3,bull,none,shrinking_volume_acceleration,current_week,-0.0461538461538461,-0.05494505494505497,0.021978021978022122,-0.05934065934065924,0.00659340659340657,2025H1
600601,2025-05-09,4,bull,none,pullback_holds,current_week,-0.028953229398663627,-0.06681514476614692,0.06904231625835178,-0.06681514476614692,0.020044543429843964,2025H1
600601,2025-05-12,0,bull,none,shrinking_volume_acceleration,current_week,-0.04366812227074235,-0.07423580786026196,0.04585152838427953,-0.08733624454148481,0.0,2025H1
600601,2025-05-19,0,bull,none,pullback_holds,current_week,-0.02752293577981657,-0.03211009174311941,0.0665137614678899,-0.04587155963302758,0.011467889908256756,2025H1
600601,2025-06-04,2,bull,none,pullback_holds,current_week,0.16666666666666674,0.1338028169014085,0.19248826291079824,0.0,0.23239436619718323,2025H1
600601,2025-06-09,0,bull,none,shrinking_volume_acceleration,current_week,-0.008350730688935326,-0.018789144050104345,0.16492693110647183,-0.045929018789144016,0.09603340292275564,2025H1
600601,2025-06-26,3,bull,none,two_day_acceleration,current_week,0.13157894736842102,0.12955465587044523,0.10526315789473673,-0.018218623481781382,0.20445344129554655,2025H1
600601,2025-08-11,0,bull,ma_bull,pullback_holds,current_week,0.24873949579831933,0.35126050420168076,0.5596638655462183,-0.013445378151260567,0.39495798319327746,2025H2
600601,2025-08-12,1,bull,ma_bull,two_day_acceleration,current_week,0.26324503311258285,0.3096026490066226,0.41721854304635775,-0.01490066225165565,0.39735099337748325,2025H2
600601,2025-12-09,1,mid,ma_bull,two_day_acceleration,current_week,-0.033800494641385015,0.004946413849958642,0.07089859851607572,-0.05111294311624082,0.08326463314097277,2025H2
600601,2025-12-22,0,bull,ma_bull,pullback_holds,current_week,0.0067057837384745245,0.11735121542330273,0.03436714165968158,-0.026823134953897765,0.16177703269069577,2025H2
600601,2025-12-24,2,bull,ma_bull,two_day_acceleration,current_week,-0.05863453815261044,0.04578313253012034,0.00401606425702794,-0.06746987951807237,0.11325301204819271,2025H2
600601,2026-01-09,4,bull,ma_bull,shrinking_volume_acceleration,current_week,-0.05095057034220529,-0.049429657794676785,-0.15817490494296582,-0.08136882129277567,0.0007604562737641984,2026H1
600601,2026-01-19,0,bull,ma_bull,pullback_holds,current_week,-0.02166934189406111,-0.11556982343499211,-0.07463884430176582,-0.1243980738362761,0.04173354735152479,2026H1
600601,2026-02-26,3,bull,none,two_day_acceleration,current_week,-0.03883495145631066,-0.07149161518093561,-0.12356575463371577,-0.10150044130626656,0.001765225066195919,2026H1
600601,2026-03-10,1,bull,none,shrinking_volume_acceleration,current_week,-0.04235727440147319,-0.09760589318600355,-0.044198895027624197,-0.147329650092081,0.011970534069981609,2026H1
600601,2026-03-16,0,mid,none,pullback_holds,current_week,-0.13265306122448983,-0.072356215213358,-0.0018552875695732052,-0.1410018552875696,0.016697588126159735,2026H1
600601,2026-04-09,3,mid,none,pullback_holds,current_week,0.01949317738791434,0.13742690058479523,0.3947368421052633,-0.02826510721247555,0.16081871345029253,2026H1
600601,2026-04-10,4,mid,none,pullback_holds,current_week,0.06800000000000006,0.1519999999999999,0.42000000000000015,-0.0029999999999998916,0.19100000000000006,2026H1
600601,2026-04-16,3,mid,none,shrinking_volume_acceleration,current_week,0.11888782358581018,0.11888782358581018,0.1850431447746883,-0.014381591562799612,0.18024928092042192,2026H1
600601,2026-04-17,4,mid,none,two_day_acceleration,current_week,0.03971119133573997,0.07039711191335729,0.08574007220216617,0.0,0.11101083032490977,2026H1
600601,2026-04-22,2,bull,none,shrinking_volume_acceleration,current_week,0.0008474576271186862,0.12966101694915255,0.10254237288135593,-0.044067796610169574,0.12966101694915255,2026H1
600601,2026-04-29,2,bull,none,shrinking_volume_acceleration,current_week,0.12489451476793256,0.07172995780590719,0.04894514767932501,-0.020253164556962022,0.2371308016877638,2026H1
600601,2026-04-30,3,bull,none,pullback_holds,current_week,0.20454545454545459,0.04040404040404022,0.06649831649831639,-0.011784511784511786,0.234006734006734,2026H1
301056,2023-09-22,4,mid,ma_bull,pullback_holds,current_week,0.035328753680078595,-0.029440628066731978,0.006869479882237517,-0.04906771344455352,0.06869479882237495,2023H2
301056,2023-11-15,2,mid,ma_bull,shrinking_volume_acceleration,current_week,-0.004730368968779652,-0.008514664143803197,-0.04068117313150421,-0.02554399243140959,0.021759697256386046,2023H2
301056,2023-11-16,3,mid,ma_bull,pullback_holds,current_week,0.005714285714285783,-0.008571428571428563,-0.03523809523809518,-0.01904761904761898,0.028571428571428692,2023H2
301056,2023-11-17,4,mid,ma_bull,pullback_holds,current_week,-0.007597340930674101,-0.017094017094017033,-0.04463437796771119,-0.023741690408357052,0.025641025641025772,2023H2
301056,2023-11-20,0,mid,ma_bull,two_day_acceleration,current_week,-0.015023474178403773,-0.028169014084507116,-0.06384976525821595,-0.03474178403755879,0.014084507042253502,2023H2
301056,2023-11-21,1,mid,ma_bull,pullback_holds,current_week,-0.0009433962264150386,-0.04433962264150937,-0.05377358490566042,-0.04528301886792441,0.007547169811320753,2023H2
301056,2023-11-23,3,mid,ma_bull,pullback_holds,current_week,-0.015137180700094621,-0.04635761589403975,-0.04824976348155152,-0.04824976348155152,0.010406811731314969,2023H2
301056,2023-12-28,3,mid,none,pullback_holds,current_week,0.014000000000000012,0.0020000000000000018,-0.07200000000000006,-0.010999999999999899,0.04500000000000015,2023H2
301056,2023-12-29,4,mid,macd_stabilizing,two_day_acceleration,current_week,-0.020588235294117685,-0.022549019607843168,-0.12745098039215697,-0.02941176470588247,0.02450980392156854,2023H2
301056,2025-06-03,1,bull,ma_bull,shrinking_volume_acceleration,current_week,0.037117903930131035,0.14519650655021832,0.14847161572052392,-0.01637554585152845,0.1626637554585153,2025H1
301056,2025-06-05,3,bull,ma_bull,pullback_holds,current_week,0.08140814081408143,0.11441144114411461,0.11331133113311354,-0.008800880088008833,0.1716171617161717,2025H1
301056,2025-06-06,4,bull,ma_bull,pullback_holds,current_week,0.04777415852334421,0.009771986970684043,0.07926167209554813,-0.00434310532030413,0.15635179153094447,2025H1
301056,2025-06-09,0,bull,ma_bull,two_day_acceleration,current_week,0.021164021164021163,-0.0031746031746032743,0.06455026455026447,-0.030687830687830764,0.12698412698412698,2025H1
301056,2025-07-04,4,bull,ma_bull,pullback_holds,current_week,0.0010020040080160886,0.028056112224448926,0.1643286573146292,-0.01603206412825653,0.10120240480961917,2025H2
301056,2025-07-14,0,bull,ma_bull,pullback_holds,current_week,0.06108374384236437,0.08078817733990151,0.18029556650246303,-0.026600985221674867,0.270935960591133,2025H2
301056,2025-08-18,0,bull,ma_bull,pullback_holds,current_week,-0.01593959731543615,-0.09144295302013417,-0.06208053691275173,-0.12751677852348986,0.030201342281879207,2025H2
301056,2025-08-19,1,bull,ma_bull,pullback_holds,current_week,-0.02341137123745829,-0.09615384615384615,-0.02926421404682289,-0.1346153846153847,0.026755852842809347,2025H2
301056,2025-08-20,2,bull,ma_bull,pullback_holds,current_week,-0.07969798657718119,-0.12583892617449666,-0.030201342281879096,-0.13171140939597314,0.030201342281879207,2025H2
301056,2025-08-22,4,bull,ma_bull,pullback_holds,current_week,-0.10684474123539223,-0.09849749582637723,-0.06928213689482476,-0.13689482470784642,0.0075125208681134925,2025H2
301056,2025-09-08,0,bull,ma_bull,pullback_holds,current_week,0.025688073394495303,0.03302752293577971,0.18532110091743115,-0.029357798165137616,0.14587155963302756,2025H2
301056,2025-09-19,4,mid,none,pullback_holds,current_week,0.10714285714285698,0.11517857142857135,0.12232142857142847,-0.04285714285714293,0.18214285714285694,2025H2
301056,2025-09-29,0,bull,none,shrinking_volume_acceleration,current_week,0.021343873517786438,0.08221343873517784,-0.04822134387351773,-0.08063241106719365,0.0845849802371541,2025H2
301056,2025-10-14,1,bull,ma_bull,two_day_acceleration,current_week,0.07541241162608014,0.00471327572662994,-0.04241948153967012,-0.05184603299293011,0.07776904948939523,2025H2
002041,2026-02-27,4,bull,ma_bull,two_day_acceleration,current_week,0.05125899280575519,0.01888489208633093,-0.036870503597122295,-0.00629496402877705,0.13309352517985595,2026H1
002880,2023-05-04,3,bull,none,two_day_acceleration,current_week,-0.02678852820674449,0.04412228175228505,0.24046643554995262,-0.049479987393633795,0.04916482823826018,2023H1
002880,2023-05-15,0,mid,ma_bull,pullback_holds,current_week,0.06138676844783708,0.16571246819338414,0.2614503816793894,-0.00795165394402031,0.17302798982188294,2023H1
002880,2023-09-05,1,mid,none,pullback_holds,current_week,0.013100436681222849,0.015138282387190616,0.011644832605531175,-0.013682678311499274,0.0326055312954876,2023H2
002880,2023-09-06,2,mid,none,pullback_holds,current_week,-0.0023249055507121863,0.013658820110433068,0.012205754141237923,-0.01540249927346704,0.03080499854693386,2023H2
002880,2023-09-22,4,mid,none,pullback_holds,current_week,-0.0031365839749073476,0.0051325919589393365,-0.0034217279726260763,-0.017678927858568505,0.032221271742229884,2023H2
002880,2023-11-08,2,mid,none,two_day_acceleration,current_week,0.008431703204047292,0.02417088251826871,0.05621135469364802,-0.019673974142776718,0.05115233277121978,2023H2
002880,2023-11-10,4,mid,none,pullback_holds,current_week,0.017231638418079065,0.05734463276836155,0.0742937853107346,-0.009322033898304993,0.060169491525423835,2023H2
002880,2023-11-14,1,mid,none,pullback_holds,current_week,0.028089887640449396,0.05084269662921348,0.05814606741573036,-0.01376404494382033,0.057584269662921184,2023H2
002880,2023-11-15,2,mid,none,two_day_acceleration,current_week,0.01958589815332945,0.040011191941801805,0.04952434247341908,-0.01762730833799675,0.053441522104084926,2023H2
002880,2023-11-17,4,mid,none,shrinking_volume_acceleration,current_week,0.04001111419838832,0.05029174770769673,0.005557099194220427,-0.00500138927479854,0.07196443456515689,2023H2
002880,2023-11-20,0,mid,none,two_day_acceleration,current_week,0.0056833558863329525,0.017050067658998413,-0.008389715832205713,-0.017591339648173165,0.04411366711772646,2023H2
301228,2025-05-12,0,bull,ma_bull,shrinking_volume_acceleration,current_week,0.01851122489168966,-0.022843639228042445,-0.026388341866876774,-0.05474596297755019,0.08507286333202058,2025H1
301228,2025-05-16,4,bull,ma_bull,pullback_holds,current_week,-0.030728376327769258,-0.035280728376327786,-0.05273141122913505,-0.09635811836115327,0.0876327769347498,2025H1
301228,2025-06-11,2,bull,ma_bull,pullback_holds,current_week,0.0015923566878981443,0.030652866242038224,0.06926751592356672,-0.04060509554140124,0.06687898089171984,2025H1
301228,2025-06-12,3,bull,ma_bull,pullback_holds,current_week,-0.01388888888888884,0.09126984126984139,0.04761904761904767,-0.04365079365079361,0.10992063492063497,2025H1
301228,2025-06-13,4,bull,ma_bull,pullback_holds,current_week,-0.019138755980861233,0.10725677830940983,0.045055821371610794,-0.03907496012759171,0.11523125996810202,2025H1
301228,2025-06-25,2,bull,none,shrinking_volume_acceleration,current_week,0.028582464271919683,0.037466203167245915,0.17110853611432986,-0.0034762456546929554,0.10390112012359998,2025H1
301228,2025-06-30,0,bull,ma_bull,two_day_acceleration,current_week,-0.04728048346960534,-0.058300746533949455,0.12797724848915748,-0.08247422680412364,0.007109847138286662,2025H1
301228,2025-07-09,2,bull,ma_bull,pullback_holds,current_week,-0.039429215170859844,0.1385655276004507,0.05482538490424327,-0.050694705219677005,0.1791212917761924,2025H2
301228,2025-08-04,0,bull,ma_bull,shrinking_volume_acceleration,current_week,-0.0837193911317008,-0.1277299801455989,-0.09000661813368627,-0.1396426207809397,0.00992720052945062,2025H2
301228,2025-08-22,4,bull,ma_bull,pullback_holds,current_week,-0.050458715596330306,0.034932956951305716,0.0543401552575864,-0.0737473535638673,0.06669019054340164,2025H2
301228,2025-09-04,3,mid,none,pullback_holds,current_week,0.048913043478260754,0.06775362318840572,0.13514492753623197,-0.021376811594202905,0.17753623188405787,2025H2
301228,2025-09-18,3,mid,none,pullback_holds,current_week,0.061973728528123884,0.055237453688110394,-0.10744358369821494,-0.006399461098012815,0.1673964297743349,2025H2
301228,2025-09-19,4,mid,none,shrinking_volume_acceleration,current_week,-0.005261427162117749,0.030253206182176973,-0.13317987504110496,-0.04636632686616249,0.13975665899375223,2025H2
301228,2025-09-24,2,bull,ma_bull,shrinking_volume_acceleration,current_week,0.010370835952231205,-0.12947831552482714,-0.24167190446260223,-0.13827781269641726,0.08925204274041487,2025H2
301228,2025-11-05,2,bull,none,pullback_holds,current_week,0.02654545454545465,0.4774545454545456,0.6272727272727272,-0.05418181818181811,0.6000000000000001,2025H2
301228,2025-12-09,1,mid,ma_bull,pullback_holds,current_week,-0.08170676350431227,-0.05083976395823886,-0.1377666817975488,-0.22787108488424868,0.020653654108034436,2025H2
301228,2025-12-22,0,bull,ma_bull,shrinking_volume_acceleration,current_week,-0.06285714285714283,-0.10976190476190473,-0.016666666666666607,-0.11476190476190473,0.018095238095237942,2025H2
301228,2025-12-23,1,bull,ma_bull,pullback_holds,current_week,-0.06756431834575627,-0.0865592690550614,0.003606636210627512,-0.10795864390478482,0.005770617937004063,2025H2
301228,2025-12-26,4,bull,ma_bull,pullback_holds,current_week,-0.07275845173934348,-0.07471827535521791,0.05854973052425283,-0.09113179813816752,0.019598236158745674,2025H2
301228,2026-01-09,4,bull,ma_bull,two_day_acceleration,current_week,-0.00924999999999998,0.06424999999999992,0.03875000000000006,-0.0674999999999999,0.08949999999999991,2026H1
301228,2026-01-19,0,bull,none,two_day_acceleration,current_week,0.022024251422915198,-0.04454342984409809,0.11531799059638703,-0.05939123979213079,0.07993071022024245,2026H1
301228,2026-02-04,2,mid,none,pullback_holds,current_week,0.035247719990140425,0.12176485087503086,0.07000246487552397,-0.05176238599950711,0.13285679073206813,2026H1
301228,2026-02-12,3,bull,ma_bull,shrinking_volume_acceleration,current_week,0.08473771659150242,0.03370519819605988,-0.023498694516971286,-0.030619511037265568,0.11084737716591508,2026H1
301228,2026-02-13,4,mid,ma_bull,shrinking_volume_acceleration,current_week,0.03950103950103956,-0.032109032109032154,-0.10371910371910364,-0.05659505659505648,0.08108108108108114,2026H1
301228,2026-05-22,4,mid,ma_bull,shrinking_volume_acceleration,current_week,-0.08519655122022507,0.09791027327195656,0.1091626479614205,-0.18164547712991386,0.13970480783282158,2026H1
002010,2025-04-02,2,mid,ma_bull,pullback_holds,current_week,-0.04469273743016766,-0.054003724394785846,0.011173184357541777,-0.12290502793296088,0.014897579143389184,2025H1
002010,2025-04-03,3,mid,ma_bull,pullback_holds,current_week,0.0019417475728153999,-0.013592233009708798,0.046601941747572706,-0.08543689320388359,0.01747572815533971,2025H1
002010,2025-04-21,0,mid,none,two_day_acceleration,current_week,-0.001941747572815622,0.040776699029126284,0.023300970873786353,-0.023300970873786464,0.06601941747572804,2025H1
002010,2025-04-22,1,mid,none,pullback_holds,current_week,0.0038535645472059787,0.025048169556840083,0.01348747591522148,-0.030828516377649384,0.057803468208092346,2025H1
002010,2025-04-23,2,mid,none,pullback_holds,current_week,0.009615384615384581,0.03461538461538449,0.026923076923076827,-0.028846153846153966,0.05576923076923079,2025H1
002010,2025-04-24,3,mid,none,pullback_holds,current_week,0.05436893203883475,0.03689320388349504,0.05436893203883475,-0.019417475728155442,0.06601941747572804,2025H1
002010,2025-04-25,4,mid,none,pullback_holds,current_week,0.04457364341085257,0.04457364341085257,0.04457364341085257,-0.02131782945736438,0.06395348837209314,2025H1
002010,2025-05-26,0,bull,ma_bull,pullback_holds,current_week,0.05451127819548862,0.013157894736842035,0.007518796992481258,-0.007518796992481258,0.11654135338345872,2025H1
002010,2025-05-27,1,mid,ma_bull,two_day_acceleration,current_week,0.046125461254612476,-0.005535055350553542,0.0,-0.014760147601476037,0.09594095940959413,2025H1
002010,2025-05-30,4,mid,ma_bull,two_day_acceleration,current_week,-0.019642857142857184,-0.017857142857142905,-0.0035714285714286698,-0.0464285714285716,0.023214285714285632,2025H1
002010,2025-06-04,2,bull,ma_bull,shrinking_volume_acceleration,current_week,-0.04938271604938271,-0.04938271604938271,-0.017636684303350858,-0.05820105820105825,0.010582010582010692,2025H1
002010,2025-06-16,0,bull,ma_bull,pullback_holds,current_week,-0.04693140794223827,0.0072202166064982976,-0.01263537906137191,-0.06137184115523464,0.018050541516245522,2025H1
002010,2025-07-16,2,bull,ma_bull,pullback_holds,current_week,0.12989323843416378,0.0978647686832741,0.09608540925266906,-0.007117437722419906,0.18505338078291822,2025H2
002010,2025-08-11,0,bull,ma_bull,pullback_holds,current_week,0.023178807947019875,0.039735099337748325,-0.0016556291390728006,-0.013245033112582738,0.0596026490066226,2025H2
002010,2025-08-15,4,bull,ma_bull,pullback_holds,current_week,0.032786885245901454,0.022950819672131084,-0.0180327868852459,-0.003278688524590234,0.0721311475409836,2025H2
002010,2025-08-18,0,bull,ma_bull,pullback_holds,current_week,0.01948051948051943,0.0032467532467532756,-0.024350649350649456,-0.0016233766233766378,0.06168831168831157,2025H2
002010,2025-08-19,1,bull,ma_bull,two_day_acceleration,current_week,0.01737756714060046,-0.04739336492890989,0.011058451816745807,-0.05845181674565558,0.033175355450236976,2025H2
002010,2025-08-28,3,bull,ma_bull,pullback_holds,current_week,-0.0757097791798107,-0.05993690851735012,-0.009463722397476282,-0.08832807570977907,0.001577287066246269,2025H2
002010,2025-09-11,3,bull,none,pullback_holds,current_week,0.11872909698996659,0.050167224080267525,0.0852842809364549,-0.0050167224080267525,0.1688963210702341,2025H2
002010,2025-09-12,4,bull,none,pullback_holds,current_week,0.11519198664440733,0.02838063439065097,0.09348914858096813,-0.005008347245409106,0.1669449081803005,2025H2
002010,2025-09-15,0,bull,none,pullback_holds,current_week,0.08760330578512399,0.03305785123966953,0.08429752066115714,-0.0049586776859502635,0.15537190082644625,2025H2
002010,2025-10-09,3,bull,ma_bull,pullback_holds,current_week,0.04395604395604402,0.006279434850863463,-0.03610675039246458,-0.03453689167974883,0.05965463108320246,2025H2
002010,2025-10-10,4,bull,ma_bull,two_day_acceleration,current_week,0.04677419354838719,0.022580645161290214,-0.009677419354838679,-0.008064516129032251,0.08870967741935476,2025H2
002010,2025-10-20,0,mid,ma_bull,shrinking_volume_acceleration,current_week,-0.019877675840978548,-0.033639143730886834,-0.04587155963302747,-0.05810397553516822,0.009174311926605672,2025H2
002010,2025-10-27,0,bull,ma_bull,pullback_holds,current_week,-0.042424242424242475,-0.046969696969696995,-0.12575757575757573,-0.08030303030303032,0.0,2025H2
002010,2025-11-03,0,bull,ma_bull,pullback_holds,current_week,0.0,-0.007949125596184436,-0.08426073131955492,-0.03497615262321141,0.06836248012718604,2025H2
002010,2025-11-13,3,bull,ma_bull,pullback_holds,current_week,-0.051968503937007915,-0.10393700787401572,-0.11023622047244097,-0.1070866141732284,0.011023622047243942,2025H2
002010,2025-11-14,4,bull,none,pullback_holds,current_week,-0.08744038155802858,-0.08903020667726547,-0.10174880763116056,-0.09856915739268679,0.0015898251192367763,2025H2
002010,2025-12-19,4,mid,none,two_day_acceleration,current_week,0.0068728522336769515,0.06529209621993126,0.15979381443298957,-0.012027491408934776,0.07731958762886593,2025H2
002010,2025-12-24,2,bull,none,shrinking_volume_acceleration,current_week,-0.006837606837606813,0.07350427350427347,0.21538461538461529,-0.017094017094017144,0.07863247863247858,2025H2
002010,2025-12-25,3,bull,none,two_day_acceleration,current_week,0.02876480541455151,0.10490693739424706,0.15905245346869723,-0.027072758037225086,0.10998307952622688,2025H2
002010,2026-01-20,1,bull,macd_cross,two_day_acceleration,current_week,0.0059880239520957446,-0.022455089820359153,0.0239520958083832,-0.041916167664670545,0.1062874251497008,2026H1
002010,2026-01-22,3,bull,macd_cross,two_day_acceleration,current_week,-0.02741702741702734,-0.06926406926406925,-0.014430014430014348,-0.07647907647907637,0.06637806637806642,2026H1
002010,2026-02-09,0,bull,ma_bull,two_day_acceleration,current_week,0.012030075187969835,-0.043609022556390986,-0.0781954887218046,-0.048120300751879785,0.03609022556390973,2026H1
002010,2026-02-10,1,bull,ma_bull,pullback_holds,current_week,0.02857142857142847,-0.0586466165413535,-0.08120300751879694,-0.06466165413533842,0.03609022556390973,2026H1
002010,2026-02-11,2,bull,ma_bull,pullback_holds,current_week,0.03177004538577921,-0.03933434190620266,-0.0998487140695915,-0.05900151285930422,0.04236006051437213,2026H1
002010,2026-02-12,3,bull,ma_bull,pullback_holds,current_week,0.033282904689863724,-0.0226928895612708,-0.11346444780635401,-0.05900151285930422,0.04236006051437213,2026H1
002010,2026-02-13,4,mid,ma_bull,pullback_holds,current_week,-0.009036144578313365,-0.03765060240963858,-0.17168674698795183,-0.06325301204819289,0.03765060240963858,2026H1
002010,2026-04-09,3,mid,none,pullback_holds,current_week,0.013745704467353903,-0.005154639175257825,-0.04295532646048106,-0.020618556701030966,0.06013745704467355,2026H1
002010,2026-04-10,4,mid,none,pullback_holds,current_week,0.0431034482758621,-0.0017241379310344307,-0.03103448275862064,-0.01724137931034475,0.06379310344827593,2026H1
002010,2026-04-16,3,mid,none,two_day_acceleration,current_week,-0.015306122448979553,-0.008503401360544172,-0.07823129251700678,-0.04251700680272108,0.04931972789115657,2026H1
002010,2026-04-17,4,mid,none,two_day_acceleration,current_week,-0.03980099502487566,-0.03316749585406309,-0.10945273631840802,-0.06633499170812607,0.0033167495854062867,2026H1
002010,2026-04-30,3,bull,none,pullback_holds,current_week,-0.039655172413793016,-0.06551724137931036,-0.08275862068965512,-0.08275862068965512,0.018965517241379404,2026H1
002010,2026-05-07,3,bull,none,pullback_holds,current_week,-0.0634648370497427,-0.09433962264150941,-0.1286449399656947,-0.09433962264150941,0.010291595197255532,2026H1
002010,2026-05-08,4,bull,none,pullback_holds,current_week,-0.07692307692307698,-0.0786324786324788,-0.1282051282051282,-0.09914529914529913,0.00512820512820511,2026H1
002010,2026-05-25,0,bull,none,pullback_holds,current_week,-0.014625228519195677,-0.10603290676416821,-0.10968921389396702,-0.12065813528336367,0.025594149908592323,2026H1
002010,2026-05-27,2,mid,none,pullback_holds,current_week,-0.04051565377532229,-0.10497237569060758,-0.1270718232044198,-0.11786372007366475,0.023941068139963217,2026H1
603890,2024-09-24,1,mid,none,shrinking_volume_acceleration,current_week,0.25274725274725274,0.1681318681318682,0.39450549450549444,-0.005494505494505364,0.2714285714285716,2024H2
603890,2024-09-25,2,bull,none,two_day_acceleration,current_week,0.11650485436893199,0.12944983818770228,0.348435814455232,-0.017259978425027023,0.2481121898597627,2024H2
603890,2024-10-24,3,bull,ma_bull,shrinking_volume_acceleration,current_week,0.11063829787234059,0.03319148936170224,-0.020425531914893602,-0.05021276595744684,0.16595744680851077,2024H2
603890,2024-11-11,0,bull,ma_bull,shrinking_volume_acceleration,current_week,-0.13359999999999994,-0.11439999999999995,-0.09120000000000006,-0.14239999999999997,0.0464,2024H2
603890,2024-11-13,2,bull,ma_bull,pullback_holds,current_week,-0.07344632768361581,-0.10330912025827288,-0.03793381759483461,-0.14689265536723162,0.007263922518159882,2024H2
603890,2024-12-02,0,bull,ma_bull,shrinking_volume_acceleration,current_week,-0.005253940455341555,0.007880910683012221,0.053415061295972066,-0.038528896672504365,0.08143607705779332,2024H2
603890,2024-12-03,1,bull,ma_bull,pullback_holds,current_week,0.015971606033718055,-0.019520851818988327,0.042590949423247704,-0.02573203194321194,0.095829636202307,2024H2
603890,2024-12-09,0,bull,none,pullback_holds,current_week,-0.009466437177280684,-0.029259896729776358,0.19449225473321863,-0.06626506024096401,0.06282271944922546,2024H2
603890,2024-12-10,1,bull,none,two_day_acceleration,current_week,-0.03913043478260858,-0.011304347826086913,0.1634782608695653,-0.05652173913043479,0.07391304347826089,2024H2
603890,2025-01-24,4,mid,ma_bull,shrinking_volume_acceleration,current_week,0.074484944532488,0.05071315372424712,-0.019809825673534065,-0.02535657686212367,0.1156893819334388,2025H1
603890,2025-02-26,2,bull,ma_bull,two_day_acceleration,current_week,-0.07764198418404022,-0.038102084831056704,-0.11071171818835368,-0.12437095614665716,0.028037383177570208,2025H1
603890,2025-03-12,2,bull,ma_bull,two_day_acceleration,current_week,0.011177347242921076,-0.07824143070044698,-0.2630402384500745,-0.0961251862891207,0.040983606557377206,2025H1
603890,2025-03-24,0,mid,none,shrinking_volume_acceleration,current_week,-0.04984177215189878,-0.24841772151898733,-0.18354430379746833,-0.2523734177215189,0.003955696202531556,2025H1
603890,2025-04-28,0,mid,none,shrinking_volume_acceleration,current_week,0.060176991150442394,0.12212389380530975,0.060176991150442394,-0.030973451327433565,0.13716814159292023,2025H1
603890,2025-05-08,3,bull,none,shrinking_volume_acceleration,current_week,0.04793388429752077,0.027272727272727337,-0.03305785123966931,-0.016528925619834656,0.06280991735537178,2025H1
603890,2025-05-16,4,bull,none,two_day_acceleration,current_week,-0.02608695652173909,-0.07588932806324122,-0.10118577075098811,-0.08221343873517795,0.007114624505928813,2025H1
603890,2025-06-09,0,bull,macd_stabilizing,pullback_holds,current_week,-0.033984706881903026,-0.054375531011044975,-0.017841971112999122,-0.06966864910790127,0.0,2025H1
603890,2025-06-25,2,bull,none,pullback_holds,current_week,-0.002608695652173809,0.03304347826086973,0.05130434782608684,-0.025217391304347747,0.04869565217391303,2025H1
603890,2025-08-19,1,bull,ma_bull,shrinking_volume_acceleration,current_week,0.04585152838427953,-0.018922852983988325,-0.010189228529839944,-0.03275109170305668,0.08005822416302766,2025H2
603890,2025-08-28,3,bull,ma_bull,shrinking_volume_acceleration,current_week,-0.0823943661971831,-0.041549295774648054,0.032394366197183055,-0.0992957746478873,0.009154929577464666,2025H2
603890,2025-09-11,3,bull,ma_bull,two_day_acceleration,current_week,0.01318681318681314,0.07399267399267395,-0.11575091575091578,-0.0336996336996338,0.07985347985347979,2025H2
603890,2025-09-17,2,bull,ma_bull,pullback_holds,current_week,0.013828238719068464,0.02765647743813693,-0.06695778748180492,-0.028384279475982543,0.07278020378457062,2025H2
603890,2025-09-22,0,mid,ma_bull,shrinking_volume_acceleration,current_week,-0.019957234497505416,-0.08695652173913049,0.0349251603706342,-0.08909479686386312,0.05060584461867412,2025H2
603890,2025-09-24,2,bull,ma_bull,shrinking_volume_acceleration,current_week,0.011461318051575908,-0.083810888252149,0.09742120343839544,-0.09169054441260749,0.055873925501432664,2025H2
603890,2025-10-09,3,bull,ma_bull,two_day_acceleration,current_week,-0.09290780141843957,-0.09078014184397154,0.09716312056737597,-0.1468085106382978,0.005673758865248235,2025H2
603890,2025-10-28,1,bull,none,shrinking_volume_acceleration,current_week,-0.0027548209366390353,0.08333333333333348,0.13360881542699743,-0.028236914600551,0.16115702479338845,2025H2
603890,2025-12-01,0,mid,ma_bull,shrinking_volume_acceleration,current_week,-0.001814882032667997,-0.026013309134906182,-0.004234724742891771,-0.07985480943738654,0.05021173623714459,2025H2
603890,2025-12-09,1,mid,ma_bull,two_day_acceleration,current_week,-0.06904761904761902,-0.04702380952380947,-0.020238095238095277,-0.0797619047619047,0.011904761904761862,2025H2
603890,2025-12-23,1,bull,ma_bull,pullback_holds,current_week,0.03433208489388262,0.027465667915106184,0.03433208489388262,0.0,0.1260923845193509,2025H2
603890,2026-01-05,0,bull,ma_bull,pullback_holds,current_week,-0.008500303582270607,-0.01942926533090472,-0.10989678202792952,-0.05950212507589547,0.01821493624772308,2026H1
603890,2026-01-06,1,bull,ma_bull,pullback_holds,current_week,-0.055421686746988,-0.054216867469879526,-0.10180722891566274,-0.0668674698795182,0.010240963855421503,2026H1
603890,2026-01-07,2,bull,ma_bull,pullback_holds,current_week,-0.03953771289537711,-0.007299270072992803,-0.08819951338199516,-0.057785888077858893,0.012773722627737127,2026H1
603890,2026-01-08,3,bull,ma_bull,pullback_holds,current_week,-0.040243902439024315,0.010365853658536706,-0.10304878048780475,-0.05548780487804872,0.015243902439024293,2026H1
603890,2026-01-09,4,bull,ma_bull,pullback_holds,current_week,-0.004863221884498392,-0.004255319148936176,-0.10273556231003034,-0.058358662613981704,0.012158054711246091,2026H1
603890,2026-01-23,4,bull,ma_bull,pullback_holds,current_week,-0.07607361963190185,-0.09447852760736197,-0.08159509202453985,-0.10674846625766876,0.012883435582822234,2026H1
603890,2026-02-09,0,bull,none,two_day_acceleration,current_week,-0.0013183915622939635,-0.06526038233355302,-0.0646011865524061,-0.06921555702043503,0.027027027027026973,2026H1
603890,2026-02-10,1,bull,none,pullback_holds,current_week,0.011303191489361764,-0.06848404255319152,-0.032579787234042534,-0.07579787234042556,0.03590425531914887,2026H1
603890,2026-02-12,3,bull,none,pullback_holds,current_week,0.007868852459016473,-0.05311475409836064,-0.08721311475409832,-0.08852459016393444,0.02163934426229508,2026H1
603890,2026-02-13,4,mid,none,pullback_holds,current_week,-0.021568627450980427,-0.07124183006535945,-0.16405228758169932,-0.09869281045751632,0.01699346405228752,2026H1
603890,2026-02-26,3,bull,none,two_day_acceleration,current_week,-0.05508749189889828,-0.05314322747893718,-0.11989630589760203,-0.10628645495787414,0.007128969539857533,2026H1
603890,2026-03-11,2,bull,none,pullback_holds,current_week,-0.012219959266802416,-0.06720977596741351,0.07128309572301439,-0.13713509843856075,0.011541072640868899,2026H1
603890,2026-03-12,3,bull,none,pullback_holds,current_week,-0.025482093663911742,-0.06473829201101922,0.07713498622589543,-0.12465564738292001,0.01446280991735538,2026H1
603890,2026-04-22,2,bull,none,shrinking_volume_acceleration,current_week,-0.032754342431761785,0.01985111662531014,0.18312655086848628,-0.08883374689826318,0.04218362282878396,2026H1
000652,2023-03-15,2,mid,ma_bull,shrinking_volume_acceleration,current_week,-0.0023255813953487747,0.03488372093023262,0.016279069767441978,-0.018604651162790753,0.05581395348837215,2023H1
000652,2023-03-17,4,mid,ma_bull,pullback_holds,current_week,0.002336448598130758,0.051401869158878455,0.016355140186915973,-0.014018691588785215,0.06074766355140171,2023H1
000652,2023-03-23,3,bull,ma_bull,pullback_holds,current_week,0.0277777777777779,0.03009259259259256,-0.04861111111111105,-0.01620370370370372,0.06018518518518512,2023H1
000652,2023-03-27,0,mid,ma_bull,pullback_holds,current_week,0.020689655172413834,0.006896551724137723,-0.07126436781609202,-0.0045977011494253706,0.05287356321839076,2023H1
000652,2023-03-28,1,mid,ma_bull,two_day_acceleration,current_week,-0.008869179600886956,-0.026607538802660757,-0.09977827050997767,-0.039911308203991025,0.015521064301552201,2023H1
000652,2023-05-04,3,bull,macd_stabilizing,two_day_acceleration,current_week,0.030444964871194413,0.0187353629976581,-0.03512880562060894,-0.00936768149882905,0.049180327868852514,2023H1
000652,2023-05-05,4,bull,macd_stabilizing,pullback_holds,current_week,0.030444964871194413,0.016393442622950616,-0.03278688524590179,0.0,0.049180327868852514,2023H1
000652,2023-05-09,1,bull,none,two_day_acceleration,current_week,0.006928406466512715,-0.025404157043879994,-0.05773672055427248,-0.025404157043879994,0.03464203233256358,2023H1
000652,2023-07-03,0,mid,none,shrinking_volume_acceleration,current_week,-0.014285714285714457,-0.0023809523809523725,0.08809523809523823,-0.023809523809523947,0.004761904761904745,2023H2
000652,2023-07-11,1,mid,none,pullback_holds,current_week,0.024154589371980784,0.03140096618357502,0.06763285024154597,-0.004830917874396046,0.03864734299516903,2023H2
000652,2023-08-04,4,bull,none,two_day_acceleration,current_week,-0.00666666666666671,-0.026666666666666727,-0.07555555555555549,-0.0377777777777778,0.011111111111111072,2023H2
000652,2025-03-07,4,bull,none,pullback_holds,current_week,0.020253164556962133,0.017721518987341867,-0.11139240506329107,-0.0227848101265824,0.07848101265822782,2025H1
000652,2025-03-12,2,bull,none,pullback_holds,current_week,0.0201005025125629,0.005025125628140614,-0.09296482412060303,-0.025125628140703515,0.07035175879396971,2025H1
000652,2025-03-18,1,bull,none,two_day_acceleration,current_week,-0.03422982885085568,-0.05134474327628358,-0.08312958435207818,-0.07090464547677255,0.009779951100244544,2025H1
000652,2025-03-20,3,bull,none,pullback_holds,current_week,-0.01980198019801982,-0.034653465346534684,-0.06930693069306926,-0.05940594059405935,0.007425742574257432,2025H1
000652,2025-08-14,3,bull,ma_bull,pullback_holds,current_week,0.03803131991051445,-0.013422818791946178,-0.03355704697986561,-0.044742729306487594,0.06711409395973167,2025H2
000652,2025-08-15,4,bull,ma_bull,pullback_holds,current_week,0.028634361233480066,-0.03964757709251099,-0.052863436123348095,-0.05947136563876643,0.05066079295154191,2025H2
000652,2025-08-22,4,bull,ma_bull,shrinking_volume_acceleration,current_week,-0.06638115631691643,-0.0856531049250534,-0.11134903640256955,-0.1049250535331906,0.012847965738758127,2025H2
000652,2025-09-29,0,bull,none,pullback_holds,current_week,0.0,0.01666666666666683,0.023809523809523725,-0.02619047619047632,0.01904761904761898,2025H2
000652,2025-09-30,1,bull,none,pullback_holds,current_week,0.016826923076923128,0.028846153846153966,0.04086538461538458,-0.016826923076923128,0.03846153846153855,2025H2
000652,2025-10-09,3,bull,none,pullback_holds,current_week,0.0,0.043165467625899456,0.04076738609112707,-0.01918465227817745,0.043165467625899456,2025H2
000652,2025-10-10,4,bull,macd_stabilizing,pullback_holds,current_week,0.0024154589371983004,0.036231884057971175,0.06038647342995174,-0.01207729468599028,0.05797101449275366,2025H2
000652,2025-10-20,0,mid,none,pullback_holds,current_week,0.02644230769230771,0.02644230769230771,0.08173076923076916,0.0,0.05288461538461542,2025H2
000652,2025-10-23,3,bull,macd_stabilizing,two_day_acceleration,current_week,-0.038812785388127824,-0.0091324200913242,-0.020547945205479423,-0.038812785388127824,0.0,2025H2
000652,2025-11-03,0,bull,none,pullback_holds,current_week,0.023419203747072403,0.05386416861826682,0.044496487119437766,-0.0023419203747073736,0.058548009367681564,2025H2
000652,2025-11-04,1,bull,none,pullback_holds,current_week,0.028037383177570208,0.023364485981308247,0.051401869158878455,-0.002336448598130758,0.05607476635514019,2025H2
000652,2025-11-07,4,bull,none,two_day_acceleration,current_week,0.002272727272727204,-0.06363636363636371,0.031818181818181746,-0.06363636363636371,0.027272727272727337,2025H2
000652,2026-01-05,0,bull,none,shrinking_volume_acceleration,current_week,0.021428571428571352,0.01904761904761898,-0.014285714285714457,-0.004761904761904856,0.04761904761904767,2026H1
000652,2026-01-06,1,bull,macd_stabilizing,pullback_holds,current_week,0.0,0.011682242990654235,-0.014018691588785215,-0.02102803738317749,0.028037383177570208,2026H1
000652,2026-01-07,2,bull,none,pullback_holds,current_week,0.01187648456057011,0.026128266033254244,0.01187648456057011,-0.004750593824227933,0.04513064133016642,2026H1
000652,2026-01-08,3,bull,none,pullback_holds,current_week,0.0,0.03546099290780136,0.011820330969267046,-0.009456264775413725,0.04018912529550822,2026H1
000652,2026-01-09,4,bull,macd_stabilizing,pullback_holds,current_week,0.009433962264151052,0.03537735849056589,0.009433962264151052,-0.009433962264150941,0.037735849056603765,2026H1
000652,2026-01-12,0,bull,none,two_day_acceleration,current_week,0.0023419203747072626,0.04683840749414503,-0.007025761124121788,-0.014051522248243686,0.06557377049180313,2026H1
000652,2026-01-13,1,bull,none,pullback_holds,current_week,0.006976744186046657,0.10232558139534897,-0.027906976744186074,-0.020930232558139528,0.14418604651162803,2026H1
000652,2026-01-14,2,bull,none,pullback_holds,current_week,0.018867924528301883,0.08490566037735858,-0.014150943396226578,-0.007075471698113289,0.1603773584905659,2026H1
000652,2026-01-16,4,bull,none,pullback_holds,current_week,0.03294117647058825,0.06352941176470606,-0.02588235294117658,-0.004705882352941115,0.15764705882352947,2026H1
000652,2026-01-26,0,bull,macd_cross,two_day_acceleration,current_week,-0.08000000000000007,-0.057777777777777706,-0.07333333333333336,-0.08444444444444443,0.09333333333333327,2026H1
603082,2025-08-06,2,bull,ma_bull,two_day_acceleration,current_week,-0.019230769230769162,0.043749999999999956,-0.038942307692307665,-0.04014423076923079,0.049038461538461586,2025H2
603082,2025-08-19,1,bull,ma_bull,two_day_acceleration,current_week,0.007302709069493485,-0.02167255594817441,-0.025206124852767964,-0.04711425206124853,0.04122497055359253,2025H2
603082,2025-08-20,2,bull,ma_bull,two_day_acceleration,current_week,-0.02974668835696026,-0.07088078085056926,-0.04276086451313044,-0.07738786892865435,0.027190332326284095,2025H2
603082,2025-08-22,4,bull,ma_bull,shrinking_volume_acceleration,current_week,-0.031185031185031242,-0.06537306537306531,-0.07761607761607758,-0.10371910371910364,0.012705012705012786,2025H2
603082,2025-09-01,0,bull,ma_bull,pullback_holds,current_week,-0.028321925890960498,-0.0488553221619068,-0.07717724805286752,-0.08425772952560762,0.003068208638187464,2025H2
603082,2025-09-08,0,bull,ma_bull,pullback_holds,current_week,-0.016353429338540226,-0.023675860385648062,-0.07688552599463017,-0.03587991213082742,0.017817915547962082,2025H2
603082,2025-09-17,2,bull,ma_bull,pullback_holds,current_week,-0.021903139449988007,-0.03261134095887086,-0.06473594548551964,-0.0659527865660745,0.012411779021659797,2025H2
603082,2025-10-09,3,bull,none,pullback_holds,current_week,-0.03870639164756817,-0.021390374331550888,-0.022408963585434205,-0.0578049401578814,0.005856888209829325,2025H2
603082,2025-10-27,0,bull,none,pullback_holds,current_week,-0.011407829919626633,-0.015815400570391436,-0.06196525797251751,-0.032408607726212124,0.00777806585429075,2025H2
600423,2025-05-19,0,bull,none,two_day_acceleration,current_week,-0.02686567164179099,-0.02686567164179099,0.0388059701492538,-0.059701492537313494,0.0029850746268655914,2025H1
600423,2025-06-03,1,bull,none,shrinking_volume_acceleration,current_week,0.015384615384615552,0.0707692307692307,0.04307692307692301,-0.003076923076922977,0.09230769230769242,2025H1
600423,2025-06-13,4,bull,none,two_day_acceleration,current_week,-0.0029940119760478723,0.020958083832335328,0.09580838323353302,-0.026946107784431073,0.10479041916167664,2025H1
600423,2025-06-16,0,bull,ma_bull,two_day_acceleration,current_week,0.017857142857142794,0.01488095238095255,0.08928571428571441,-0.03273809523809523,0.09821428571428581,2025H1
600423,2025-06-17,1,bull,ma_bull,two_day_acceleration,current_week,-0.028818443804034644,-0.023054755043227737,0.020172910662824117,-0.06340057636887608,0.06340057636887608,2025H1
600423,2025-06-19,3,mid,ma_bull,shrinking_volume_acceleration,current_week,-0.002865329512894088,-0.034383954154727836,0.025787965616045794,-0.06876790830945567,0.05730659025787954,2025H1
600423,2025-08-19,1,bull,ma_bull,pullback_holds,current_week,0.0,-0.034852546916890104,-0.01608579088471851,-0.07774798927613946,0.03217158176943702,2025H2
600423,2025-08-20,2,bull,ma_bull,pullback_holds,current_week,-0.06510416666666663,-0.08854166666666663,-0.03124999999999989,-0.10416666666666663,0.0026041666666667407,2025H2
600423,2025-08-22,4,bull,ma_bull,pullback_holds,current_week,-0.05333333333333323,-0.058666666666666645,-0.039999999999999925,-0.08266666666666667,0.005333333333333412,2025H2
600423,2025-09-08,0,bull,none,pullback_holds,current_week,0.002777777777777768,-0.008333333333333304,0.03333333333333344,-0.01388888888888884,0.050000000000000044,2025H2
600423,2025-09-09,1,bull,none,pullback_holds,current_week,0.025139664804469275,-0.030726256983240163,0.04469273743016755,-0.03631284916201116,0.05586592178770955,2025H2
600423,2025-09-10,2,bull,none,pullback_holds,current_week,0.03621169916434552,-0.011142061281336879,0.03621169916434552,-0.03899721448467963,0.052924791086351064,2025H2
600423,2025-09-11,3,bull,none,pullback_holds,current_week,0.011019283746556585,-0.024793388429751984,0.01377410468319562,-0.04958677685950408,0.04132231404958686,2025H2
600423,2025-09-12,4,bull,none,pullback_holds,current_week,-0.0055248618784530246,-0.0055248618784530246,0.03038674033149169,-0.046961325966850764,0.04419889502762442,2025H2
600423,2025-09-29,0,bull,none,pullback_holds,current_week,0.024793388429752206,0.04132231404958686,0.04958677685950419,-0.01377410468319551,0.04132231404958686,2025H2
600423,2025-10-23,3,bull,ma_bull,two_day_acceleration,current_week,-0.03116883116883118,0.007792207792207684,0.07532467532467524,-0.036363636363636376,0.010389610389610393,2025H2
600423,2025-10-24,4,bull,ma_bull,pullback_holds,current_week,-0.015789473684210575,0.03947368421052633,0.0,-0.023684210526315863,0.042105263157894646,2025H2
600423,2025-11-03,0,bull,ma_bull,pullback_holds,current_week,0.14775725593667555,0.1926121372031664,0.08179419525065956,-0.00527704485488123,0.22427440633245377,2025H2
600423,2025-11-04,1,bull,ma_bull,pullback_holds,current_week,0.1428571428571428,0.13756613756613745,0.10582010582010559,-0.002645502645502673,0.22751322751322745,2025H2
600423,2025-11-05,2,bull,ma_bull,two_day_acceleration,current_week,0.1113989637305699,0.09067357512953378,0.08808290155440424,-0.01036269430051806,0.20207253886010368,2025H2
600423,2025-11-07,4,bull,ma_bull,two_day_acceleration,current_week,0.14430379746835453,-0.03797468354430378,0.04303797468354431,-0.040506329113924044,0.1746835443037973,2025H2
600423,2025-12-01,0,mid,ma_bull,two_day_acceleration,current_week,-0.0024330900243311193,-0.05596107055961086,-0.07542579075425793,-0.07542579075425793,0.029197080291970767,2025H2
600423,2026-01-05,0,bull,none,shrinking_volume_acceleration,current_week,0.002666666666666817,-0.013333333333333308,-0.002666666666666595,-0.04799999999999993,0.02400000000000002,2026H1
600423,2026-01-06,1,bull,none,pullback_holds,current_week,-0.03157894736842104,-0.023684210526315863,0.015789473684210353,-0.06052631578947365,0.010526315789473495,2026H1
600423,2026-01-08,3,bull,none,pullback_holds,current_week,-0.04210526315789476,-0.0026315789473684292,0.015789473684210353,-0.06052631578947365,0.002631578947368318,2026H1
600423,2026-01-09,4,bull,none,pullback_holds,current_week,-0.0474934036939314,0.02638522427440626,0.0316622691292876,-0.05804749340369386,0.029023746701847042,2026H1
600423,2026-01-28,2,bull,none,two_day_acceleration,current_week,-0.015151515151515138,0.005050505050504972,-0.030303030303030276,-0.05555555555555547,0.06313131313131315,2026H1
600423,2026-02-27,4,bull,macd_stabilizing,shrinking_volume_acceleration,current_week,-0.0073710073710073765,0.01228501228501222,-0.07862407862407872,-0.06388206388206397,0.029484029484029506,2026H1
600423,2026-03-12,3,bull,macd_cross,two_day_acceleration,current_week,-0.04950495049504955,-0.09900990099009899,-0.11633663366336633,-0.16584158415841588,0.05940594059405946,2026H1
688345,2025-07-14,0,bull,ma_bull,pullback_holds,current_week,0.03764258555133071,0.09467680608365003,0.16577946768060836,-0.011406844106463865,0.09695817490494307,2025H2
688345,2025-07-15,1,bull,ma_bull,pullback_holds,current_week,0.010534236267870423,0.06471030850263348,0.11775771256583889,-0.01241534988713322,0.08540255831452215,2025H2
688345,2025-07-16,2,bull,ma_bull,two_day_acceleration,current_week,0.018244013683010207,0.03382744203724797,0.12922843025465602,0.0,0.09654123907259593,2025H2
688345,2025-07-18,4,bull,ma_bull,shrinking_volume_acceleration,current_week,0.004805914972273451,0.014787430683918634,0.08243992606284656,-0.019963031423290145,0.06654343807763397,2025H2
688345,2025-07-25,4,bull,ma_bull,shrinking_volume_acceleration,current_week,0.010677466863033835,0.061855670103092786,0.09204712812960225,-0.0077319587628866815,0.0839469808541975,2025H2
688345,2025-07-31,3,bull,ma_bull,pullback_holds,current_week,0.051263273526180875,0.05419260344196264,0.06737458806298058,-0.009154155986818013,0.12413035518125226,2025H2
688345,2025-08-01,4,bull,ma_bull,pullback_holds,current_week,0.037410071942445944,0.05323741007194238,0.06258992805755392,-0.02661870503597119,0.10431654676258995,2025H2
688345,2025-08-04,0,bull,ma_bull,two_day_acceleration,current_week,0.08033826638477803,0.04016913319238902,0.09337561663143057,-0.009161381254404466,0.08174770965468636,2025H2
688345,2025-08-06,2,bull,ma_bull,two_day_acceleration,current_week,0.014685792349726778,0.012978142076502719,0.0529371584699454,-0.03073770491803285,0.04849726775956276,2025H2
688345,2025-08-15,4,bull,ma_bull,pullback_holds,current_week,0.006788866259334725,0.0027155465037338455,0.3068567549219281,-0.04650373387644269,0.13000678886625927,2025H2
688345,2025-08-18,0,bull,ma_bull,pullback_holds,current_week,0.008816547982366751,0.05222109189555768,0.29603255340793466,-0.04747371990505267,0.12885723974228536,2025H2
688345,2025-09-29,0,bull,ma_bull,two_day_acceleration,current_week,-0.05288082083662193,0.023941068139963217,-0.06813996316758741,-0.09181794264667176,0.07682188897658526,2025H2
688345,2025-09-30,1,bull,ma_bull,two_day_acceleration,current_week,-0.0726729716276755,-0.09631657541065197,-0.09233449477351918,-0.14086610253857634,0.018666002986560404,2025H2
688345,2025-10-31,4,bull,ma_bull,shrinking_volume_acceleration,current_week,-0.04723002297676793,-0.014807250446770448,-0.15522083226959404,-0.10722491702833803,0.02118968598417159,2025H2
688345,2025-11-14,4,bull,ma_bull,two_day_acceleration,current_week,-0.22164948453608257,-0.14716494845360828,-0.19072164948453607,-0.22268041237113412,0.0,2025H2
688345,2025-12-23,1,bull,none,pullback_holds,current_week,0.013862024500322256,0.06931012250161195,0.15796260477111557,-0.003868471953578201,0.08865248226950362,2025H2
688345,2025-12-24,2,bull,none,pullback_holds,current_week,-0.01794145420207749,0.052880075542965255,0.15297450424929182,-0.02738432483474973,0.06798866855524088,2025H2
688345,2026-01-08,3,bull,none,shrinking_volume_acceleration,current_week,0.08853850818677977,0.08914493632504539,0.0633717404487566,-0.008793208004851616,0.12977562158884148,2026H1
688345,2026-01-09,4,bull,none,two_day_acceleration,current_week,0.052852852852852905,0.10000000000000009,0.07027027027027044,-0.018318318318318316,0.11891891891891904,2026H1
688345,2026-01-12,0,bull,none,two_day_acceleration,current_week,0.050340538939887436,0.08498667456322173,0.08646727864968895,-0.02220906129700917,0.11696772283091494,2026H1
688345,2026-01-14,2,bull,none,shrinking_volume_acceleration,current_week,0.060535506402793926,0.03143189755529674,0.08352735739231676,-0.009895227008148932,0.0977881257275901,2026H1
688345,2026-02-03,1,mid,none,shrinking_volume_acceleration,current_week,0.04044016506189818,0.05804676753782667,0.08280605226960103,-0.05502063273727653,0.06960110041265488,2026H1
688345,2026-02-04,2,mid,none,pullback_holds,current_week,0.034741523068371416,0.07531962201222875,0.14813785436353522,-0.04530294608115626,0.08060033351862139,2026H1
688345,2026-02-09,0,bull,none,two_day_acceleration,current_week,0.03844041735310255,0.007688083470620555,0.06287753981328947,-0.0024711696869852418,0.08731466227347617,2026H1
688345,2026-02-10,1,bull,none,two_day_acceleration,current_week,0.01692226335272351,-0.06266525647805388,0.0499735589635113,-0.0653093601269169,0.04706504494976205,2026H1
688345,2026-02-13,4,mid,none,pullback_holds,current_week,0.017910447761193993,-0.025508819538670235,0.27435549525101766,-0.04477611940298498,0.07462686567164178,2026H1
688345,2026-05-07,3,bull,ma_bull,pullback_holds,current_week,0.0606116774791472,-0.007414272474513428,-0.062094531974050016,-0.062094531974050016,0.1607043558850787,2026H1
688345,2026-05-11,0,bull,ma_bull,pullback_holds,current_week,-0.021521335807050068,0.11224489795918369,-0.12430426716140996,-0.061224489795918324,0.16178107606679037,2026H1
688345,2026-05-22,4,mid,ma_bull,shrinking_volume_acceleration,current_week,-0.05585585585585584,-0.1064864864864864,-0.03297297297297297,-0.15171171171171172,0.17981981981981998,2026H1
688345,2026-06-16,1,bull,none,pullback_holds,current_week,0.09441233140655125,0.16377649325626198,-0.06897880539499035,-0.015414258188824581,0.2260115606936417,2026H1
688345,2026-06-17,2,bull,none,pullback_holds,current_week,0.026753975678203812,0.1616463985032741,-0.12086061739943876,-0.03648269410664173,0.24976613657623936,2026H1
300737,2025-08-06,2,bull,ma_bull,pullback_holds,current_week,0.005484460694698434,-0.014625228519195677,-0.09872029250457037,-0.031078610603290646,0.016453382084095303,2025H2
300737,2025-08-07,3,bull,ma_bull,pullback_holds,current_week,-0.0185185185185186,0.012962962962962843,-0.0814814814814816,-0.0185185185185186,0.029629629629629672,2025H2
300737,2025-08-21,3,bull,ma_bull,pullback_holds,current_week,-0.022058823529411797,-0.08823529411764708,-0.06985294117647056,-0.09926470588235292,0.03676470588235281,2025H2
300737,2025-08-25,0,bull,ma_bull,two_day_acceleration,current_week,-0.08228980322003576,-0.09302325581395343,-0.06082289803220031,-0.12343470483005359,0.008944543828264706,2025H2
300737,2025-11-12,2,bull,none,two_day_acceleration,current_week,-0.026666666666666616,-0.015238095238095273,-0.02285714285714291,-0.030476190476190546,0.03809523809523818,2025H2
300737,2025-11-14,4,bull,none,shrinking_volume_acceleration,current_week,-0.01883239171374773,-0.020715630885122516,-0.020715630885122516,-0.04143126177024492,0.026365348399246535,2025H2
300737,2025-12-01,0,mid,none,pullback_holds,current_week,-0.0038610038610037423,0.04247104247104261,0.055984555984555984,-0.036679536679536606,0.05212355212355213,2025H2
300737,2026-01-07,2,bull,ma_bull,shrinking_volume_acceleration,current_week,-0.021543985637342944,0.04129263913824044,0.3554757630161578,-0.044883303411131004,0.044883303411131115,2026H1
300737,2026-01-08,3,bull,ma_bull,two_day_acceleration,current_week,-0.05769230769230771,0.21678321678321688,0.3671328671328673,-0.0699300699300699,0.21678321678321688,2026H1
300737,2026-01-12,0,bull,ma_bull,shrinking_volume_acceleration,current_week,-0.04393673110720564,0.20035149384885753,0.3479789103690685,-0.0650263620386643,0.24428822495606317,2026H1
300737,2026-01-26,0,bull,ma_bull,shrinking_volume_acceleration,current_week,-0.022026431718061734,0.12628487518355347,0.05139500734214386,-0.04405286343612347,0.19970631424375918,2026H1
300737,2026-02-27,4,bull,ma_bull,pullback_holds,current_week,-0.07210884353741498,-0.10884353741496611,-0.1523809523809524,-0.12653061224489803,0.08163265306122436,2026H1
300737,2026-04-09,3,mid,none,pullback_holds,current_week,0.03908794788273595,0.10749185667752426,0.26384364820846895,-0.016286644951140183,0.1400651465798044,2026H1
300737,2026-04-10,4,mid,none,pullback_holds,current_week,0.02254428341384873,0.08212560386473422,0.26409017713365546,-0.027375201288244777,0.1690821256038646,2026H1
300737,2026-04-13,0,mid,none,two_day_acceleration,current_week,-0.006319115323854652,0.056872037914692086,0.24644549763033186,-0.04581358609794628,0.1469194312796207,2026H1
300737,2026-04-16,3,mid,none,shrinking_volume_acceleration,current_week,0.041347626339969246,0.04287901990811638,0.12710566615620222,-0.06584992343032159,0.11179173047473201,2026H1
300737,2026-06-02,1,mid,ma_bull,pullback_holds,current_week,-0.1312997347480106,-0.09814323607427056,-0.07559681697612741,-0.22546419098143233,0.2427055702917773,2026H1
601390,2023-07-03,0,mid,none,two_day_acceleration,current_week,0.010335917312661591,-0.0025839793281654533,0.03746770025839785,-0.03229974160206717,0.021963824289405576,2023H2
601390,2023-07-05,2,mid,none,pullback_holds,current_week,-0.020860495436766602,0.0026075619295959918,0.057366362451108044,-0.02346805736636237,0.022164276401564598,2023H2
601390,2023-07-25,1,mid,none,two_day_acceleration,current_week,0.03041825095057038,0.005069708491761693,-0.011406844106463976,-0.07097591888466415,0.049429657794676674,2023H2
601390,2023-07-27,3,mid,none,pullback_holds,current_week,0.08981233243967846,0.0630026809651476,-0.0857908847184986,-0.017426273458445052,0.10991957104557626,2023H2
601390,2023-07-28,4,bull,none,pullback_holds,current_week,0.05078125,0.00390625,-0.11458333333333337,0.0,0.078125,2023H2
601390,2023-09-04,0,mid,none,two_day_acceleration,current_week,-0.021398002853066922,-0.0442225392296719,-0.11126961483594855,-0.0542082738944365,0.0014265335235379428,2023H2
601390,2023-09-18,0,mid,none,shrinking_volume_acceleration,current_week,0.010463378176382543,-0.06875934230194314,-0.09118086696562033,-0.08071748878923768,0.02690582959641241,2023H2
600626,2025-03-17,0,bull,none,two_day_acceleration,current_week,-0.038363171355498715,-0.06138107416879801,-0.10741687979539638,-0.06905370843989767,0.0639386189258313,2025H1
600626,2025-04-23,2,mid,none,pullback_holds,current_week,-0.11173184357541899,-0.033519553072625774,-0.04189944134078205,-0.12011173184357549,0.013966480446927276,2025H1
600626,2025-04-24,3,mid,none,pullback_holds,current_week,-0.06779661016949146,-0.031073446327683607,-0.016949152542372947,-0.11016949152542377,0.039548022598870025,2025H1
600626,2025-09-02,1,bull,ma_bull,pullback_holds,current_week,0.0,0.047085201793722,0.017937219730941756,-0.051569506726457326,0.08071748878923768,2025H2
600626,2025-11-10,0,bull,ma_bull,pullback_holds,current_week,-0.05029013539651839,-0.12572533849129586,-0.08897485493230173,-0.14119922630560922,0.0,2025H2
600626,2025-12-29,0,bull,none,pullback_holds,current_week,0.08869179600886934,0.1197339246119733,0.11086474501108645,-0.03325942350332578,0.17960088691796017,2025H2
600626,2026-01-06,1,bull,none,shrinking_volume_acceleration,current_week,0.02012072434607659,0.06639839034205242,-0.006036217303822755,-0.026156941649899346,0.09657947686116719,2026H1
600626,2026-02-03,1,mid,ma_bull,shrinking_volume_acceleration,current_week,-0.004048582995951455,0.004048582995951344,-0.07287449392712553,-0.022267206477732837,0.028340080971659853,2026H1
600626,2026-02-24,1,bull,ma_bull,pullback_holds,current_week,-0.0767676767676767,-0.0626262626262627,-0.16565656565656572,-0.16969696969696968,0.02020202020202011,2026H1
600626,2026-02-25,2,bull,ma_bull,pullback_holds,current_week,-0.094758064516129,-0.07661290322580638,-0.15725806451612911,-0.1713709677419354,0.0040322580645162365,2026H1
600626,2026-02-27,4,bull,ma_bull,pullback_holds,current_week,-0.03112033195020758,-0.06846473029045641,-0.1659751037344398,-0.14730290456431538,0.006224066390041472,2026H1
600527,2025-03-12,2,bull,none,pullback_holds,current_week,0.041284403669724634,0.032110091743119185,-0.10550458715596334,-0.02752293577981657,0.09633027522935778,2025H1
600527,2025-04-23,2,mid,none,pullback_holds,current_week,0.0,0.054455445544554504,0.06930693069306937,-0.02970297029702973,0.07920792079207928,2025H1
600527,2025-04-25,4,mid,none,pullback_holds,current_week,0.02970297029702973,0.10396039603960405,0.07425742574257432,-0.02970297029702973,0.13861386138613874,2025H1
600527,2025-05-08,3,bull,none,shrinking_volume_acceleration,current_week,0.09433962264150941,0.023584905660377187,0.023584905660377187,-0.009433962264150941,0.141509433962264,2025H1
600527,2025-06-04,2,bull,none,two_day_acceleration,current_week,-0.036363636363636376,-0.07272727272727275,-0.054545454545454564,-0.07727272727272727,0.009090909090909038,2025H1
600527,2025-06-05,3,bull,none,pullback_holds,current_week,-0.01388888888888895,-0.07870370370370372,-0.02777777777777779,-0.07870370370370372,0.0277777777777779,2025H1
600527,2025-06-09,0,bull,none,pullback_holds,current_week,-0.04166666666666685,-0.06481481481481488,-0.02314814814814825,-0.09259259259259267,0.0277777777777779,2025H1
600527,2025-06-24,1,bull,none,pullback_holds,current_week,0.009756097560975618,0.039024390243902474,0.05365853658536612,-0.009756097560975396,0.039024390243902474,2025H1
600527,2025-06-25,2,bull,none,pullback_holds,current_week,0.009708737864077666,0.029126213592232997,0.04854368932038833,-0.004854368932038944,0.03883495145631066,2025H1
600527,2025-06-26,3,bull,none,pullback_holds,current_week,0.01449275362318847,0.03864734299516903,0.06280193236715004,-0.009661835748792313,0.03864734299516903,2025H1
600527,2025-09-16,1,bull,ma_bull,two_day_acceleration,current_week,-0.021008403361344463,-0.0672268907563024,0.004201680672269115,-0.07563025210084018,0.17647058823529438,2025H2
600527,2025-10-15,2,bull,ma_bull,shrinking_volume_acceleration,current_week,0.004201680672269115,-0.04621848739495793,0.0126050420168069,-0.06302521008403361,0.0126050420168069,2025H2
600527,2025-11-03,0,bull,ma_bull,pullback_holds,current_week,0.030303030303030276,0.06493506493506485,-0.017316017316017285,-0.017316017316017285,0.07359307359307365,2025H2
600527,2025-11-04,1,bull,ma_bull,pullback_holds,current_week,0.05676855895196509,0.04366812227074246,-0.004366812227074135,-0.004366812227074135,0.08296943231441056,2025H2
600527,2025-11-06,3,bull,ma_bull,pullback_holds,current_week,0.051724137931034475,0.004310344827586299,-0.051724137931034364,-0.012931034482758563,0.06896551724137945,2025H2
600527,2025-11-07,4,bull,ma_bull,pullback_holds,current_week,0.06060606060606055,-0.06493506493506485,-0.021645021645021578,-0.06493506493506485,0.07359307359307365,2025H2
600527,2025-11-13,3,bull,ma_bull,shrinking_volume_acceleration,current_week,-0.04115226337448563,-0.09053497942386834,-0.11934156378600824,-0.11522633744855981,0.020576131687242816,2025H2
600527,2025-12-01,0,mid,ma_bull,pullback_holds,current_week,-0.004405286343612258,-0.052863436123348095,-0.03083700440528625,-0.07048458149779746,0.008810572687224738,2025H2
600527,2025-12-19,4,mid,none,pullback_holds,current_week,0.0,0.0185185185185186,0.05092592592592582,-0.01851851851851849,0.06018518518518512,2025H2
600527,2026-01-07,2,bull,none,pullback_holds,current_week,0.02314814814814814,0.04166666666666652,0.06018518518518512,-0.004629629629629761,0.05555555555555558,2026H1
600527,2026-01-08,3,bull,none,pullback_holds,current_week,0.0,0.06451612903225823,0.04608294930875578,-0.004608294930875445,0.06451612903225823,2026H1
600527,2026-01-09,4,bull,none,pullback_holds,current_week,0.013761467889908063,0.05504587155963314,0.04587155963302747,-0.00917431192660556,0.059633027522935755,2026H1
600527,2026-01-12,0,bull,none,pullback_holds,current_week,0.027272727272727337,0.050000000000000044,0.050000000000000044,-0.018181818181818188,0.05454545454545445,2026H1
600527,2026-01-13,1,bull,none,pullback_holds,current_week,0.031818181818181746,0.036363636363636376,0.045454545454545414,-0.018181818181818188,0.05909090909090908,2026H1
600527,2026-01-14,2,bull,none,shrinking_volume_acceleration,current_week,0.022727272727272707,0.040909090909090784,0.07272727272727253,-0.018181818181818188,0.05909090909090908,2026H1
600527,2026-01-19,0,bull,none,shrinking_volume_acceleration,current_week,0.026666666666666616,-0.03111111111111109,0.022222222222222365,-0.03111111111111109,0.03555555555555556,2026H1
600527,2026-02-09,0,bull,macd_cross,two_day_acceleration,current_week,-0.004329004329004182,-0.017316017316017285,0.1601731601731602,-0.03896103896103886,0.03896103896103886,2026H1
600527,2026-02-27,4,bull,macd_cross,shrinking_volume_acceleration,current_week,0.025974025974025983,0.12554112554112562,0.1341991341991342,-0.04761904761904756,0.16883116883116878,2026H1
600527,2026-04-10,4,mid,ma_bull,pullback_holds,current_week,0.04669260700389111,0.07003891050583655,0.17898832684824928,-0.04280155642023342,0.1439688715953309,2026H1
600527,2026-04-29,2,bull,ma_bull,two_day_acceleration,current_week,0.09059233449477344,0.0,-0.09407665505226481,-0.03135888501742157,0.2195121951219512,2026H1
600527,2026-08-06,3,mid,none,shrinking_volume_acceleration,current_week,0.004566210045662267,-0.0273972602739726,0.027397260273972712,-0.045662100456621,0.022831050228310668,2026H2
600527,2026-08-07,4,mid,none,pullback_holds,current_week,0.0092592592592593,-0.004629629629629761,0.04629629629629628,-0.03240740740740755,0.03703703703703698,2026H2
600527,2026-08-11,1,mid,none,pullback_holds,current_week,0.0,0.032258064516129226,0.07373271889400934,-0.03686635944700467,0.03686635944700467,2026H2
600527,2026-08-13,3,mid,none,pullback_holds,current_week,-0.03619909502262442,0.02714932126696845,0.02714932126696845,-0.05429864253393668,0.040723981900452566,2026H2
600728,2025-05-26,0,bull,macd_stabilizing,pullback_holds,current_week,0.011385199240986577,0.009487666034155628,0.013282732447817747,-0.015180265654648917,0.03605313092979112,2025H1
600728,2025-05-30,4,mid,macd_stabilizing,pullback_holds,current_week,0.030476190476190546,0.005714285714285783,0.03809523809523818,-0.015238095238095273,0.040000000000000036,2025H1
600728,2025-06-03,1,bull,none,pullback_holds,current_week,-0.0037453183520598232,-0.011235955056179692,0.013108614232209881,-0.03183520599250933,0.022471910112359605,2025H1
600728,2025-06-04,2,bull,none,pullback_holds,current_week,-0.0037453183520598232,-0.016853932584269593,0.005617977528090012,-0.03183520599250933,0.022471910112359605,2025H1
600728,2025-06-05,3,bull,none,pullback_holds,current_week,-0.023897058823529438,-0.04779411764705899,-0.009191176470588314,-0.0533088235294118,0.003676470588235281,2025H1
600728,2025-06-06,4,bull,none,pullback_holds,current_week,-0.03525046382189234,-0.05565862708719849,0.0,-0.05751391465677169,0.011131725417439897,2025H1
600728,2025-06-09,0,bull,none,pullback_holds,current_week,-0.02402957486136781,-0.0406654343807763,0.009242144177449063,-0.07024029574861368,0.003696857670979492,2025H1
600728,2025-06-23,0,bull,none,pullback_holds,current_week,0.042065009560229294,0.043977055449330615,0.09369024856596542,-0.0019120458891014325,0.0497131931166348,2025H1
600728,2025-06-24,1,bull,macd_stabilizing,two_day_acceleration,current_week,0.013108614232209881,0.035580524344569264,0.05805243445692887,-0.009363295880149725,0.03745318352059934,2025H1
600728,2025-06-30,0,bull,none,shrinking_volume_acceleration,current_week,-0.001828153564899404,0.029250457038391353,0.054844606946983676,-0.025594149908592212,0.040219378427788,2025H1
600728,2025-07-07,0,bull,macd_cross,pullback_holds,current_week,0.03492647058823528,0.051470588235293935,0.07169117647058809,-0.0018382352941177516,0.06617647058823528,2025H2
600728,2025-07-09,2,bull,macd_cross,two_day_acceleration,current_week,0.0035714285714285587,-0.0017857142857143904,0.05714285714285694,-0.017857142857142905,0.03571428571428559,2025H2
600728,2025-07-11,4,bull,macd_cross,shrinking_volume_acceleration,current_week,0.014109347442680775,0.015873015873015817,0.014109347442680775,-0.029982363315696592,0.022927689594356204,2025H2
600728,2025-07-18,4,bull,ma_bull,two_day_acceleration,current_week,0.010526315789473717,0.01403508771929829,0.02280701754385972,-0.024561403508771895,0.04561403508771922,2025H2
600728,2025-07-25,4,bull,ma_bull,two_day_acceleration,current_week,-0.021996615905245376,-0.027072758037225086,0.1539763113367174,-0.04399323181049064,0.008460236886632888,2025H2
600728,2025-08-15,4,bull,ma_bull,pullback_holds,current_week,0.15986394557823136,0.20748299319727903,0.19217687074829937,0.0,0.45408163265306145,2025H2
600728,2025-08-20,2,bull,ma_bull,shrinking_volume_acceleration,current_week,0.31006493506493515,0.10227272727272729,0.12175324675324672,-0.004870129870129913,0.3879870129870131,2025H2
600728,2025-08-21,3,bull,ma_bull,two_day_acceleration,current_week,0.08797653958944274,-0.027859237536656978,0.02639296187683282,-0.04985337243401755,0.2536656891495601,2025H2
600728,2025-09-19,4,mid,ma_bull,pullback_holds,current_week,-0.024556616643929052,-0.06139154160982263,-0.08321964529331516,-0.08594815825375168,0.045020463847203374,2025H2
600728,2025-10-31,4,bull,none,pullback_holds,current_week,-0.02919708029197088,-0.05401459854014601,-0.04963503649635048,-0.05547445255474459,0.020437956204379493,2025H2
600728,2025-11-03,0,bull,none,shrinking_volume_acceleration,current_week,-0.04297994269340988,-0.06017191977077363,-0.06876790830945567,-0.07306590257879664,0.0,2025H2
600728,2025-11-17,0,mid,none,pullback_holds,current_week,-0.022900763358778553,-0.007633587786259555,-0.05343511450381677,-0.056488549618320616,0.010687022900763399,2025H2
600728,2025-11-18,1,mid,none,pullback_holds,current_week,-0.016717325227963542,-0.024316109422492405,-0.06079027355623101,-0.06079027355623101,0.003039513677811634,2025H2
600728,2025-12-08,0,bull,none,pullback_holds,current_week,-0.020537124802527673,0.011058451816745807,0.04581358609794628,-0.041074249605055235,0.03791469194312791,2025H2
600728,2025-12-22,0,bull,none,two_day_acceleration,current_week,0.007874015748031482,0.04251968503937009,0.07244094488188968,-0.020472440944881987,0.10866141732283463,2025H2
600728,2025-12-23,1,bull,none,pullback_holds,current_week,0.07692307692307687,0.07852564102564097,0.10096153846153855,-0.0032051282051283048,0.1282051282051282,2025H2
600728,2025-12-24,2,bull,none,pullback_holds,current_week,0.05362776025236582,0.1277602523659307,0.13880126182965302,-0.006309148264984188,0.14668769716088348,2025H2
600728,2025-12-25,3,bull,none,two_day_acceleration,current_week,0.045031055900621064,0.1366459627329193,0.11645962732919246,-0.009316770186335477,0.1428571428571428,2025H2
600728,2026-01-05,0,bull,none,shrinking_volume_acceleration,current_week,0.094170403587444,0.038863976083707064,0.001494768310911887,-0.013452914798206206,0.1225710014947683,2026H1
600728,2026-01-06,1,bull,none,shrinking_volume_acceleration,current_week,0.041420118343195256,0.01183431952662728,0.019230769230769384,-0.023668639053254337,0.11094674556213024,2026H1
600728,2026-01-08,3,bull,none,shrinking_volume_acceleration,current_week,0.059259259259259345,0.017777777777777892,-0.011851851851851891,-0.001481481481481417,0.11259259259259258,2026H1
600728,2026-02-10,1,bull,ma_bull,pullback_holds,current_week,-0.017467248908296984,-0.10480349344978157,-0.09606986899563319,-0.10771470160116448,0.026200873362445476,2026H1
600728,2026-02-11,2,bull,ma_bull,pullback_holds,current_week,-0.01741654571843254,-0.07837445573294632,-0.11465892597968064,-0.11030478955007261,0.013062409288824295,2026H1
600728,2026-02-12,3,bull,ma_bull,pullback_holds,current_week,0.0014492753623187582,-0.07971014492753625,-0.14492753623188404,-0.11159420289855082,0.011594202898550732,2026H1
600728,2026-02-13,4,mid,ma_bull,pullback_holds,current_week,-0.04505813953488369,-0.07122093023255804,-0.1991279069767442,-0.10901162790697672,0.014534883720930258,2026H1
600728,2026-02-27,4,bull,ma_bull,two_day_acceleration,current_week,-0.06617647058823517,-0.08382352941176463,-0.17352941176470582,-0.09852941176470587,0.0014705882352941124,2026H1
600728,2026-03-09,0,mid,none,two_day_acceleration,current_week,-0.035493827160493874,-0.14969135802469147,-0.14969135802469147,-0.15740740740740744,0.026234567901234573,2026H1
600728,2026-03-10,1,bull,none,pullback_holds,current_week,-0.04658385093167694,-0.12732919254658392,-0.10248447204968947,-0.15217391304347827,0.004658385093167627,2026H1
301500,2025-06-10,1,bull,none,two_day_acceleration,current_week,-0.011825922421948909,-0.008514664143803197,0.07190160832544934,-0.05581835383159883,0.061967833491012314,2025H1
301500,2026-05-11,0,bull,ma_bull,shrinking_volume_acceleration,current_week,-0.10469198850941597,-0.15799553143951495,-0.2393871688477498,-0.1653367379508458,0.04053622725821904,2026H1
301500,2026-08-18,1,bull,none,pullback_holds,current_week,-0.05553200508690115,0.11403136922424761,0.08774904620601953,-0.07079270877490451,0.15218312844425608,2026H2
301500,2026-09-03,3,mid,none,shrinking_volume_acceleration,current_week,-0.030456852791878042,,,-0.08902772354548993,0.05154236626317843,2026H2
002474,2023-03-22,2,mid,none,two_day_acceleration,current_week,0.02020202020202011,0.0785634118967451,0.03479236812570141,-0.015712682379349086,0.1582491582491583,2023H1
002474,2023-03-23,3,bull,none,pullback_holds,current_week,-0.01991150442477896,0.07300884955752207,0.005530973451327359,-0.02986725663716827,0.1415929203539823,2023H1
002474,2023-03-24,4,mid,none,two_day_acceleration,current_week,0.02401746724890841,0.025109170305676942,-0.005458515283842891,-0.042576419213973815,0.1266375545851528,2023H1
002474,2023-04-07,4,bull,none,shrinking_volume_acceleration,current_week,-0.011247443762781084,-0.07055214723926373,-0.2004089979550101,-0.09918200408997946,0.010224948875255713,2023H1
002474,2023-06-19,0,mid,none,pullback_holds,current_week,-0.11750305997552024,-0.1089351285189718,0.030599755201958345,-0.1456548347613219,0.0,2023H1
002474,2025-05-19,0,bull,none,pullback_holds,current_week,-0.009132420091324311,-0.007610350076103445,0.06849315068493156,-0.03805175038051756,0.03348554033485529,2025H1
002474,2025-05-20,1,bull,none,two_day_acceleration,current_week,-0.03555555555555556,-0.013333333333333308,0.0503703703703704,-0.0637037037037037,0.03111111111111109,2025H1
002474,2025-05-21,2,bull,none,pullback_holds,current_week,-0.027272727272727337,0.034848484848484684,0.033333333333333215,-0.042424242424242475,0.05454545454545445,2025H1
002474,2025-05-30,4,mid,none,pullback_holds,current_week,0.07264296754250399,0.07418856259659967,0.09582689335394123,0.0,0.09737248840803714,2025H1
002474,2025-06-04,2,bull,none,two_day_acceleration,current_week,0.016491754122938573,0.06296851574212892,0.040479760119940034,-0.008995502248875464,0.07046476761619203,2025H1
002474,2025-06-05,3,bull,none,shrinking_volume_acceleration,current_week,-0.001477104874446189,0.007385524372230501,0.02954209748892156,-0.02363367799113736,0.05465288035450522,2025H1
002474,2025-06-26,3,bull,macd_stabilizing,two_day_acceleration,current_week,-0.0196905766526021,0.011251758087201136,-0.01406469760900153,-0.03375527426160341,0.04078762306610417,2025H1
002474,2025-07-08,1,bull,macd_cross,two_day_acceleration,current_week,-0.026170798898071612,-0.031680440771349794,-0.026170798898071612,-0.04820936639118456,0.019283746556473913,2025H2
002474,2025-07-09,2,bull,macd_cross,two_day_acceleration,current_week,-0.022222222222222254,-0.03194444444444455,-0.002777777777777879,-0.040277777777777746,0.02083333333333348,2025H2
002474,2025-07-21,0,bull,ma_bull,pullback_holds,current_week,-0.008438818565400963,-0.00984528832630105,0.005625879043600568,-0.035161744022503494,0.007032348804500765,2025H2
002474,2025-08-04,0,bull,ma_bull,pullback_holds,current_week,0.01276595744680864,0.014184397163120588,0.017021276595744705,-0.019858156028368712,0.03262411347517746,2025H2
002474,2025-08-05,1,bull,ma_bull,pullback_holds,current_week,0.0014144271570013522,0.016973125884016893,0.0014144271570013522,-0.022630834512022635,0.02970297029702973,2025H2
002474,2025-08-06,2,bull,ma_bull,two_day_acceleration,current_week,-0.013947001394700065,0.013947001394700287,-0.04463040446304034,-0.036262203626220346,0.015341701534170138,2025H2
002474,2025-08-08,4,bull,ma_bull,pullback_holds,current_week,-0.0014224751066855834,0.04267425320056906,-0.028449502133712667,-0.017069701280227556,0.05263157894736836,2025H2
002474,2025-08-11,0,bull,ma_bull,shrinking_volume_acceleration,current_week,0.0014005602240896309,0.023809523809523725,-0.040616246498599407,-0.03221288515406173,0.0364145658263304,2025H2
002474,2025-08-18,0,bull,ma_bull,pullback_holds,current_week,0.02237762237762242,0.002797202797202747,-0.05734265734265731,-0.03356643356643363,0.05454545454545445,2025H2
002474,2025-08-20,2,bull,ma_bull,two_day_acceleration,current_week,-0.020604395604395642,-0.05906593406593408,-0.05769230769230771,-0.06456043956043955,0.03571428571428559,2025H2
002474,2025-08-22,4,bull,ma_bull,shrinking_volume_acceleration,current_week,-0.04341926729986434,-0.07327001356852103,-0.10990502035278149,-0.10040705563093621,0.023066485753052923,2025H2
002474,2025-09-01,0,bull,ma_bull,pullback_holds,current_week,-0.05124653739612173,-0.06648199445983372,-0.08448753462603875,-0.08310249307479223,0.03185595567867039,2025H2
002474,2025-09-25,3,bull,none,pullback_holds,current_week,0.003007518796992459,0.1428571428571428,0.2616541353383459,-0.025563909774436122,0.21353383458646613,2025H2
002474,2025-10-09,3,bull,none,pullback_holds,current_week,0.13905325443786998,0.16568047337278102,0.20857988165680474,-0.017751479289940697,0.19378698224852076,2025H2
002474,2026-01-07,2,bull,ma_bull,pullback_holds,current_week,0.06606606606606613,-0.04404404404404394,-0.10510510510510518,-0.048048048048048075,0.13113113113113117,2026H1
002474,2026-01-14,2,bull,none,shrinking_volume_acceleration,current_week,-0.10244360902255634,-0.1607142857142858,-0.14191729323308266,-0.1729323308270676,0.02443609022556381,2026H1
002474,2026-02-09,0,bull,none,shrinking_volume_acceleration,current_week,-0.03076923076923066,-0.11318681318681312,-0.1186813186813187,-0.11538461538461531,0.03846153846153855,2026H1
002474,2026-03-09,0,mid,none,two_day_acceleration,current_week,-0.06264236902050102,-0.15489749430523914,-0.1526195899772208,-0.16400911161731202,0.017084282460136713,2026H1
002474,2026-03-11,2,bull,none,pullback_holds,current_week,-0.028235294117647136,-0.0776470588235294,-0.10352941176470587,-0.13647058823529412,0.021176470588235352,2026H1
002474,2026-03-16,0,mid,none,shrinking_volume_acceleration,current_week,-0.09842041312272176,-0.049817739975698716,-0.06682867557715688,-0.10814094775212646,0.010935601458080146,2026H1
002474,2026-04-10,4,mid,none,pullback_holds,current_week,-0.019607843137254943,-0.07843137254901966,0.07450980392156858,-0.10849673202614385,0.036601307189542576,2026H1
002474,2026-04-14,1,mid,none,pullback_holds,current_week,-0.051813471502590636,-0.05829015544041438,0.06606217616580312,-0.11658031088082899,0.0038860103626943143,2026H1
002474,2026-04-27,0,bull,none,shrinking_volume_acceleration,current_week,0.032697547683923744,0.0681198910081744,-0.05177111716621252,-0.023160762942779245,0.16485013623978206,2026H1
002474,2026-04-29,2,bull,none,pullback_holds,current_week,0.12347354138398914,0.10447761194029859,-0.013568521031207537,-0.006784260515603768,0.16010854816824982,2026H1
002474,2026-04-30,3,bull,none,pullback_holds,current_week,0.08760107816711593,0.1482479784366577,-0.052560646900269514,-0.0026954177897573484,0.15229110512129385,2026H1
300172,2023-11-06,0,mid,none,two_day_acceleration,current_week,-0.02463054187192104,-0.011494252873563093,-0.06239737274220036,-0.054187192118226646,0.016420361247947435,2023H2
300172,2023-11-07,1,mid,none,pullback_holds,current_week,-0.037156704361874016,-0.037156704361874016,-0.10016155088852985,-0.06946688206785145,0.0,2023H2
300172,2023-12-28,3,mid,none,pullback_holds,current_week,0.09774436090225547,0.06954887218045114,0.043233082706766846,-0.052631578947368474,0.18984962406015038,2023H2
300172,2023-12-29,4,mid,none,pullback_holds,current_week,-0.0018115942028986698,0.048913043478260754,-0.01630434782608714,-0.08695652173913049,0.14673913043478248,2023H2
300172,2024-01-26,4,mid,none,pullback_holds,current_week,-0.20357142857142863,-0.18392857142857144,-0.14464285714285718,-0.31785714285714284,0.03214285714285703,2024H1
300172,2025-07-21,0,bull,ma_bull,two_day_acceleration,current_week,-0.017605633802816878,-0.008802816901408383,-0.010563380281690127,-0.0369718309859155,0.02464788732394374,2025H2
300172,2025-07-22,1,bull,ma_bull,pullback_holds,current_week,-0.021201413427561877,-0.0035335689045937757,0.0017667844522968323,-0.03356890459363959,0.028268551236749095,2025H2
300172,2025-07-23,2,bull,ma_bull,pullback_holds,current_week,0.0035087719298245723,-0.015789473684210464,-0.0017543859649122862,-0.04035087719298258,0.00877192982456143,2025H2
300172,2025-07-24,3,bull,ma_bull,pullback_holds,current_week,-0.03333333333333344,-0.01754385964912275,0.0052631578947368585,-0.04035087719298258,0.00877192982456143,2025H2
300172,2025-07-25,4,bull,ma_bull,pullback_holds,current_week,-0.012477718360071388,0.012477718360071277,0.017825311942959,-0.024955436720142665,0.024955436720142554,2025H2
300172,2025-08-04,0,bull,ma_bull,pullback_holds,current_week,0.02304964539007104,-0.0035460992907800915,-0.03014184397163122,-0.023049645390070927,0.028368794326241176,2025H2
300172,2025-08-05,1,bull,ma_bull,pullback_holds,current_week,0.00886524822695045,0.005319148936170359,-0.04078014184397161,-0.023049645390070927,0.028368794326241176,2025H2
300172,2025-08-06,2,bull,ma_bull,pullback_holds,current_week,0.010714285714285676,0.016071428571428514,-0.06250000000000011,-0.016071428571428736,0.03571428571428559,2025H2
300172,2025-08-11,0,bull,ma_bull,two_day_acceleration,current_week,-0.022608695652173938,-0.00521739130434784,-0.05739130434782613,-0.04173913043478261,0.00521739130434784,2025H2
300172,2025-08-21,3,bull,ma_bull,two_day_acceleration,current_week,-0.036713286713286664,-0.07342657342657344,-0.0699300699300699,-0.0874125874125874,0.019230769230769384,2025H2
300172,2025-08-22,4,bull,ma_bull,pullback_holds,current_week,-0.05069930069930073,-0.06118881118881114,-0.0751748251748251,-0.0874125874125874,0.019230769230769384,2025H2
300172,2025-11-04,1,bull,macd_cross,shrinking_volume_acceleration,current_week,0.03546099290780136,0.02304964539007104,0.04078014184397172,-0.005319148936170137,0.04609929078014208,2025H2
300172,2025-11-17,0,mid,none,two_day_acceleration,current_week,0.0,-0.027118644067796627,-0.0016949152542373724,-0.05084745762711862,0.13898305084745743,2025H2
300172,2026-01-05,0,bull,none,shrinking_volume_acceleration,current_week,0.04166666666666652,0.059782608695652106,0.03623188405797095,-0.0036231884057972286,0.06340579710144922,2026H1
300172,2026-01-06,1,bull,none,pullback_holds,current_week,0.03237410071942448,0.04856115107913661,0.050359712230215736,-0.010791366906474864,0.05755395683453224,2026H1
300172,2026-01-07,2,bull,none,pullback_holds,current_week,0.03616636528028927,0.05786618444846292,0.06509945750452073,-0.005424954792043413,0.06329113924050622,2026H1
300172,2026-01-08,3,bull,macd_stabilizing,pullback_holds,current_week,0.02131438721136769,0.04973357015985802,0.02486678507992912,-0.005328596802841812,0.05328596802841923,2026H1
300172,2026-01-12,0,bull,none,two_day_acceleration,current_week,0.015625000000000222,0.02430555555555558,0.015625000000000222,-0.02083333333333337,0.03645833333333326,2026H1
300172,2026-01-15,3,bull,none,shrinking_volume_acceleration,current_week,0.018965517241379404,-0.006896551724137945,-0.006896551724137945,-0.01724137931034475,0.02931034482758621,2026H1
300172,2026-01-21,2,bull,macd_cross,shrinking_volume_acceleration,current_week,-0.011965811965812034,0.006837606837606591,0.05641025641025621,-0.02393162393162407,0.02051282051282044,2026H1
300172,2026-02-04,2,mid,ma_bull,pullback_holds,current_week,-0.00340136054421758,0.05102040816326525,0.04761904761904767,-0.03741496598639449,0.08503401360544216,2026H1
300172,2026-04-20,0,bull,none,pullback_holds,current_week,-0.00925925925925919,-0.005555555555555647,-0.08703703703703713,-0.03703703703703709,0.01851851851851838,2026H1
300172,2026-04-21,1,bull,none,pullback_holds,current_week,-0.0018621973929235924,0.01862197392923637,-0.059590316573556845,-0.03165735567970207,0.022346368715083775,2026H1
300172,2026-04-22,2,bull,none,pullback_holds,current_week,0.005586592178770999,0.022346368715083775,-0.06703910614525144,-0.03165735567970207,0.022346368715083775,2026H1
300172,2026-04-23,3,bull,none,pullback_holds,current_week,0.022598870056496967,0.020715630885122405,-0.08097928436911495,-0.020715630885122516,0.03389830508474567,2026H1
300172,2026-04-24,4,bull,none,pullback_holds,current_week,0.016853932584269593,0.03370786516853941,-0.101123595505618,-0.02621722846441943,0.04119850187265928,2026H1
300172,2026-04-29,2,bull,none,pullback_holds,current_week,0.016666666666666607,-0.03333333333333344,-0.08703703703703713,-0.04629629629629628,0.029629629629629672,2026H1
300354,2023-03-13,0,mid,ma_bull,shrinking_volume_acceleration,current_week,-0.061894736842105225,-0.04294736842105262,-0.06000000000000005,-0.09305263157894739,0.0052631578947368585,2023H1
300354,2023-04-06,3,bull,none,shrinking_volume_acceleration,current_week,-0.021943573667711713,0.041871921182266014,-0.11822660098522164,-0.025302283922973623,0.09941782355575457,2023H1
300354,2023-04-17,0,bull,none,two_day_acceleration,current_week,-0.050652510506525084,-0.10639239106392395,-0.051094890510948954,-0.11944260119442596,0.08604291086042903,2023H1
300354,2023-04-21,4,mid,none,pullback_holds,current_week,-0.07423000221582099,-0.11345003323731451,-0.007976955461998614,-0.13117660093064487,0.03190782184799468,2023H1
300354,2023-05-11,3,mid,none,two_day_acceleration,current_week,0.04379562043795615,0.0888077858880778,0.027980535279805263,-0.03892944038929447,0.1046228710462287,2023H1
300354,2023-05-15,0,mid,none,pullback_holds,current_week,0.12744606121424984,0.13070747616658296,0.028600100351229285,-0.009031610637230347,0.15905669844455605,2023H1
300354,2023-08-02,2,bull,none,two_day_acceleration,current_week,-0.021352313167259718,-0.0669039145907473,-0.06998813760379585,-0.0669039145907473,0.008303677342823335,2023H2
300354,2023-08-04,4,bull,none,pullback_holds,current_week,-0.04873432694582447,-0.038088478826590944,-0.037851904423941374,-0.08019872249822568,0.0054412112609414365,2023H2
300354,2024-02-22,3,bull,macd_stabilizing,shrinking_volume_acceleration,current_week,0.0035188036067737016,0.05124257752364203,0.008137233340664185,-0.09038926764899935,0.14361117220145148,2024H1
300354,2024-02-23,4,bull,macd_stabilizing,two_day_acceleration,current_week,-0.06598360655737712,0.010450819672131129,-0.08401639344262302,-0.15245901639344273,0.06557377049180313,2024H1
300354,2024-03-06,2,bull,macd_cross,shrinking_volume_acceleration,current_week,-0.022736259391063607,-0.09351522340846175,-0.17062079873467761,-0.136812969553183,0.017991300909450558,2024H1
300354,2024-03-08,4,bull,macd_cross,shrinking_volume_acceleration,current_week,0.03176229508196715,-0.08401639344262302,-0.15532786885245908,-0.10532786885245904,0.055122950819672,2024H1
300354,2024-03-15,4,bull,ma_bull,shrinking_volume_acceleration,current_week,-0.12163489880133616,-0.09432108469247391,-0.2281391235999214,-0.18058557673413245,0.0,2024H1
300354,2025-07-22,1,bull,none,two_day_acceleration,current_week,-0.042765502494654384,-0.04133998574483255,0.03349964362081237,-0.07792824899025896,0.03349964362081237,2025H2
300354,2025-08-06,2,bull,none,two_day_acceleration,current_week,-0.012777242044358705,0.044599807135969005,-0.002892960462873795,-0.04074252651880439,0.0713596914175505,2025H2
300354,2025-08-22,4,bull,none,shrinking_volume_acceleration,current_week,-0.010681818181818126,-0.040909090909090895,0.0475000000000001,-0.08636363636363631,0.12454545454545474,2025H2
300354,2025-08-25,0,bull,ma_bull,two_day_acceleration,current_week,-0.02160216021602146,-0.022727272727272707,0.06885688568856896,-0.09540954095409526,0.11341134113411355,2025H2
300354,2025-09-19,4,mid,ma_bull,shrinking_volume_acceleration,current_week,0.05425531914893633,0.010212765957446912,0.04212765957446818,-0.06723404255319143,0.1957446808510639,2025H2
300354,2025-09-22,0,mid,ma_bull,two_day_acceleration,current_week,0.03998307594668926,-0.045694943939073474,0.027924687962767036,-0.07256187856991747,0.188914745081447,2025H2
300354,2025-09-25,3,bull,ma_bull,two_day_acceleration,current_week,-0.08021180623651702,-0.11100215728574236,0.05883506569915675,-0.14022357324965673,0.01784663659541086,2025H2
300354,2025-10-29,2,bull,ma_bull,shrinking_volume_acceleration,current_week,0.07863562091503273,-0.01756535947712412,-0.13827614379084974,-0.023692810457516256,0.14583333333333326,2025H2
300354,2025-10-30,3,bull,ma_bull,two_day_acceleration,current_week,0.07620591811917299,-0.02715849209566279,-0.13842723956222147,-0.043169841913255014,0.1370085123631941,2025H2
300354,2025-12-30,1,bull,none,two_day_acceleration,current_week,0.043785935426802425,0.020787262273330498,-0.0548429898275099,-0.011499336576735852,0.10725342768686419,2025H2
300354,2026-02-11,2,bull,none,two_day_acceleration,current_week,-0.008092485549133,-0.10104046242774556,-0.12809248554913288,-0.1084393063583815,0.03005780346820819,2026H1
300354,2026-02-12,3,bull,none,pullback_holds,current_week,-0.025229357798165153,-0.08876146788990824,-0.1651376146788991,-0.11559633027522931,0.02178899082568808,2026H1
300354,2026-02-13,4,mid,none,pullback_holds,current_week,-0.05513051305130501,-0.12578757875787572,-0.23244824482448245,-0.1473897389738973,0.0024752475247526995,2026H1
300872,2024-12-20,4,bull,none,two_day_acceleration,current_week,0.005694760820045719,-0.20102505694760808,-0.16230068337129833,-0.20842824601366738,0.05523917995444205,2024H2
300872,2025-01-24,4,mid,none,shrinking_volume_acceleration,current_week,0.058785942492012744,0.17763578274760383,0.14696485623003186,-0.04664536741214065,0.2063897763578273,2025H1
300872,2025-02-07,4,mid,none,two_day_acceleration,current_week,0.10368098159509209,0.1687116564417177,0.1558282208588957,-0.007361963190184118,0.18588957055214728,2025H1
300872,2025-04-21,0,mid,none,two_day_acceleration,current_week,-0.030519480519480613,0.02012987012987022,-0.04155844155844157,-0.06493506493506496,0.09610389610389602,2025H1
300872,2025-04-25,4,mid,none,pullback_holds,current_week,0.02650762094102066,0.04705102717031151,0.028495692511597115,-0.045725646123260355,0.0689198144466534,2025H1
300872,2025-05-06,1,mid,none,two_day_acceleration,current_week,-0.02651515151515149,-0.04292929292929293,0.3308080808080809,-0.06691919191919182,0.018308080808080662,2025H1
300872,2025-05-07,2,bull,none,pullback_holds,current_week,0.024643320363164856,-0.03372243839169908,0.3625162127107653,-0.04150453955901423,0.04150453955901412,2025H1
300872,2025-05-08,3,bull,none,shrinking_volume_acceleration,current_week,-0.03130990415335466,-0.056869009584664565,0.32907348242811496,-0.06070287539936092,0.02619808306709248,2025H1
300872,2025-05-09,4,bull,none,pullback_holds,current_week,-0.03495145631067964,-0.06601941747572826,0.39158576051779925,-0.06666666666666676,0.039482200647249055,2025H1
300872,2025-05-12,0,bull,none,shrinking_volume_acceleration,current_week,-0.03939008894536211,-0.06925031766200762,0.2846251588310038,-0.08703939008894535,0.020330368487928796,2025H1
300872,2025-06-09,0,bull,none,shrinking_volume_acceleration,current_week,0.08000000000000007,0.06571428571428561,0.12428571428571433,-0.10476190476190472,0.15809523809523807,2025H1
300872,2025-08-11,0,bull,ma_bull,two_day_acceleration,current_week,0.05765407554671964,0.07872763419483086,-0.0461232604373758,-0.016699801192842978,0.19999999999999996,2025H2
300872,2025-08-13,2,bull,ma_bull,two_day_acceleration,current_week,-0.037735849056603765,-0.0041509433962263476,-0.10754716981132062,-0.06679245283018864,0.13886792452830177,2025H2
300872,2025-08-18,0,bull,ma_bull,shrinking_volume_acceleration,current_week,0.024546827794561965,0.05173716012084606,-0.08194864048338357,-0.06608761329305135,0.13972809667673713,2025H2
300872,2025-08-25,0,bull,ma_bull,shrinking_volume_acceleration,current_week,0.031099592743428328,-0.11181044057756384,-0.10514624213254353,-0.13735653461680863,0.07182524990744166,2025H2
300872,2025-08-26,1,bull,ma_bull,two_day_acceleration,current_week,-0.0555152394775037,-0.1498548621190131,-0.15166908563134984,-0.15457184325108853,0.05043541364296078,2025H2
300872,2025-10-13,0,bull,none,shrinking_volume_acceleration,current_week,0.00044642857142851433,0.009821428571428426,-0.05714285714285716,-0.046875,0.028124999999999956,2025H2
300872,2025-10-15,2,bull,none,pullback_holds,current_week,-0.034070796460176966,0.003539823008849474,-0.09867256637168142,-0.05530973451327437,0.014601769911504414,2025H2
300872,2025-10-16,3,bull,none,pullback_holds,current_week,-0.0178332590280873,-0.02452073116362019,-0.08916629514043695,-0.048149799375835856,0.0164957646009809,2025H2
300872,2025-10-21,1,bull,none,pullback_holds,current_week,0.018132366273798883,-0.010879419764279197,-0.07116953762465983,-0.03218495013599265,0.03354487760652769,2025H2
300872,2025-10-24,4,bull,none,pullback_holds,current_week,-0.015555555555555434,-0.07111111111111101,-0.14533333333333331,-0.07111111111111101,0.01333333333333342,2025H2
300872,2025-10-27,0,bull,none,pullback_holds,current_week,-0.01827909050378962,-0.05840392331698607,-0.10432456531431122,-0.06821221578243408,0.0164957646009809,2025H2
300872,2025-10-29,2,bull,none,two_day_acceleration,current_week,-0.03873552983081041,-0.09305431878895809,-0.1130899376669634,-0.09661620658949255,0.0008904719501334757,2025H2
300872,2025-12-01,0,mid,none,pullback_holds,current_week,-0.03481331987891023,-0.034308779011099855,0.03329969727547932,-0.0751765893037335,0.006054490413723634,2025H2
300872,2025-12-19,4,mid,none,pullback_holds,current_week,0.03711447987454264,0.07841087297438576,0.0543648719289076,-0.01463669628855191,0.09566126502875072,2025H2
300872,2025-12-25,3,bull,none,two_day_acceleration,current_week,0.024242424242424176,0.11111111111111116,0.012121212121211977,-0.005050505050505083,0.11161616161616172,2025H2
300872,2025-12-29,0,bull,none,two_day_acceleration,current_week,-0.018057589067838054,0.07076622742801364,-0.029282576866764387,-0.0287945339189849,0.10053684724255718,2025H2
300872,2025-12-31,2,bull,none,shrinking_volume_acceleration,current_week,0.012130033964095066,0.018437651625424767,-0.16933527413876748,-0.034449296458029965,0.09412906356137807,2025H2
300652,2025-03-10,0,bull,ma_bull,two_day_acceleration,current_week,0.14834024896265552,-0.02033195020746892,-0.27593360995850624,-0.06639004149377603,0.17178423236514528,2025H1
300652,2025-04-03,3,mid,ma_bull,pullback_holds,current_week,0.0016698473282443782,0.07562022900763354,0.9489503816793894,-0.26932251908396954,0.16579198473282442,2025H1
300652,2025-08-06,2,bull,none,shrinking_volume_acceleration,current_week,-0.033720375377763734,-0.009066327342134528,-0.08366470494671552,-0.08907268967711146,0.010020677588674864,2025H2
300652,2025-08-20,2,bull,none,shrinking_volume_acceleration,current_week,-0.038641875505254664,-0.0685529506871464,0.02215036378334667,-0.10024252223120456,0.05222312045270816,2025H2
300652,2025-09-02,1,bull,none,pullback_holds,current_week,-0.08258064516129027,-0.006451612903225823,-0.03274193548387094,-0.13548387096774195,0.0062903225806452134,2025H2
300652,2025-09-12,4,bull,none,pullback_holds,current_week,0.04677966101694908,-0.027966101694915202,0.1572881355932203,-0.029661016949152574,0.09440677966101707,2025H2
300652,2025-09-15,0,bull,none,two_day_acceleration,current_week,0.06533333333333347,-0.030333333333333323,0.11766666666666681,-0.04583333333333328,0.07616666666666672,2025H2
300652,2025-09-16,1,bull,none,two_day_acceleration,current_week,-0.00822580645161286,-0.03274193548387094,0.022580645161290214,-0.0766129032258065,0.041451612903225854,2025H2
300652,2025-09-22,0,mid,none,shrinking_volume_acceleration,current_week,-0.08507626985375061,-0.12847932064790069,-0.04466111023745878,-0.13193898411699956,0.012423337002673174,2025H2
600316,2024-12-11,2,bull,ma_bull,pullback_holds,current_week,-0.11944444444444446,-0.14583333333333337,-0.15666666666666673,-0.1594444444444444,0.036666666666666625,2024H2
600316,2025-02-10,0,mid,none,shrinking_volume_acceleration,current_week,-0.039192399049881255,0.06294536817102148,0.12915676959619948,-0.07363420427553447,0.10332541567695963,2025H1
600316,2025-02-12,2,bull,none,shrinking_volume_acceleration,current_week,-0.057618057618057605,0.06415206415206409,0.14226314226314218,-0.07335907335907343,0.10365310365310365,2025H1
600316,2025-03-07,4,bull,macd_cross,two_day_acceleration,current_week,-0.014033264033264214,-0.07744282744282749,-0.1424116424116425,-0.08264033264033266,0.06185031185031176,2025H1
600316,2025-03-11,1,bull,ma_bull,shrinking_volume_acceleration,current_week,-0.07610312345066927,-0.13460585027268224,-0.11502231036192367,-0.14229053049082796,0.012890431333663743,2025H1
600316,2025-04-02,2,mid,ma_bull,pullback_holds,current_week,0.016533637400228285,0.043899657924743485,-0.025370581527936142,-0.08751425313568983,0.08836944127708102,2025H1
600316,2025-05-15,3,bull,none,pullback_holds,current_week,-0.040570175438596645,-0.037006578947368474,-0.01754385964912286,-0.06085526315789491,0.014254385964912242,2025H1
600316,2025-06-03,1,bull,ma_bull,pullback_holds,current_week,-0.02277840269966258,-0.0016872890888639525,0.04808773903262087,-0.03965129358830155,0.03262092238470182,2025H1
600316,2025-06-09,0,bull,none,two_day_acceleration,current_week,0.0031099802092169337,-0.049194232400339155,0.007633587786259666,-0.06926774102346611,0.03816793893129766,2025H1
600316,2025-06-13,4,bull,none,two_day_acceleration,current_week,-0.07277777777777772,0.0033333333333331883,-0.0008333333333333526,-0.08888888888888902,0.01722222222222225,2025H1
600316,2025-07-24,3,bull,ma_bull,two_day_acceleration,current_week,-0.04051565377532229,0.04166666666666674,-0.04926335174953944,-0.07090239410681398,0.09277163904235741,2025H2
600316,2025-08-06,2,bull,ma_bull,shrinking_volume_acceleration,current_week,-0.0696091348265262,-0.0810276679841897,-0.1717171717171717,-0.09771629336846721,0.018664909969257737,2025H2
600316,2025-08-08,4,bull,ma_bull,pullback_holds,current_week,-0.06335963923337096,-0.04193912063134164,-0.19346110484780155,-0.07350620067643743,0.009695603156707921,2025H2
600316,2025-08-20,2,bull,ma_bull,shrinking_volume_acceleration,current_week,-0.036904761904761885,-0.10190476190476194,-0.18595238095238098,-0.10333333333333328,0.04214285714285726,2025H2
600316,2025-08-25,0,bull,ma_bull,pullback_holds,current_week,-0.029550827423167836,-0.15721040189125313,-0.1505910165484634,-0.17210401891252958,0.00023640661938539864,2025H2
600316,2025-10-13,0,bull,none,two_day_acceleration,current_week,-0.09605263157894728,-0.10105263157894728,-0.11342105263157898,-0.1305263157894737,0.011315789473684168,2025H2
600316,2025-11-17,0,mid,none,two_day_acceleration,current_week,0.02684365781710918,-0.028613569321533916,-0.0902654867256637,-0.03687315634218291,0.041297935103244976,2025H2
600316,2026-04-14,1,mid,none,pullback_holds,current_week,0.03525388055774803,-0.048934490923441154,-0.14048934490923437,-0.05472244146277294,0.10470928702972904,2026H1
603568,2024-06-04,1,mid,ma_bull,shrinking_volume_acceleration,current_week,0.013895321908290903,-0.011579434923575715,-0.07040296433534043,-0.02130616025937937,0.0384437239462716,2024H1
603568,2024-10-22,1,bull,none,pullback_holds,current_week,-0.023080546396608503,-0.021667451719265207,0.02590673575129543,-0.041450777202072464,0.012717852096090443,2024H2
603568,2024-11-06,2,bull,ma_bull,pullback_holds,current_week,0.08309178743961354,0.051690821256038744,0.02850241545893728,-0.004347826086956497,0.11014492753623184,2024H2
603568,2024-11-07,3,bull,ma_bull,shrinking_volume_acceleration,current_week,0.02621722846441954,0.011235955056179803,-0.018258426966292207,-0.002340823970037431,0.07584269662921361,2024H2
603568,2024-11-11,0,bull,ma_bull,two_day_acceleration,current_week,-0.0009203865623561569,-0.03313391624482276,-0.02899217671421994,-0.05384261389783718,0.057524160147261805,2024H2
603568,2024-11-13,2,bull,ma_bull,two_day_acceleration,current_week,-0.0324444444444445,-0.06400000000000006,-0.06177777777777782,-0.09199999999999997,0.021333333333333426,2024H2
603568,2024-11-15,4,mid,ma_bull,pullback_holds,current_week,-0.023765144454799714,-0.04287045666356015,-0.006989748369058857,-0.04799627213420321,0.02376514445479949,2024H2
603568,2024-12-04,2,bull,none,pullback_holds,current_week,-0.00047348484848497296,0.008996212121211933,-0.018939393939394034,-0.01041666666666663,0.03929924242424243,2024H2
603568,2024-12-05,3,bull,none,pullback_holds,current_week,0.01812112541726285,0.012398664759179834,-0.026704816404387155,-0.0033381020505482972,0.046733428707677716,2024H2
603568,2024-12-06,4,bull,none,pullback_holds,current_week,0.006137865911236995,0.0,-0.040132200188857325,-0.012747875354107596,0.036355051935788474,2024H2
603568,2024-12-12,3,bull,ma_bull,pullback_holds,current_week,-0.0023496240601503793,0.0009398496240602405,-0.07612781954887227,-0.018796992481203145,0.015037593984962516,2024H2
603568,2024-12-13,4,bull,none,pullback_holds,current_week,-0.006100422336930977,0.006100422336931199,-0.08024401689347715,-0.020178320037541053,0.01360863444392324,2024H2
603568,2024-12-17,1,bull,none,pullback_holds,current_week,0.004681647940074862,0.012640449438202195,-0.06975655430711603,-0.022471910112359605,0.030898876404494402,2024H2
603568,2024-12-25,2,bull,none,pullback_holds,current_week,-0.026773132926256493,-0.07750117426021597,-0.04556129638327844,-0.09394081728511039,0.03428839830906538,2024H2
603568,2024-12-26,3,bull,none,pullback_holds,current_week,-0.03726415094339619,-0.07264150943396219,-0.04056603773584899,-0.09009433962264157,0.038679245283018915,2024H2
603568,2024-12-27,4,bull,none,pullback_holds,current_week,-0.04688232536333803,-0.08110642287857484,-0.0511017346460384,-0.09563994374120965,0.03234880450070321,2024H2
603568,2024-12-30,0,bull,ma_bull,two_day_acceleration,current_week,-0.08944213923467037,-0.08390963577685573,-0.07929921622867686,-0.11065006915629327,0.015214384508990264,2024H2
603568,2025-02-07,4,mid,macd_stabilizing,shrinking_volume_acceleration,current_week,-0.046701974000962876,-0.07125662012518053,-0.0832932113625422,-0.07847857486759746,0.003370245546461259,2025H1
603568,2025-02-25,1,bull,none,pullback_holds,current_week,-0.017089590885551398,0.06939409632314875,0.1004660797514243,-0.03210771620921793,0.0735370274469187,2025H1
603568,2025-02-26,2,bull,none,pullback_holds,current_week,-0.027835051546391876,0.07577319587628861,0.09278350515463907,-0.03659793814432999,0.1103092783505153,2025H1
603568,2025-02-27,3,bull,none,pullback_holds,current_week,-0.018078512396694113,0.0728305785123966,0.09762396694214881,-0.03460743801652888,0.1126033057851239,2025H1
603568,2025-03-10,0,bull,none,pullback_holds,current_week,0.19390436153441915,0.1234892275354702,-0.012086179716237488,-0.0036784025223332018,0.21650026274303724,2025H1
603568,2025-04-01,1,mid,none,pullback_holds,current_week,-0.12044817927170881,-0.09337068160597572,-0.09056956115779646,-0.15032679738562105,0.007002801120448154,2025H1
603568,2025-12-08,0,bull,ma_bull,pullback_holds,current_week,0.013464991023339312,0.11579892280071813,0.17684021543985629,-0.04174147217235191,0.13464991023339312,2025H2
603568,2025-12-24,2,bull,ma_bull,two_day_acceleration,current_week,-0.004705882352941226,0.0031372549019608176,0.09764705882352942,-0.023921568627450984,0.09490196078431379,2025H2
603568,2025-12-26,4,bull,ma_bull,shrinking_volume_acceleration,current_week,0.003955696202531556,-0.004351265822784778,0.10403481012658222,-0.015427215189873444,0.10443037974683556,2025H2
603568,2026-02-24,1,bull,ma_bull,two_day_acceleration,current_week,-0.026788861473387438,-0.0038773352132533967,-0.08177652449770889,-0.05181529784984129,0.03524850193866769,2026H1
603568,2026-02-27,4,bull,ma_bull,shrinking_volume_acceleration,current_week,0.026881720430107503,0.033333333333333215,-0.057706093189964225,-0.03584229390681004,0.052688172043010795,2026H1
603568,2026-03-02,0,bull,ma_bull,two_day_acceleration,current_week,-0.05173004453579999,-0.037341555327166875,-0.11442274751627268,-0.07845152449468995,0.006166495375128367,2026H1
603568,2026-04-09,3,mid,none,pullback_holds,current_week,-0.09696261682242979,-0.17172897196261683,-0.16627725856697817,-0.19509345794392519,0.010514018691588856,2026H1
603568,2026-04-10,4,mid,none,shrinking_volume_acceleration,current_week,-0.08663269306154453,-0.18345746765974125,-0.17404939239513917,-0.18972951783614267,0.014112112896903062,2026H1
603568,2026-05-06,2,bull,none,two_day_acceleration,current_week,-0.029032258064516037,-0.06958525345622113,-0.3193548387096774,-0.08479262672811061,0.003225806451612856,2026H1
688367,2024-01-02,1,mid,none,two_day_acceleration,current_week,-0.021917808219177992,-0.04602739726027394,-0.19835616438356163,-0.062465753424657544,0.0021917808219178436,2024H1
688367,2025-04-01,1,mid,none,shrinking_volume_acceleration,current_week,-0.10346964064436182,-0.06691449814126393,-0.005576208178438624,-0.19330855018587367,0.014250309789343163,2025H1
688367,2025-04-02,2,mid,none,pullback_holds,current_week,-0.07470182046453233,-0.04205900816070307,0.03389830508474567,-0.18267419962335218,0.016321406151914797,2025H1
688367,2025-04-03,3,mid,none,pullback_holds,current_week,-0.010526315789473717,0.023026315789473673,0.08289473684210535,-0.143421052631579,0.02894736842105261,2025H1
688367,2025-05-06,1,mid,none,two_day_acceleration,current_week,0.0327868852459019,0.051001821493624755,0.04675166970248967,-0.006071645415907545,0.05464480874316946,2025H1
688367,2025-05-08,3,bull,none,shrinking_volume_acceleration,current_week,0.0,0.011269276393831573,0.027283511269276417,-0.020759193357058003,0.03558718861209975,2025H1
688367,2025-05-12,0,bull,ma_bull,shrinking_volume_acceleration,current_week,-0.0017502917152859565,-0.010501750291715295,0.0064177362893815815,-0.022170361726954413,0.018669778296382722,2025H1
688367,2025-05-26,0,bull,none,pullback_holds,current_week,0.020130254588513807,0.02131438721136769,0.02427471876850218,-0.001184132622853773,0.039668442865600895,2025H1
688367,2025-05-27,1,mid,macd_cross,pullback_holds,current_week,0.005247813411078717,0.01574344023323615,0.008163265306122325,-0.015743440233236372,0.023906705539358475,2025H1
688367,2025-05-28,2,mid,macd_cross,pullback_holds,current_week,0.01833234772324066,0.026020106445890034,0.023654642223536193,0.0,0.038438793613246425,2025H1
688367,2025-05-29,3,bull,macd_cross,pullback_holds,current_week,0.006391632771644451,0.0,0.01045903544450888,-0.014526438117373641,0.02033701336432303,2025H1
688367,2025-05-30,4,mid,macd_cross,pullback_holds,current_week,0.02346041055718473,0.01642228739002949,0.03519061583577732,-0.0035190615835776207,0.029912023460410442,2025H1
688367,2025-06-03,1,bull,none,pullback_holds,current_week,-0.00519031141868509,-0.0023068050749711633,0.026528258362168433,-0.017877739331026432,0.012687427912341231,2025H1
688367,2025-06-04,2,bull,none,pullback_holds,current_week,0.011614401858304424,-0.0029036004645759395,0.03368176538908263,-0.011033681765388992,0.019744483159117365,2025H1
688367,2025-06-05,3,bull,none,pullback_holds,current_week,0.006964596633778353,-0.03482298316889154,0.037144515380150844,-0.03656413232733602,0.019152640742890137,2025H1
688367,2025-06-09,0,bull,none,two_day_acceleration,current_week,-0.008013737836290669,-0.04064109902690316,0.01202060675443617,-0.06410990269032613,0.005151688609044136,2025H1
688367,2025-06-11,2,bull,none,pullback_holds,current_week,-0.017734553775743622,-0.010869565217391353,0.020022883295194527,-0.06464530892448506,0.0011441647597254523,2025H1
688367,2025-06-16,0,bull,ma_bull,pullback_holds,current_week,-0.0373348650201033,0.013785180930499852,0.03159103963239529,-0.060884549109706976,0.031016657093624334,2025H1
688367,2025-06-17,1,bull,ma_bull,pullback_holds,current_week,-0.0011547344110853786,0.02771362586605086,0.022517321016166214,-0.0560046189376443,0.036374133949191645,2025H1
688367,2025-06-23,0,bull,ma_bull,shrinking_volume_acceleration,current_week,0.04997025580011916,0.05175490779298042,0.11540749553837015,-0.002974419988102106,0.0678167757287329,2025H1
688367,2025-06-24,1,bull,ma_bull,two_day_acceleration,current_week,0.024165707710011697,0.028193325661680202,0.07710011507479853,-0.016110471806674243,0.0327963176064443,2025H1
688367,2025-06-25,2,bull,ma_bull,pullback_holds,current_week,0.02298850574712641,0.02471264367816084,0.07873563218390789,-0.017241379310344862,0.031609195402298784,2025H1
688367,2025-06-26,3,bull,ma_bull,pullback_holds,current_week,0.029971181556196047,0.04034582132564846,0.0853025936599423,-0.014409221902017322,0.040922190201728936,2025H1
688367,2025-06-30,0,bull,ma_bull,two_day_acceleration,current_week,-0.0022573363431150906,0.013544018058690765,0.10214446952595946,-0.01749435665914212,0.028216704288938965,2025H1
688367,2025-07-04,4,bull,ma_bull,pullback_holds,current_week,0.027397260273972712,0.049657534246575485,0.1061643835616437,-0.005136986301369828,0.051369863013698724,2025H2
688367,2025-07-07,0,bull,ma_bull,pullback_holds,current_week,0.016411997736276218,0.06112054329371808,0.12507074136955265,-0.009620826259196469,0.0639501980758348,2025H2
688367,2025-07-08,1,bull,ma_bull,two_day_acceleration,current_week,-0.009507829977628557,0.046979865771812124,0.12248322147651014,-0.021252796420581643,0.05536912751677869,2025H2
688367,2025-07-09,2,bull,ma_bull,pullback_holds,current_week,0.0028105677346823565,0.055087127599775076,0.13097245643620026,-0.01630129286115789,0.061832490163012954,2025H2
688367,2025-07-18,4,bull,ma_bull,two_day_acceleration,current_week,0.030467899891186256,0.054406964091403776,0.09847660500544086,-0.0043525571273121955,0.08977149075081625,2025H2
688367,2025-07-23,2,bull,ma_bull,shrinking_volume_acceleration,current_week,0.025953389830508655,0.06567796610169507,0.09110169491525433,-0.009533898305084776,0.07256355932203395,2025H2
688367,2025-07-24,3,bull,ma_bull,shrinking_volume_acceleration,current_week,0.012684989429175397,0.06183932346723031,0.08720930232558133,-0.007928118393234818,0.07188160676532762,2025H2
688367,2025-07-28,0,bull,ma_bull,two_day_acceleration,current_week,0.01687979539641926,0.08030690537084406,0.04859335038363177,-0.022506393861892682,0.08542199488491042,2025H2
688367,2025-07-31,3,bull,ma_bull,pullback_holds,current_week,0.042012448132779934,0.03475103734439822,0.006224066390041472,-0.006742738589211594,0.10217842323651438,2025H2
688367,2025-08-04,0,bull,ma_bull,two_day_acceleration,current_week,0.06774519716885741,0.028816986855409565,-0.06268958543983827,0.0,0.07431749241658236,2025H2
688367,2025-08-18,0,bull,ma_bull,pullback_holds,current_week,0.0024449877750611915,-0.09339853300733503,-0.025427872860635636,-0.10024449877750596,0.03276283618581921,2025H2
688367,2025-08-19,1,bull,ma_bull,two_day_acceleration,current_week,0.011170471102476931,-0.11267605633802813,-0.02136959689169493,-0.13841670713938792,0.02574065080136001,2025H2
688367,2025-08-20,2,bull,ma_bull,pullback_holds,current_week,-0.023902439024390154,-0.09268292682926826,-0.030731707317073087,-0.1346341463414633,0.030243902439024417,2025H2
688367,2025-08-21,3,bull,ma_bull,pullback_holds,current_week,-0.057795046138902295,-0.08305002428363284,0.023312287518212793,-0.13841670713938792,0.02574065080136001,2025H2
688367,2025-08-26,1,bull,ma_bull,shrinking_volume_acceleration,current_week,-0.12958551691281572,0.008099094807050955,-0.04907098618389716,-0.154835636017151,0.01191043353978083,2025H2
688367,2025-09-12,4,bull,ma_bull,pullback_holds,current_week,0.02913580246913572,0.04888888888888898,0.06864197530864202,-0.05234567901234566,0.13382716049382726,2025H2
688367,2025-09-26,4,mid,ma_bull,shrinking_volume_acceleration,current_week,0.056003796867584166,0.027052681537731438,0.07214048410061702,-0.039867109634551534,0.10915994304698629,2025H2
688367,2025-10-15,2,bull,ma_bull,pullback_holds,current_week,-0.006535947712418277,0.04481792717086819,0.13958916900093365,-0.025210084033613578,0.08776844070961709,2025H2
688367,2025-10-31,4,bull,ma_bull,shrinking_volume_acceleration,current_week,0.004025044722719029,0.10509838998211096,0.5196779964221827,-0.03622540250447226,0.15608228980322014,2025H2
688367,2025-11-04,1,bull,ma_bull,shrinking_volume_acceleration,current_week,0.09688733011836925,0.11705392371766776,0.3489697501096012,-0.0394563787812362,0.13327487943884275,2025H2
688367,2025-11-13,3,bull,ma_bull,shrinking_volume_acceleration,current_week,0.09344262295081962,0.20737704918032773,0.17377049180327853,-0.020081967213114837,0.21885245901639339,2025H2
688367,2026-04-10,4,mid,macd_stabilizing,shrinking_volume_acceleration,current_week,0.03421052631578969,0.05921052631578938,0.011315789473684168,-0.04289473684210532,0.14052631578947383,2026H1
688367,2026-04-17,4,mid,ma_bull,two_day_acceleration,current_week,0.021573604060913798,0.024365482233502656,-0.0563451776649746,-0.03756345177664966,0.10000000000000009,2026H1
688367,2026-06-03,2,mid,none,two_day_acceleration,current_week,-0.01198105321816656,0.02758428531624424,-0.11061577040958481,-0.09334076344385622,0.11117302869880197,2026H1
603359,2025-07-08,1,bull,none,two_day_acceleration,current_week,0.07424242424242422,0.016666666666666607,0.033333333333333215,-0.037878787878787845,0.08333333333333326,2025H2
603359,2025-07-09,2,bull,none,pullback_holds,current_week,0.056835637480798784,0.021505376344086002,0.05376344086021523,-0.02457757296466967,0.09831029185867912,2025H2
603359,2025-07-10,3,bull,none,shrinking_volume_acceleration,current_week,0.034848484848484684,0.027272727272727337,0.04999999999999982,-0.030303030303030276,0.08333333333333326,2025H2
603359,2025-08-15,4,bull,ma_bull,shrinking_volume_acceleration,current_week,0.022251308900523625,0.4594240837696335,0.13874345549738232,-0.03141361256544506,0.4594240837696335,2025H2
603359,2025-09-30,1,bull,ma_bull,two_day_acceleration,current_week,-0.031624863685932314,-0.03816793893129766,-0.07960741548527817,-0.0872410032715375,0.013086150490730697,2025H2
603359,2025-10-13,0,bull,ma_bull,shrinking_volume_acceleration,current_week,-0.026696329254727535,0.027808676307007785,-0.05116796440489446,-0.05561735261401557,0.06562847608453826,2025H2
603359,2025-11-10,0,bull,none,two_day_acceleration,current_week,-0.02009456264775411,-0.08628841607565019,0.04609929078014163,-0.11347517730496459,0.08156028368794321,2025H2
603359,2025-11-11,1,bull,none,two_day_acceleration,current_week,-0.04634994206257248,-0.08342989571263038,0.06373117033603704,-0.13093858632676714,0.012746234067207318,2025H2
603359,2025-11-13,3,bull,none,pullback_holds,current_week,-0.0650118203309693,-0.07801418439716323,0.016548463356973908,-0.11347517730496459,0.016548463356973908,2025H2
603359,2025-12-08,0,bull,none,shrinking_volume_acceleration,current_week,-0.042744656917885315,-0.04161979752530942,0.022497187851518552,-0.12148481439820025,0.09111361079865032,2025H2
603359,2026-02-09,0,bull,none,two_day_acceleration,current_week,0.002865329512893977,-0.06017191977077363,-0.08452722063037243,-0.06017191977077363,0.05300859598853869,2026H1
603359,2026-02-13,4,mid,none,pullback_holds,current_week,-0.021613832853025983,-0.03602305475504319,-0.16858789625360227,-0.06628242074927948,0.05907780979827093,2026H1
603359,2026-02-26,3,bull,none,two_day_acceleration,current_week,-0.08448753462603875,-0.09141274238227137,-0.1578947368421052,-0.10249307479224368,0.018005540166205147,2026H1
300935,2025-05-07,2,bull,none,shrinking_volume_acceleration,current_week,0.011111111111111072,0.026388888888888795,0.04444444444444429,-0.008796296296296302,0.04583333333333317,2025H1
300935,2025-05-08,3,bull,none,shrinking_volume_acceleration,current_week,-0.017615176151761558,-0.019421860885275533,0.03252032520325199,-0.028906955736224038,0.020325203252032464,2025H1
300935,2025-05-21,2,bull,none,pullback_holds,current_week,-0.023668639053254448,0.02685480200273105,0.08966772872098328,-0.03049613108784699,0.031406463359126224,2025H1
300935,2025-05-30,4,mid,none,pullback_holds,current_week,0.07179015186378268,0.09157846295444072,0.13667740450989418,0.0,0.11596870685687977,2025H1
300935,2025-08-18,0,bull,ma_bull,pullback_holds,current_week,0.0003749531308585574,-0.05999250093738284,-0.05436820397450326,-0.10348706411698538,0.06674165729283832,2025H2
300935,2025-08-20,2,bull,ma_bull,pullback_holds,current_week,-0.09247311827956994,-0.14480286738351267,-0.07885304659498216,-0.1469534050179212,0.014336917562723928,2025H2
300935,2025-08-21,3,bull,ma_bull,shrinking_volume_acceleration,current_week,-0.0865314989138306,-0.13106444605358436,-0.06082548877624905,-0.14554670528602465,0.004706734250543132,2025H2
300935,2025-08-22,4,bull,ma_bull,pullback_holds,current_week,-0.09413919413919414,-0.10183150183150191,-0.05494505494505497,-0.1355311355311355,0.01025641025641022,2025H2
300935,2025-09-08,0,bull,none,shrinking_volume_acceleration,current_week,-0.0043426766679827145,0.016581129095933678,0.3659692064745361,-0.022502960915909975,0.05250690880378994,2025H2
300935,2025-09-10,2,bull,none,shrinking_volume_acceleration,current_week,0.00982318271119853,0.039685658153241654,0.20746561886051085,-0.05304518664047142,0.04754420432220052,2025H2
300935,2025-09-18,3,mid,macd_stabilizing,two_day_acceleration,current_week,0.01619121048573624,0.0844255975327679,0.1507324595219739,-0.07093292212798763,0.14610639938319192,2025H2
300935,2025-09-29,0,bull,macd_cross,two_day_acceleration,current_week,0.24954857349223536,0.07331166486096063,0.06392199349945837,-0.02925243770314201,0.24954857349223536,2025H2
300935,2025-11-05,2,bull,ma_bull,two_day_acceleration,current_week,-0.0023102310231023493,-0.022772277227722793,-0.054125412541254136,-0.03069306930693072,0.07590759075907583,2025H2
300935,2025-12-23,1,bull,ma_bull,shrinking_volume_acceleration,current_week,-0.03633540372670807,0.13695652173913042,0.20062111801242244,-0.0618012422360249,0.17639751552795024,2025H2
300935,2025-12-26,4,bull,ma_bull,shrinking_volume_acceleration,current_week,0.017091361093847235,0.15941578620261043,0.19639527656929778,-0.06121814791796143,0.22747047855811053,2025H2
300935,2026-01-14,2,bull,ma_bull,shrinking_volume_acceleration,current_week,-0.04492291334396592,0.024720893141946032,-0.027910685805422553,-0.06166932482721943,0.13397129186602896,2026H1
300935,2026-02-10,1,bull,ma_bull,pullback_holds,current_week,-0.02494692144373667,-0.11783439490445857,-0.1170382165605095,-0.14861995753715507,0.0769639065817409,2026H1
300935,2026-04-14,1,mid,none,two_day_acceleration,current_week,0.0435643564356436,0.03828382838283839,0.08184818481848177,-0.010231023102310166,0.11320132013201323,2026H1
300935,2026-04-15,2,mid,none,shrinking_volume_acceleration,current_week,0.021228690897394653,0.041170794467674465,0.18430363460919907,-0.03087809585075585,0.08491476358957883,2026H1
300935,2026-04-27,0,bull,none,pullback_holds,current_week,0.08115759672853096,0.06134004403900617,0.18496382510223341,-0.022019502988361084,0.11796162315193448,2026H1
300935,2026-05-22,4,mid,macd_cross,shrinking_volume_acceleration,current_week,-0.19570736210477724,-0.17147472882529424,-0.26609739210708516,-0.23124855758135232,0.013385645049619255,2026H1
300935,2026-06-18,3,bull,ma_bull,two_day_acceleration,current_week,-0.12442111762889785,-0.10867551713491819,-0.3210867551713491,-0.1599259030564989,0.025933930225378266,2026H1
300539,2023-03-24,4,mid,ma_bull,two_day_acceleration,current_week,-0.019548872180451093,-0.07443609022556397,-0.10526315789473684,-0.08421052631578951,0.021804511278195493,2023H1
300539,2023-04-17,0,bull,none,two_day_acceleration,current_week,-0.08461538461538454,-0.03615384615384609,-0.004615384615384688,-0.2946153846153846,0.0015384615384614886,2023H1
300539,2023-06-13,1,mid,none,pullback_holds,current_week,0.11923688394276621,0.15341812400635924,0.12480127186009549,-0.013513513513513487,0.1804451510333862,2023H1
300539,2023-06-15,3,mid,none,two_day_acceleration,current_week,0.017557251908397076,0.10687022900763354,0.05648854961832073,-0.025954198473282397,0.1870229007633588,2023H1
300539,2023-09-11,0,mid,none,two_day_acceleration,current_week,-0.048123980424143564,-0.04323001631321366,-0.02528548123980412,-0.08482871125611735,0.031810766721044104,2023H2
300539,2025-03-31,0,mid,ma_bull,shrinking_volume_acceleration,current_week,-0.23668639053254448,-0.14201183431952658,-0.11374095989480604,-0.3208415516107824,0.00920447074293218,2025H1
300539,2025-05-08,3,bull,none,shrinking_volume_acceleration,current_week,-0.019741320626276315,-0.06194690265486713,-0.09189925119128661,-0.06535057862491489,0.03131381892443841,2025H1
300539,2025-05-16,4,bull,none,pullback_holds,current_week,-0.06716929403701166,-0.10418094585332416,-0.08636052090472923,-0.10829335161069231,0.0,2025H1
300539,2025-06-03,1,bull,none,shrinking_volume_acceleration,current_week,0.022070015220700068,0.0053272450532724225,0.03196347031963476,-0.0060882800608828,0.07077625570776247,2025H1
300539,2025-06-05,3,bull,none,two_day_acceleration,current_week,0.0007347538574578039,-0.060249816311535476,-0.006612784717119791,-0.06392358559882438,0.033798677443056535,2025H1
300539,2025-06-06,4,bull,none,pullback_holds,current_week,-0.010526315789473717,-0.043609022556390986,-0.012781954887218006,-0.046616541353383556,0.05789473684210522,2025H1
300539,2025-06-09,0,bull,none,pullback_holds,current_week,-0.013323464100666205,-0.04737231680236853,-0.016284233900814127,-0.07031828275351582,0.041450777202072686,2025H1
300539,2025-06-10,1,bull,none,pullback_holds,current_week,-0.0272459499263622,-0.012518409425625876,0.0014727540500736325,-0.07511045655375548,0.011045655375552244,2025H1
300539,2025-06-11,2,bull,none,pullback_holds,current_week,-0.03039288361749448,0.011860637509266025,0.005189028910304039,-0.06893995552260934,0.01779095626389915,2025H1
300539,2025-06-12,3,bull,none,pullback_holds,current_week,-0.05747973470891665,-0.005158437730287457,-0.010316875460574804,-0.0744288872512896,0.012527634487840889,2025H1
300539,2025-06-23,0,bull,none,shrinking_volume_acceleration,current_week,0.059597523219814263,0.028637770897832926,0.18730650154798756,-0.004643962848297267,0.0657894736842104,2025H1
300539,2025-06-27,4,bull,none,shrinking_volume_acceleration,current_week,-0.029563932002956372,-0.00369549150036963,0.75240206947524,-0.037694013303769536,0.03843311160384322,2025H1
300539,2025-06-30,0,bull,none,two_day_acceleration,current_week,-0.03204661325564451,0.043699927166787944,0.8040786598689,-0.05171158048069924,0.057538237436270956,2025H1
300539,2025-07-07,0,bull,none,pullback_holds,current_week,0.07825432656132425,0.1542513167795334,0.803611738148984,-0.003009781790820232,0.17381489841986442,2025H2
300539,2025-07-08,1,bull,none,two_day_acceleration,current_week,0.00785153461813004,0.1556031406138474,0.7544610992148466,-0.05424696645253391,0.21199143468950754,2025H2
300539,2025-07-09,2,bull,none,pullback_holds,current_week,0.050000000000000044,0.2110294117647058,0.7352941176470589,-0.02573529411764708,0.2485294117647059,2025H2
300539,2025-07-10,3,bull,none,pullback_holds,current_week,0.06999255398361881,0.4713328369322414,0.8585256887565154,-0.013402829486224843,0.4713328369322414,2025H2
300539,2025-07-11,4,bull,none,pullback_holds,current_week,0.06499261447562765,0.7511078286558346,0.9490398818316099,-0.01107828655834564,0.7511078286558346,2025H2
300539,2025-07-16,2,bull,none,shrinking_volume_acceleration,current_week,0.15822784810126578,1.0056258790436003,0.881153305203938,-0.004922644163150469,1.0900140646976086,2025H2
300539,2025-09-11,3,bull,ma_bull,shrinking_volume_acceleration,current_week,0.11784687744969946,0.2628690880585314,0.4363731382283771,-0.039456493336817444,0.3820224719101122,2025H2
300539,2025-10-29,2,bull,ma_bull,pullback_holds,current_week,-0.08313253012048194,-0.10040160642570284,-0.11285140562249008,-0.13634538152610454,0.0417670682730924,2025H2
300539,2025-11-13,3,bull,ma_bull,shrinking_volume_acceleration,current_week,-0.05888888888888888,-0.03155555555555556,-0.08733333333333337,-0.1133333333333334,0.09333333333333349,2025H2
300539,2025-12-09,1,mid,none,pullback_holds,current_week,-0.06679527369182536,-0.07258258982396903,-0.05594405594405594,-0.08078128767783943,0.027248613455510107,2025H2
300078,2025-06-03,1,bull,none,shrinking_volume_acceleration,current_week,0.03234501347708907,0.02964959568733172,0.07547169811320753,-0.018867924528301883,0.06469002695417791,2025H1
300078,2025-06-17,1,bull,macd_cross,two_day_acceleration,current_week,0.002645502645502562,0.05555555555555558,0.021164021164021163,-0.07407407407407418,0.09523809523809512,2025H1
300078,2025-06-24,1,bull,macd_stabilizing,two_day_acceleration,current_week,0.050000000000000044,0.023684210526315752,0.023684210526315752,-0.015789473684210575,0.08947368421052615,2025H1
300078,2025-07-01,1,bull,none,two_day_acceleration,current_week,-0.012690355329949221,-0.020304568527918843,0.002538071065989911,-0.050761421319796884,0.017766497461928932,2025H2
300078,2025-07-03,3,bull,none,shrinking_volume_acceleration,current_week,-0.01278772378516635,0.020460358056265893,0.01534526854219953,-0.04347826086956519,0.03069053708439906,2025H2
300078,2025-07-04,4,bull,none,pullback_holds,current_week,0.020618556701030855,0.02577319587628879,0.07474226804123707,-0.036082474226803996,0.06443298969072164,2025H2
300078,2025-07-17,3,bull,ma_bull,two_day_acceleration,current_week,-0.025000000000000022,-0.007499999999999951,-0.01749999999999996,-0.04249999999999998,0.050000000000000044,2025H2
300078,2025-08-25,0,bull,none,two_day_acceleration,current_week,-0.016260162601625994,-0.04878048780487798,-0.04878048780487798,-0.08130081300813008,0.0677506775067751,2025H2
300078,2025-08-28,3,bull,none,pullback_holds,current_week,-0.06504065040650397,-0.043360433604335946,-0.06504065040650397,-0.08130081300813008,0.0027100271002711285,2025H2
300078,2025-09-12,4,bull,none,two_day_acceleration,current_week,-0.03038674033149169,-0.06353591160220995,-0.06629834254143652,-0.07182320441988954,0.04972375690607733,2025H2
300078,2025-10-13,0,bull,none,pullback_holds,current_week,-0.011695906432748537,0.005847953216374213,0.05263157894736836,-0.020467836257309857,0.026315789473684292,2025H2
300078,2025-10-21,1,bull,none,pullback_holds,current_week,0.01744186046511631,0.06104651162790686,0.30813953488372103,-0.014534883720930147,0.07267441860465107,2025H2
300078,2025-10-22,2,bull,none,pullback_holds,current_week,0.00867052023121384,0.06069364161849711,0.401734104046243,-0.020231213872832332,0.06647398843930641,2025H2
300078,2025-10-23,3,bull,none,pullback_holds,current_week,0.008620689655172376,0.02586206896551735,0.2701149425287357,-0.025862068965517238,0.06034482758620685,2025H2
300078,2025-10-24,4,bull,none,pullback_holds,current_week,0.025936599423631135,0.028818443804034644,0.2997118155619596,-0.023054755043227737,0.06340057636887608,2025H2
300078,2025-10-31,4,bull,none,shrinking_volume_acceleration,current_week,-0.0027932960893853886,0.0027932960893854997,0.270949720670391,-0.016759776536312887,0.030726256983240274,2025H2
300078,2026-02-26,3,bull,ma_bull,pullback_holds,current_week,-0.08453608247422684,-0.09896907216494855,-0.19175257731958772,-0.1340206185567011,0.01855670103092777,2026H1
300078,2026-02-27,4,bull,ma_bull,pullback_holds,current_week,-0.05894736842105264,-0.0842105263157894,-0.1578947368421053,-0.11578947368421044,0.01263157894736855,2026H1
300078,2026-03-09,0,mid,none,two_day_acceleration,current_week,-0.01982378854625544,-0.15638766519823788,-0.09911894273127753,-0.1674008810572687,0.011013215859030812,2026H1
300078,2026-04-10,4,mid,none,pullback_holds,current_week,-0.03170731707317065,-0.0682926829268291,-0.02195121951219514,-0.09024390243902436,0.007317073170731714,2026H1
300078,2026-04-27,0,bull,none,two_day_acceleration,current_week,0.039164490861618884,-0.005221932114882533,-0.1044386422976501,-0.010443864229765065,0.0809399477806787,2026H1
300078,2026-04-29,2,bull,none,pullback_holds,current_week,0.0588235294117645,-0.023017902813299185,-0.13043478260869568,-0.038363171355498715,0.0588235294117645,2026H1
300078,2026-04-30,3,bull,none,pullback_holds,current_week,0.017766497461928932,0.002538071065989911,-0.15736040609137047,-0.045685279187817174,0.050761421319796884,2026H1
300078,2026-05-07,3,bull,none,pullback_holds,current_week,-0.04030226700251893,-0.07808564231738035,-0.18387909319899243,-0.08060453400503786,0.04282115869017611,2026H1
300078,2026-05-08,4,bull,none,two_day_acceleration,current_week,-0.06896551724137934,-0.09113300492610854,-0.1798029556650247,-0.11083743842364546,0.0197044334975367,2026H1
300078,2026-05-19,1,bull,none,two_day_acceleration,current_week,-0.1048593350383632,-0.15089514066496157,-0.18158567774936063,-0.17647058823529405,0.005115089514066584,2026H1
301565,2026-01-06,1,bull,none,pullback_holds,current_week,0.007600000000000051,0.02719999999999989,-0.0020000000000000018,-0.007199999999999984,0.04239999999999999,2026H1
301565,2026-01-07,2,bull,none,pullback_holds,current_week,-0.006349206349206327,0.026984126984126888,-0.019841269841269882,-0.015079365079365026,0.03452380952380962,2026H1
301565,2026-01-08,3,bull,none,pullback_holds,current_week,0.0067918497802637035,0.027966440271673942,-0.030363563723531772,-0.008389932081502183,0.041949660407510914,2026H1
301565,2026-01-09,4,bull,none,pullback_holds,current_week,0.002745098039215632,0.047450980392157005,-0.04823529411764704,-0.026666666666666616,0.05803921568627457,2026H1
301565,2026-01-16,4,bull,none,two_day_acceleration,current_week,0.04335937499999987,-0.02734375,-0.04648437500000002,-0.04531249999999998,0.0546875,2026H1
301565,2026-01-21,2,bull,none,shrinking_volume_acceleration,current_week,-0.03076923076923077,-0.050000000000000044,-0.028846153846153855,-0.06615384615384612,0.03846153846153855,2026H1
301565,2026-01-22,3,bull,none,pullback_holds,current_week,-0.03100775193798455,-0.059302325581395365,-0.024031007751938005,-0.059689922480620106,0.046511627906976605,2026H1
301565,2026-02-09,0,bull,none,pullback_holds,current_week,-0.006428284451586941,0.02169546002410594,-0.09401366010445966,-0.03053435114503822,0.04258738449176369,2026H1
301565,2026-02-24,1,bull,none,pullback_holds,current_week,0.028305701577031828,-0.03881924787707236,-0.16983420946219163,-0.06672058228871813,0.04933279417711267,2026H1
301565,2026-02-25,2,bull,none,two_day_acceleration,current_week,-0.007468553459119565,-0.0625,-0.17845911949685533,-0.0927672955974842,0.02004716981132071,2026H1
301565,2026-02-26,3,bull,none,pullback_holds,current_week,-0.0007905138339920903,-0.06996047430830032,-0.1810276679841898,-0.08774703557312247,0.025691699604742935,2026H1
301565,2026-02-27,4,bull,none,pullback_holds,current_week,-0.04662379421221863,-0.060289389067524124,-0.14831189710610926,-0.07234726688102888,0.043006430868167245,2026H1
301565,2026-03-05,3,mid,none,shrinking_volume_acceleration,current_week,-0.047368421052631504,-0.11255060728744926,-0.15303643724696347,-0.11538461538461531,0.0,2026H1
002655,2025-02-06,3,mid,none,two_day_acceleration,current_week,0.06888361045130642,0.1243072050673002,0.030878859857482066,-0.0015835312747427555,0.13618368962787009,2025H1
002655,2025-02-12,2,bull,none,shrinking_volume_acceleration,current_week,0.011594202898550732,0.0036231884057971175,-0.07173913043478264,-0.051449275362318914,0.03985507246376807,2025H1
002655,2025-02-17,0,bull,macd_cross,two_day_acceleration,current_week,0.016751638747268816,-0.08230152949745084,-0.07137654770575386,-0.08885651857246912,0.045156591405680846,2025H1
002655,2025-03-27,3,mid,ma_bull,shrinking_volume_acceleration,current_week,-0.1466836734693877,-0.22257653061224492,-0.21747448979591844,-0.3654336734693877,0.16262755102040827,2025H1
002655,2025-05-06,1,mid,none,shrinking_volume_acceleration,current_week,-0.007407407407407418,-0.025925925925925908,-0.06666666666666665,-0.04962962962962958,0.03629629629629627,2025H1
002655,2025-05-08,3,bull,none,shrinking_volume_acceleration,current_week,-0.020270270270270285,-0.02327327327327333,-0.054804804804804874,-0.03678678678678682,0.050300300300300194,2025H1
002655,2025-06-05,3,bull,none,pullback_holds,current_week,-0.018882769472856054,-0.010228166797797034,0.04327301337529499,-0.04799370574350914,0.033831628638866906,2025H1
002655,2025-06-06,4,bull,none,pullback_holds,current_week,-0.03401898734177211,-0.020569620253164556,0.022943037974683556,-0.04272151898734189,0.039556962025316444,2025H1
002655,2025-06-09,0,bull,none,pullback_holds,current_week,-0.02117647058823524,-0.013333333333333308,0.008627450980392082,-0.050980392156862786,0.030588235294117583,2025H1
002655,2025-06-16,0,bull,none,shrinking_volume_acceleration,current_week,0.010441767068273045,0.04096385542168668,0.05863453815261033,-0.01847389558232937,0.051405622489959724,2025H1
002655,2025-06-17,1,bull,none,pullback_holds,current_week,0.03303787268331981,0.03948428686543104,0.050765511684125686,-0.015310233682514052,0.0547945205479452,2025H1
002655,2025-06-18,2,bull,none,pullback_holds,current_week,0.018138801261829762,0.0134069400630914,0.026025236593059997,-0.03627760252365919,0.032334384858044185,2025H1
002655,2025-06-19,3,mid,none,pullback_holds,current_week,0.018326693227091573,0.05657370517928273,0.052589641434263035,-0.026294820717131517,0.06772908366533859,2025H1
002655,2025-06-24,1,bull,none,two_day_acceleration,current_week,0.006240249609984483,0.03120124804992197,0.01950078003120126,-0.012480499219968855,0.045241809672387,2025H1
002655,2025-06-27,4,bull,none,shrinking_volume_acceleration,current_week,0.0007739938080495445,0.021671826625387025,0.01934984520123839,-0.020123839009287936,0.059597523219814263,2025H1
002655,2025-06-30,0,bull,none,shrinking_volume_acceleration,current_week,-0.006949806949807069,0.017760617760617547,0.025482625482625476,-0.022393822393822482,0.05714285714285694,2025H1
002655,2025-07-04,4,bull,none,pullback_holds,current_week,0.026438569206842955,0.018662519440124425,0.0062208398133747345,-0.015552099533436947,0.0645412130637637,2025H2
002655,2025-07-11,4,bull,none,pullback_holds,current_week,-0.013554216867469937,-0.008283132530120585,0.017319277108433617,-0.030873493975903665,0.001506024096385561,2025H2
002655,2025-07-21,0,bull,none,pullback_holds,current_week,0.0037792894935753107,-0.015873015873015928,0.06198034769463345,-0.034769463340891926,0.010582010582010692,2025H2
002655,2025-07-24,3,bull,none,pullback_holds,current_week,-0.0167682926829269,0.044207317073170715,0.10518292682926811,-0.026676829268292734,0.07774390243902429,2025H2
002655,2025-07-25,4,bull,none,pullback_holds,current_week,-0.018953752843062888,0.02426080363912053,0.09855951478392733,-0.03184230477634575,0.07202426080363922,2025H2
002655,2025-07-28,0,bull,none,two_day_acceleration,current_week,-0.015873015873015928,0.03250188964474687,0.08541194255479967,-0.034769463340891926,0.06878306878306883,2025H2
002655,2025-07-29,1,bull,none,pullback_holds,current_week,0.006065200909780133,0.031084154662623265,0.10689916603487482,-0.03184230477634575,0.07202426080363922,2025H2
002655,2025-09-17,2,bull,ma_bull,pullback_holds,current_week,0.002129169623846794,-0.02838892831795603,-0.10290986515259049,-0.060326472675656495,0.017033356990773685,2025H2
002655,2025-09-24,2,bull,ma_bull,shrinking_volume_acceleration,current_week,-0.026315789473684292,-0.11095305832147939,-0.11095305832147939,-0.11948790896159311,0.016358463726884764,2025H2
002655,2025-09-25,3,bull,ma_bull,pullback_holds,current_week,-0.0599435825105783,-0.14950634696755993,-0.11777150916784207,-0.15091678420310284,0.005641748942172065,2025H2
002655,2026-04-14,1,mid,ma_bull,shrinking_volume_acceleration,current_week,0.07415832575068237,0.2697907188353048,0.7020018198362148,-0.03912647861692442,0.2857142857142858,2026H1
002655,2026-04-24,4,bull,ma_bull,two_day_acceleration,current_week,0.2968127490039838,0.4613545816733067,0.5490039840637451,-0.021912350597609542,0.6378486055776891,2026H1
002655,2026-04-27,0,bull,ma_bull,shrinking_volume_acceleration,current_week,0.3879844961240311,0.43178294573643394,0.6499999999999999,-0.003875968992248069,0.5934108527131783,2026H1
002655,2026-05-06,2,bull,ma_bull,shrinking_volume_acceleration,current_week,0.12757454657239475,0.015063018751921398,0.17645250537964952,-0.003996311097448579,0.2637565324316016,2026H1
002655,2026-05-25,0,bull,ma_bull,shrinking_volume_acceleration,current_week,0.06836158192090402,0.0016949152542373724,0.32175141242937855,-0.043785310734463234,0.2655367231638419,2026H1
002655,2026-05-26,1,mid,ma_bull,two_day_acceleration,current_week,0.03497659047094448,-0.0002754062241806521,0.38253924538694584,-0.06774993114844396,0.23381988432938594,2026H1
002912,2023-03-17,4,mid,ma_bull,shrinking_volume_acceleration,current_week,-0.07591114945007538,-0.12292430450722447,-0.02307526417942618,-0.15268492559844726,0.004744446840629912,2023H1
002912,2023-04-03,0,bull,ma_bull,two_day_acceleration,current_week,0.021052631578947212,0.05980861244019131,0.111004784688995,-0.019138755980861344,0.2586124401913874,2023H1
002912,2023-04-07,4,bull,ma_bull,shrinking_volume_acceleration,current_week,0.08243093922651945,-0.05502762430939234,-0.011712707182320425,-0.09392265193370164,0.16265193370165743,2023H1
002912,2023-05-22,0,mid,none,shrinking_volume_acceleration,current_week,-0.013378739965944964,0.11092191680856245,0.16322062758452938,-0.04159571880321089,0.12381415713938226,2023H1
002912,2023-07-04,1,mid,ma_bull,pullback_holds,current_week,0.01656963725929228,0.023510971786833812,-0.16636811464397672,-0.0660546350201523,0.14867890729959687,2023H2
002912,2023-07-13,3,mid,ma_bull,pullback_holds,current_week,-0.0872197309417041,-0.16569506726457395,-0.15807174887892372,-0.1659192825112107,0.15022421524663687,2023H2
002912,2023-09-11,0,mid,none,shrinking_volume_acceleration,current_week,-0.07818448023426061,-0.053587115666178575,-0.076134699853587,-0.10893118594436313,0.012884333821376437,2023H2
002912,2025-05-07,2,bull,none,pullback_holds,current_week,0.025505716798592815,0.012752858399296407,0.01715039577836408,-0.0070360598065083435,0.06420404573438865,2025H1
002912,2025-05-08,3,bull,none,pullback_holds,current_week,-0.03875315922493694,-0.04422914911541709,-0.021903959561920927,-0.05223251895534975,0.019376579612468303,2025H1
002912,2025-05-12,0,bull,none,shrinking_volume_acceleration,current_week,-0.033305578684429626,-0.055370524562864176,-0.026644462947543746,-0.07577019150707742,0.007493755203996644,2025H1
002912,2025-05-20,1,bull,none,pullback_holds,current_week,-0.0344827586206895,-0.025862068965517127,-0.008620689655172376,-0.047413793103448176,0.006465517241379448,2025H1
002912,2025-05-26,0,bull,none,shrinking_volume_acceleration,current_week,-0.012340237990304148,0.03040987219039204,0.02600264433671229,-0.026002644336712177,0.04583516967827239,2025H1
002912,2025-09-17,2,bull,ma_bull,pullback_holds,current_week,-0.0056457304163726185,0.024347212420607,0.12702893436838392,-0.04481298517995769,0.03140437544107266,2025H2
002912,2025-09-18,3,mid,ma_bull,pullback_holds,current_week,0.006407974368102476,0.022427910288358888,0.08971164115343533,-0.03631185475258103,0.04058383766464946,2025H2
002912,2025-10-14,1,bull,ma_bull,shrinking_volume_acceleration,current_week,0.018320082958866335,0.05219495333563784,0.12270998963014179,-0.029381265122709888,0.13999308676114786,2025H2
002912,2025-10-16,3,bull,ma_bull,pullback_holds,current_week,0.10902777777777772,0.015972222222222276,0.1204861111111113,-0.02499999999999991,0.14513888888888893,2025H2
002912,2025-10-22,2,bull,ma_bull,pullback_holds,current_week,-0.012903225806451535,0.05483870967741944,-0.00903225806451613,-0.06838709677419363,0.08387096774193559,2025H2
002912,2025-11-05,2,bull,ma_bull,shrinking_volume_acceleration,current_week,-0.0070336391437310075,-0.0605504587155965,-0.11834862385321099,-0.06605504587155975,0.08746177370030583,2025H2
002912,2025-11-18,1,mid,ma_bull,two_day_acceleration,current_week,-0.0663977660564693,-0.07849829351535853,-0.11821284517530262,-0.10611231771641327,0.002171889543902905,2025H2
002912,2025-12-08,0,bull,none,pullback_holds,current_week,0.016798080219403433,-0.01097017483716145,0.0531367843675008,-0.05039424065821052,0.06959204662324292,2025H2
002912,2026-01-14,2,bull,ma_bull,shrinking_volume_acceleration,current_week,-0.06393348623853223,-0.08830275229357798,-0.07683486238532111,-0.10693807339449546,0.0,2026H1
002912,2026-02-09,0,bull,ma_bull,shrinking_volume_acceleration,current_week,0.0493630573248407,-0.0474522292993631,-0.1019108280254778,-0.05159235668789808,0.11305732484076425,2026H1
002912,2026-02-11,2,bull,ma_bull,pullback_holds,current_week,0.014241486068111486,-0.06408668730650147,-0.10185758513931875,-0.09318885448916403,0.08204334365325106,2026H1
002912,2026-02-12,3,bull,ma_bull,pullback_holds,current_week,0.03161810291382516,-0.054866707997520026,-0.13236205827650327,-0.0920644761314321,0.08338499690018608,2026H1
002912,2026-03-10,1,bull,none,two_day_acceleration,current_week,-0.12094763092269323,-0.18547381546134667,-0.12749376558603476,-0.20978802992518697,0.014650872817955074,2026H1
002912,2026-03-11,2,bull,none,pullback_holds,current_week,-0.05668789808917196,-0.14904458598726122,-0.12802547770700645,-0.1926751592356688,0.022292993630573132,2026H1
002062,2023-05-15,0,mid,macd_stabilizing,pullback_holds,current_week,-0.04235727440147319,-0.023941068139963106,-0.0018416206261510082,-0.05524861878453036,0.03130755064456747,2023H1
002062,2025-03-04,1,mid,ma_bull,pullback_holds,current_week,-0.044198895027624197,-0.08103130755064447,0.05156537753222845,-0.0865561694290976,0.012891344383057168,2025H1
002062,2025-03-05,2,bull,ma_bull,pullback_holds,current_week,-0.02814258911819889,-0.060037523452157626,0.06566604127579723,-0.0694183864915573,0.016885553470919357,2025H1
002062,2025-03-06,3,bull,ma_bull,pullback_holds,current_week,-0.056074766355140304,-0.06542056074766367,0.04112149532710285,-0.07289719626168234,0.005607476635513864,2025H1
002062,2025-03-07,4,bull,ma_bull,pullback_holds,current_week,-0.05482041587901698,-0.05482041587901698,-0.05293005671077511,-0.06238185255198492,0.005671077504725952,2025H1
002062,2025-04-01,1,mid,ma_bull,shrinking_volume_acceleration,current_week,-0.19156414762741647,-0.195079086115993,-0.16344463971880496,-0.26362038664323373,0.019332161687170446,2025H1
002062,2025-05-08,3,bull,none,shrinking_volume_acceleration,current_week,-0.045725646123260466,-0.041749502982107334,-0.08747514910536791,-0.045725646123260466,0.04771371769383692,2025H1
002062,2025-05-09,4,bull,none,pullback_holds,current_week,-0.028340080971660075,-0.044534412955465674,-0.0668016194331984,-0.046558704453441346,0.0668016194331984,2025H1
002062,2025-05-12,0,bull,none,shrinking_volume_acceleration,current_week,0.029940119760479167,-0.055888223552894134,-0.13972055888223545,-0.06187624750498999,0.05189620758483038,2025H1
002062,2025-05-21,2,bull,none,pullback_holds,current_week,-0.044897959183673564,-0.053061224489796,-0.09387755102040818,-0.0591836734693878,0.006122448979591688,2025H1
002062,2025-06-03,1,bull,none,shrinking_volume_acceleration,current_week,-0.08297872340425527,-0.07021276595744685,0.02127659574468077,-0.09999999999999998,0.019148936170212627,2025H1
002062,2025-06-04,2,bull,none,pullback_holds,current_week,-0.04925053533190571,-0.0856531049250534,0.032119914346895095,-0.09421841541755882,0.0,2025H1
002062,2025-06-09,0,bull,none,shrinking_volume_acceleration,current_week,-0.028697571743929284,-0.0596026490066226,0.04856512141280356,-0.08388520971302427,0.015452538631346657,2025H1
002062,2025-07-07,0,bull,none,pullback_holds,current_week,0.05907172995780585,0.08016877637130793,0.120253164556962,-0.0042194092827004814,0.09282700421940926,2025H2
002062,2025-07-08,1,bull,none,shrinking_volume_acceleration,current_week,0.03541666666666665,0.1729166666666666,0.11875000000000013,-0.01458333333333317,0.1729166666666666,2025H2
002062,2025-07-09,2,bull,none,pullback_holds,current_week,0.03347280334728042,0.11506276150627603,0.11506276150627603,-0.010460251046025104,0.2928870292887027,2025H2
002062,2025-07-10,3,bull,none,pullback_holds,current_week,0.0269151138716357,0.1159420289855071,0.09109730848861286,-0.012422360248447117,0.2795031055900621,2025H2
002062,2025-07-17,3,bull,none,shrinking_volume_acceleration,current_week,0.08450704225352101,0.03219315895372232,0.23742454728370244,-0.01609657947686116,0.24346076458752508,2025H2
002062,2025-07-24,3,bull,macd_cross,shrinking_volume_acceleration,current_week,-0.050000000000000044,-0.024074074074074026,0.32592592592592595,-0.06481481481481488,0.0092592592592593,2025H2
002062,2025-09-03,2,bull,ma_bull,shrinking_volume_acceleration,current_week,0.005555555555555536,0.14222222222222225,0.11111111111111116,-0.05666666666666664,0.16222222222222227,2025H2
002062,2026-01-06,1,bull,none,pullback_holds,current_week,-0.026881720430107503,0.04193548387096757,0.05913978494623651,-0.052688172043010795,0.06881720430107507,2026H1
002062,2026-04-22,2,bull,none,two_day_acceleration,current_week,-0.04787234042553179,0.06702127659574453,-0.042553191489361764,-0.08510638297872353,0.12553191489361692,2026H1
002539,2025-05-19,0,bull,ma_bull,pullback_holds,current_week,-0.005841121495327228,-0.033878504672897325,0.04439252336448596,-0.03738317757009346,0.04439252336448596,2025H1
002539,2025-05-20,1,bull,ma_bull,two_day_acceleration,current_week,-0.020571428571428574,-0.05028571428571427,0.011428571428571344,-0.058285714285714274,0.021714285714285575,2025H1
002539,2025-05-23,4,bull,ma_bull,pullback_holds,current_week,-0.01985981308411211,-0.008177570093457986,0.0490654205607477,-0.03738317757009346,0.009345794392523477,2025H1
002539,2025-06-06,4,bull,ma_bull,pullback_holds,current_week,0.05250875145857625,0.04550758459743287,0.1248541423570595,-0.022170361726954413,0.08051341890315045,2025H1
002539,2025-06-13,4,bull,ma_bull,two_day_acceleration,current_week,-0.007751937984495916,0.03875968992248069,0.11627906976744184,-0.025470653377629993,0.04651162790697683,2025H1
002539,2025-06-23,0,bull,ma_bull,pullback_holds,current_week,0.03875968992248069,0.09634551495016619,0.15503875968992253,-0.00885935769656676,0.1107419712070874,2025H1
002539,2025-06-24,1,bull,ma_bull,two_day_acceleration,current_week,0.06304347826086931,0.09782608695652151,0.15326086956521712,-0.01630434782608703,0.09782608695652151,2025H1
002539,2025-07-03,3,bull,ma_bull,shrinking_volume_acceleration,current_week,0.015105740181268867,0.01611278952668682,0.06042296072507547,-0.0332326283987916,0.04229607250755296,2025H2
002539,2025-07-14,0,bull,ma_bull,shrinking_volume_acceleration,current_week,0.024557956777996104,0.058939096267190516,0.048133595284872266,-0.02259332023575622,0.08644400785854622,2025H2
002539,2025-07-18,4,bull,ma_bull,pullback_holds,current_week,0.05626850937808503,0.05528134254689032,0.009871668311944637,-0.007897334649555776,0.10365251727541946,2025H2
002539,2025-07-21,0,bull,ma_bull,two_day_acceleration,current_week,0.03653846153846141,0.028846153846153966,-0.029807692307692313,-0.009615384615384581,0.07499999999999996,2025H2
002539,2025-07-24,3,bull,ma_bull,shrinking_volume_acceleration,current_week,-0.023191094619666064,-0.012059369202226278,-0.038961038961038974,-0.0445269016697587,0.03710575139146566,2025H2
002539,2025-07-30,2,bull,ma_bull,shrinking_volume_acceleration,current_week,0.014018691588784993,-0.03738317757009346,0.03738317757009324,-0.05046728971962622,0.020560747663551204,2025H2
002539,2025-08-21,3,bull,ma_bull,pullback_holds,current_week,0.06943105110896797,0.06460945033751209,0.030858244937319146,-0.018322082931533368,0.16200578592092563,2025H2
002539,2025-09-10,2,bull,ma_bull,shrinking_volume_acceleration,current_week,-0.034120734908136385,-0.10586176727909002,-0.11111111111111105,-0.14435695538057747,0.014873140857392775,2025H2
002539,2025-09-11,3,bull,ma_bull,pullback_holds,current_week,-0.061457418788410934,-0.1185250219490781,-0.12291483757682176,-0.14135206321334515,0.01843722563652328,2025H2
002539,2025-09-12,4,bull,ma_bull,shrinking_volume_acceleration,current_week,-0.057541412380122114,-0.12031386224934615,-0.12292938099389716,-0.14734088927637323,0.0026155187445509043,2025H2
002539,2025-10-09,3,bull,none,two_day_acceleration,current_week,-0.052238805970149294,-0.0550373134328358,0.041977611940298365,-0.09048507462686572,0.021455223880596952,2025H2
002539,2025-10-10,4,bull,macd_stabilizing,pullback_holds,current_week,-0.055765595463137974,-0.05482041587901698,0.06616257088846877,-0.07844990548204156,0.031190926275992403,2025H2
002539,2025-10-27,0,bull,none,pullback_holds,current_week,0.04600000000000004,0.17399999999999993,0.08700000000000019,-0.017000000000000015,0.21799999999999997,2025H2
002539,2025-12-26,4,bull,ma_bull,two_day_acceleration,current_week,0.050420168067226934,0.006722689075630228,0.2588235294117647,-0.01848739495798324,0.0672268907563025,2025H2
002539,2026-01-09,4,bull,ma_bull,pullback_holds,current_week,-0.0024855012427505985,0.14167357083678556,0.21623860811930395,-0.026512013256006606,0.17067108533554265,2026H1
002539,2026-03-02,0,bull,ma_bull,shrinking_volume_acceleration,current_week,-0.023241206030150674,-0.04208542713567842,-0.08417085427135673,-0.08417085427135673,0.033291457286432014,2026H1
002539,2026-03-13,4,mid,ma_bull,two_day_acceleration,current_week,-0.12642225031605558,-0.08091024020227555,-0.050568900126422345,-0.17446270543615672,0.025284450063211006,2026H1
002539,2026-04-08,2,mid,none,two_day_acceleration,current_week,0.04529115744069023,0.02875629043853345,0.07404744787922346,-0.013659237958303372,0.1279654924514737,2026H1
002539,2026-04-09,3,mid,none,pullback_holds,current_week,0.024492652204338716,-0.004898530440867743,0.009097270818754222,-0.0356892932120364,0.09797060881735464,2026H1
002539,2026-04-10,4,mid,none,two_day_acceleration,current_week,-0.019849418206707714,0.005475701574264136,-0.023956194387405816,-0.05681040383299096,0.07392197125256672,2026H1
002539,2026-04-29,2,bull,macd_stabilizing,two_day_acceleration,current_week,-0.03799098518995503,-0.10495814552479077,-0.19188667095943335,-0.11397295556986486,0.020605280103026313,2026H1
002539,2026-06-15,0,bull,none,two_day_acceleration,current_week,-0.01688102893890664,-0.090032154340836,-0.18408360128617363,-0.10691318327974275,0.072347266881029,2026H1
002539,2026-06-23,1,bull,none,pullback_holds,current_week,-0.08709677419354844,-0.11290322580645162,-0.1943548387096774,-0.1274193548387097,0.0508064516129032,2026H1
002539,2026-06-25,3,bull,none,pullback_holds,current_week,-0.07528641571194761,-0.13338788870703766,-0.06710310965630117,-0.14811783960720137,0.023731587561374834,2026H1
002487,2025-06-04,2,bull,ma_bull,pullback_holds,current_week,0.08811845431563725,0.14445648248465148,0.20837847598410986,-0.005778259299386024,0.1524015890213073,2025H1
002487,2025-06-05,3,bull,ma_bull,pullback_holds,current_week,0.07952500899604176,0.1119107592659232,0.2407340770061175,-0.0064771500539761995,0.1482547679021231,2025H1
002487,2025-06-06,4,bull,ma_bull,pullback_holds,current_week,0.08915834522111266,0.08880171184022823,0.17760342368045667,-0.004279600570613273,0.13801711840228248,2025H1
002487,2025-06-18,2,bull,ma_bull,two_day_acceleration,current_week,-0.03843730308758675,0.05419029615626969,0.0100819155639571,-0.07057340894770014,0.07908002520478874,2025H1
002487,2025-06-26,3,bull,ma_bull,pullback_holds,current_week,0.12569376428338241,0.07541625857002932,0.04015670910871694,0.0,0.14103819784524996,2025H1
002487,2025-07-14,0,bull,ma_bull,shrinking_volume_acceleration,current_week,-0.021964612568639352,-0.016168395363026278,-0.008236729713239854,-0.044234289200732135,0.007016473459426464,2025H2
002487,2025-08-29,4,bull,ma_bull,shrinking_volume_acceleration,current_week,0.14408973252804125,0.1558815070463042,0.33074489502444626,-0.0543572044866264,0.2320966350301985,2025H2
002487,2025-09-11,3,bull,ma_bull,shrinking_volume_acceleration,current_week,0.06405867970660162,0.1144254278728607,0.1312958435207825,-0.060146699266503734,0.1432762836185819,2025H2
002487,2025-09-22,0,mid,ma_bull,shrinking_volume_acceleration,current_week,0.07454545454545447,0.15181818181818185,0.09250000000000003,-0.02590909090909088,0.24681818181818183,2025H2
002487,2025-09-29,0,bull,ma_bull,shrinking_volume_acceleration,current_week,0.07715196599362373,-0.005313496280552554,0.009351753453772593,-0.04994686503719448,0.16599362380446325,2025H2
002487,2025-10-15,2,bull,ma_bull,shrinking_volume_acceleration,current_week,-0.043066821166473535,-0.043066821166473535,-0.12302047122441095,-0.13673232908458866,0.03321745847817681,2025H2
002487,2025-11-20,3,mid,ma_bull,pullback_holds,current_week,0.08478260869565224,0.25478260869565217,0.1878260869565218,-0.002608695652173809,0.26456521739130445,2025H2
002487,2025-12-22,0,bull,ma_bull,pullback_holds,current_week,-0.039015496809480466,-0.03536918869644479,0.10009115770282584,-0.06016408386508654,0.006381039197812299,2025H2
002487,2025-12-30,1,bull,ma_bull,shrinking_volume_acceleration,current_week,-0.003207547169811309,0.020943396226415167,0.18849056603773584,-0.07981132075471697,0.04301886792452825,2025H2
002487,2026-01-06,1,bull,ma_bull,pullback_holds,current_week,-0.07232763479241033,0.07570918654893855,0.19105767424384723,-0.08378733796731164,0.11121547999248538,2026H1
002487,2026-01-07,2,bull,ma_bull,pullback_holds,current_week,-0.041714285714285704,0.14933333333333332,0.20799999999999996,-0.07104761904761903,0.18933333333333335,2026H1
002487,2026-01-08,3,bull,ma_bull,pullback_holds,current_week,0.024228657959492805,0.15010410751466963,0.18360779859928078,-0.07685027446526582,0.18190422108650406,2026H1
002487,2026-01-09,4,bull,ma_bull,shrinking_volume_acceleration,current_week,0.04141337386018229,0.15843465045592708,0.16261398176291797,-0.07351823708206684,0.18617021276595747,2026H1
002487,2026-01-19,0,bull,ma_bull,shrinking_volume_acceleration,current_week,0.09119943222143356,0.05358410220014198,0.1591554293825408,-0.004613200851667831,0.1799148332150462,2026H1
002487,2026-01-26,0,bull,ma_bull,two_day_acceleration,current_week,-0.03400032536196518,0.021473889702293913,0.12721652838783148,-0.03692858304864155,0.08182853424434677,2026H1
002487,2026-01-27,1,bull,ma_bull,two_day_acceleration,current_week,0.008269720101781175,-0.0060432569974555594,0.14567430025445294,-0.058524173027989845,0.053117048346055906,2026H1
002487,2026-01-30,4,bull,ma_bull,pullback_holds,current_week,0.002457002457002533,0.014250614250614246,0.07010647010646998,-0.030303030303030276,0.05651105651105648,2026H1
002487,2026-03-09,0,mid,ma_bull,pullback_holds,current_week,0.13602166716822128,0.1023171832681311,0.1078844417694853,-0.03581101414384602,0.2411977129100209,2026H1
002487,2026-03-10,1,bull,ma_bull,pullback_holds,current_week,0.08996960486322192,0.11519756838905781,0.08829787234042552,-0.026139817629179274,0.25364741641337374,2026H1
002487,2026-04-16,3,mid,ma_bull,shrinking_volume_acceleration,current_week,-0.0024572899602154363,-0.01708401591387798,-0.09735548794757787,-0.02527498244792903,0.10203604025274982,2026H1
002487,2026-05-26,1,mid,none,pullback_holds,current_week,-0.07937121504960698,-0.209251385130782,-0.25009663703131035,-0.250225486406391,0.008117510630073488,2026H1
300661,2025-02-14,4,bull,macd_cross,shrinking_volume_acceleration,current_week,-0.004545454545454519,-0.1072727272727273,-0.040303030303030285,-0.11111111111111116,0.06646464646464634,2025H1
300661,2025-03-06,3,bull,none,shrinking_volume_acceleration,current_week,-0.04881985071615902,-0.07615493241880167,-0.07353237845471039,-0.07897922130320756,0.02087956425257209,2025H1
300661,2025-04-01,1,mid,none,pullback_holds,current_week,0.09738636363636366,0.33977272727272734,0.14681818181818174,-0.026249999999999996,0.3635227272727273,2025H1
300661,2025-04-02,2,mid,none,pullback_holds,current_week,0.08605577689243016,0.40796812749003974,0.15276038702333516,-0.024587364826408775,0.44109277177006256,2025H1
300661,2025-04-28,0,mid,ma_bull,shrinking_volume_acceleration,current_week,-0.025000000000000022,-0.08421568627450982,-0.07656862745098036,-0.084313725490196,0.02607843137254906,2025H1
300661,2025-05-19,0,bull,none,two_day_acceleration,current_week,-0.00726315789473686,0.008736842105263154,-0.05536842105263162,-0.05621052631578949,0.02705263157894744,2025H1
300661,2025-05-20,1,bull,none,pullback_holds,current_week,-0.05705081575392301,0.002182271640860378,-0.0630780421905851,-0.06827392704977664,0.01392497142263327,2025H1
300661,2025-06-05,3,bull,none,two_day_acceleration,current_week,-0.05025853154084803,-0.06918304033092038,-0.2664943123061013,-0.0765253360910032,0.010341261633919352,2025H1
300661,2026-06-22,0,bull,ma_bull,two_day_acceleration,current_week,-0.00238948626045421,0.015307646356033322,-0.2681451612903226,-0.058915770609319074,0.13425925925925908,2026H1
300661,2026-06-25,3,bull,ma_bull,shrinking_volume_acceleration,current_week,0.021582733812949728,-0.02978417266187039,-0.2528057553956835,-0.11812949640287773,0.09280575539568359,2026H1
300661,2026-06-29,0,mid,ma_bull,pullback_holds,current_week,0.017663348551754998,-0.12985554973430136,-0.25986078886310915,-0.14377666342339646,0.13689095127610207,2026H1
300661,2026-08-13,3,mid,none,two_day_acceleration,current_week,-0.020336134453781574,-0.01764705882352935,-0.10344537815126054,-0.11092436974789921,0.04033613445378159,2026H2
002942,2023-03-13,0,mid,ma_bull,pullback_holds,current_week,-0.024136299100804504,-0.058684335068622695,-0.08991954566966387,-0.06672976810222431,0.0004732607666824151,2023H1
002942,2023-04-27,3,mid,none,two_day_acceleration,current_week,-0.048102618920363605,-0.035809727418492865,-0.009620523784072632,-0.06948156066274724,0.03046499198289676,2023H1
002942,2023-04-28,4,bull,none,pullback_holds,current_week,-0.056752496058854573,-0.04676826064109307,-0.03520756699947458,-0.08512874408828175,0.005254860746190193,2023H1
002942,2023-05-15,0,mid,none,shrinking_volume_acceleration,current_week,0.037870472008781686,0.04335894621295289,0.009879253567508517,-0.01756311745334782,0.05214050493962685,2023H1
002942,2023-06-15,3,mid,none,pullback_holds,current_week,-0.0539788536449638,0.0217028380634392,0.05119643850862565,-0.06065664997217579,0.02225932109070694,2023H1
002942,2023-06-20,1,mid,none,pullback_holds,current_week,-0.0257675438596493,0.009868421052631637,0.027412280701754277,-0.07456140350877205,0.03673245614035081,2023H1
002942,2023-07-05,2,mid,none,two_day_acceleration,current_week,0.0010741138560688146,0.02309344790547807,0.013426423200859183,-0.022556390977443663,0.036519871106337254,2023H2
002942,2023-07-13,3,mid,none,pullback_holds,current_week,0.004825737265415464,0.021983914209115163,-0.049865951742627534,-0.01608579088471851,0.033243967828417986,2023H2
002942,2023-07-14,4,mid,none,pullback_holds,current_week,-0.0021333333333333204,0.02079999999999993,-0.06879999999999997,-0.011200000000000099,0.027733333333333388,2023H2
002942,2023-07-26,2,mid,none,shrinking_volume_acceleration,current_week,-0.012041884816753945,-0.08115183246073299,-0.10785340314136138,-0.0842931937172775,0.017801047120418856,2023H2
002942,2023-07-28,4,bull,none,pullback_holds,current_week,-0.06347554630593122,-0.09157127991675329,-0.1201873048907387,-0.0941727367325702,0.011446409989594342,2023H2
002942,2025-05-27,1,mid,ma_bull,two_day_acceleration,current_week,-0.01330248698669756,0.02660497397339512,-0.006940427993059384,-0.04106419895893565,0.0954308849045693,2025H1
002942,2025-05-28,2,mid,ma_bull,pullback_holds,current_week,0.01848539057841392,0.07036374478234952,0.013714967203339423,-0.011329755515801843,0.12939773404889698,2025H1
002942,2025-05-29,3,bull,ma_bull,pullback_holds,current_week,0.04035608308605343,0.049258160237388715,0.013649851632047572,-0.016023738872403492,0.12403560830860538,2025H1
002942,2025-05-30,4,mid,ma_bull,pullback_holds,current_week,0.10193003618817831,0.06755126658624833,0.04825090470446303,0.0,0.14234016887816647,2025H1
002942,2025-06-12,3,bull,ma_bull,shrinking_volume_acceleration,current_week,-0.05549327354260081,-0.047085201793722,-0.02578475336322872,-0.06670403587443952,0.030269058295964157,2025H1
002942,2025-06-13,4,bull,ma_bull,pullback_holds,current_week,-0.048268029528676815,-0.030096536059057266,-0.014196479273140272,-0.054514480408858645,0.04372515616127193,2025H1
002942,2025-06-24,1,bull,ma_bull,shrinking_volume_acceleration,current_week,-0.0022883295194507935,0.022883295194507935,0.009153318077803174,-0.03260869565217395,0.09954233409610969,2025H1
002942,2025-06-25,2,bull,ma_bull,pullback_holds,current_week,0.014518002322880363,0.026713124274099886,0.012775842044134844,-0.018002322880371624,0.11614401858304291,2025H1
002942,2025-06-30,0,bull,ma_bull,pullback_holds,current_week,0.02808022922636111,0.006876790830945723,0.21375358166189118,-0.022922636103151817,0.10143266475644697,2025H1
002942,2025-07-01,1,bull,ma_bull,pullback_holds,current_week,0.024641833810888247,-0.021203438395415275,0.16275071633237825,-0.03151862464183386,0.10143266475644697,2025H2
002942,2025-07-02,2,bull,ma_bull,pullback_holds,current_week,0.007981755986317118,-0.022234891676168544,0.09122006841505148,-0.036488027366020526,0.09578107183580387,2025H2
002942,2025-07-22,1,bull,ma_bull,pullback_holds,current_week,0.15349630471859,0.05571347356452527,0.09891984081864713,-0.011938601478112654,0.3064241046048892,2025H2
002942,2025-07-23,2,bull,ma_bull,pullback_holds,current_week,0.10126582278481022,0.06789413118527032,0.14556962025316467,0.0,0.32220943613348685,2025H2
002942,2025-07-24,3,bull,ma_bull,pullback_holds,current_week,0.04800000000000004,0.05542857142857138,0.11657142857142855,-0.004571428571428449,0.31314285714285717,2025H2
002942,2025-08-11,0,bull,ma_bull,pullback_holds,current_week,0.025276461295418384,0.015271195365982093,0.032122169562927905,-0.012111637704054767,0.05476566614007372,2025H2
002942,2025-08-15,4,bull,ma_bull,two_day_acceleration,current_week,-0.01073071027082273,-0.03985692386305573,-0.00817577925396018,-0.06745017884517124,0.023505365355135366,2025H2
002942,2025-09-01,0,bull,ma_bull,two_day_acceleration,current_week,0.02456874019864097,0.023000522739153206,-0.035546262415054874,-0.03815995818086759,0.10872974385781498,2025H2
002942,2025-09-02,1,bull,ma_bull,two_day_acceleration,current_week,-0.01926977687626774,-0.010649087221095144,-0.05223123732251511,-0.06288032454361048,0.011663286004056861,2025H2
002942,2025-09-05,4,bull,ma_bull,shrinking_volume_acceleration,current_week,0.01463669628855202,-0.03606900156821735,0.0386826973340304,-0.0418191322530056,0.042864610559330885,2025H2
002942,2025-09-15,0,bull,ma_bull,two_day_acceleration,current_week,-0.06400409626216075,-0.055299539170507006,0.07885304659498193,-0.11111111111111116,0.00972862263184826,2025H2
002942,2025-09-29,0,bull,none,pullback_holds,current_week,0.18226068144943186,0.13953488372093004,0.1406165494862086,-0.0021633315305572554,0.4872904272579772,2025H2
002942,2025-09-30,1,bull,none,pullback_holds,current_week,0.2792553191489362,0.0941489361702128,0.10904255319148937,-0.018617021276595813,0.4627659574468084,2025H2
002942,2025-10-09,3,bull,none,pullback_holds,current_week,0.4112,0.1008,0.09600000000000009,-0.006400000000000072,0.46666666666666656,2025H2
002942,2025-11-03,0,bull,ma_bull,pullback_holds,current_week,0.025527736867942963,0.010309278350515427,0.011291114383897849,-0.006381934216985741,0.060873834069710364,2025H2
002942,2025-11-04,1,bull,ma_bull,two_day_acceleration,current_week,0.005769230769230749,-0.025000000000000022,0.0028846153846153744,-0.03221153846153857,0.038942307692307665,2025H2
002942,2025-11-06,3,bull,ma_bull,pullback_holds,current_week,0.051724137931034475,-0.01379310344827589,0.03399014778325138,-0.029556650246305494,0.06453201970443345,2025H2
002942,2025-11-07,4,bull,ma_bull,pullback_holds,current_week,0.04044834307992207,-0.08382066276803113,0.017056530214424992,-0.08771929824561409,0.05311890838206623,2025H2
002942,2025-11-10,0,bull,ma_bull,shrinking_volume_acceleration,current_week,-0.012949640287769792,-0.08537170263788973,0.023501199040767418,-0.10215827338129513,0.03645083932853699,2025H2
002942,2025-12-19,4,mid,none,pullback_holds,current_week,-0.02686567164179121,0.052736318407960114,0.06417910447761188,-0.0537313432835822,0.09601990049751241,2025H2
002942,2026-01-08,3,bull,none,shrinking_volume_acceleration,current_week,0.02001953125,0.0517578125,0.03466796875,-0.02099609375,0.06884765625,2026H1
002942,2026-01-23,4,bull,ma_bull,shrinking_volume_acceleration,current_week,0.027239150507848642,-0.014312096029547527,0.016620498614958512,-0.03878116343490301,0.03554939981532779,2026H1
002942,2026-01-26,0,bull,ma_bull,two_day_acceleration,current_week,-0.027649769585253337,-0.0023041474654376115,-0.030875576036866303,-0.04055299539170498,0.033640552995391815,2026H1
002942,2026-01-30,4,bull,ma_bull,two_day_acceleration,current_week,-0.04044943820224711,-0.017078651685393242,-0.049438202247190866,-0.06426966292134828,0.040449438202247334,2026H1
002942,2026-02-24,1,bull,ma_bull,shrinking_volume_acceleration,current_week,-0.07763157894736838,-0.06315789473684219,-0.18333333333333335,-0.09868421052631582,0.04254385964912277,2026H1
002942,2026-02-27,4,bull,ma_bull,shrinking_volume_acceleration,current_week,-0.03801945181255528,-0.04111405835543769,-0.14544650751547294,-0.09151193633952259,0.0,2026H1
002942,2026-04-08,2,mid,none,pullback_holds,current_week,-0.012820512820512775,0.006666666666666599,0.02564102564102555,-0.025128205128205017,0.019487179487179374,2026H1
002942,2026-04-09,3,mid,none,pullback_holds,current_week,0.01349948078920038,-0.005192107995846351,0.015057113187954219,-0.012980269989615767,0.03219106957424711,2026H1
002942,2026-04-10,4,mid,none,pullback_holds,current_week,-0.007716049382716195,0.002572016460905324,0.002057613168724215,-0.02674897119341557,0.02263374485596703,2026H1
002942,2026-04-14,1,mid,none,pullback_holds,current_week,-0.010769230769230864,0.02205128205128193,-0.03179487179487184,-0.029743589743589705,0.03846153846153855,2026H1
002942,2026-04-16,3,mid,none,pullback_holds,current_week,-0.018442622950819665,0.03176229508196737,-0.026639344262295084,-0.030737704918032627,0.050204918032786816,2026H1
002942,2026-04-24,4,bull,none,pullback_holds,current_week,0.03590010405827271,0.013527575442247697,-0.09157127991675329,-0.004682622268470382,0.06659729448491158,2026H1
002942,2026-04-27,0,bull,none,two_day_acceleration,current_week,-0.010050251256281562,-0.0316582914572866,-0.12914572864321605,-0.03618090452261313,0.03015075376884413,2026H1
002942,2026-04-29,2,bull,none,shrinking_volume_acceleration,current_week,0.0010010010010010895,-0.044544544544544595,-0.11211211211211203,-0.06956956956956961,0.026026026026026106,2026H1
002942,2026-04-30,3,bull,none,two_day_acceleration,current_week,-0.03025793650793651,-0.05753968253968256,-0.14682539682539686,-0.07787698412698418,0.005952380952380931,2026H1
002942,2026-05-11,0,bull,none,pullback_holds,current_week,-0.05119284294234594,-0.08946322067594437,-0.20725646123260433,-0.10884691848906569,0.0,2026H1
688023,2025-08-11,0,bull,ma_bull,shrinking_volume_acceleration,current_week,0.027945489046058425,0.06555114714507515,-0.05123339658444026,-0.03915818526824211,0.10091426599965492,2025H2
688023,2025-08-15,4,bull,ma_bull,shrinking_volume_acceleration,current_week,0.07713884992987374,0.04049789621318367,-0.05101683029453008,-0.0024544179523141585,0.11886395511921455,2025H2
688023,2025-08-19,1,bull,ma_bull,pullback_holds,current_week,0.05782312925170063,-0.04863945578231299,-0.0826530612244899,-0.051530612244897966,0.0853741496598639,2025H2
688023,2025-08-20,2,bull,ma_bull,pullback_holds,current_week,-0.008389261744966459,-0.09244966442953018,-0.09412751677852349,-0.09597315436241605,0.07080536912751678,2025H2
688023,2025-08-21,3,bull,ma_bull,pullback_holds,current_week,0.034195162635529464,-0.1242702251876564,-0.11943286071726444,-0.1359466221851543,0.06455379482902424,2025H2
688023,2025-10-13,0,bull,none,pullback_holds,current_week,-0.03901170351105321,-0.007059260635333353,0.028237042541333857,-0.0906557681590191,0.016905071521456483,2025H2
688023,2025-10-29,2,bull,none,shrinking_volume_acceleration,current_week,0.06316187594553702,0.018721633888048483,0.004916792738275388,-0.0035930408472013564,0.10627836611195152,2025H2
688023,2025-11-18,1,mid,macd_stabilizing,pullback_holds,current_week,-0.014928090296741359,-0.007828144911705803,-0.08483524485709082,-0.08683779355543408,0.029492080830147538,2025H2
688023,2025-12-08,0,bull,macd_stabilizing,two_day_acceleration,current_week,-0.027751378065006715,-0.02870176772476707,0.010264208325413415,-0.06177532788443263,0.009884052461509363,2025H2
688023,2025-12-26,4,bull,none,pullback_holds,current_week,0.04015594541910317,0.16179337231968804,0.12787524366471725,-0.009746588693957059,0.25497076023391796,2025H2
688023,2025-12-31,2,bull,none,pullback_holds,current_week,0.07433217189314734,0.1287262872628725,0.08401084010840099,-0.0015485869144407083,0.2888114595431668,2025H2
688023,2026-01-05,0,bull,none,two_day_acceleration,current_week,0.19886363636363624,0.06590909090909092,0.0755681818181817,-0.0070075757575758235,0.26098484848484826,2026H1
688023,2026-02-11,2,bull,ma_bull,two_day_acceleration,current_week,-0.05215189873417714,-0.11510548523206754,-0.06413502109704639,-0.12438818565400844,0.10683544303797476,2026H1
001236,2025-08-05,1,bull,ma_bull,pullback_holds,current_week,0.05737704918032782,0.10819672131147517,-0.024590163934426257,-0.010655737704918122,0.17377049180327853,2025H2
001236,2025-08-06,2,bull,ma_bull,pullback_holds,current_week,0.04333605887162717,0.06459525756336859,-0.06295993458708093,-0.013082583810302584,0.1708912510220768,2025H2
001236,2025-08-07,3,bull,ma_bull,pullback_holds,current_week,0.07236842105263164,0.05592105263157898,-0.03125000000000011,-0.0074013157894736725,0.17763157894736836,2025H2
001236,2025-08-08,4,bull,ma_bull,pullback_holds,current_week,0.11937857726901058,0.05805396565821752,-0.027800490596892824,-0.006541291905151292,0.1708912510220768,2025H2
001236,2025-09-17,2,bull,none,pullback_holds,current_week,-0.06876553438276722,-0.09030654515327252,-0.047224523612261815,-0.10107705053852534,0.0024855012427504874,2025H2
001236,2025-10-10,4,bull,none,pullback_holds,current_week,-0.005581395348837281,0.04651162790697683,0.007441860465116301,-0.018604651162790642,0.07813953488372083,2025H2
001236,2025-10-15,2,bull,none,shrinking_volume_acceleration,current_week,0.008137432188065175,0.0433996383363473,-0.00994575045207946,-0.03526220614828213,0.05334538878842676,2025H2
001236,2025-10-21,1,bull,none,two_day_acceleration,current_week,0.017148014440433235,-0.0036101083032490378,-0.013537906137184197,-0.014440433212996373,0.051444043321299704,2025H2
001236,2025-10-22,2,bull,none,pullback_holds,current_week,0.03776978417266186,-0.0026978417266187993,-0.049460431654676285,-0.017985611510791477,0.04766187050359716,2025H2
001236,2025-10-23,3,bull,none,two_day_acceleration,current_week,-0.013181019332161759,-0.02987697715289983,-0.09578207381370829,-0.040421792618629215,0.023725834797891032,2025H2
001236,2025-10-29,2,bull,none,two_day_acceleration,current_week,-0.02889667250437833,-0.04115586690017503,-0.1155866900175132,-0.05166374781085814,0.013134851138353776,2025H2
001236,2025-11-11,1,bull,none,pullback_holds,current_week,-0.005459508644222066,-0.072793448589627,-0.036396724294813554,-0.09645131938125573,0.023657870791628843,2025H2
001236,2025-11-13,3,bull,none,pullback_holds,current_week,-0.07464028776978415,-0.08902877697841727,-0.07823741007194251,-0.10701438848920874,0.011690647482014205,2025H2
001236,2025-11-14,4,bull,none,pullback_holds,current_week,-0.09397810218978109,-0.06204379562043805,-0.0529197080291971,-0.09397810218978109,0.026459854014598383,2025H2
001236,2025-11-17,0,mid,none,pullback_holds,current_week,-0.09115523465703967,-0.06859205776173283,-0.07129963898916958,-0.10379061371841158,0.004512635379061436,2025H2
001236,2025-12-22,0,bull,none,pullback_holds,current_week,0.03044719314938149,0.016175071360609028,-0.03615604186489052,-0.011417697431018059,0.04757373929590858,2025H2
603048,2024-02-23,4,bull,none,pullback_holds,current_week,-0.0062674094707521055,-0.0062674094707521055,0.08356545961002793,-0.08077994428969348,0.06545961002785528,2024H1
603048,2024-02-26,0,bull,none,shrinking_volume_acceleration,current_week,-0.026748971193415683,0.003429355281207247,0.044581618655692656,-0.09465020576131677,0.04938271604938271,2024H1
603048,2024-02-27,1,bull,none,shrinking_volume_acceleration,current_week,-0.0900723208415517,-0.019066403681788358,0.002629848783694877,-0.13214990138067062,0.00591715976331364,2024H1
603048,2025-06-11,2,bull,ma_bull,shrinking_volume_acceleration,current_week,-0.042162162162162176,-0.003783783783783745,-0.04054054054054057,-0.09297297297297291,0.024324324324324298,2025H1
603048,2025-06-12,3,bull,ma_bull,pullback_holds,current_week,-0.05837837837837834,0.015135135135135203,-0.04270270270270271,-0.09297297297297291,0.024324324324324298,2025H1
603048,2025-06-25,2,bull,ma_bull,pullback_holds,current_week,-0.025013304949441095,-0.05534858967535916,0.023948908994146034,-0.0878126663118679,0.15114422565194263,2025H1
603048,2025-08-04,0,bull,ma_bull,two_day_acceleration,current_week,0.024870466321243567,0.0181347150259068,0.043005181347150145,-0.014507772020725396,0.02901554404145079,2025H2
603048,2025-08-06,2,bull,ma_bull,two_day_acceleration,current_week,-0.005083884087442869,0.0574478901881037,-0.009150991357397054,-0.03304524656837837,0.09913573970513467,2025H2
603048,2025-08-08,4,bull,ma_bull,shrinking_volume_acceleration,current_week,-0.014256619144602856,0.05804480651731159,0.009674134419551894,-0.031568228105906315,0.12423625254582493,2025H2
603048,2025-08-11,0,bull,ma_bull,two_day_acceleration,current_week,-0.0065722952477249574,0.048028311425682535,0.058645096056622936,-0.03842264914054605,0.11627906976744184,2025H2
603048,2025-08-18,0,bull,ma_bull,pullback_holds,current_week,0.055498981670061065,0.024949083503054803,0.04378818737270862,-0.0285132382892056,0.12423625254582493,2025H2
603048,2025-09-11,3,bull,ma_bull,shrinking_volume_acceleration,current_week,-0.03419203747072597,0.0018735362997657212,-0.11428571428571432,-0.05480093676815001,0.04309133489461359,2025H2
603048,2025-09-23,1,mid,ma_bull,pullback_holds,current_week,-0.02346743295019149,-0.04310344827586199,-0.05603448275862055,-0.10632183908045967,0.0665708812260537,2025H2
603048,2025-10-21,1,bull,none,pullback_holds,current_week,0.023955147808358834,0.0377166156982669,0.05657492354740068,-0.007135575942915473,0.06371049949031593,2025H2
603048,2025-10-22,2,bull,none,pullback_holds,current_week,-0.009547738693467367,0.03919597989949741,0.02060301507537665,-0.02110552763819107,0.04874371859296467,2025H2
603048,2025-10-23,3,bull,none,two_day_acceleration,current_week,-0.019999999999999907,0.08749999999999991,-0.005499999999999949,-0.026000000000000023,0.13749999999999996,2025H2
603048,2025-10-24,4,bull,macd_stabilizing,pullback_holds,current_week,0.011799410029498691,0.015732546705998107,-0.06833824975417901,-0.04228121927236972,0.11848574237954779,2025H2
603048,2025-11-10,0,bull,none,shrinking_volume_acceleration,current_week,-0.003328578221588274,-0.08178792201616747,0.061340941512125546,-0.11269614835948649,0.0199714693295292,2025H2
603048,2025-11-12,2,bull,none,pullback_holds,current_week,-0.025431861804222744,-0.07005758157389641,0.0998080614203456,-0.10460652591170827,0.02927063339731273,2025H2
603048,2025-11-13,3,bull,none,two_day_acceleration,current_week,-0.05150214592274671,-0.06485455412494034,0.06723891273247506,-0.11015736766809725,0.017167381974249052,2025H2
603048,2025-11-14,4,bull,none,pullback_holds,current_week,-0.09847764034253093,-0.03568030447193149,0.03853472882968623,-0.11227402473834436,0.009039010466222797,2025H2
603048,2025-12-08,0,bull,ma_bull,two_day_acceleration,current_week,-0.016282225237449044,-0.023518769787426508,-0.0474898236092266,-0.08186341022161914,0.06512890094979662,2025H2
603048,2026-01-05,0,bull,ma_bull,pullback_holds,current_week,0.016378100140383545,0.029480580252690736,0.017781937295273664,-0.028544688816097286,0.05381375760411777,2026H1
603048,2026-01-06,1,bull,ma_bull,pullback_holds,current_week,0.002331002331002363,0.025174825174825388,0.025641025641025772,-0.03216783216783203,0.04988344988344995,2026H1
603048,2026-01-09,4,bull,ma_bull,two_day_acceleration,current_week,-0.014918625678119413,0.018535262206148317,0.0,-0.05334538878842676,0.032549728752260254,2026H1
603048,2026-02-11,2,bull,ma_bull,shrinking_volume_acceleration,current_week,0.0312907431551499,-0.04476314645806179,-0.07170795306388533,-0.06736201651455886,0.1282051282051282,2026H1
603048,2026-02-13,4,mid,ma_bull,two_day_acceleration,current_week,-0.04599156118143455,-0.08227848101265822,-0.210548523206751,-0.11139240506329118,0.09535864978902953,2026H1
603048,2026-02-27,4,bull,ma_bull,two_day_acceleration,current_week,-0.042365771812080455,-0.07969798657718119,-0.12751677852348986,-0.11661073825503365,0.015520134228187876,2026H1
603048,2026-04-10,4,mid,macd_stabilizing,two_day_acceleration,current_week,-0.03656943839791027,-0.027862429255550603,0.018284719198955246,-0.047453199825859826,0.04397039616891596,2026H1
603048,2026-04-23,3,bull,none,pullback_holds,current_week,0.05166217430368358,0.05031446540880502,-0.0417789757412399,-0.022911051212938127,0.07726864330637917,2026H1
603048,2026-04-27,0,bull,ma_bull,pullback_holds,current_week,0.04205816554809827,0.04250559284116329,-0.06756152125279646,-0.02684563758389269,0.07293064876957489,2026H1
603048,2026-05-08,4,bull,ma_bull,shrinking_volume_acceleration,current_week,-0.025501672240802797,-0.06312709030100339,-0.1308528428093646,-0.08486622073578598,0.0012541806020065493,2026H1
600743,2025-02-07,4,mid,none,two_day_acceleration,current_week,-0.005050505050505083,-0.025252525252525304,-0.04040404040404033,-0.03535353535353525,0.05050505050505061,2025H1
600743,2025-02-11,1,mid,none,pullback_holds,current_week,-0.03960396039603964,-0.02970297029702973,-0.0643564356435643,-0.05445544554455439,0.02970297029702973,2025H1
600743,2025-02-17,0,bull,none,shrinking_volume_acceleration,current_week,-0.010000000000000009,-0.025000000000000022,-0.05499999999999994,-0.04499999999999993,0.020000000000000018,2025H1
600743,2025-02-25,1,bull,none,pullback_holds,current_week,-0.020304568527918843,-0.04060913705583746,-0.09137055837563446,-0.055837563451776595,0.035532994923857864,2025H1
600743,2025-02-27,3,bull,none,pullback_holds,current_week,-0.015228426395939132,-0.07614213197969544,-0.08629441624365475,-0.08121827411167504,0.010152284263959421,2025H1
600743,2025-03-17,0,bull,none,pullback_holds,current_week,-0.0634920634920636,-0.07407407407407418,-0.10582010582010593,-0.07936507936507942,0.010582010582010692,2025H1
600743,2025-03-20,3,bull,none,pullback_holds,current_week,-0.03743315508021394,-0.053475935828877,-0.053475935828877,-0.06951871657754016,0.005347593582887722,2025H1
600743,2025-06-24,1,bull,ma_bull,two_day_acceleration,current_week,0.05164319248826299,0.04225352112676073,0.06103286384976547,-0.018779342723004744,0.0938967136150235,2025H1
600743,2025-06-25,2,bull,ma_bull,pullback_holds,current_week,0.06190476190476191,0.06666666666666665,0.0714285714285714,-0.004761904761904856,0.10952380952380958,2025H1
600743,2025-06-26,3,bull,ma_bull,pullback_holds,current_week,0.06161137440758302,0.10426540284360208,0.07109004739336511,-0.004739336492890933,0.1090047393364928,2025H1
600743,2025-07-07,0,bull,ma_bull,shrinking_volume_acceleration,current_week,-0.013157894736842257,-0.021929824561403577,-0.061403508771929904,-0.04824561403508787,0.04824561403508776,2025H2
600743,2025-07-21,0,bull,ma_bull,pullback_holds,current_week,-0.01777777777777778,-0.04888888888888887,-0.08000000000000007,-0.06666666666666665,0.017777777777777892,2025H2
600743,2025-07-22,1,bull,ma_bull,pullback_holds,current_week,-0.022222222222222143,-0.04888888888888887,-0.06666666666666665,-0.06666666666666665,0.017777777777777892,2025H2
600743,2025-07-23,2,bull,ma_bull,pullback_holds,current_week,-0.03125000000000011,-0.049107142857143016,-0.0625,-0.0625,0.017857142857142794,2025H2
600743,2025-07-24,3,bull,ma_bull,pullback_holds,current_week,-0.0663716814159293,-0.06194690265486735,-0.07079646017699126,-0.07079646017699126,0.0,2025H2
600743,2025-07-25,4,bull,ma_bull,pullback_holds,current_week,-0.04484304932735428,-0.04484304932735428,0.017937219730941756,-0.058295964125560484,0.004484304932735439,2025H2
600743,2025-08-11,0,bull,none,pullback_holds,current_week,-0.04608294930875578,0.018433179723502224,-0.027649769585253448,-0.05069124423963123,0.06451612903225823,2025H2
600743,2025-08-12,1,bull,none,pullback_holds,current_week,-0.032258064516129004,0.009216589861751112,-0.009216589861751112,-0.05069124423963123,0.06451612903225823,2025H2
600743,2025-08-13,2,bull,none,pullback_holds,current_week,-0.023255813953488302,-0.009302325581395321,0.009302325581395321,-0.041860465116279055,0.07441860465116279,2025H2
600743,2025-09-09,1,bull,none,pullback_holds,current_week,0.0976744186046512,-0.037209302325581395,-0.018604651162790753,-0.04651162790697683,0.14418604651162803,2025H2
600743,2025-10-10,4,bull,none,pullback_holds,current_week,-0.009615384615384581,0.033653846153846034,0.033653846153846034,-0.028846153846153855,0.08173076923076916,2025H2
600743,2025-11-04,1,bull,none,pullback_holds,current_week,0.023364485981308247,0.051401869158878455,0.004672897196261516,-0.009345794392523366,0.09345794392523343,2025H2
600743,2025-11-05,2,bull,none,two_day_acceleration,current_week,-0.004524886877827927,-0.018099547511312264,-0.03619909502262442,-0.040723981900452455,0.05882352941176472,2025H2
600743,2025-11-06,3,bull,none,pullback_holds,current_week,0.04166666666666652,-0.004629629629629761,-0.03240740740740755,-0.02777777777777779,0.08333333333333326,2025H2
600743,2025-11-07,4,bull,none,pullback_holds,current_week,0.05581395348837215,-0.037209302325581395,-0.018604651162790753,-0.041860465116279055,0.08837209302325588,2025H2
600743,2025-11-10,0,bull,none,pullback_holds,current_week,0.06912442396313367,-0.032258064516129004,0.02764976958525356,-0.055299539170507006,0.07834101382488479,2025H2
600743,2025-11-13,3,bull,none,two_day_acceleration,current_week,-0.04017857142857151,-0.05803571428571441,-0.08482142857142871,-0.08482142857142871,0.044642857142856984,2025H2
600743,2025-11-17,0,mid,macd_cross,shrinking_volume_acceleration,current_week,-0.10256410256410242,-0.08119658119658113,-0.14957264957264949,-0.12393162393162394,0.0,2025H2
600743,2025-12-01,0,mid,none,pullback_holds,current_week,0.037209302325581506,-0.07441860465116279,-0.07441860465116279,-0.08372093023255811,0.07906976744186034,2025H2
600743,2026-06-03,2,mid,ma_bull,pullback_holds,current_week,-0.09411764705882364,-0.17647058823529416,-0.16078431372549018,-0.1960784313725492,0.10980392156862728,2026H1
600743,2026-08-28,4,mid,none,shrinking_volume_acceleration,current_week,-0.13765182186234826,-0.16194331983805677,,-0.17408906882591102,0.0,2026H2
002885,2023-03-06,0,bull,ma_bull,shrinking_volume_acceleration,current_week,-0.09060052219321169,-0.12637075718015678,-0.07832898172323755,-0.1686684073107051,0.004960835509138395,2023H1
002885,2023-04-21,4,mid,none,pullback_holds,current_week,-0.07597597597597594,-0.05255255255255242,-0.06396396396396387,-0.12702702702702695,0.006006006006006093,2023H1
002885,2023-05-11,3,mid,none,pullback_holds,current_week,0.00222717149220486,0.02895322939866385,-0.39548202354438433,-0.034998409163219835,0.042952593063951605,2023H1
002885,2025-07-03,3,bull,macd_cross,shrinking_volume_acceleration,current_week,0.03214285714285725,0.0407142857142857,0.00642857142857145,-0.018571428571428572,0.09499999999999997,2025H2
002885,2025-07-07,0,bull,none,pullback_holds,current_week,0.06657122405153904,0.04294917680744459,0.04509663564781663,-0.005010737294201872,0.09735146743020762,2025H2
002885,2025-07-08,1,bull,ma_bull,two_day_acceleration,current_week,0.02359472588480216,0.0,0.015961138098542715,-0.014573213046495392,0.06384455239417064,2025H2
002885,2025-07-11,4,bull,none,pullback_holds,current_week,0.0069735006973501434,0.002789400278940146,0.09274755927475598,-0.013947001394700065,0.06903765690376562,2025H2
002885,2025-07-17,3,bull,ma_bull,pullback_holds,current_week,-0.02857142857142858,-0.04149659863945587,0.05034013605442156,-0.04489795918367345,0.0006802721088434716,2025H2
002885,2025-07-18,4,bull,ma_bull,pullback_holds,current_week,0.0,-0.013908205841446475,0.1418636995827538,-0.02364394993045893,0.01668984700973586,2025H2
002885,2025-07-28,0,bull,ma_bull,pullback_holds,current_week,0.015299026425591,0.13630041724617525,0.12239221140472867,-0.02364394993045893,0.13977746870653673,2025H2
002885,2025-07-29,1,bull,ma_bull,pullback_holds,current_week,0.017373175816539188,0.12578179291174418,0.12230715774843626,-0.02432244614315493,0.13898540653231417,2025H2
002885,2025-08-04,0,bull,ma_bull,two_day_acceleration,current_week,0.11917808219178094,0.16301369863013715,0.08082191780821923,-0.006164383561643838,0.20136986301369864,2025H2
002885,2025-09-16,1,bull,ma_bull,pullback_holds,current_week,0.04469987228607919,0.18965517241379293,0.5459770114942528,-0.009578544061302652,0.2515964240102171,2025H2
002885,2025-09-17,2,bull,ma_bull,pullback_holds,current_week,0.11824539097266373,0.18563254926891304,0.410680228862047,-0.013986013986014068,0.26891290527654177,2025H2
002885,2025-09-18,3,mid,ma_bull,two_day_acceleration,current_week,0.18437499999999996,0.2825,0.4575,-0.026249999999999996,0.2825,2025H2
002885,2025-09-19,4,mid,ma_bull,pullback_holds,current_week,0.21728081321473947,0.34116899618805596,0.5603557814485389,-0.004447268106734459,0.37547649301143604,2025H2
002885,2025-09-23,1,mid,ma_bull,two_day_acceleration,current_week,0.13805742211362237,0.4581551618814905,0.5589492974954182,-0.017104459376909076,0.4581551618814905,2025H2
002885,2025-12-22,0,bull,none,shrinking_volume_acceleration,current_week,0.02709923664122149,0.022900763358778775,0.14160305343511448,-0.03549618320610681,0.1251908396946566,2025H2
002885,2026-01-05,0,bull,none,shrinking_volume_acceleration,current_week,0.0823300970873786,0.14019417475728146,0.01941747572815533,-0.0027184466019417597,0.1405825242718446,2026H1
002885,2026-01-06,1,bull,none,shrinking_volume_acceleration,current_week,0.07906976744186034,0.09534883720930232,0.058139534883721034,-0.0007751937984495916,0.1589147286821706,2026H1
002885,2026-01-07,2,bull,none,two_day_acceleration,current_week,0.06440677966101704,0.12655367231638426,0.036534839924670326,-0.009792843691148856,0.17099811676082854,2026H1
002885,2026-01-09,4,bull,none,two_day_acceleration,current_week,-0.007879656160458492,0.06017191977077352,-0.06912607449856734,-0.05408309455587401,0.11353868194842409,2026H1
002885,2026-01-14,2,bull,ma_bull,two_day_acceleration,current_week,0.07900432900432897,-0.011544011544011412,-0.04184704184704169,-0.015151515151515138,0.12157287157287167,2026H1
002885,2026-01-23,4,bull,ma_bull,shrinking_volume_acceleration,current_week,-0.13040517534899565,-0.11508341845420489,0.03609124957439569,-0.15832482124616964,0.014640789921688713,2026H1
002885,2026-02-04,2,mid,ma_bull,pullback_holds,current_week,-0.02317028319235004,0.1496873850680398,0.14821625597646193,-0.05479955866127262,0.15888194189040084,2026H1
002885,2026-03-06,4,bull,ma_bull,shrinking_volume_acceleration,current_week,-0.06012658227848111,-0.20443037974683542,-0.2756329113924051,-0.20537974683544313,0.059493670886076044,2026H1
002885,2026-03-10,1,bull,ma_bull,shrinking_volume_acceleration,current_week,-0.18069381598793355,-0.2675716440422322,-0.2615384615384615,-0.2941176470588235,0.0,2026H1
002885,2026-04-10,4,mid,none,two_day_acceleration,current_week,0.08957055214723941,0.26462167689161564,0.7398773006134969,-0.0032719836400817437,0.3517382413087933,2026H1
002885,2026-04-16,3,mid,none,shrinking_volume_acceleration,current_week,0.18309859154929597,0.18995051389417594,0.7586600685192235,-0.014084507042253391,0.2580890749904834,2026H1
002885,2026-04-17,4,mid,none,shrinking_volume_acceleration,current_week,0.15761886933732683,0.25533508049419695,0.7970797454137026,-0.002246349681767068,0.27031074503931096,2026H1
002885,2026-04-22,2,bull,none,shrinking_volume_acceleration,current_week,0.004918032786885407,0.28622950819672144,0.6721311475409837,-0.04819672131147534,0.33999999999999986,2026H1
002885,2026-06-18,3,bull,ma_bull,shrinking_volume_acceleration,current_week,-0.05767484105358767,-0.10036330608537702,-0.40599455040871935,-0.1439600363306085,0.10127157129881925,2026H1
002885,2026-08-31,0,bull,none,pullback_holds,current_week,0.04234640749739671,-0.056924678930926786,,-0.11593196806664363,0.05866018743491841,2026H2
002885,2026-09-03,3,mid,none,two_day_acceleration,current_week,-0.06586206896551727,,,-0.12172413793103454,0.051724137931034475,2026H2
002885,2026-09-09,2,bull,none,pullback_holds,current_week,,,,-0.06737458806298069,0.017942145734163306,2026H2
600933,2023-03-01,2,bull,ma_bull,pullback_holds,current_week,-0.04340836012861726,-0.07797427652733113,-0.006832797427652637,-0.09364951768488738,0.010048231511254002,2023H1
600933,2023-04-17,0,bull,none,pullback_holds,current_week,-0.05929558626839049,-0.14935354436023174,-0.10610789121711983,-0.15604101649576463,0.007579135086937194,2023H1
600933,2023-05-11,3,mid,none,pullback_holds,current_week,0.03457172342621262,0.06553147574819418,0.051083591331269496,-0.014447884416924572,0.10629514963880293,2023H1
600933,2023-05-15,0,mid,none,two_day_acceleration,current_week,0.006483790523690747,0.07231920199501252,0.11471321695760595,-0.01945137157107235,0.12219451371571077,2023H1
600933,2023-05-22,0,mid,none,two_day_acceleration,current_week,0.06541129831516357,0.07185332011892953,0.10406342913776023,-0.013379583746283452,0.11496531219028738,2023H1
600933,2023-07-27,3,mid,ma_bull,pullback_holds,current_week,0.007070260715863919,0.016349977905435242,-0.027839151568714082,-0.013698630136986245,0.05700397702165283,2023H2
600933,2023-07-28,4,bull,ma_bull,pullback_holds,current_week,-0.009862778730703292,-0.02615780445969118,-0.07461406518010283,-0.04073756432247,0.025728987993139052,2023H2
600933,2023-09-12,1,mid,ma_bull,pullback_holds,current_week,-0.02062272543469479,-0.03437120905782454,-0.05054589567327128,-0.06429437929640114,0.010917913465426698,2023H2
600933,2025-09-12,4,bull,ma_bull,pullback_holds,current_week,0.1733604473817998,0.1652262328418912,0.10676156583629881,0.0,0.2450432130147433,2025H2
600933,2025-09-25,3,bull,ma_bull,two_day_acceleration,current_week,-0.08795331388078376,-0.16256773655689882,-0.05794080867027929,-0.19299708211754907,0.020425177157148644,2025H2
600933,2025-10-22,2,bull,ma_bull,pullback_holds,current_week,0.02863636363636357,-0.013636363636363669,-0.11363636363636365,-0.05909090909090908,0.05772727272727263,2025H2
600933,2025-12-01,0,mid,none,pullback_holds,current_week,0.010389610389610393,-0.007792207792207684,-0.002077922077922012,-0.02753246753246763,0.025974025974025983,2025H2
600933,2025-12-24,2,bull,none,pullback_holds,current_week,0.06068601583113464,0.0712401055408971,0.08126649076517167,-0.0031662269129286713,0.09920844327176792,2025H2
600933,2025-12-25,3,bull,none,two_day_acceleration,current_week,0.05353430353430344,0.048856548856548665,0.02079002079002068,-0.007796257796257922,0.08264033264033266,2025H2
600933,2026-02-05,3,mid,none,pullback_holds,current_week,-0.04316172646905869,-0.041081643265730605,-0.08476339053562132,-0.06396255850234012,0.010920436817472678,2026H1
603018,2023-04-17,0,bull,ma_bull,pullback_holds,current_week,-0.0344827586206895,0.0355603448275863,0.09590517241379315,-0.07650862068965503,0.0398706896551726,2023H1
603018,2023-09-04,0,mid,none,two_day_acceleration,current_week,-0.01286549707602358,-0.029239766081871288,-0.07602339181286555,-0.0491228070175439,0.007017543859648923,2023H2
603018,2023-09-11,0,mid,none,pullback_holds,current_week,-0.017751479289940697,-0.03313609467455614,-0.0828402366863904,-0.05088757396449706,0.004733727810650956,2023H2
603018,2023-09-18,0,mid,none,pullback_holds,current_week,-0.020383693045563533,-0.052757793764987904,-0.09472422062350117,-0.05875299760191843,0.0011990407673860837,2023H2
603018,2023-09-19,1,mid,none,pullback_holds,current_week,-0.013301088270858408,-0.03627569528415964,-0.045949214026602014,-0.050785973397823314,0.006045949214026791,2023H2
603018,2025-02-07,4,mid,macd_cross,two_day_acceleration,current_week,0.01414581066376508,-0.015233949945592906,-0.06202393906420001,-0.020674646354733373,0.03482045701849845,2025H1
603018,2025-02-10,0,mid,none,two_day_acceleration,current_week,0.0,0.003225806451612856,-0.07311827956989247,-0.032258064516129115,0.02043010752688157,2025H1
603018,2025-02-25,1,bull,none,pullback_holds,current_week,-0.021881838074398363,-0.07002188183807445,-0.09190371991247259,-0.07986870897155363,0.03063457330415753,2025H1
603018,2025-02-27,3,bull,none,pullback_holds,current_week,-0.040437158469945444,-0.05683060109289617,-0.0950819672131149,-0.08087431693989078,0.0010928961748633004,2025H1
603018,2025-03-17,0,bull,none,pullback_holds,current_week,-0.03939745075318657,-0.056778679026651235,-0.14600231749710324,-0.06604866743916571,0.031286210892236266,2025H1
603018,2025-03-19,2,bull,none,pullback_holds,current_week,-0.049142857142857155,-0.059428571428571386,-0.16914285714285704,-0.07885714285714285,0.012571428571428456,2025H1
603018,2025-03-20,3,bull,none,pullback_holds,current_week,-0.04936854190585549,-0.05281285878300812,-0.15958668197474168,-0.07462686567164178,0.0,2025H1
300074,2023-04-04,1,bull,ma_bull,pullback_holds,current_week,0.01348314606741563,-0.03146067415730325,-0.07191011235955058,-0.04719101123595504,0.051685393258426915,2023H1
300074,2023-06-13,1,mid,macd_cross,shrinking_volume_acceleration,current_week,-0.022321428571428714,-0.033482142857142905,-0.07589285714285732,-0.09598214285714302,0.008928571428571397,2023H1
300074,2023-06-15,3,mid,macd_cross,pullback_holds,current_week,-0.059090909090909194,-0.02954545454545454,-0.00909090909090915,-0.0795454545454547,0.027272727272727337,2023H1
300074,2023-06-16,4,mid,macd_cross,pullback_holds,current_week,-0.0449438202247191,-0.035955056179775347,-0.026966292134831482,-0.08988764044943831,0.006741573033707926,2023H1
300074,2023-07-26,2,mid,macd_stabilizing,pullback_holds,current_week,0.0254629629629628,0.0254629629629628,-0.01620370370370372,-0.02314814814814825,0.05092592592592582,2023H2
300074,2023-07-31,0,bull,none,two_day_acceleration,current_week,0.011415525114155223,-0.006849315068492956,-0.06164383561643827,-0.04337899543378987,0.0365296803652968,2023H2
300074,2023-08-03,3,bull,none,pullback_holds,current_week,0.011467889908256756,-0.01834862385321101,0.013761467889908063,-0.05963302752293598,0.041284403669724634,2023H2
300074,2023-09-06,2,mid,macd_cross,two_day_acceleration,current_week,-0.05494505494505497,-0.06153846153846143,0.01758241758241752,-0.08351648351648344,0.021978021978022122,2023H2
300074,2023-11-07,1,mid,ma_bull,two_day_acceleration,current_week,0.026530612244897833,0.01836734693877551,-0.028571428571428692,-0.028571428571428692,0.05306122448979589,2023H2
300074,2023-11-10,4,mid,ma_bull,shrinking_volume_acceleration,current_week,0.053608247422680444,-0.01030927835051565,-0.024742268041237137,-0.01855670103092799,0.06391752577319587,2023H2
300074,2023-11-14,1,mid,ma_bull,two_day_acceleration,current_week,-0.015779092702169595,-0.041420118343195256,-0.015779092702169595,-0.06706114398422092,0.017751479289940697,2023H2
300074,2023-11-16,3,mid,ma_bull,shrinking_volume_acceleration,current_week,-0.017892644135188873,-0.04970178926441349,-0.003976143141153132,-0.061630218687872884,0.021868787276341894,2023H2
300074,2023-11-17,4,mid,ma_bull,shrinking_volume_acceleration,current_week,-0.0625,-0.04296875,-0.033203125,-0.07812500000000011,0.0,2023H2
300074,2024-01-04,3,mid,none,pullback_holds,current_week,-0.019230769230769162,-0.07905982905982889,-0.24572649572649563,-0.11111111111111105,0.0064102564102563875,2024H1
300074,2025-04-23,2,mid,none,pullback_holds,current_week,0.028708133971291794,0.07894736842105265,0.07894736842105265,-0.03349282296650713,0.09569377990430628,2025H1
300074,2025-04-25,4,mid,none,pullback_holds,current_week,0.07748184019370474,0.08232445520581111,0.06295399515738498,-0.021791767554479424,0.10895883777239712,2025H1
300074,2025-04-29,1,mid,none,shrinking_volume_acceleration,current_week,0.06190476190476191,0.042857142857142705,0.05476190476190457,0.0,0.09047619047619038,2025H1
300074,2025-04-30,2,mid,none,two_day_acceleration,current_week,0.03917050691244239,0.03456221198156695,0.025345622119815836,-0.004608294930875445,0.055299539170506895,2025H1
300074,2025-05-06,1,mid,none,shrinking_volume_acceleration,current_week,-0.013303769401330268,0.015521064301552201,-0.015521064301551979,-0.042128603104212736,0.019955654101995624,2025H1
300074,2025-05-08,3,bull,none,shrinking_volume_acceleration,current_week,-0.03938730853391703,-0.01094091903719907,0.0,-0.054704595185995575,0.010940919037199182,2025H1
300074,2025-05-12,0,bull,none,shrinking_volume_acceleration,current_week,-0.01535087719298256,-0.010964912280701955,0.004385964912280604,-0.052631578947368474,0.013157894736842035,2025H1
300074,2025-05-21,2,bull,none,pullback_holds,current_week,-0.022271714922049157,0.013363028953229383,0.017817371937639104,-0.03563474387527843,0.028953229398663627,2025H1
300074,2025-05-22,3,bull,none,pullback_holds,current_week,0.004405286343612369,0.006607929515418665,-0.013215859030836885,-0.04625550660792954,0.008810572687224738,2025H1
300074,2025-05-27,1,mid,none,pullback_holds,current_week,-0.004484304932735328,0.03363228699551568,0.07399103139013463,-0.022421524663677084,0.047085201793722,2025H1
300074,2025-05-28,2,mid,none,pullback_holds,current_week,0.03409090909090895,0.05681818181818188,0.09772727272727266,-0.00454545454545463,0.06363636363636349,2025H1
300074,2025-05-30,4,mid,none,pullback_holds,current_week,0.05454545454545445,0.045454545454545414,0.1090909090909089,0.0,0.06363636363636349,2025H1
300074,2025-06-03,1,bull,none,pullback_holds,current_week,0.02921348314606731,0.038202247191011285,0.09887640449438195,-0.006741573033707926,0.051685393258426915,2025H1
300074,2025-06-04,2,bull,none,pullback_holds,current_week,0.031319910514541416,0.055928411633109576,0.09619686800894867,-0.006711409395973034,0.055928411633109576,2025H1
300074,2025-06-11,2,bull,none,shrinking_volume_acceleration,current_week,0.028322440087146017,0.04357298474945548,0.0915032679738561,-0.039215686274509776,0.04357298474945548,2025H1
300074,2025-06-12,3,bull,none,two_day_acceleration,current_week,-0.017204301075268824,0.038709677419354716,0.08172043010752694,-0.05161290322580647,0.04516129032258065,2025H1
300074,2025-06-16,0,bull,none,pullback_holds,current_week,0.01304347826086949,0.060869565217391175,0.08913043478260851,-0.04130434782608705,0.06956521739130417,2025H1
300074,2025-06-17,1,bull,none,pullback_holds,current_week,0.03470715835141003,0.06073752711496727,0.07375271149674623,-0.04338394793926248,0.0780911062906724,2025H1
300074,2025-06-18,2,bull,macd_cross,two_day_acceleration,current_week,0.006302521008403339,0.02941176470588247,0.050420168067226934,-0.07352941176470584,0.044117647058823595,2025H1
300074,2025-06-26,3,bull,macd_cross,two_day_acceleration,current_week,0.016563146997929712,0.04140786749482395,0.05590062111801242,-0.0041407867494822614,0.05175983436852993,2025H1
300074,2025-06-30,0,bull,none,shrinking_volume_acceleration,current_week,0.014344262295082011,0.026639344262294973,0.061475409836065475,-0.012295081967213073,0.040983606557376984,2025H1
300074,2025-07-07,0,bull,ma_bull,shrinking_volume_acceleration,current_week,0.010080645161290258,0.032258064516129004,0.05443548387096775,-0.028225806451612878,0.040322580645161255,2025H2
300074,2025-07-08,1,bull,ma_bull,two_day_acceleration,current_week,-0.011976047904191489,0.009980039920159722,0.05788423153692612,-0.03792415169660668,0.029940119760479167,2025H2
300074,2025-07-17,3,bull,ma_bull,shrinking_volume_acceleration,current_week,0.007905138339920903,-0.0019762845849803368,0.01383399209486158,-0.017786561264822254,0.035573122529644285,2025H2
300074,2025-08-05,1,bull,ma_bull,two_day_acceleration,current_week,0.013232514177693888,0.017013232514177634,-0.056710775047258966,-0.032136105860113395,0.03780718336483946,2025H2
300074,2025-08-06,2,bull,ma_bull,two_day_acceleration,current_week,-0.023897058823529438,-0.003676470588235392,-0.11580882352941169,-0.05882352941176472,0.009191176470588092,2025H2
300074,2025-08-18,0,bull,ma_bull,two_day_acceleration,current_week,0.011278195488721776,-0.03007518796992481,-0.08082706766917302,-0.06015037593984962,0.06203007518796988,2025H2
300074,2025-08-22,4,bull,ma_bull,shrinking_volume_acceleration,current_week,-0.06739526411657559,-0.10200364298724962,-0.14389799635701273,-0.13843351548269578,0.02914389799635697,2025H2
300074,2025-09-01,0,bull,ma_bull,shrinking_volume_acceleration,current_week,-0.04255319148936165,-0.05415860735009681,-0.0851063829787233,-0.0851063829787233,0.0,2025H2
300074,2025-09-11,3,bull,none,pullback_holds,current_week,-0.029999999999999916,-0.06799999999999995,-0.09399999999999997,-0.10799999999999998,0.008000000000000007,2025H2
300074,2025-09-17,2,bull,none,pullback_holds,current_week,-0.03822937625754519,-0.06438631790744453,-0.03219315895372221,-0.10261569416498995,0.010060362173038406,2025H2
300074,2025-09-29,0,bull,none,pullback_holds,current_week,-0.029598308668076223,0.004228329809724984,0.07610993657505283,-0.08033826638477803,0.012684989429175397,2025H2
300074,2025-10-13,0,bull,none,pullback_holds,current_week,-0.004273504273504147,0.03418803418803429,0.11965811965811968,-0.03632478632478631,0.044871794871794934,2025H2
300074,2025-10-15,2,bull,none,pullback_holds,current_week,0.012765957446808418,0.029787234042553123,0.1063829787234043,-0.04042553191489373,0.08510638297872353,2025H2
300074,2025-10-21,1,bull,none,pullback_holds,current_week,0.04631578947368409,0.07157894736842096,0.11368421052631583,-0.012631578947368327,0.0736842105263158,2025H2
300074,2025-10-23,3,bull,none,two_day_acceleration,current_week,-0.006237006237006293,0.04989604989604968,0.07692307692307665,-0.016632016632016633,0.06652806652806631,2025H2
300074,2025-11-04,1,bull,none,two_day_acceleration,current_week,0.03984063745019917,0.05378486055776888,0.03984063745019917,-0.003984063745020028,0.08366533864541825,2025H2
300074,2025-11-10,0,bull,macd_cross,two_day_acceleration,current_week,0.03244274809160297,-0.011450381679389388,-0.020992366412213803,-0.06488549618320605,0.03816793893129766,2025H2
300074,2026-01-05,0,bull,none,two_day_acceleration,current_week,0.0926315789473684,0.07578947368421063,-0.025263157894736876,-0.03368421052631587,0.12210526315789472,2026H1
300074,2026-01-06,1,bull,none,pullback_holds,current_week,0.08704883227176219,0.0849256900212314,-0.004246284501061459,-0.02547770700636942,0.13163481953290868,2026H1
300074,2026-02-06,4,mid,none,shrinking_volume_acceleration,current_week,0.03340292275574108,-0.012526096033402823,-0.018789144050104345,-0.014613778705636848,0.056367432150313146,2026H1
300074,2026-02-09,0,bull,macd_stabilizing,two_day_acceleration,current_week,0.02448979591836742,-0.08571428571428574,-0.06326530612244907,-0.08979591836734702,0.03265306122448974,2026H1
300074,2026-02-11,2,bull,macd_stabilizing,pullback_holds,current_week,-0.008000000000000007,-0.07799999999999996,-0.07999999999999985,-0.124,0.01200000000000001,2026H1
300074,2026-02-12,3,bull,macd_stabilizing,pullback_holds,current_week,0.004048582995951344,-0.03441295546558698,-0.12348178137651822,-0.11336032388663975,0.02429149797570851,2026H1
300074,2026-02-13,4,mid,macd_stabilizing,pullback_holds,current_week,-0.05776892430278879,-0.06573705179282874,-0.19920318725099595,-0.12749003984063756,0.007968127490039834,2026H1
300074,2026-02-24,1,bull,none,two_day_acceleration,current_week,-0.10756972111553786,-0.03386454183266929,-0.16135458167330685,-0.12749003984063756,0.007968127490039834,2026H1
601827,2023-11-23,3,mid,macd_cross,pullback_holds,current_week,0.007957559681697646,-0.0053050397877983935,-0.0026525198938991412,-0.019893899204244003,0.019893899204244114,2023H2
601827,2024-01-02,1,mid,ma_bull,two_day_acceleration,current_week,0.01963350785340312,0.017015706806282616,0.0013089005235602524,-0.007853403141361293,0.043193717277486776,2024H1
601827,2024-01-26,4,mid,ma_bull,pullback_holds,current_week,-0.07003891050583655,-0.04150453955901423,-0.05188067444876776,-0.13229571984435795,0.012970168612192134,2024H1
601827,2024-02-19,0,mid,macd_stabilizing,pullback_holds,current_week,-0.006775067750677488,-0.009485094850948395,0.08672086720867211,-0.031165311653116423,0.013550135501354976,2024H1
601827,2024-03-18,0,bull,macd_cross,two_day_acceleration,current_week,-0.03491271820448871,-0.04239401496259354,-0.021197007481296604,-0.061097256857855275,0.0024937655860350905,2024H1
601827,2024-03-21,3,bull,macd_cross,shrinking_volume_acceleration,current_week,0.015228426395939021,-0.016497461928933976,0.0076142131979695105,-0.04441624365482233,0.020304568527918843,2024H1
601827,2024-05-09,3,bull,ma_bull,two_day_acceleration,current_week,0.036144578313252795,0.04819277108433728,0.028915662650602414,-0.010843373493975905,0.0734939759036144,2024H1
601827,2024-05-14,1,bull,ma_bull,two_day_acceleration,current_week,0.0185185185185186,0.0219907407407407,-0.02083333333333326,-0.012731481481481621,0.03125,2024H1
601827,2024-05-17,4,bull,ma_bull,shrinking_volume_acceleration,current_week,0.010428736964078755,0.018539976825028948,-0.03360370799536516,-0.006952491309385911,0.03244495944380055,2024H1
601827,2024-05-27,0,mid,ma_bull,two_day_acceleration,current_week,-0.026966292134831482,-0.053932584269662964,-0.059550561797752755,-0.06516853932584266,0.0011235955056179137,2024H1
601827,2024-05-28,1,mid,ma_bull,pullback_holds,current_week,-0.016910935738444266,-0.04622322435174753,-0.059751972942502896,-0.06200676437429542,0.0011273957158961512,2024H1
601827,2024-05-31,4,mid,ma_bull,pullback_holds,current_week,-0.026315789473684292,-0.04576659038901609,-0.003432494279176135,-0.05606407322654461,0.008009153318077944,2024H1
601827,2024-07-15,0,mid,ma_bull,two_day_acceleration,current_week,-0.028888888888888853,0.012222222222222134,-0.01666666666666672,-0.046666666666666634,0.02444444444444449,2024H2
601827,2024-09-24,1,mid,none,two_day_acceleration,current_week,0.12747524752475248,0.09777227722772297,0.11633663366336622,-0.007425742574257432,0.1992574257425741,2024H2
601827,2024-09-26,3,bull,none,shrinking_volume_acceleration,current_week,0.10640870616686837,0.0761789600967353,0.058041112454655375,-0.0036275695284159193,0.17170495767835559,2024H2
601827,2024-10-22,1,bull,none,shrinking_volume_acceleration,current_week,-0.020629750271444203,-0.0456026058631922,-0.061889250814332275,-0.06406080347448428,0.005428881650379802,2024H2
601827,2024-11-07,3,bull,none,shrinking_volume_acceleration,current_week,-0.04357541899441342,-0.02905027932960913,-0.025698324022346397,-0.05251396648044704,0.005586592178770777,2024H2
601827,2024-11-08,4,bull,none,pullback_holds,current_week,-0.03841807909604522,-0.04406779661016935,-0.001129943502824804,-0.04519774011299438,0.015819209039548143,2024H2
601827,2024-11-25,0,mid,none,shrinking_volume_acceleration,current_week,0.024705882352941355,0.03764705882352937,-0.005882352941176561,-0.020000000000000018,0.04470588235294137,2024H2
601827,2024-11-28,3,mid,none,pullback_holds,current_week,0.027090694935217874,0.058892815076560634,0.004711425206124664,-0.0035335689045935537,0.0624263839811543,2024H2
601827,2024-11-29,4,mid,none,pullback_holds,current_week,0.024333719582850355,0.017381228273464444,0.015063731170335881,-0.0034762456546930665,0.05561993047508684,2024H2
601827,2024-12-02,0,bull,macd_stabilizing,two_day_acceleration,current_week,0.013793103448275668,0.0045977011494251485,-0.0022988505747127963,-0.0045977011494253706,0.047126436781609105,2024H2
601827,2024-12-05,3,bull,macd_stabilizing,pullback_holds,current_week,0.033333333333333215,-0.01839080459770115,-0.057471264367816244,-0.024137931034482807,0.047126436781609105,2024H2
601827,2025-01-24,4,mid,none,pullback_holds,current_week,-0.0025062656641604564,0.010025062656641603,0.036340852130325674,-0.011278195488721776,0.03132832080200498,2025H1
601827,2025-01-27,0,mid,none,two_day_acceleration,current_week,-0.015795868772782606,-0.024301336573511634,0.0036452004860265674,-0.04131227217496958,0.0,2025H1
601827,2025-08-04,0,bull,ma_bull,pullback_holds,current_week,-0.01851851851851849,-0.01620370370370372,-0.01157407407407407,-0.03125,0.0127314814814814,2025H2
601827,2025-08-05,1,bull,ma_bull,pullback_holds,current_week,-0.019607843137254943,-0.025374855824682907,-0.014994232987312506,-0.03460207612456734,0.009227220299884653,2025H2
601827,2025-08-06,2,bull,ma_bull,pullback_holds,current_week,-0.020809248554913284,-0.017341040462427793,-0.02774566473988438,-0.032369942196531665,0.01156069364161838,2025H2
601827,2025-08-07,3,bull,ma_bull,pullback_holds,current_week,-0.033371691599539566,-0.018411967779056404,-0.011507479861910253,-0.036823935558112586,0.0069044879171462625,2025H2
601827,2025-08-08,4,bull,ma_bull,pullback_holds,current_week,-0.005896226415094463,0.009433962264151052,0.014150943396226356,-0.01297169811320753,0.011792452830188704,2025H2
601827,2025-08-18,0,bull,ma_bull,pullback_holds,current_week,0.008235294117647118,0.004705882352941337,0.014117647058823568,-0.014117647058823457,0.024705882352941355,2025H2
601827,2025-08-19,1,bull,ma_bull,pullback_holds,current_week,0.024822695035460862,0.009456264775413725,0.01891252955082745,-0.009456264775413725,0.029550827423167947,2025H2
601827,2025-08-20,2,bull,ma_bull,pullback_holds,current_week,0.0,-0.010588235294117676,0.010588235294117565,-0.014117647058823457,0.024705882352941355,2025H2
601827,2025-08-21,3,bull,ma_bull,pullback_holds,current_week,-0.0023446658851112856,0.00703399765533419,-0.0023446658851112856,-0.021101992966002348,0.02110199296600257,2025H2
601827,2025-08-22,4,bull,ma_bull,pullback_holds,current_week,-0.009356725146198785,0.005847953216374213,-0.005847953216374324,-0.023391812865497186,0.01871345029239757,2025H2
601827,2025-08-25,0,bull,ma_bull,pullback_holds,current_week,-0.005820721769499326,0.005820721769499437,-0.012805587892898651,-0.027939464493597188,0.01396973224679865,2025H2
601827,2025-08-26,1,bull,ma_bull,shrinking_volume_acceleration,current_week,-0.009280742459396807,0.0,-0.01740139211136893,-0.03132250580046414,0.010440835266821269,2025H2
601827,2025-09-01,0,bull,none,pullback_holds,current_week,0.011709601873536313,0.00936768149882905,-0.02693208430913352,-0.022248243559719105,0.02693208430913341,2025H2
601827,2025-09-02,1,bull,none,pullback_holds,current_week,0.008187134502924076,0.008187134502924076,-0.04327485380116969,-0.023391812865497186,0.025730994152046716,2025H2
601827,2025-09-05,4,bull,none,pullback_holds,current_week,0.005807200929152323,-0.012775842044134622,-0.04297328687572577,-0.018583042973286945,0.018583042973286945,2025H2
601827,2025-09-08,0,bull,none,shrinking_volume_acceleration,current_week,-0.006912442396313168,-0.02304147465437778,-0.03917050691244239,-0.026497695852534586,0.010368663594469973,2025H2
601827,2025-09-24,2,bull,none,pullback_holds,current_week,-0.03508771929824572,-0.026900584795321647,0.010526315789473717,-0.0491228070175439,0.002339181286549641,2025H2
601827,2026-02-24,1,bull,ma_bull,pullback_holds,current_week,0.0011376564277587597,0.019340159271899804,0.015927189988623303,-0.018202502844141044,0.035267349260523106,2026H1
601827,2026-02-25,2,bull,ma_bull,pullback_holds,current_week,-0.017006802721088454,0.043083900226757565,0.05555555555555558,-0.02154195011337867,0.05215419501133778,2026H1
601827,2026-02-26,3,bull,ma_bull,pullback_holds,current_week,-0.01681614349775784,0.03811659192825112,0.03251121076233199,-0.032511210762331766,0.043721973094170474,2026H1
601827,2026-02-27,4,bull,ma_bull,two_day_acceleration,current_week,0.004489337822671358,0.041526374859708115,0.038159371492704874,-0.03142536475869806,0.05611672278338942,2026H1
601827,2026-03-10,1,bull,ma_bull,pullback_holds,current_week,0.006696428571428381,-0.0033482142857144126,-0.1026785714285714,-0.05133928571428581,0.05022321428571419,2026H1
601827,2026-03-11,2,bull,ma_bull,two_day_acceleration,current_week,-0.012008733624454093,0.01637554585152845,-0.13427947598253265,-0.07205240174672489,0.03056768558951961,2026H1
601827,2026-04-30,3,bull,none,two_day_acceleration,current_week,-0.010922330097087318,-0.01820388349514568,0.03398058252427183,-0.03398058252427183,0.0012135922330096527,2026H1
601827,2026-05-13,2,bull,none,pullback_holds,current_week,-0.03296703296703296,-0.01098901098901095,-0.06959706959706957,-0.05494505494505486,0.006105006105006083,2026H1
601827,2026-05-27,2,mid,none,pullback_holds,current_week,0.03694581280788167,-0.06157635467980305,-0.10467980295566504,-0.0788177339901478,0.06527093596059097,2026H1
601827,2026-05-28,3,mid,none,pullback_holds,current_week,0.002457002457002311,-0.08476658476658483,-0.11670761670761676,-0.08599508599508598,0.0626535626535627,2026H1
601827,2026-05-29,4,mid,macd_stabilizing,two_day_acceleration,current_week,-0.03961584633853543,-0.09243697478991586,-0.12244897959183665,-0.1080432172869148,0.038415366146458574,2026H1
603880,2025-04-29,1,mid,none,shrinking_volume_acceleration,current_week,0.11850311850311845,0.13305613305613306,0.1372141372141371,0.0,0.22661122661122657,2025H1
603880,2025-05-15,3,bull,none,shrinking_volume_acceleration,current_week,-0.02372262773722622,0.014598540145985384,0.14963503649635035,-0.054744525547445355,0.03649635036496335,2025H1
603880,2025-05-16,4,bull,none,pullback_holds,current_week,-0.02919708029197088,-0.0018248175182482562,0.12043795620437958,-0.054744525547445355,0.03649635036496335,2025H1
603880,2025-05-28,2,mid,ma_bull,two_day_acceleration,current_week,0.05175600739371533,0.05914972273567476,0.10351201478743066,-0.012939001848428888,0.09611829944547123,2025H1
603880,2025-05-30,4,mid,ma_bull,pullback_holds,current_week,0.07182320441988965,0.13075506445672214,0.11970534069981587,0.0,0.2523020257826889,2025H1
603880,2025-06-09,0,bull,ma_bull,two_day_acceleration,current_week,0.051369863013698724,0.017123287671233056,0.06164383561643838,-0.08904109589041087,0.1643835616438356,2025H1
603880,2025-06-11,2,bull,ma_bull,shrinking_volume_acceleration,current_week,0.02977232924693518,0.05954465849387036,0.07530647985989503,-0.06830122591943955,0.19089316987740812,2025H1
603880,2025-07-16,2,bull,ma_bull,pullback_holds,current_week,0.058158319870759145,0.0726978998384491,0.13570274636510504,-0.001615508885298933,0.16155088852988686,2025H2
603880,2025-07-21,0,bull,ma_bull,two_day_acceleration,current_week,0.09717868338557989,0.07366771159874608,0.06112852664576818,0.0,0.12695924764890298,2025H2
603880,2025-07-24,3,bull,ma_bull,two_day_acceleration,current_week,-0.03545051698670609,0.005908419497784312,0.016248153618906747,-0.03545051698670609,0.11521418020679453,2025H2
603880,2025-07-28,0,bull,ma_bull,two_day_acceleration,current_week,-0.011544011544011412,0.011544011544011523,-0.02741702741702734,-0.057720057720057616,0.08946608946608947,2025H2
603880,2025-09-08,0,bull,none,two_day_acceleration,current_week,-0.03100775193798455,-0.06976744186046513,-0.046511627906976716,-0.0868217054263567,0.006201550387596955,2025H2
603880,2025-09-10,2,bull,none,pullback_holds,current_week,-0.017187500000000022,-0.04375000000000007,-0.04375000000000007,-0.1171875,0.012499999999999956,2025H2
603880,2025-09-11,3,bull,none,pullback_holds,current_week,-0.05124223602484468,-0.06832298136645965,-0.05124223602484468,-0.12267080745341619,0.006211180124223503,2025H2
603880,2025-09-16,1,bull,none,pullback_holds,current_week,-0.07547169811320764,-0.03459119496855345,0.015723270440251458,-0.1116352201257862,0.0062893081761006275,2025H2
603880,2025-09-26,4,mid,none,pullback_holds,current_week,-0.011382113821138296,0.009756097560975618,0.1073170731707318,-0.04878048780487798,0.034146341463414664,2025H2
603880,2025-10-21,1,bull,none,two_day_acceleration,current_week,0.0234375,0.06874999999999987,0.125,-0.004687500000000067,0.07499999999999996,2025H2
603880,2025-10-24,4,bull,none,two_day_acceleration,current_week,0.0075987841945288626,0.06231003039513672,-0.02583586626139811,-0.03039513677811556,0.07598784194528885,2025H2
603880,2025-11-05,2,bull,none,two_day_acceleration,current_week,0.01726618705035965,0.0014388489208632116,-0.04604316546762599,-0.02302158273381294,0.05899280575539567,2025H2
603880,2025-12-09,1,mid,ma_bull,pullback_holds,current_week,-0.10650887573964496,-0.07396449704142016,-0.08727810650887569,-0.12130177514792895,0.004437869822485174,2025H2
603880,2025-12-19,4,mid,none,shrinking_volume_acceleration,current_week,-0.03840245775729645,-0.05837173579109056,-0.03993855606758834,-0.06912442396313356,0.01382488479262678,2025H2
603880,2026-01-12,0,bull,none,shrinking_volume_acceleration,current_week,-0.015748031496063075,0.025196850393700565,0.06771653543307088,-0.0425196850393702,0.055118110236220375,2026H1
603880,2026-01-19,0,bull,none,pullback_holds,current_week,0.04159999999999986,0.060799999999999965,0.1008,-0.025600000000000067,0.09919999999999995,2026H1
603880,2026-01-20,1,bull,none,pullback_holds,current_week,0.02076677316293951,0.04952076677316297,0.09424920127795544,-0.027156549520766737,0.09744408945686911,2026H1
603880,2026-01-21,2,bull,none,shrinking_volume_acceleration,current_week,-0.03144654088050314,0.03144654088050314,0.0660377358490567,-0.04245283018867929,0.08018867924528306,2026H1
603880,2026-01-22,3,bull,none,shrinking_volume_acceleration,current_week,-0.04341085271317835,0.01705426356589146,0.04341085271317824,-0.05581395348837215,0.06511627906976747,2026H1
603880,2026-02-24,1,bull,macd_cross,two_day_acceleration,current_week,-0.08139534883720922,0.03488372093023262,0.010174418604651292,-0.10465116279069764,0.05523255813953476,2026H1
603880,2026-03-13,4,mid,none,two_day_acceleration,current_week,-0.04115226337448552,-0.015089163237311465,-0.09739368998628262,-0.10973936899862824,0.06310013717421126,2026H1
603880,2026-04-10,4,mid,ma_bull,shrinking_volume_acceleration,current_week,-0.024390243902439046,-0.02286585365853666,0.29115853658536595,-0.04878048780487809,0.007621951219512146,2026H1
603880,2026-04-27,0,bull,none,two_day_acceleration,current_week,0.17889908256880727,0.308868501529052,0.2737003058103975,-0.01834862385321101,0.3700305810397555,2026H1
603880,2026-05-07,3,bull,none,shrinking_volume_acceleration,current_week,0.1102464332036317,0.05058365758754868,0.025940337224384047,-0.011673151750972721,0.16212710765239957,2026H1
603880,2026-05-11,0,bull,ma_bull,two_day_acceleration,current_week,0.05527638190954787,0.09547738693467345,-0.013819095477386911,-0.012562814070351758,0.14321608040200995,2026H1
603880,2026-06-23,1,bull,ma_bull,shrinking_volume_acceleration,current_week,-0.09254498714652948,0.037275064267352276,-0.2467866323907455,-0.12853470437018,0.07326478149100257,2026H1
603880,2026-08-07,4,mid,none,shrinking_volume_acceleration,current_week,0.06631299734748031,0.15384615384615397,0.2824933687002653,-0.02785145888594165,0.2891246684350133,2026H2
603880,2026-08-20,3,mid,macd_cross,pullback_holds,current_week,0.11204819277108435,0.18915662650602405,,-0.048192771084337394,0.22289156626506013,2026H2
603880,2026-09-02,2,mid,none,shrinking_volume_acceleration,current_week,-0.009127789046653123,,,-0.04259634888438135,0.053752535496957465,2026H2
603880,2026-09-09,2,bull,ma_bull,pullback_holds,current_week,,,,-0.03861788617886164,0.029471544715447218,2026H2
000703,2026-01-15,3,bull,ma_bull,pullback_holds,current_week,0.08003766478342755,0.1468926553672314,0.24293785310734473,-0.025423728813559476,0.18455743879472686,2026H1
000703,2026-01-22,3,bull,ma_bull,shrinking_volume_acceleration,current_week,0.06097560975609739,0.04355400696864109,0.11846689895470375,-0.03745644599303133,0.1019163763066202,2026H1
000703,2026-01-23,4,bull,ma_bull,two_day_acceleration,current_week,0.042277825711820594,0.08541846419327004,0.13977566867989655,-0.046591889559965405,0.09577221742881803,2026H1
000703,2026-01-28,2,bull,ma_bull,two_day_acceleration,current_week,-0.010869565217391353,0.11204013377926425,0.09448160535117056,-0.07608695652173914,0.15301003344481612,2026H1
000703,2026-03-02,0,bull,ma_bull,two_day_acceleration,current_week,-0.0367816091954023,-0.07203065134099629,-0.05363984674329514,-0.11264367816091958,0.07662835249042144,2026H1
000703,2026-04-27,0,bull,ma_bull,two_day_acceleration,current_week,0.068359375,-0.03385416666666663,-0.14973958333333326,-0.03710937499999989,0.19466145833333348,2026H1
000703,2026-04-28,1,bull,ma_bull,two_day_acceleration,current_week,-0.01388888888888884,-0.06313131313131315,-0.1887626262626263,-0.07512626262626254,0.15845959595959602,2026H1
000703,2026-05-06,2,bull,ma_bull,shrinking_volume_acceleration,current_week,-0.12614155251141546,-0.16267123287671226,-0.22945205479452058,-0.18321917808219168,0.009703196347031984,2026H1
000703,2026-06-02,1,mid,none,two_day_acceleration,current_week,-0.03492786636294598,-0.02961275626423676,0.11161731207289294,-0.07137433561123763,0.03568716780561898,2026H1
000703,2026-06-03,2,mid,none,shrinking_volume_acceleration,current_week,-0.05451829723674384,-0.05526512322628829,0.1254667662434652,-0.08663181478715465,0.01867064973861088,2026H1
688118,2023-09-11,0,mid,none,pullback_holds,current_week,-0.09583333333333333,-0.10416666666666663,0.061742424242424265,-0.12651515151515158,0.0026515151515149604,2023H2
688118,2025-05-26,0,bull,none,shrinking_volume_acceleration,current_week,-0.051731509191962455,-0.036340316374519066,-0.07182556648140226,-0.06327490380504486,0.018811457887986327,2025H1
688118,2025-06-05,3,bull,none,pullback_holds,current_week,-0.019736842105263164,-0.07763157894736838,-0.04166666666666663,-0.07850877192982453,0.03684210526315779,2025H1
688118,2025-06-06,4,bull,none,pullback_holds,current_week,-0.05659555942533723,-0.10883761427949501,-0.04919460165433165,-0.1171092729647365,0.029168480626904802,2025H1
688118,2025-06-09,0,bull,none,two_day_acceleration,current_week,-0.05579399141630903,-0.10128755364806863,-0.05793991416309019,-0.1296137339055794,0.008583690987124415,2025H1
688118,2025-06-23,0,bull,none,shrinking_volume_acceleration,current_week,0.05374823196605383,0.034889203206034836,0.21923620933521915,-0.010372465818010324,0.0702498821310702,2025H1
688118,2025-06-26,3,bull,none,pullback_holds,current_week,-0.007720254314259711,0.0013623978201635634,0.17711171662125347,-0.0267938237965486,0.030881017257039067,2025H1
688118,2025-06-27,4,bull,none,pullback_holds,current_week,-0.021943573667711713,0.03537841468875946,0.20376175548589326,-0.040304523063143805,0.06359158083296013,2025H1
688118,2025-07-07,0,bull,none,pullback_holds,current_week,0.049931911030413056,0.1738538356786199,0.49795733091239214,-0.009986382206082722,0.2905129369042214,2025H2
688118,2025-07-08,1,bull,none,shrinking_volume_acceleration,current_week,0.059481216457960784,0.13908765652951693,0.36046511627906996,-0.024597495527728164,0.27146690518783534,2025H2
688118,2025-07-09,2,bull,none,pullback_holds,current_week,0.2852622061482821,0.1745027124773959,0.45072332730560594,-0.01401446654611227,0.2852622061482821,2025H2
688118,2025-07-10,3,bull,none,pullback_holds,current_week,0.21043083900226756,0.17551020408163276,0.528344671201814,-0.009977324263038545,0.2893424036281178,2025H2
688118,2025-08-18,0,bull,ma_bull,pullback_holds,current_week,0.021269841269841328,-0.030476190476190546,-0.08253968253968247,-0.06190476190476191,0.20634920634920628,2025H2
688118,2025-08-22,4,bull,ma_bull,pullback_holds,current_week,-0.0393920595533499,-0.11414392059553347,-0.12220843672456583,-0.14081885856079412,0.032258064516129004,2025H2
688118,2025-09-08,0,bull,ma_bull,two_day_acceleration,current_week,-0.020006781959986397,-0.03967446592065116,-0.09596473380807058,-0.05391658189216686,0.026788741946422556,2025H2
688118,2025-09-10,2,bull,ma_bull,shrinking_volume_acceleration,current_week,-0.00920559154449363,-0.01295601772928745,-0.08387316740538697,-0.09648823729969325,0.03239004432321857,2025H2
688118,2025-09-11,3,bull,ma_bull,two_day_acceleration,current_week,-0.04168067226890748,-0.02117647058823524,-0.12470588235294122,-0.10924369747899154,0.017815126050420238,2025H2
688118,2025-09-24,2,bull,none,shrinking_volume_acceleration,current_week,0.011387163561076719,-0.07280883367839885,-0.08764665286404416,-0.10179434092477568,0.035196687370600444,2025H2
688118,2025-09-25,3,bull,none,pullback_holds,current_week,-0.0522310619162919,-0.09927360774818406,-0.04600484261501203,-0.1010031131096506,0.03562781044621244,2025H2
688118,2025-09-29,0,bull,none,shrinking_volume_acceleration,current_week,-0.0746268656716419,-0.05275945852134689,-0.04998264491496007,-0.0978826796251302,0.03922249219021179,2025H2
688118,2025-10-13,0,bull,none,shrinking_volume_acceleration,current_week,-0.05761024182076813,-0.03982930298719778,-0.049786628733997196,-0.07574679943100993,0.011735419630156452,2025H2
688118,2025-10-15,2,bull,none,shrinking_volume_acceleration,current_week,-0.025408348457350294,-0.025771324863883893,-0.043194192377495555,-0.056624319419237734,0.02323049001814881,2025H2
688118,2025-11-19,2,mid,none,pullback_holds,current_week,-0.010989010989011061,-0.0882783882783883,-0.12344322344322345,-0.09670329670329669,0.029304029304029422,2025H2
688118,2025-11-20,3,mid,none,pullback_holds,current_week,0.01717557251908408,-0.07709923664122131,-0.06488549618320605,-0.08625954198473273,0.07251908396946583,2025H2
688118,2026-02-11,2,bull,ma_bull,two_day_acceleration,current_week,-0.11675126903553301,-0.05703194983577187,-0.06240668856375031,-0.12212600776351146,0.11077933711555699,2026H1
688118,2026-04-10,4,mid,none,pullback_holds,current_week,0.043571428571428594,0.022142857142857242,-0.008571428571428563,-0.011785714285714177,0.0971428571428572,2026H1
688118,2026-04-13,0,mid,none,shrinking_volume_acceleration,current_week,0.014123320702721376,-0.046848088184636594,-0.07647261453668619,-0.12297623148467107,0.05821563899414395,2026H1
688478,2025-08-05,1,bull,ma_bull,pullback_holds,current_week,0.041818181818181976,0.26666666666666683,0.2039393939393941,-0.006969696969696848,0.27242424242424246,2025H2
688478,2025-08-08,4,bull,ma_bull,pullback_holds,current_week,0.08952095808383231,0.22245508982035922,0.1808383233532933,-0.0029940119760479833,0.27305389221556897,2025H2
688478,2025-08-22,4,bull,ma_bull,shrinking_volume_acceleration,current_week,-0.06530120481927715,-0.04963855421686747,-0.06867469879518073,-0.14409638554216864,0.07060240963855424,2025H2
688478,2025-09-17,2,bull,ma_bull,pullback_holds,current_week,0.024935064935065032,0.06623376623376642,-0.1020779220779221,-0.04675324675324666,0.1532467532467532,2025H2
688478,2025-11-06,3,bull,none,shrinking_volume_acceleration,current_week,0.043128234617596295,-0.015238642898217414,-0.03536515238642912,-0.052616446233467506,0.07705577918343876,2025H2
688478,2025-11-07,4,bull,none,pullback_holds,current_week,0.01758431824733364,-0.07062554050158532,-0.017007783222830697,-0.07408475064860187,0.07985010089362943,2025H2
688478,2025-11-12,2,bull,none,shrinking_volume_acceleration,current_week,-0.08547945205479446,-0.07397260273972606,-0.0030136986301370072,-0.1200000000000001,0.013424657534246709,2025H2
688478,2025-11-14,4,bull,none,pullback_holds,current_week,-0.10094813162297822,-0.01059676519799202,0.03290574456218631,-0.10429447852760743,0.01728945900725054,2025H2
688478,2025-12-29,0,bull,macd_cross,shrinking_volume_acceleration,current_week,0.030334456831734524,0.024889810733730977,0.008037334716100686,-0.041483017889551554,0.06196525797251762,2025H2
688478,2026-01-05,0,bull,macd_cross,pullback_holds,current_week,0.057240833553152015,0.18227380638353985,-0.06040622527037742,-0.01582695858612504,0.26879451332102344,2026H1
688478,2026-01-06,1,bull,macd_cross,pullback_holds,current_week,0.023402576912963546,0.14909282145674463,-0.046279253221141126,-0.0010518012095713791,0.26479095450959766,2026H1
688478,2026-01-15,3,bull,none,shrinking_volume_acceleration,current_week,0.03849878934624695,-0.09927360774818406,-0.05254237288135599,-0.10242130750605338,0.16464891041162222,2026H1
688478,2026-03-02,0,bull,none,two_day_acceleration,current_week,-0.13294207706047445,-0.14110742536361298,-0.25210512885940284,-0.16305179892829802,0.01403419239601944,2026H1
688478,2026-06-16,1,bull,ma_bull,pullback_holds,current_week,0.4366129032258066,0.33838709677419354,-0.06096774193548393,-0.006612903225806432,0.5209677419354839,2026H1
688478,2026-06-24,2,bull,ma_bull,shrinking_volume_acceleration,current_week,-0.04697369932238438,-0.22246468358791782,-0.4774319513035489,-0.2764442402664523,0.08303663718846899,2026H1
688538,2025-09-01,0,bull,ma_bull,two_day_acceleration,current_week,-0.0629370629370628,-0.03146853146853146,-0.0034965034965034336,-0.0979020979020978,0.0,2025H2
688538,2025-09-15,0,bull,ma_bull,two_day_acceleration,current_week,-0.0036101083032490378,0.028880866425992746,-0.010830324909747224,-0.04332129963898923,0.10830324909747291,2025H2
688538,2025-09-17,2,bull,ma_bull,two_day_acceleration,current_week,0.028169014084507005,0.04225352112676051,-0.042253521126760396,-0.06690140845070425,0.08098591549295797,2025H2
688538,2025-10-09,3,bull,ma_bull,two_day_acceleration,current_week,-0.05821917808219179,-0.06849315068493145,-0.08904109589041087,-0.08561643835616439,0.0034246575342467,2025H2
688538,2025-12-24,2,bull,none,pullback_holds,current_week,-0.007462686567164201,0.026119402985074647,0.04850746268656714,-0.022388059701492602,0.026119402985074647,2025H2
688538,2025-12-25,3,bull,none,pullback_holds,current_week,-0.0037037037037037646,0.014814814814814836,0.01851851851851838,-0.029629629629629672,0.01851851851851838,2025H2
688538,2025-12-26,4,bull,none,two_day_acceleration,current_week,0.003676470588235281,0.007352941176470562,0.018382352941176405,-0.03676470588235292,0.03308823529411753,2025H2
688538,2026-01-05,0,bull,none,pullback_holds,current_week,0.02238805970149249,0.003731343283581934,-0.04477611940298509,-0.014925373134328401,0.04850746268656714,2026H1
688538,2026-01-06,1,bull,none,two_day_acceleration,current_week,0.007352941176470562,-0.014705882352941235,-0.044117647058823595,-0.02941176470588236,0.03308823529411753,2026H1
688538,2026-01-07,2,bull,none,pullback_holds,current_week,0.011070110701107083,-0.011070110701106972,-0.03321033210332103,-0.02583025830258301,0.03690036900368998,2026H1
688538,2026-01-08,3,bull,none,shrinking_volume_acceleration,current_week,-0.02930402930402931,-0.0073260073260073,-0.04761904761904756,-0.03296703296703296,0.029304029304029422,2026H1
688538,2026-01-09,4,bull,macd_stabilizing,two_day_acceleration,current_week,-0.02564102564102555,0.029304029304029422,-0.04395604395604402,-0.03296703296703296,0.029304029304029422,2026H1
688538,2026-01-19,0,bull,macd_stabilizing,pullback_holds,current_week,0.01851851851851838,-0.05185185185185193,-0.03333333333333344,-0.05555555555555547,0.04814814814814805,2026H1
688538,2026-01-20,1,bull,none,pullback_holds,current_week,0.03745318352059934,-0.02621722846441943,-0.014981273408239737,-0.04494382022471899,0.05992509363295895,2026H1
688538,2026-01-21,2,bull,none,pullback_holds,current_week,0.02238805970149249,-0.022388059701492602,-0.03731343283582089,-0.04850746268656714,0.05597014925373123,2026H1
688538,2026-01-22,3,bull,macd_stabilizing,pullback_holds,current_week,-0.003676470588235392,-0.044117647058823595,-0.040441176470588314,-0.0625,0.04044117647058809,2026H1
688538,2026-02-09,0,bull,macd_stabilizing,two_day_acceleration,current_week,-0.026119402985074758,-0.0746268656716419,-0.08582089552238803,-0.07835820895522383,0.0,2026H1
688538,2026-02-10,1,bull,none,pullback_holds,current_week,-0.0037878787878788955,-0.0757575757575758,-0.0757575757575758,-0.07954545454545447,0.007575757575757569,2026H1
688538,2026-02-11,2,bull,none,pullback_holds,current_week,-0.022727272727272707,-0.04166666666666663,-0.09090909090909094,-0.07954545454545447,0.007575757575757569,2026H1
688538,2026-02-24,1,bull,none,pullback_holds,current_week,-0.04980842911877392,-0.04214559386973171,-0.11111111111111116,-0.06896551724137923,0.019157088122605526,2026H1
688538,2026-02-25,2,bull,none,pullback_holds,current_week,-0.0757575757575758,-0.05681818181818177,-0.11363636363636376,-0.07954545454545447,0.0,2026H1
688538,2026-02-27,4,bull,none,pullback_holds,current_week,-0.019379844961240233,-0.02713178294573637,-0.10465116279069764,-0.05813953488372092,0.007751937984496138,2026H1
002321,2023-08-04,4,bull,none,pullback_holds,current_week,-0.03703703703703709,-0.06296296296296289,-0.029629629629629672,-0.06296296296296289,0.01851851851851838,2023H2
002321,2023-09-18,0,mid,none,pullback_holds,current_week,-0.027999999999999914,-0.040000000000000036,-0.07599999999999996,-0.05600000000000005,0.008000000000000007,2023H2
002321,2025-05-06,1,mid,none,shrinking_volume_acceleration,current_week,0.02608695652173898,0.043478260869564966,0.021739130434782483,0.0,0.07391304347826089,2025H1
002321,2025-05-09,4,bull,none,pullback_holds,current_week,0.008547008547008517,-0.02564102564102544,-0.008547008547008517,-0.02564102564102544,0.042735042735042805,2025H1
002321,2025-05-13,1,bull,none,pullback_holds,current_week,0.012658227848101111,-0.021097046413502185,-0.008438818565400852,-0.04641350210970463,0.029535864978902815,2025H1
002321,2025-05-15,3,bull,none,pullback_holds,current_week,-0.016877637130801704,-0.021097046413502185,0.012658227848101111,-0.04641350210970463,0.016877637130801704,2025H1
002321,2025-05-16,4,bull,none,pullback_holds,current_week,-0.03389830508474556,-0.021186440677966045,0.008474576271186418,-0.04237288135593209,0.021186440677966267,2025H1
002321,2025-05-30,4,mid,none,pullback_holds,current_week,0.008695652173912771,0.03478260869565197,0.02608695652173898,-0.013043478260869712,0.08695652173913038,2025H1
002321,2025-06-03,1,bull,none,pullback_holds,current_week,-0.004310344827586077,0.02586206896551735,0.030172413793103647,-0.02155172413793094,0.07758620689655182,2025H1
002321,2025-06-04,2,bull,none,pullback_holds,current_week,0.00427350427350448,0.012820512820512997,0.042735042735042805,-0.029914529914529808,0.06837606837606836,2025H1
002321,2025-06-09,0,bull,none,pullback_holds,current_week,0.030303030303030276,0.0,0.03463203463203457,-0.017316017316017285,0.08225108225108224,2025H1
002321,2025-06-10,1,bull,none,pullback_holds,current_week,0.03478260869565197,0.017391304347825987,0.047826086956521685,-0.008695652173913104,0.08695652173913038,2025H1
002321,2025-06-11,2,bull,none,pullback_holds,current_week,0.012820512820512997,-0.004273504273504147,0.03418803418803429,-0.02564102564102544,0.06837606837606836,2025H1
002321,2025-06-12,3,bull,none,pullback_holds,current_week,0.02155172413793105,0.0,0.051724137931034475,-0.01724137931034464,0.07758620689655182,2025H1
002321,2025-06-30,0,bull,none,pullback_holds,current_week,0.01271186440677985,0.04237288135593231,0.05508474576271194,0.0,0.07627118644067798,2025H1
002321,2025-08-08,4,bull,ma_bull,shrinking_volume_acceleration,current_week,-0.032258064516129004,-0.06451612903225812,-0.05017921146953408,-0.07526881720430101,0.028673835125448077,2025H2
002321,2025-08-11,0,bull,ma_bull,two_day_acceleration,current_week,-0.043010752688172116,-0.053763440860215006,-0.028673835125448077,-0.07526881720430101,0.028673835125448077,2025H2
002321,2025-08-26,1,bull,ma_bull,two_day_acceleration,current_week,-0.011194029850746356,0.044776119402985204,0.05223880597014907,-0.04104477611940305,0.05223880597014907,2025H2
002321,2025-08-28,3,bull,ma_bull,pullback_holds,current_week,-0.018587360594795488,0.040892193308550207,0.07806691449814118,-0.044609665427509326,0.052044609665427455,2025H2
002321,2025-09-08,0,bull,ma_bull,two_day_acceleration,current_week,0.05514705882352944,0.04044117647058809,0.047794117647058876,-0.007352941176470562,0.11397058823529416,2025H2
002321,2025-09-09,1,bull,ma_bull,two_day_acceleration,current_week,0.036101083032491044,0.018050541516245522,0.05054151624548742,-0.0072202166064981865,0.09386281588447654,2025H2
002321,2025-09-23,1,mid,ma_bull,pullback_holds,current_week,0.049469964664311084,0.028268551236749095,0.010600706713780772,-0.007067137809187329,0.09540636042402828,2025H2
002321,2025-09-26,4,mid,ma_bull,shrinking_volume_acceleration,current_week,-0.01718213058419249,-0.020618556701030966,0.0068728522336769515,-0.037800687285223344,0.04467353951890041,2025H2
002321,2025-10-20,0,mid,ma_bull,shrinking_volume_acceleration,current_week,-0.024561403508771895,0.02807017543859658,0.14035087719298245,-0.05964912280701751,0.04561403508771922,2025H2
002321,2025-10-29,2,bull,ma_bull,pullback_holds,current_week,0.06666666666666665,0.09122807017543844,-0.01403508771929829,-0.03157894736842104,0.21052631578947367,2025H2
002321,2025-11-04,1,bull,ma_bull,two_day_acceleration,current_week,0.05610561056105601,0.05280528052805278,-0.08910891089108908,-0.02310231023102316,0.13861386138613851,2025H2
002321,2026-01-05,0,bull,none,shrinking_volume_acceleration,current_week,0.0431034482758621,0.0431034482758621,0.004310344827586299,-0.004310344827586077,0.06034482758620685,2026H1
002321,2026-01-06,1,bull,none,two_day_acceleration,current_week,0.0126050420168069,0.0126050420168069,0.025210084033613578,-0.021008403361344463,0.03361344537815136,2026H1
002321,2026-01-07,2,bull,none,pullback_holds,current_week,0.016949152542372836,0.01271186440677985,0.029661016949152685,-0.012711864406779627,0.04237288135593231,2026H1
002321,2026-01-08,3,bull,none,pullback_holds,current_week,-0.004201680672268782,0.021008403361344685,0.0,-0.021008403361344463,0.03361344537815136,2026H1
002321,2026-01-09,4,bull,none,pullback_holds,current_week,-0.012711864406779627,0.033898305084745894,0.004237288135593209,-0.012711864406779627,0.04237288135593231,2026H1
002321,2026-01-12,0,bull,none,two_day_acceleration,current_week,0.0,0.016528925619834656,-0.004132231404958553,-0.037190082644628086,0.02066115702479343,2026H1
002321,2026-01-13,1,bull,none,pullback_holds,current_week,0.004166666666666874,-0.012499999999999956,0.0,-0.029166666666666563,0.029166666666666785,2026H1
002321,2026-01-14,2,bull,none,pullback_holds,current_week,0.004201680672269115,0.004201680672269115,0.0,-0.021008403361344463,0.037815126050420256,2026H1
002321,2026-01-20,1,bull,none,pullback_holds,current_week,-0.012499999999999956,0.016666666666666607,-0.008333333333333304,-0.03749999999999998,0.08333333333333348,2026H1
002321,2026-01-21,2,bull,none,pullback_holds,current_week,0.0,0.01673640167364021,-0.02092050209205032,-0.03347280334728031,0.08786610878661083,2026H1
002321,2026-01-26,0,bull,none,two_day_acceleration,current_week,-0.05284552845528456,-0.020325203252032464,-0.060975609756097504,-0.060975609756097504,0.05691056910569103,2026H1
002321,2026-01-30,4,bull,none,two_day_acceleration,current_week,-0.03658536585365846,-0.06504065040650397,-0.04471544715447151,-0.06504065040650397,0.03252032520325199,2026H1
002321,2026-02-25,2,bull,none,two_day_acceleration,current_week,-0.025210084033613467,-0.004201680672268782,-0.08823529411764708,-0.05882352941176461,0.01680672268907557,2026H1
002321,2026-02-26,3,bull,none,pullback_holds,current_week,-0.01716738197424894,0.03433476394849788,-0.0858369098712447,-0.03862660944205998,0.0429184549356223,2026H1
002321,2026-02-27,4,bull,none,pullback_holds,current_week,0.012875536480686511,0.025751072961373467,-0.06866952789699576,-0.03862660944205998,0.0429184549356223,2026H1
603528,2023-05-05,4,bull,none,pullback_holds,current_week,-0.014824797843665638,0.02695417789757415,0.03908355795148255,-0.04447439353099736,0.02695417789757415,2023H1
603528,2023-05-08,0,bull,none,two_day_acceleration,current_week,-0.014725568942436373,-0.0013386880856760541,0.04016064257028118,-0.05087014725568939,0.02008032128514059,2023H1
603528,2023-05-15,0,mid,none,pullback_holds,current_week,0.014965986394557707,0.013605442176870763,0.06666666666666665,-0.035374149659864074,0.04081632653061229,2023H1
603528,2023-05-18,3,mid,none,pullback_holds,current_week,-0.010752688172043001,0.04166666666666652,0.045698924731182755,-0.028225806451612878,0.048387096774193505,2023H1
603528,2023-06-13,1,mid,none,two_day_acceleration,current_week,0.010126582278481067,-0.03924050632911402,0.05443037974683551,-0.10632911392405064,0.04556962025316458,2023H1
603528,2023-06-15,3,mid,none,pullback_holds,current_week,-0.046272493573264795,-0.01799485861182515,0.0424164524421593,-0.09254498714652948,0.06169665809768632,2023H1
603528,2023-06-16,4,mid,none,pullback_holds,current_week,-0.04102564102564099,0.017948717948718107,0.03846153846153855,-0.09487179487179476,0.05897435897435899,2023H1
603528,2024-03-11,0,bull,none,two_day_acceleration,current_week,0.058139534883721034,0.10319767441860472,-0.05523255813953487,-0.021802325581395277,0.30232558139534893,2024H1
603528,2024-03-15,4,bull,none,shrinking_volume_acceleration,current_week,0.1526610644257702,-0.0056022408963585235,-0.24229691876750703,-0.04621848739495804,0.2549019607843137,2024H1
603528,2024-03-18,0,bull,none,two_day_acceleration,current_week,0.044016506189821,0.008253094910591452,-0.1925722145804677,-0.06327372764786798,0.2324621733149932,2024H1
603528,2025-03-13,3,bull,ma_bull,pullback_holds,current_week,-0.017039403620873306,-0.08093716719914801,-0.21938232161874338,-0.1096911608093718,0.03833865814696469,2025H1
603528,2025-03-14,4,bull,ma_bull,pullback_holds,current_week,-0.009857612267250793,-0.09200438116100762,-0.17743702081051493,-0.09200438116100762,0.06790799561883887,2025H1
603528,2025-04-25,4,mid,none,pullback_holds,current_week,0.06052631578947376,0.06052631578947376,0.06315789473684208,-0.043421052631578916,0.08552631578947367,2025H1
603528,2025-05-08,3,bull,none,shrinking_volume_acceleration,current_week,-0.0317848410757946,-0.0012224938875304847,0.009779951100244544,-0.04278728606356963,0.014669926650366927,2025H1
603528,2025-05-19,0,bull,none,pullback_holds,current_week,0.008663366336633782,0.011138613861386037,-0.003712871287128605,-0.02846534653465338,0.0705445544554455,2025H1
603528,2025-05-20,1,bull,none,shrinking_volume_acceleration,current_week,0.004950495049504955,0.014851485148514865,-0.012376237623762387,-0.02846534653465338,0.0705445544554455,2025H1
603528,2025-05-21,2,bull,none,pullback_holds,current_week,0.004975124378109319,0.033582089552238736,-0.027363184079602032,-0.023631840796019987,0.07587064676616917,2025H1
603528,2025-05-27,1,mid,none,pullback_holds,current_week,0.008610086100860892,0.012300123001230068,0.007380073800737907,-0.013530135301353163,0.06396063960639609,2025H1
603528,2025-05-28,2,mid,none,pullback_holds,current_week,0.03101736972704705,0.017369727047146233,0.012406947890818865,0.0,0.07320099255583123,2025H1
603528,2025-06-24,1,bull,macd_stabilizing,two_day_acceleration,current_week,0.017220172201721784,0.013530135301353052,0.006150061500614923,-0.006150061500615145,0.038130381303812966,2025H1
603528,2025-06-25,2,bull,macd_stabilizing,pullback_holds,current_week,-0.0012210012210012167,0.008547008547008517,-0.01831501831501814,-0.013431013431013383,0.030525030525030417,2025H1
603528,2025-06-26,3,bull,macd_stabilizing,pullback_holds,current_week,0.006142506142505999,0.019656019656019597,0.0,-0.0073710073710073765,0.03685503685503666,2025H1
603528,2025-06-27,4,bull,macd_stabilizing,pullback_holds,current_week,-0.004901960784313597,0.022058823529411686,0.09681372549019618,-0.009803921568627416,0.034313725490195957,2025H1
603528,2025-06-30,0,bull,none,two_day_acceleration,current_week,-0.019207683073229287,0.0,0.08643457382953179,-0.03001200480192079,0.008403361344537785,2025H1
603528,2025-08-19,1,bull,ma_bull,shrinking_volume_acceleration,current_week,-0.01964636542239684,-0.08644400785854611,-0.05304518664047142,-0.09037328094302555,0.0019646365422398837,2025H2
603528,2025-09-18,3,mid,ma_bull,pullback_holds,current_week,-0.032467532467532534,-0.04653679653679654,-0.04978354978354993,-0.06385281385281383,0.008658008658008587,2025H2
603528,2025-11-04,1,bull,none,pullback_holds,current_week,0.029885057471264354,0.04482758620689631,0.09885057471264358,-0.0034482758620690834,0.06551724137931014,2025H2
603528,2025-11-05,2,bull,none,pullback_holds,current_week,0.004545454545454408,0.006818181818181612,0.08977272727272712,-0.014772727272727382,0.05340909090909074,2025H2
603528,2025-11-06,3,bull,macd_stabilizing,two_day_acceleration,current_week,-0.012195121951219412,0.016629711751662946,0.024390243902439046,-0.03325942350332578,0.024390243902439046,2025H2
603528,2025-12-19,4,mid,none,shrinking_volume_acceleration,current_week,-0.034545454545454435,-0.0027272727272726893,-0.050909090909090904,-0.12090909090909097,0.033636363636363686,2025H2
603528,2026-01-08,3,bull,ma_bull,shrinking_volume_acceleration,current_week,-0.044603033006244464,-0.06690454950936664,-0.1498661909009814,-0.09277430865298852,0.03211418376449604,2026H1
603528,2026-02-09,0,bull,none,two_day_acceleration,current_week,0.010288065843621297,-0.10288065843621397,-0.1255144032921811,-0.10288065843621397,0.020576131687242816,2026H1
603528,2026-02-11,2,bull,none,pullback_holds,current_week,-0.007209062821833201,-0.08444902162718848,-0.11946446961894952,-0.10813594232749746,0.02162718846549949,2026H1
603528,2026-02-12,3,bull,none,pullback_holds,current_week,-0.007216494845360799,-0.07731958762886593,-0.15567010309278362,-0.10721649484536089,0.02268041237113394,2026H1
603528,2026-02-13,4,mid,none,pullback_holds,current_week,-0.08669354838709675,-0.10181451612903225,-0.22177419354838712,-0.127016129032258,0.0,2026H1
603528,2026-03-10,1,bull,none,pullback_holds,current_week,-0.06387665198237891,-0.1090308370044053,-0.08259911894273131,-0.15308370044052855,0.0033039647577091102,2026H1
603528,2026-04-08,2,mid,none,two_day_acceleration,current_week,-0.014563106796116387,-0.015776699029126262,0.0012135922330096527,-0.029126213592232997,0.027912621359223344,2026H1
603528,2026-04-13,0,mid,none,pullback_holds,current_week,0.004889975550122383,-0.0024449877750610804,-0.02933985330073341,-0.03911980440097795,0.02933985330073363,2026H1
603528,2026-04-14,1,mid,none,two_day_acceleration,current_week,-0.02291917973462021,-0.03739445114595907,-0.04704463208685172,-0.05186972255729805,0.0024125452352230514,2026H1
603528,2026-04-15,2,mid,none,pullback_holds,current_week,-0.002460024600246191,-0.0012300123001229846,-0.015990159901599132,-0.03321033210332114,0.01845018450184477,2026H1
603528,2026-04-16,3,mid,none,shrinking_volume_acceleration,current_week,-0.03284671532846717,-0.060827250608272654,-0.0012165450121653931,-0.07542579075425793,0.007299270072992581,2026H1
603528,2026-04-17,4,mid,none,pullback_holds,current_week,-0.021871202916160404,-0.04860267314702316,-0.03523693803159178,-0.07654921020656136,0.006075334143377686,2026H1
603528,2026-04-27,0,bull,none,pullback_holds,current_week,-0.028048780487804792,-0.03170731707317065,-0.08780487804878034,-0.07317073170731692,0.012195121951219745,2026H1
603528,2026-04-29,2,bull,none,pullback_holds,current_week,0.026119402985074425,-0.004975124378109541,-0.11442786069651745,-0.054726368159204064,0.03233830845771135,2026H1
600664,2023-07-03,0,mid,none,pullback_holds,current_week,-0.03039513677811556,-0.024316109422492405,0.015197568389057725,-0.03647416413373861,0.003039513677811634,2023H2
600664,2023-07-26,2,mid,none,two_day_acceleration,current_week,-0.012084592145015116,0.02114803625377637,-0.024169184290030232,-0.015105740181268867,0.027190332326283873,2023H2
600664,2023-08-10,3,bull,none,pullback_holds,current_week,0.023880597014925398,-0.035820895522388096,-0.05671641791044779,-0.047761194029850795,0.0388059701492538,2023H2
600664,2023-11-22,2,mid,ma_bull,pullback_holds,current_week,0.0,-0.010958904109588996,-0.0602739726027397,-0.021917808219177992,0.06849315068493156,2023H2
600664,2023-11-23,3,mid,ma_bull,two_day_acceleration,current_week,-0.013368983957219305,-0.042780748663101664,-0.08823529411764708,-0.048128342245989386,0.04278074866310155,2023H2
600664,2024-01-02,1,mid,none,pullback_holds,current_week,-0.014749262536873253,-0.04424778761061943,-0.12094395280235992,-0.05899705014749268,0.020648967551622377,2024H1
600664,2024-01-26,4,mid,none,pullback_holds,current_week,-0.14743589743589747,-0.09294871794871795,-0.05769230769230771,-0.22756410256410253,0.009615384615384581,2024H1
600664,2024-12-06,4,bull,ma_bull,two_day_acceleration,current_week,0.0024875621890547706,-0.019900497512437942,0.1766169154228856,-0.034825870646766344,0.04477611940298498,2024H2
600664,2024-12-12,3,bull,ma_bull,two_day_acceleration,current_week,-0.041162227602905554,-0.07263922518159804,-0.041162227602905554,-0.07748184019370452,0.009685230024213176,2024H2
600664,2024-12-13,4,bull,ma_bull,pullback_holds,current_week,-0.02716049382716046,-0.022222222222222143,-0.09876543209876543,-0.06666666666666654,0.029629629629629672,2024H2
600664,2024-12-16,0,bull,ma_bull,shrinking_volume_acceleration,current_week,-0.05651105651105659,-0.009828009828009798,-0.06633906633906639,-0.07125307125307123,0.014742014742014753,2024H2
600664,2024-12-31,1,mid,ma_bull,two_day_acceleration,current_week,0.15647921760391204,-0.05378973105134466,-0.07579462102689483,-0.1124694376528117,0.21515892420537885,2024H2
600664,2025-02-06,3,mid,none,pullback_holds,current_week,0.013297872340425565,-0.005319148936170248,-0.0478723404255319,-0.015957446808510634,0.0478723404255319,2025H1
600664,2025-02-10,0,mid,none,shrinking_volume_acceleration,current_week,-0.010230179028132946,-0.05626598465473154,-0.07416879795396425,-0.05882352941176472,0.0,2025H1
600664,2025-02-17,0,bull,none,two_day_acceleration,current_week,-0.04155844155844157,-0.06753246753246755,-0.020779220779220786,-0.07272727272727264,0.0025974025974024872,2025H1
600664,2025-03-10,0,bull,none,pullback_holds,current_week,0.047222222222222276,0.008333333333333304,-0.07499999999999996,-0.01666666666666672,0.05555555555555558,2025H1
600664,2025-03-11,1,bull,none,pullback_holds,current_week,0.04178272980501396,0.025069637883008422,-0.07242339832869071,-0.01392757660167121,0.058495821727019726,2025H1
600664,2025-03-12,2,bull,none,pullback_holds,current_week,0.03333333333333344,0.03888888888888897,-0.06944444444444442,-0.01666666666666672,0.06666666666666665,2025H1
600664,2025-03-13,3,bull,none,pullback_holds,current_week,0.03361344537815114,0.05042016806722671,-0.06162464985994398,0.0,0.07563025210084029,2025H1
600664,2025-03-17,0,bull,none,two_day_acceleration,current_week,-0.03457446808510645,-0.02659574468085113,-0.09308510638297873,-0.05053191489361697,0.02127659574468077,2025H1
600664,2025-03-26,2,mid,none,two_day_acceleration,current_week,0.0026954177897575704,-0.09703504043126676,0.0,-0.17520215633423175,0.03234501347708907,2025H1
600664,2025-03-28,4,mid,none,pullback_holds,current_week,-0.09703504043126676,-0.08625336927223715,-0.008086253369272156,-0.17520215633423175,0.03234501347708907,2025H1
600664,2025-08-01,4,bull,ma_bull,pullback_holds,current_week,-0.024875621890547372,-0.019900497512437942,-0.0746268656716419,-0.037313432835821,0.01741293532338295,2025H2
600664,2025-08-11,0,bull,ma_bull,pullback_holds,current_week,-0.007537688442211032,-0.015075376884422176,-0.06281407035175879,-0.022613065326633097,0.025125628140703515,2025H2
600664,2025-08-12,1,bull,ma_bull,pullback_holds,current_week,0.012658227848101111,-0.015189873417721489,-0.06329113924050633,-0.017721518987341867,0.032911392405063244,2025H2
600664,2025-08-13,2,bull,ma_bull,pullback_holds,current_week,0.01005025125628145,-0.05025125628140692,-0.07035175879396982,-0.05276381909547734,0.025125628140703515,2025H2
600664,2025-08-15,4,bull,ma_bull,pullback_holds,current_week,0.025380710659898442,-0.055837563451776595,-0.055837563451776595,-0.07360406091370564,0.035532994923857864,2025H2
600664,2025-08-18,0,bull,ma_bull,pullback_holds,current_week,-0.005076142131979711,-0.050761421319796884,-0.06345177664974622,-0.07360406091370564,0.035532994923857864,2025H2
600664,2025-08-19,1,bull,ma_bull,pullback_holds,current_week,-0.02749999999999997,-0.0675,-0.07250000000000001,-0.08750000000000002,0.020000000000000018,2025H2
600664,2025-08-20,2,bull,ma_bull,pullback_holds,current_week,-0.0643564356435643,-0.08910891089108908,-0.08168316831683164,-0.09653465346534651,0.00990099009900991,2025H2
600664,2025-08-21,3,bull,ma_bull,pullback_holds,current_week,-0.06733167082294256,-0.07980049875311712,-0.08229426433915199,-0.08977556109725682,0.007481296758104827,2025H2
600664,2025-09-08,0,bull,none,pullback_holds,current_week,-0.008064516129032362,-0.029569892473118364,-0.029569892473118364,-0.029569892473118364,0.0026881720430107503,2025H2
600664,2025-09-12,4,bull,none,pullback_holds,current_week,-0.02144772117962468,-0.034852546916890104,-0.013404825737265313,-0.05630026809651478,0.0,2025H2
600664,2025-10-09,3,bull,none,pullback_holds,current_week,0.011142061281337101,0.04178272980501396,0.027855153203342642,-0.011142061281336879,0.050139275766016844,2025H2
600664,2025-10-10,4,bull,none,pullback_holds,current_week,0.016759776536312776,0.03631284916201105,0.033519553072625774,-0.008379888268156388,0.05307262569832405,2025H2
600664,2025-10-15,2,bull,none,pullback_holds,current_week,0.02732240437158473,-0.002732240437158584,0.02732240437158473,-0.010928961748633892,0.030054644808743092,2025H2
600664,2025-10-20,0,mid,none,shrinking_volume_acceleration,current_week,-0.0027173913043478937,0.0,0.040760869565217295,-0.016304347826086918,0.024456521739130377,2025H2
600664,2025-10-24,4,bull,none,pullback_holds,current_week,-0.008130081300812941,0.0027100271002711285,-0.043360433604335946,-0.01897018970189701,0.008130081300813163,2025H2
600664,2025-11-03,0,bull,none,pullback_holds,current_week,0.019073569482289,0.043596730245231585,-0.013623978201634857,-0.008174386920980825,0.08719346049046339,2025H2
600664,2025-11-05,2,bull,none,pullback_holds,current_week,0.016216216216216273,-0.008108108108108136,0.00540540540540535,-0.010810810810810811,0.07837837837837847,2025H2
600664,2025-11-06,3,bull,none,pullback_holds,current_week,0.02981029810298108,-0.0027100271002709064,0.008130081300813163,-0.013550135501354976,0.08130081300813008,2025H2
600664,2025-11-07,4,bull,none,pullback_holds,current_week,0.05135135135135127,-0.04594594594594592,0.013513513513513375,-0.04594594594594592,0.07837837837837847,2025H2
600664,2025-11-10,0,bull,none,two_day_acceleration,current_week,0.024064171122994527,-0.050802139037433136,-0.008021390374331583,-0.05614973262032086,0.0668449197860963,2025H2
600664,2025-11-14,4,bull,macd_cross,two_day_acceleration,current_week,-0.09254498714652948,-0.07455012853470433,-0.08226221079691509,-0.09254498714652948,0.0025706940874035134,2025H2
300627,2024-11-07,3,bull,ma_bull,shrinking_volume_acceleration,current_week,-0.000769625448948208,-0.03206772703950744,-0.006413545407901511,-0.05053873781426388,0.06695741405849143,2024H2
300627,2024-11-08,4,bull,ma_bull,two_day_acceleration,current_week,-0.04358717434869741,-0.10971943887775559,-0.0045090180360721765,-0.11022044088176353,0.04183366733466931,2024H2
300627,2024-12-06,4,bull,ma_bull,two_day_acceleration,current_week,0.04485887096774199,0.024697580645161477,-0.048135080645161255,-0.011844758064516125,0.07459677419354849,2024H2
300627,2024-12-11,2,bull,ma_bull,shrinking_volume_acceleration,current_week,-0.05955743879472697,-0.03742937853107353,-0.12758945386064036,-0.07697740112994356,0.0037664783427493465,2024H2
300627,2024-12-24,1,bull,ma_bull,shrinking_volume_acceleration,current_week,0.019015114578254444,-0.09190638712823018,-0.021940516821063016,-0.11896635787420773,0.04753778644563611,2024H2
300627,2024-12-25,2,bull,ma_bull,pullback_holds,current_week,-0.06210268948655251,-0.09388753056234711,-0.03276283618581899,-0.11638141809290947,0.0506112469437654,2024H2
300627,2024-12-30,0,bull,ma_bull,shrinking_volume_acceleration,current_week,-0.08461720786916327,-0.08509125385162353,-0.050011851149561526,-0.1433989096942403,0.009717942640436128,2024H2
300627,2025-01-24,4,mid,macd_stabilizing,shrinking_volume_acceleration,current_week,0.09911242603550297,0.06508875739644981,0.01306706114398426,-0.023422090729783074,0.13929980276134124,2025H1
300627,2025-03-20,3,bull,ma_bull,two_day_acceleration,current_week,-0.03228103489200096,-0.04581058628056012,-0.0303821504865891,-0.05625445051032529,0.02990742938523616,2025H1
300627,2025-03-31,0,mid,none,pullback_holds,current_week,-0.09716890595009586,-0.05230326295585408,0.0031190019193858554,-0.147552783109405,0.004318618042226552,2025H1
300627,2025-04-02,2,mid,none,pullback_holds,current_week,-0.02072665203608859,-0.03511338697878563,0.060473055352353144,-0.13362594489148982,0.018532065349914806,2025H1
300627,2025-04-30,2,mid,none,shrinking_volume_acceleration,current_week,0.031924882629107865,0.00375586854460086,0.0795774647887324,-0.008215962441314617,0.04084507042253516,2025H1
300627,2025-05-06,1,mid,ma_bull,two_day_acceleration,current_week,-0.020477815699658675,-0.022753128555176305,0.04778156996587035,-0.03868031854379983,0.00887372013651877,2025H1
300627,2025-05-08,3,bull,ma_bull,shrinking_volume_acceleration,current_week,-0.02425629290617859,-0.005949656750572241,0.03089244851258588,-0.03318077803203667,0.014645308924485123,2025H1
300627,2025-05-14,2,bull,ma_bull,pullback_holds,current_week,-0.0032272936837252075,0.039649608114338486,0.017519594283079698,-0.026048870447210715,0.04541263254956207,2025H1
300627,2025-05-23,4,bull,ma_bull,pullback_holds,current_week,0.03309584003677335,0.021604228912893708,-0.26085957251206604,-0.01907607446564008,0.07538496897265001,2025H1
300627,2025-06-06,4,bull,ma_bull,pullback_holds,current_week,-0.012888888888888839,-0.28155555555555556,-0.24311111111111106,-0.2871111111111111,0.02822222222222237,2025H1
300627,2025-06-16,0,bull,ma_bull,pullback_holds,current_week,-0.27956989247311825,-0.21594982078853042,-0.23902329749103945,-0.2905465949820788,0.03651433691756267,2025H1
300627,2025-06-17,1,bull,ma_bull,pullback_holds,current_week,-0.24485228290062666,-0.22045658012533575,-0.23701880035810197,-0.2911817367949865,0.03558639212175474,2025H1
300627,2025-06-18,2,bull,ma_bull,two_day_acceleration,current_week,-0.26428727830085397,-0.2518064374863148,-0.2583753010729145,-0.30654696737464415,0.013137727173199165,2025H1
300627,2025-07-10,3,bull,none,pullback_holds,current_week,-0.007529684332464481,0.03793802490587894,0.07298001737619475,-0.03272516652186508,0.04778453518679404,2025H2
300627,2025-07-21,0,bull,none,two_day_acceleration,current_week,0.03400000000000003,0.03114285714285714,0.04600000000000004,-0.0040000000000000036,0.050857142857142934,2025H2
300627,2025-07-28,0,bull,none,shrinking_volume_acceleration,current_week,-0.0024875621890546595,0.02321724709784423,0.03593145384190177,-0.02985074626865669,0.04588170259812063,2025H2
605303,2023-11-13,0,mid,none,shrinking_volume_acceleration,current_week,0.007450331125827825,0.0008278145695364003,-0.01572847682119205,-0.013245033112582738,0.01572847682119205,2023H2
605303,2023-11-20,0,mid,none,two_day_acceleration,current_week,-0.004118616144975329,0.011532125205930832,0.0008237232289949326,-0.016474464579901205,0.02224052718286651,2023H2
605303,2023-11-22,2,mid,none,pullback_holds,current_week,-0.004122011541632387,0.018136850783182057,0.0032976092333056872,-0.015663643858202958,0.02308326463314092,2023H2
605303,2023-11-23,3,mid,none,shrinking_volume_acceleration,current_week,-0.018744906275468542,0.0024449877750611915,-0.004889975550122161,-0.02689486552567233,0.01140994295028519,2023H2
605303,2023-12-29,4,mid,ma_bull,pullback_holds,current_week,0.11183673469387756,0.029387755102040725,-0.09224489795918356,-0.02857142857142858,0.22285714285714286,2023H2
605303,2024-01-04,3,mid,ma_bull,shrinking_volume_acceleration,current_week,0.017656500802568198,0.028892455858748,-0.2568218298555378,-0.0449438202247191,0.202247191011236,2024H1
605303,2025-06-03,1,bull,ma_bull,shrinking_volume_acceleration,current_week,0.14804202483285556,0.19579751671442214,0.21872015281757395,-0.005730659025788065,0.20534861509073554,2025H1
605303,2025-06-12,3,bull,ma_bull,shrinking_volume_acceleration,current_week,-0.0008244023083264773,0.04699093157460843,0.10140148392415482,-0.030502885408079217,0.054410552349546615,2025H1
605303,2025-08-04,0,bull,ma_bull,two_day_acceleration,current_week,0.0030864197530864335,0.05555555555555536,0.38503086419753063,-0.0586419753086419,0.05555555555555536,2025H2
605303,2025-08-06,2,bull,ma_bull,pullback_holds,current_week,0.019731649565903675,0.3070244672454616,0.2580899763220206,-0.03709550118389893,0.3070244672454616,2025H2
605303,2025-10-09,3,bull,ma_bull,shrinking_volume_acceleration,current_week,0.008823529411764897,0.12941176470588234,0.16352941176470592,-0.03470588235294114,0.1941176470588235,2025H2
605303,2025-11-14,4,bull,ma_bull,shrinking_volume_acceleration,current_week,-0.06562364189482839,0.006518904823989535,-0.12125162972620607,-0.10039113428943947,0.12125162972620585,2025H2
605303,2026-01-05,0,bull,none,shrinking_volume_acceleration,current_week,0.030371203599550034,0.009561304836895212,-0.032620922384702045,-0.018560179977502922,0.1164229471316085,2026H1
605303,2026-01-06,1,bull,none,pullback_holds,current_week,-0.010011123470522798,0.06173526140155716,-0.031145717463848643,-0.02947719688542827,0.10400444938820907,2026H1
605303,2026-01-09,4,bull,none,pullback_holds,current_week,-0.04266666666666674,-0.0037333333333333663,-0.04693333333333327,-0.08373333333333333,0.029333333333333433,2026H1
605303,2026-01-22,3,bull,none,shrinking_volume_acceleration,current_week,-0.055055584965590265,-0.0561143462149285,-0.012175754367390157,-0.0905240868184225,0.0,2026H1
605303,2026-02-09,0,bull,none,two_day_acceleration,current_week,0.04236827810972299,-0.07984790874524705,-0.052688756110809254,-0.08310700706137975,0.053775122216186855,2026H1
605303,2026-02-13,4,mid,none,pullback_holds,current_week,-0.031062670299727535,-0.059400544959128054,-0.07683923705722073,-0.10572207084468666,0.05722070844686655,2026H1
605303,2026-02-26,3,bull,none,shrinking_volume_acceleration,current_week,-0.09391675560298829,-0.06990394877267891,-0.10512273212379952,-0.12433297758804707,0.0026680896478119553,2026H1
605303,2026-02-27,4,bull,none,pullback_holds,current_week,-0.043596730245231696,-0.05994550408719357,-0.06376021798365128,-0.10572207084468666,0.007629427792915644,2026H1
605303,2026-05-08,4,bull,ma_bull,shrinking_volume_acceleration,current_week,-0.0015390534821085877,0.22739515198153137,0.10234705656021537,-0.04424778761061954,0.2424009234320892,2026H1
605303,2026-05-20,2,bull,ma_bull,shrinking_volume_acceleration,current_week,0.023494860499265746,0.08663729809104259,0.1560205580029368,-0.15491923641703387,0.288179148311307,2026H1
605303,2026-06-18,3,bull,ma_bull,shrinking_volume_acceleration,current_week,-0.20234697113859812,-0.30605772280367904,-0.4037424674912782,-0.3162067871868063,0.031715826197272534,2026H1
605303,2026-08-07,4,mid,none,two_day_acceleration,current_week,-0.014719411223551027,-0.05289788408463669,0.1389144434222631,-0.07451701931922727,0.07911683532658698,2026H2
600258,2025-08-13,2,bull,none,pullback_holds,current_week,0.0382978723404257,0.05602836879432638,0.09716312056737597,-0.012765957446808529,0.075177304964539,2025H2
600258,2025-08-14,3,bull,none,pullback_holds,current_week,0.037722419928825524,0.07900355871886111,0.10249110320284704,-0.009252669039146011,0.09750889679715291,2025H2
600258,2025-08-20,2,bull,none,two_day_acceleration,current_week,0.02407152682255842,0.028198074277854257,0.0343878954607979,-0.005502063273727598,0.06602475928473162,2025H2
600258,2025-08-22,4,bull,none,two_day_acceleration,current_week,0.038121170864533704,0.03675970047651478,0.053097345132743445,-0.006807351940095296,0.055139550714772056,2025H2
600258,2025-08-25,0,bull,macd_cross,two_day_acceleration,current_week,0.022651565622918035,0.03530979347101937,0.0066622251832111345,-0.017988007994670152,0.04330446369087282,2025H2
600258,2025-09-08,0,bull,ma_bull,two_day_acceleration,current_week,-0.018018018018018056,-0.0276705276705278,-0.06048906048906055,-0.04504504504504514,0.006435006435006496,2025H2
600258,2025-09-15,0,bull,ma_bull,pullback_holds,current_week,-0.018193632228720058,-0.046133853151397064,-0.05977907732293697,-0.05328135152696556,0.00974658869395717,2025H2
600258,2025-09-16,1,bull,ma_bull,pullback_holds,current_week,-0.031633311814073584,-0.05229180116204002,-0.07617817947062622,-0.059393156875403474,0.0032278889606198735,2025H2
600258,2025-09-19,4,mid,ma_bull,pullback_holds,current_week,-0.042718446601941795,-0.07184466019417479,-0.07184466019417479,-0.10097087378640779,0.0,2025H2
600258,2025-10-14,1,bull,none,pullback_holds,current_week,-0.004814305364511662,-0.021320495185694677,0.10247592847317755,-0.024759284731774467,0.02063273727647852,2025H2
600258,2025-10-15,2,bull,none,pullback_holds,current_week,-0.02053388090349073,-0.02258726899383967,0.09719370294318974,-0.033538672142368164,0.004791238877481119,2025H2
600258,2025-10-16,3,bull,none,pullback_holds,current_week,-0.008258774948382674,-0.015829318651066737,0.10667584308327593,-0.02821748107364075,0.008947006194081064,2025H2
600258,2025-10-21,1,bull,none,pullback_holds,current_week,-0.013176144244105403,0.0,0.10055478502080462,-0.020804438280166315,0.018030513176144236,2025H2
600258,2025-10-27,0,bull,none,pullback_holds,current_week,0.009071877180739651,0.1270062805303558,0.0928122819260293,-0.01465457083042565,0.1270062805303558,2025H2
600258,2025-10-31,4,bull,macd_stabilizing,pullback_holds,current_week,0.011019283746556585,0.0881542699724518,0.052341597796143446,-0.011707988980716233,0.1584022038567494,2025H2
600258,2025-11-07,4,bull,none,shrinking_volume_acceleration,current_week,0.06254203093476796,0.030934767989239997,0.0685944855413585,-0.01143241425689312,0.13113651647612645,2025H2
600258,2025-11-13,3,bull,macd_cross,shrinking_volume_acceleration,current_week,-0.03606965174129362,-0.045398009950248897,-0.05161691542288571,-0.057213930348258835,0.01679104477611948,2025H2
600258,2025-12-19,4,mid,ma_bull,two_day_acceleration,current_week,-0.02882352941176458,-0.028235294117647136,0.05647058823529427,-0.05470588235294116,0.0,2025H2
600258,2026-01-12,0,bull,ma_bull,two_day_acceleration,current_week,0.012131715771230622,0.010976314269208531,0.0023108030040439598,-0.042749855574812146,0.05257076834199892,2026H1
600258,2026-01-15,3,bull,ma_bull,two_day_acceleration,current_week,0.04205607476635498,-0.010514018691588745,-0.033878504672897325,-0.032126168224299145,0.05841121495327095,2026H1
600258,2026-04-13,0,mid,none,shrinking_volume_acceleration,current_week,-0.015810276679841917,-0.017127799736495364,-0.07378129117259546,-0.025032938076416267,0.029644268774703608,2026H1
600258,2026-04-21,1,bull,none,pullback_holds,current_week,-0.016010673782521745,-0.011340893929286167,-0.11941294196130747,-0.02401601067378245,0.07738492328218793,2026H1
600258,2026-04-22,2,bull,none,pullback_holds,current_week,0.06795469686875433,-0.03997335109926714,-0.12191872085276478,-0.046635576282478275,0.07594936708860756,2026H1
600258,2026-04-23,3,bull,none,pullback_holds,current_week,0.03300330033003296,-0.052145214521452155,-0.11551155115511547,-0.06402640264026405,0.06600660066006592,2026H1
600258,2026-04-24,4,bull,none,pullback_holds,current_week,-0.007294429708222805,-0.05437665782493373,-0.11405835543766585,-0.05968169761273212,0.07095490716180364,2026H1
603519,2023-05-18,3,mid,ma_bull,pullback_holds,current_week,0.014641288433382194,0.03221083455344065,0.026354319180087904,-0.014641288433382083,0.06002928257686668,2023H1
603519,2023-07-13,3,mid,ma_bull,pullback_holds,current_week,-0.008241758241758323,-0.0267857142857143,-0.03846153846153855,-0.03090659340659352,0.026098901098901006,2023H2
603519,2023-07-14,4,mid,ma_bull,pullback_holds,current_week,-0.0217687074829932,-0.029931972789115746,-0.057823129251700744,-0.04625850340136062,0.01632653061224487,2023H2
603519,2023-07-31,0,bull,ma_bull,pullback_holds,current_week,-0.01666666666666672,-0.03750000000000009,0.002777777777777768,-0.050000000000000044,0.011111111111111072,2023H2
603519,2023-08-01,1,bull,ma_bull,pullback_holds,current_week,-0.044765840220385544,-0.037190082644628086,0.017906336088154395,-0.05785123966942152,0.0027548209366392573,2023H2
603519,2023-08-03,3,bull,ma_bull,pullback_holds,current_week,-0.021663172606568915,-0.0062893081761006275,0.08874912648497557,-0.044025157232704504,0.008385744234800763,2023H2
603519,2023-08-04,4,bull,ma_bull,pullback_holds,current_week,-0.033496161898115884,-0.004187020237264472,0.15352407536636425,-0.04535938590369859,0.014654570830425762,2023H2
603519,2023-09-18,0,mid,ma_bull,pullback_holds,current_week,-0.08555133079847921,-0.057034220532319435,-0.21102661596958172,-0.10646387832699633,0.014575411913815062,2023H2
603519,2023-09-19,1,mid,ma_bull,pullback_holds,current_week,-0.07667731629392971,-0.056869009584664565,-0.1936102236421725,-0.09904153354632594,0.023003194888179035,2023H2
603519,2023-11-16,3,mid,none,pullback_holds,current_week,0.02404207362885047,0.005259203606311047,-0.030803906836964656,-0.008264462809917328,0.05709992486852,2023H2
603519,2023-11-23,3,mid,none,shrinking_volume_acceleration,current_week,-0.02121433796634964,-0.04096561814191668,-0.059253840526700796,-0.049012435991221626,0.029261155815654805,2023H2
603519,2023-12-28,3,mid,none,pullback_holds,current_week,0.028771384136858646,0.021772939346812015,-0.024105754276827263,-0.0015552099533436836,0.04743390357698307,2023H2
603519,2025-06-03,1,bull,ma_bull,pullback_holds,current_week,0.04954954954954949,-0.08408408408408408,-0.07657657657657657,-0.09459459459459463,0.0645645645645645,2025H1
603519,2025-06-04,2,bull,ma_bull,two_day_acceleration,current_week,0.035502958579881616,-0.09319526627218933,-0.09171597633136086,-0.10798816568047331,0.04881656804733736,2025H1
603519,2025-06-05,3,bull,ma_bull,two_day_acceleration,current_week,-0.004301075268817289,-0.13835125448028684,-0.10035842293906816,-0.13978494623655924,0.016487455197132572,2025H1
603519,2025-06-09,0,bull,ma_bull,shrinking_volume_acceleration,current_week,-0.1404255319148935,-0.15319148936170213,-0.1063829787234043,-0.16595744680851066,0.005673758865248235,2025H1
603519,2025-06-11,2,bull,ma_bull,shrinking_volume_acceleration,current_week,-0.12428571428571433,-0.12285714285714278,-0.11499999999999999,-0.16000000000000003,0.007857142857142785,2025H1
603519,2025-06-24,1,bull,none,shrinking_volume_acceleration,current_week,0.0008136696501219731,0.015459723352318822,0.025223759153783387,-0.02766476810414975,0.03905614320585826,2025H1
603519,2025-06-25,2,bull,none,pullback_holds,current_week,0.002448979591836764,0.011428571428571566,0.03183673469387749,-0.024489795918367308,0.0424489795918368,2025H1
603519,2025-07-01,1,bull,none,two_day_acceleration,current_week,0.010526315789473717,0.009716599190283448,0.010526315789473717,-0.012955465587044523,0.03400809716599196,2025H2
603519,2025-07-04,4,bull,none,pullback_holds,current_week,0.0096540627514079,0.006436041834271933,-0.016894609814963713,-0.012067578439259763,0.018503620273531807,2025H2
603519,2025-07-08,1,bull,macd_stabilizing,pullback_holds,current_week,-0.0008012820512820484,0.009615384615384581,0.017628205128205288,-0.01602564102564097,0.017628205128205288,2025H2
603519,2025-07-10,3,bull,macd_stabilizing,pullback_holds,current_week,0.0040128410914925805,0.008828250401283988,0.024077046548956593,-0.012038523274478408,0.03772070626003199,2025H2
603519,2025-07-11,4,bull,macd_stabilizing,two_day_acceleration,current_week,0.0,0.005595523581135131,0.025579536370903266,-0.01119104716227004,0.033573141486810565,2025H2
603519,2025-07-22,1,bull,none,pullback_holds,current_week,-0.01421800947867291,0.003159557661927437,0.04739336492891,-0.0545023696682464,0.021327014218009532,2025H2
603519,2025-07-23,2,bull,none,pullback_holds,current_week,-0.030757097791798027,0.004731861198738141,0.054416403785489065,-0.05599369085173489,0.009463722397476504,2025H2
603519,2025-07-24,3,bull,none,pullback_holds,current_week,-0.04146730462519943,0.01754385964912264,0.07177033492822948,-0.045454545454545525,0.023125996810207328,2025H2
603519,2025-07-25,4,bull,none,pullback_holds,current_week,-0.031695721077654504,0.016640253565768592,0.09033280507131525,-0.05150554675118857,0.019017432646592614,2025H2
603519,2025-08-05,1,bull,ma_bull,two_day_acceleration,current_week,0.037765538945711885,0.04327301337529499,0.00944138473642786,-0.006294256490952055,0.054287962234460974,2025H2
603519,2025-08-08,4,bull,ma_bull,shrinking_volume_acceleration,current_week,0.0015515903801395226,0.06749418153607434,0.002327385570209506,-0.009309542280837912,0.06826997672614432,2025H2
603519,2025-08-11,0,bull,macd_cross,two_day_acceleration,current_week,0.0015302218821728886,0.01683244070390222,-0.007651109410864554,-0.022188217291507217,0.05585309869931132,2025H2
603519,2025-08-15,4,bull,none,pullback_holds,current_week,0.05118411000763934,-0.007639419404125269,-0.0267379679144385,-0.018334606569900713,0.054239877769289624,2025H2
603519,2025-08-18,0,bull,macd_cross,two_day_acceleration,current_week,0.02152190622598016,-0.005380476556494984,-0.027671022290545744,-0.012298232129131503,0.06072252113758658,2025H2
603519,2025-08-22,4,bull,ma_bull,shrinking_volume_acceleration,current_week,-0.05664488017429192,-0.061728395061728336,-0.038489469862018844,-0.0980392156862745,0.002178649237472907,2025H2
603519,2025-09-08,0,bull,ma_bull,pullback_holds,current_week,-0.025423728813559365,-0.013867488443759624,-0.06009244992295837,-0.04853620955315874,0.055469953775038494,2025H2
603519,2025-10-21,1,bull,none,pullback_holds,current_week,0.053104575163398726,0.054738562091503296,0.04656862745098045,-0.0008169934640522847,0.06209150326797386,2025H2
603519,2025-10-22,2,bull,none,pullback_holds,current_week,0.043654001616814764,0.04931285367825389,0.021018593371058936,-0.011317704122878025,0.06305578011317703,2025H2
603519,2025-10-23,3,bull,macd_stabilizing,pullback_holds,current_week,0.02411575562700974,0.04099678456591649,0.016077170418006492,-0.006430868167202619,0.05707395498392298,2025H2
603519,2025-10-24,4,bull,macd_stabilizing,pullback_holds,current_week,0.028799999999999937,0.04400000000000004,-0.027200000000000002,-0.011200000000000099,0.052000000000000046,2025H2
603519,2025-11-11,1,bull,macd_cross,shrinking_volume_acceleration,current_week,-0.031746031746031744,-0.06500377928949352,-0.06198034769463345,-0.08767951625094483,0.0037792894935753107,2025H2
603519,2025-12-01,0,mid,none,pullback_holds,current_week,-0.029664324746291992,-0.0866510538641686,-0.06323185011709609,-0.09445745511319292,0.0031225604996096834,2025H2
603519,2025-12-29,0,bull,none,pullback_holds,current_week,0.02257525083612033,0.027591973244147194,0.10200668896321052,-0.006688963210702337,0.038461538461538325,2025H2
603519,2025-12-30,1,bull,none,pullback_holds,current_week,0.01662510390689942,0.03906899418121346,0.12551953449709052,-0.00831255195344982,0.04073150457190344,2025H2
603519,2025-12-31,2,bull,none,pullback_holds,current_week,0.014975041597337979,0.04742096505823623,0.12978369384359412,-0.0024958402662229595,0.05657237936772064,2025H2
603519,2026-01-21,2,bull,macd_cross,two_day_acceleration,current_week,0.006106870229007688,0.023664122137404542,0.03816793893129766,-0.01908396946564883,0.051908396946565016,2026H1
603519,2026-03-10,1,bull,ma_bull,shrinking_volume_acceleration,current_week,-0.020304568527918843,-0.06598984771573602,0.0116026105873821,-0.11965192168237859,0.029006526468455363,2026H1
603519,2026-04-10,4,mid,none,shrinking_volume_acceleration,current_week,0.017328519855595692,0.016606498194945862,0.04548736462093861,-0.007942238267148016,0.04259927797833929,2026H1
603519,2026-04-15,2,mid,none,shrinking_volume_acceleration,current_week,0.010660980810234477,-0.009950248756218971,-0.05543710021321957,-0.02771855010660984,0.026297085998578495,2026H1
603519,2026-04-16,3,mid,none,two_day_acceleration,current_week,-0.00630693763139456,0.01191310441485638,-0.05185704274702163,-0.041345480028030845,0.029432375613174466,2026H1
603519,2026-05-08,4,bull,ma_bull,shrinking_volume_acceleration,current_week,-0.09729729729729741,-0.09662162162162158,-0.15202702702702697,-0.1283783783783784,0.002702702702702675,2026H1
603519,2026-05-19,1,bull,ma_bull,shrinking_volume_acceleration,current_week,-0.03988183161004433,-0.06499261447562787,0.03840472673559825,-0.09453471196454954,0.011816838995568624,2026H1
603519,2026-06-22,0,bull,macd_cross,two_day_acceleration,current_week,0.02528276779773786,-0.017964071856287567,0.17099135063206927,-0.041916167664670656,0.09647371922821013,2026H1
603519,2026-06-23,1,bull,macd_cross,shrinking_volume_acceleration,current_week,0.003278688524590123,-0.03213114754098367,0.03868852459016403,-0.05573770491803276,0.08065573770491796,2026H1
600155,2024-01-26,4,mid,none,pullback_holds,current_week,-0.160248447204969,-0.09192546583850936,-0.003726708074534346,-0.25217391304347825,0.0,2024H1
600155,2024-02-20,1,bull,none,shrinking_volume_acceleration,current_week,0.06793478260869557,0.06521739130434767,0.05434782608695654,-0.00815217391304357,0.13179347826086962,2024H1
600155,2024-02-29,3,bull,none,shrinking_volume_acceleration,current_week,-0.032911392405063244,-0.029113924050632956,-0.09999999999999998,-0.04177215189873418,0.03164556962025311,2024H1
600155,2024-03-04,0,bull,none,two_day_acceleration,current_week,-0.02506265664160401,-0.006265664160400974,-0.08646616541353391,-0.05137844611528819,0.006265664160400863,2024H1
600155,2024-03-12,1,bull,none,pullback_holds,current_week,-0.00512820512820511,-0.05897435897435899,-0.1269230769230768,-0.06794871794871782,0.0525641025641026,2024H1
600155,2024-03-13,2,bull,none,pullback_holds,current_week,0.02994791666666674,-0.08072916666666652,-0.13411458333333326,-0.08072916666666652,0.06901041666666674,2024H1
600155,2024-03-18,0,bull,none,two_day_acceleration,current_week,-0.0633713561470215,-0.07604562737642595,-0.14575411913814962,-0.11406844106463887,0.040557667934093766,2024H1
600155,2024-03-22,4,bull,none,pullback_holds,current_week,-0.07272727272727264,-0.09740259740259738,-0.11558441558441557,-0.10519480519480517,0.007792207792207684,2024H1
600155,2025-11-03,0,bull,none,pullback_holds,current_week,0.005420054200542035,0.042005420054200604,-0.05826558265582649,-0.012195121951219523,0.08130081300813008,2025H2
600155,2025-11-10,0,bull,macd_stabilizing,pullback_holds,current_week,0.03778677462888003,-0.05668016194331982,-0.05802968960863697,-0.06477732793522273,0.07692307692307687,2025H2
600155,2025-11-11,1,bull,macd_stabilizing,pullback_holds,current_week,0.037583892617449655,-0.05637583892617448,-0.07919463087248324,-0.06979865771812088,0.07114093959731549,2025H2
600155,2025-11-12,2,bull,none,pullback_holds,current_week,0.03238866396761142,-0.06477732793522273,-0.06612685560053988,-0.06612685560053988,0.07692307692307687,2025H2
600155,2025-11-14,4,bull,macd_stabilizing,two_day_acceleration,current_week,-0.07019867549668868,-0.0768211920529801,-0.09668874172185427,-0.08476821192052975,0.0331125827814569,2025H2
001223,2025-07-14,0,bull,none,shrinking_volume_acceleration,current_week,0.01968864468864462,0.026785714285714413,0.08470695970695985,-0.028846153846153855,0.03960622710622719,2025H2
001223,2025-07-16,2,bull,none,shrinking_volume_acceleration,current_week,-0.017563868613138744,0.0013686131386860811,0.10652372262773713,-0.032390510948905105,0.03581204379562042,2025H2
001223,2025-07-30,2,bull,none,pullback_holds,current_week,0.059852670349908044,0.11671270718232041,0.18393186003683248,-0.014963167587476955,0.1392725598526705,2025H2
001223,2025-10-13,0,bull,none,two_day_acceleration,current_week,-0.044679600235155825,0.12051734273956494,0.07191847932588669,-0.054869684499314064,0.12678816382520086,2025H2
001223,2025-10-14,1,bull,none,pullback_holds,current_week,-0.013277843836702385,0.11097899326198979,0.06896551724137923,-0.044193420531113636,0.15616329766151416,2025H2
001223,2025-10-15,2,bull,none,pullback_holds,current_week,-0.007642563198118735,0.0934744268077603,0.024299431706839236,-0.054869684499314064,0.14324906917499525,2025H2
001223,2025-10-22,2,bull,none,pullback_holds,current_week,0.10363924050632911,0.08069620253164556,0.11530854430379733,-0.034810126582278444,0.1538765822784811,2025H2
001223,2025-12-25,3,bull,none,pullback_holds,current_week,-0.019117347976408294,0.13382143583485862,0.17347976408379084,-0.0711816148057759,0.15029489526133832,2025H2
001223,2026-01-09,4,bull,none,shrinking_volume_acceleration,current_week,0.06623735050597968,0.1422263109475621,0.07654093836246534,-0.010119595216191324,0.1422263109475621,2026H1
001223,2026-03-06,4,bull,ma_bull,two_day_acceleration,current_week,-0.05017207027712378,-0.10487230574171347,-0.0416591197246875,-0.11501539576163744,0.00796957072994009,2026H1
001223,2026-05-11,0,bull,none,two_day_acceleration,current_week,0.11295681063122909,0.06661129568106317,-0.24983388704318932,-0.05166112956810631,0.2207641196013288,2026H1
300176,2023-03-06,0,bull,ma_bull,pullback_holds,current_week,-0.04424778761061943,-0.06342182890855452,-0.019174041297935096,-0.08554572271386429,0.001474926253687281,2023H1
300176,2023-03-20,0,mid,ma_bull,pullback_holds,current_week,0.07244094488188968,0.04724409448818889,0.018897637795275424,-0.009448818897637823,0.21574803149606292,2023H1
300176,2023-03-21,1,mid,ma_bull,pullback_holds,current_week,0.034214618973561484,0.013996889580093486,0.0062208398133747345,-0.0015552099533436836,0.20062208398133752,2023H1
300176,2023-04-03,0,bull,none,pullback_holds,current_week,-0.06315789473684208,-0.027067669172932463,-0.08571428571428574,-0.09172932330827077,0.007518796992481258,2023H1
300176,2023-04-14,4,bull,none,pullback_holds,current_week,-0.0015552099533436836,-0.015552099533436947,-0.0419906687402799,-0.043545878693623585,0.04199066874028001,2023H1
300176,2023-05-08,0,bull,none,shrinking_volume_acceleration,current_week,-0.03883495145631055,0.027508090614886793,-0.0016181229773462036,-0.05663430420711968,0.02912621359223322,2023H1
300176,2023-05-18,3,mid,none,pullback_holds,current_week,0.0064102564102563875,-0.027243589743589758,-0.033653846153846145,-0.027243589743589758,0.024038461538461675,2023H1
300176,2023-07-31,0,bull,none,shrinking_volume_acceleration,current_week,-0.07713884992987374,-0.08555399719495083,-0.12762973352033657,-0.10098176718092566,0.0014025245441795509,2023H2
300176,2023-09-19,1,mid,none,pullback_holds,current_week,0.0015503875968991832,0.023255813953488413,0.029457364341085368,-0.02170542635658912,0.046511627906976605,2023H2
300176,2023-11-13,0,mid,ma_bull,two_day_acceleration,current_week,0.02571428571428558,0.014285714285714457,-0.027142857142857024,-0.010000000000000009,0.04428571428571426,2023H2
300176,2023-11-15,2,mid,ma_bull,two_day_acceleration,current_week,-0.008450704225352212,0.019718309859154903,-0.04507042253521132,-0.015492957746478964,0.04507042253521121,2023H2
300176,2023-12-29,4,mid,none,pullback_holds,current_week,-0.020588235294117574,-0.033823529411764586,-0.15147058823529402,-0.03676470588235292,0.02205882352941191,2023H2
300176,2025-02-10,0,mid,none,shrinking_volume_acceleration,current_week,0.02203856749311295,0.02892561983471076,0.017906336088154395,-0.03443526170798894,0.05096418732782371,2025H1
300176,2025-02-19,2,bull,none,shrinking_volume_acceleration,current_week,0.032608695652173836,-0.0013586956521738358,0.05434782608695654,-0.040760869565217406,0.048913043478260754,2025H1
300176,2025-04-23,2,mid,none,pullback_holds,current_week,0.0031152647975078995,0.051401869158878455,0.028037383177570208,-0.06386292834890972,0.07632398753894076,2025H1
300176,2025-09-08,0,bull,ma_bull,two_day_acceleration,current_week,0.01775956284153013,0.01775956284153013,-0.04371584699453557,-0.012295081967213073,0.12295081967213117,2025H2
300176,2025-09-09,1,bull,ma_bull,pullback_holds,current_week,0.04389574759945125,0.015089163237311354,-0.020576131687242705,-0.016460905349794275,0.12757201646090532,2025H2
300176,2025-09-10,2,bull,ma_bull,pullback_holds,current_week,0.08027210884353742,0.012244897959183598,-0.03809523809523807,-0.02448979591836742,0.1183673469387756,2025H2
300176,2025-09-11,3,bull,ma_bull,shrinking_volume_acceleration,current_week,0.014666666666666606,-0.04133333333333333,-0.08133333333333326,-0.04400000000000004,0.09600000000000009,2025H2
300176,2025-10-10,4,bull,none,shrinking_volume_acceleration,current_week,-0.0014492753623187582,0.07826086956521738,0.010144927536231751,-0.03188405797101457,0.09130434782608687,2025H2
300176,2025-11-05,2,bull,none,shrinking_volume_acceleration,current_week,0.0057388809182210565,-0.0057388809182209455,-0.014347202295552308,-0.01147776183644178,0.03299856527977041,2025H2
300176,2025-11-06,3,bull,none,pullback_holds,current_week,0.0014224751066855834,-0.01849217638691325,-0.031294452347083834,-0.02560455192034139,0.024182076813655806,2025H2
300176,2025-11-07,4,bull,none,pullback_holds,current_week,0.022922636103151817,-0.06017191977077363,-0.008595988538682042,-0.06733524355300868,0.03151862464183375,2025H2
300176,2025-11-18,1,mid,none,pullback_holds,current_week,-0.05734265734265731,-0.032167832167832255,-0.10069930069930078,-0.08951048951048957,0.00419580419580412,2025H2
300176,2025-12-01,0,mid,none,pullback_holds,current_week,0.005797101449275477,-0.050724637681159535,-0.024637681159420333,-0.06956521739130439,0.01304347826086949,2025H2
300176,2026-01-15,3,bull,none,pullback_holds,current_week,0.03193033381712618,0.0653120464441217,0.13497822931785186,-0.014513788098693858,0.13207547169811318,2026H1
300176,2026-01-16,4,bull,none,pullback_holds,current_week,0.04956268221574334,0.09620991253644307,0.1443148688046647,-0.00291545189504383,0.13702623906705536,2026H1
300176,2026-01-22,3,bull,none,two_day_acceleration,current_week,0.030898876404494402,0.10674157303370779,0.1137640449438202,-0.03651685393258419,0.122191011235955,2026H1
300176,2026-02-05,3,mid,none,two_day_acceleration,current_week,0.01558441558441559,0.029870129870129825,-0.018181818181818188,-0.00649350649350644,0.08441558441558428,2026H1
300176,2026-02-24,1,bull,ma_bull,two_day_acceleration,current_week,-0.07499999999999996,-0.007499999999999951,-0.13,-0.09624999999999995,0.043749999999999956,2026H1
300176,2026-02-25,2,bull,ma_bull,two_day_acceleration,current_week,-0.08068459657701699,-0.05134474327628358,-0.12224938875305624,-0.11613691931540338,0.0024449877750609694,2026H1
300176,2026-02-27,4,bull,ma_bull,pullback_holds,current_week,0.02207792207792214,-0.018181818181818188,-0.08571428571428574,-0.061038961038961004,0.042857142857142705,2026H1
300176,2026-04-09,3,mid,none,pullback_holds,current_week,0.009589041095890538,-0.03013698630136985,-0.0767123287671232,-0.0383561643835616,0.013698630136986356,2026H1
300176,2026-04-10,4,mid,macd_stabilizing,shrinking_volume_acceleration,current_week,0.0027472527472527375,-0.019230769230769162,-0.06593406593406603,-0.04807692307692313,0.016483516483516425,2026H1
300176,2026-04-27,0,bull,macd_stabilizing,two_day_acceleration,current_week,-0.04526748971193417,-0.08779149519890261,-0.1810699588477367,-0.08916323731138542,0.004115226337448652,2026H1
300176,2026-04-28,1,bull,macd_stabilizing,pullback_holds,current_week,-0.030344827586206824,-0.0868965517241379,-0.14758620689655177,-0.09241379310344822,0.0,2026H1
300176,2026-05-08,4,bull,none,pullback_holds,current_week,-0.062322946175637495,-0.0949008498583569,-0.18413597733711062,-0.12039660056657231,0.0014164305949009304,2026H1
300176,2026-05-19,1,bull,none,shrinking_volume_acceleration,current_week,-0.08571428571428574,-0.1037593984962406,-0.19548872180451127,-0.12932330827067673,0.07669172932330826,2026H1
002298,2023-04-03,0,bull,ma_bull,two_day_acceleration,current_week,-0.041290322580645245,-0.05548387096774188,-0.17677419354838708,-0.06580645161290322,0.014193548387096744,2023H1
002298,2023-04-04,1,bull,ma_bull,pullback_holds,current_week,0.03609625668449201,-0.009358288770053513,-0.12299465240641705,-0.03208556149732622,0.050802139037433136,2023H1
002298,2023-04-13,3,bull,ma_bull,pullback_holds,current_week,-0.02864583333333326,-0.16015625,-0.21875,-0.16666666666666663,0.01692708333333348,2023H1
002298,2025-05-08,3,bull,none,shrinking_volume_acceleration,current_week,-0.02368866328257191,-0.0016920473773265332,0.3451776649746192,-0.035532994923857864,0.035532994923857864,2025H1
002298,2025-05-22,3,bull,none,pullback_holds,current_week,0.05641025641025621,0.3589743589743588,0.05982905982905984,-0.032478632478632585,0.3589743589743588,2025H1
002298,2025-07-09,2,bull,ma_bull,pullback_holds,current_week,0.02496328928046987,0.0,0.11747430249632895,-0.0190895741556536,0.08370044052863435,2025H2
002298,2025-07-10,3,bull,ma_bull,pullback_holds,current_week,0.01911764705882346,0.013235294117647234,0.10882352941176476,-0.01764705882352946,0.08529411764705874,2025H2
002298,2025-07-11,4,bull,ma_bull,pullback_holds,current_week,0.050073637702503726,0.11634756995581741,0.10014727540500723,-0.016200294550810068,0.11634756995581741,2025H2
002298,2025-07-15,1,bull,ma_bull,two_day_acceleration,current_week,-0.025210084033613578,0.10504201680672276,0.19887955182072825,-0.053221288515406306,0.13025210084033612,2025H2
002298,2025-07-17,3,bull,ma_bull,pullback_holds,current_week,-0.005772005772005651,0.07792207792207795,0.40115440115440126,-0.024531024531024515,0.16450216450216448,2025H2
002298,2025-07-18,4,bull,ma_bull,two_day_acceleration,current_week,0.06760563380281681,0.019718309859154903,0.5042253521126758,-0.04788732394366202,0.1366197183098592,2025H2
002298,2025-11-04,1,bull,ma_bull,pullback_holds,current_week,0.059836065573770414,0.07540983606557372,-0.10737704918032787,-0.03688524590163944,0.11147540983606552,2025H2
002298,2025-11-05,2,bull,ma_bull,two_day_acceleration,current_week,-0.026336173508907823,0.056545313710302025,-0.20061967467079778,-0.08985282726568555,0.07668474051123164,2025H2
002298,2025-12-08,0,bull,none,two_day_acceleration,current_week,-0.03373945641986875,-0.028116213683223923,0.018744142455482837,-0.07403936269915645,0.006560449859418949,2025H2
002298,2025-12-25,3,bull,none,pullback_holds,current_week,0.040076335877862634,0.11068702290076327,0.06297709923664119,-0.021946564885496178,0.11068702290076327,2025H2
002298,2025-12-26,4,bull,none,pullback_holds,current_week,0.05273250239693206,0.1697027804410356,0.05081495685522541,-0.017257909875359467,0.2253116011505274,2025H2
002298,2026-02-09,0,bull,none,two_day_acceleration,current_week,0.007441860465116301,-0.05395348837209302,0.12186046511627913,-0.05395348837209302,0.037209302325581506,2026H1
002298,2026-02-25,2,bull,none,pullback_holds,current_week,-0.02878365831012064,0.1754874651810585,0.15877437325905297,-0.06685236768802216,0.26276694521819866,2026H1
002298,2026-02-27,4,bull,none,two_day_acceleration,current_week,0.008264462809917328,0.09733700642791554,0.06887052341597788,-0.07713498622589532,0.24885215794306692,2026H1
002298,2026-03-09,0,mid,none,two_day_acceleration,current_week,0.050000000000000044,0.014912280701754321,-0.14649122807017545,-0.014912280701754432,0.1929824561403508,2026H1
000962,2023-06-15,3,mid,none,two_day_acceleration,current_week,0.07533632286995506,0.104932735426009,0.10852017937219727,-0.00627802690582957,0.1659192825112108,2023H1
000962,2023-06-16,4,mid,none,two_day_acceleration,current_week,0.021903959561920816,0.026116259477674708,0.048862679022746436,-0.01432181971356361,0.10193765796124676,2023H1
000962,2023-07-28,4,bull,ma_bull,pullback_holds,current_week,0.05901639344262288,0.0180327868852459,-0.09836065573770503,-0.0016393442622951726,0.2245901639344261,2023H2
000962,2023-07-31,0,bull,ma_bull,pullback_holds,current_week,0.12106537530266337,0.004035512510088601,-0.09281678773204194,-0.014527845036319542,0.20581113801452777,2023H2
000962,2023-08-04,4,bull,ma_bull,two_day_acceleration,current_week,-0.012718600953895098,-0.06597774244833066,-0.04769475357710651,-0.07949125596184414,0.12003179650238471,2023H2
000962,2023-11-20,0,mid,none,two_day_acceleration,current_week,-0.044289044289044344,-0.014763014763014892,-0.08624708624708632,-0.05672105672105676,0.013986013986013957,2023H2
000962,2023-11-21,1,mid,none,pullback_holds,current_week,-0.0321568627450981,-0.04156862745098033,-0.07215686274509803,-0.04784313725490197,0.02352941176470602,2023H2
000962,2024-01-02,1,mid,none,two_day_acceleration,current_week,-0.06441476826394343,-0.1115475255302435,-0.1987431264728986,-0.1264728986645718,0.010997643362136822,2024H1
000962,2025-02-07,4,mid,ma_bull,pullback_holds,current_week,-0.018880647336480094,0.024949426837491684,0.09912339851652052,-0.05327039784221166,0.03236682400539448,2025H1
000962,2025-02-10,0,mid,ma_bull,two_day_acceleration,current_week,-0.03131245836109253,0.013324450366422491,0.07928047968021312,-0.06462358427714854,0.033311125916055895,2025H1
000962,2025-02-20,3,bull,ma_bull,pullback_holds,current_week,-0.003355704697986628,0.05369127516778538,0.07046979865771807,-0.041610738255033475,0.06375838926174482,2025H1
000962,2025-02-21,4,bull,ma_bull,two_day_acceleration,current_week,-0.0566534914361001,0.07378129117259569,0.030961791831357166,-0.059288537549406994,0.11001317523056664,2025H1
000962,2025-03-06,3,bull,ma_bull,two_day_acceleration,current_week,0.06662395900064033,0.021780909673286386,0.00832799487508007,-0.0006406149903909197,0.17360666239590006,2025H1
000962,2025-03-13,3,bull,ma_bull,shrinking_volume_acceleration,current_week,-0.12936681222707425,-0.11844978165938869,-0.218886462882096,-0.15283842794759828,0.0,2025H1
000962,2025-03-14,4,bull,ma_bull,two_day_acceleration,current_week,-0.05836341756919383,-0.045126353790613694,-0.10950661853188925,-0.06618531889290025,0.03489771359807459,2025H1
000962,2025-03-26,2,mid,ma_bull,pullback_holds,current_week,0.0006176652254477055,-0.12476837554045717,-0.07411982705373699,-0.2575663990117357,0.044471896232242125,2025H1
000962,2025-03-27,3,mid,ma_bull,pullback_holds,current_week,-0.01686445971267969,-0.10618363522798258,-0.05996252342286079,-0.24921923797626488,0.05621486570893186,2025H1
000962,2025-04-21,0,mid,none,two_day_acceleration,current_week,0.007477906186267758,0.055744391570360374,0.19034670292318157,-0.008157715839565038,0.06458191706322225,2025H1
000962,2025-04-23,2,mid,none,pullback_holds,current_week,-0.00468227424749168,0.10301003344481607,0.26755852842809347,-0.02006688963210712,0.11371237458193972,2025H1
000962,2025-04-24,3,mid,none,pullback_holds,current_week,0.029352901934623032,0.0807204803202135,0.17745163442294887,-0.022681787858572333,0.11074049366244143,2025H1
000962,2025-04-25,4,mid,none,two_day_acceleration,current_week,0.020611702127659504,0.07247340425531901,0.15957446808510634,-0.025930851063829863,0.10704787234042534,2025H1
000962,2025-05-08,3,bull,none,shrinking_volume_acceleration,current_week,0.03024453024453022,0.12676962676962678,0.08687258687258681,-0.009652509652509633,0.20334620334620324,2025H1
000962,2025-05-19,0,bull,ma_bull,two_day_acceleration,current_week,0.14294330518697218,0.019903498190591007,-0.007237635705669487,-0.009047044632086942,0.16525934861278646,2025H1
000962,2025-06-25,2,bull,ma_bull,shrinking_volume_acceleration,current_week,0.03260188087774285,0.033228840125391734,0.1272727272727272,-0.0006269592476489949,0.05141065830721003,2025H1
000962,2025-06-26,3,bull,ma_bull,pullback_holds,current_week,0.013613861386138515,0.026608910891089188,0.13366336633663356,-0.004950495049504844,0.037747524752475226,2025H1
000962,2025-06-27,4,bull,ma_bull,pullback_holds,current_week,0.0012300123001229846,0.041205412054120316,0.11316113161131613,-0.011070110701106972,0.055965559655596575,2025H1
000962,2025-06-30,0,bull,ma_bull,pullback_holds,current_week,0.0042787286063570296,0.03606356968215163,0.1094132029339856,-0.011002444987775029,0.05012224938875298,2025H1
000962,2025-07-01,1,bull,ma_bull,two_day_acceleration,current_week,-0.0029940119760479833,0.0029940119760478723,0.06886227544910195,-0.031137724550898138,0.028742514970059974,2025H2
000962,2025-07-02,2,bull,ma_bull,pullback_holds,current_week,0.0012150668286754485,0.00911300121506664,0.05407047387606312,-0.017010935601458166,0.04374240583232081,2025H2
000962,2025-07-03,3,bull,ma_bull,pullback_holds,current_week,0.017791411042944683,0.039877300613496924,0.035582822085889365,-0.007361963190184118,0.053987730061349604,2025H2
000962,2025-07-04,4,bull,none,pullback_holds,current_week,0.03168799512492382,0.051188299817184646,0.029859841560024192,-0.012797074954296161,0.06032906764168211,2025H2
000962,2025-07-08,1,bull,macd_stabilizing,two_day_acceleration,current_week,0.0035949670461352667,0.058717795086878466,0.028160575194727366,-0.0185739964050331,0.05991611743559022,2025H2
000962,2025-07-09,2,bull,macd_stabilizing,pullback_holds,current_week,0.007277137659187138,0.09035779260157661,0.04669496664645245,-0.006670709520921969,0.1249241964827168,2025H2
000962,2025-07-11,4,bull,macd_stabilizing,two_day_acceleration,current_week,0.017699115044247815,0.0678466076696167,0.02595870206489681,-0.02654867256637161,0.0943952802359882,2025H2
000962,2025-07-23,2,bull,ma_bull,two_day_acceleration,current_week,-0.030726256983240274,-0.03575418994413415,0.19999999999999996,-0.06648044692737431,0.03631284916201105,2025H2
000962,2025-07-24,3,bull,ma_bull,shrinking_volume_acceleration,current_week,-0.07759562841530065,-0.04808743169398899,0.14644808743169402,-0.08688524590163937,0.004918032786885185,2025H2
000962,2025-08-11,0,bull,ma_bull,pullback_holds,current_week,0.18326693227091617,0.19806488332384742,0.3471826977803074,-0.015367103016505346,0.26636311895276044,2025H2
000962,2025-08-12,1,bull,ma_bull,two_day_acceleration,current_week,0.1805945036455412,0.17835109366236668,0.3090297251822769,0.0,0.24789680314077378,2025H2
000962,2025-08-20,2,bull,ma_bull,shrinking_volume_acceleration,current_week,-0.03682719546742197,-0.005193578847969782,0.13550519357884805,-0.045797922568460714,0.08026440037771487,2025H2
000962,2025-09-11,3,bull,ma_bull,shrinking_volume_acceleration,current_week,-0.015293118096856406,0.06542056074766367,0.12361937128292277,-0.03525913338997444,0.0994052676295667,2025H2
000962,2025-10-16,3,bull,ma_bull,shrinking_volume_acceleration,current_week,0.06927820094305415,0.19949220166848014,-0.0025389916575988547,-0.04606456293072181,0.29851287631483503,2025H2
000962,2025-12-24,2,bull,ma_bull,shrinking_volume_acceleration,current_week,0.10273515677118095,0.247498332221481,0.2978652434956639,-0.019346230820546984,0.29886591060707124,2025H2
000962,2025-12-29,0,bull,ma_bull,two_day_acceleration,current_week,0.14285714285714302,0.19837662337662354,0.39675324675324686,-0.009740259740259716,0.29707792207792205,2025H2
000962,2026-01-08,3,bull,ma_bull,two_day_acceleration,current_week,0.05789325049421068,0.06354137249364578,0.18243434058175634,-0.018921208698107872,0.12821236938717862,2026H1
000962,2026-01-15,3,bull,ma_bull,shrinking_volume_acceleration,current_week,0.017013232514177856,0.0980286254388334,0.3229813664596273,-0.038617337294085896,0.19038617337294084,2026H1
000962,2026-02-02,0,mid,ma_bull,pullback_holds,current_week,0.04122938530734621,0.16566716641679147,0.390054972513743,0.0,0.24937531234382804,2026H1
000962,2026-02-06,4,mid,ma_bull,shrinking_volume_acceleration,current_week,0.10549501507071635,0.33665661952237413,0.18108045444006482,-0.06909343844191984,0.38998376999768136,2026H1
000962,2026-04-09,3,mid,none,pullback_holds,current_week,0.011361153594057205,0.0395455538562377,0.05986454009176301,-0.05986454009176323,0.13851868035831316,2026H1
000962,2026-04-10,4,mid,none,pullback_holds,current_week,0.050584532374100766,0.07823741007194229,0.1348920863309353,-0.0325989208633094,0.17153776978417246,2026H1
000962,2026-04-24,4,bull,none,shrinking_volume_acceleration,current_week,-0.03075313807531388,0.05606694560669445,0.3414225941422593,-0.11506276150627615,0.06548117154811695,2026H1
000962,2026-05-21,3,mid,ma_bull,two_day_acceleration,current_week,0.15286956521739148,0.028347826086956518,0.09582608695652173,-0.09999999999999998,0.1982608695652175,2026H1
000962,2026-06-18,3,bull,ma_bull,shrinking_volume_acceleration,current_week,0.3348159509202453,0.15889570552147236,-0.20812883435582819,-0.0076687116564416735,0.476073619631902,2026H1
600470,2025-03-13,3,bull,macd_cross,shrinking_volume_acceleration,current_week,-0.012861736334405016,0.1061093247588425,-0.13987138263665588,-0.04019292604501612,0.20578778135048226,2025H1
600470,2025-04-24,3,mid,none,pullback_holds,current_week,-0.07130124777183611,-0.019607843137254943,0.07843137254901955,-0.10160427807486638,0.021390374331550888,2025H1
600470,2025-05-06,1,mid,none,shrinking_volume_acceleration,current_week,0.04166666666666652,0.15151515151515138,0.13068181818181812,-0.007575757575757569,0.20454545454545459,2025H1
600470,2025-05-14,2,bull,none,two_day_acceleration,current_week,0.10193321616871698,0.03163444639718804,0.07908611599297011,0.0,0.1704745166959578,2025H1
600470,2025-05-19,0,bull,none,shrinking_volume_acceleration,current_week,-0.031509121061359946,-0.01492537313432829,0.04477611940298498,-0.05472636815920395,0.10447761194029859,2025H1
600470,2025-05-21,2,bull,none,two_day_acceleration,current_week,-0.04552845528455285,-0.03577235772357734,-0.05528455284552847,-0.07317073170731714,0.008130081300812941,2025H1
600470,2025-06-09,0,bull,macd_cross,pullback_holds,current_week,0.03678929765886285,0.04682274247491636,0.015050167224080147,-0.041806020066889604,0.08361204013377921,2025H1
600470,2025-06-10,1,bull,macd_cross,pullback_holds,current_week,0.05351170568561869,0.04515050167224066,0.03678929765886285,-0.041806020066889604,0.08361204013377921,2025H1
600470,2025-06-11,2,bull,macd_cross,two_day_acceleration,current_week,-0.011456628477905073,0.019639934533551617,0.004909983633387904,-0.06219312602291327,0.060556464811784005,2025H1
600470,2025-06-13,4,bull,macd_cross,two_day_acceleration,current_week,-0.048465266558966213,-0.001615508885298933,-0.011308562197092087,-0.07431340872374792,0.04684975767366728,2025H1
600470,2025-06-17,1,bull,none,shrinking_volume_acceleration,current_week,0.0,-0.008000000000000007,-0.07999999999999996,-0.08319999999999994,0.036800000000000166,2025H1
600470,2025-06-26,3,bull,none,pullback_holds,current_week,0.017770597738287375,-0.008077544426494332,-0.029079159935379795,-0.029079159935379795,0.02100161550888524,2025H1
600470,2025-06-27,4,bull,none,pullback_holds,current_week,-0.012924071082390909,-0.011308562197092087,-0.03877221324717284,-0.029079159935379795,0.02100161550888524,2025H1
600470,2025-07-14,0,bull,ma_bull,pullback_holds,current_week,-0.011456628477905073,-0.03764320785597386,-0.05891980360065474,-0.06710310965630117,0.003273322422258529,2025H2
600470,2025-07-21,0,bull,ma_bull,two_day_acceleration,current_week,-0.028099173553719048,-0.057851239669421406,-0.06776859504132238,-0.07933884297520655,0.013223140495867813,2025H2
600470,2025-07-22,1,bull,ma_bull,pullback_holds,current_week,-0.03482587064676612,-0.05306799336650092,-0.05472636815920395,-0.07628524046434493,0.016583747927031434,2025H2
600470,2025-07-23,2,bull,ma_bull,pullback_holds,current_week,-0.020168067226890796,-0.04033613445378159,-0.0235294117647058,-0.06386554621848739,0.01848739495798335,2025H2
600470,2025-07-24,3,bull,ma_bull,pullback_holds,current_week,-0.05833333333333324,-0.053333333333333344,-0.02499999999999991,-0.07166666666666666,0.010000000000000009,2025H2
600470,2025-07-25,4,bull,ma_bull,pullback_holds,current_week,-0.045454545454545525,-0.04040404040404044,-0.026936026936026924,-0.062289562289562284,0.0033670033670032407,2025H2
600470,2025-09-01,0,bull,none,pullback_holds,current_week,0.010291595197255532,0.010291595197255532,-0.044596912521440824,-0.04288164665523153,0.029159519725557415,2025H2
600470,2025-09-02,1,bull,none,pullback_holds,current_week,0.015544041450777257,0.02590673575129543,-0.04317789291882557,-0.03626943005181349,0.03626943005181338,2025H2
600470,2025-09-05,4,bull,none,pullback_holds,current_week,0.03130434782608682,-0.012173913043478257,0.024347826086956514,-0.024347826086956514,0.04347826086956519,2025H2
600470,2025-09-08,0,bull,none,two_day_acceleration,current_week,0.005119453924914641,-0.04948805460750849,0.013651877133105783,-0.058020477815699634,0.023890784982935065,2025H2
600470,2025-09-10,2,bull,none,shrinking_volume_acceleration,current_week,-0.008474576271186418,-0.06779661016949157,0.0016949152542371504,-0.09322033898305082,0.011864406779660941,2025H2
600470,2025-09-29,0,bull,none,pullback_holds,current_week,0.06451612903225823,0.10931899641577059,0.11648745519713266,-0.016129032258064502,0.15591397849462374,2025H2
600470,2025-10-15,2,bull,none,two_day_acceleration,current_week,0.030000000000000027,0.01333333333333342,0.15666666666666673,-0.03166666666666662,0.07333333333333347,2025H2
600470,2025-11-05,2,bull,none,two_day_acceleration,current_week,0.09463722397476348,0.07097791798107256,-0.017350157728706517,-0.001577287066246047,0.1482649842271293,2025H2
600470,2025-11-10,0,bull,ma_bull,shrinking_volume_acceleration,current_week,0.011477761836441891,-0.14634146341463405,-0.11047345767575312,-0.16068866571018636,0.04447632711621252,2025H2
600470,2025-11-13,3,bull,ma_bull,shrinking_volume_acceleration,current_week,-0.04526166902404527,-0.132956152758133,-0.17114568599717117,-0.17256011315417252,0.026874115983026803,2025H2
600470,2025-12-19,4,mid,none,shrinking_volume_acceleration,current_week,0.04152823920265791,0.04318936877076407,0.08139534883720922,-0.01661129568106323,0.04983388704318936,2025H2
600470,2026-01-07,2,bull,macd_stabilizing,pullback_holds,current_week,-0.01461038961038963,0.043831168831168776,0.06818181818181812,-0.0357142857142857,0.07792207792207795,2026H1
600470,2026-01-08,3,bull,macd_stabilizing,pullback_holds,current_week,-0.011308562197092087,0.07108239095315017,0.02746365105008075,-0.04038772213247177,0.07431340872374803,2026H1
600470,2026-01-09,4,bull,macd_stabilizing,pullback_holds,current_week,-0.0307443365695792,0.08737864077669899,0.06634304207119746,-0.03883495145631055,0.09385113268608425,2026H1
600470,2026-01-28,2,bull,ma_bull,two_day_acceleration,current_week,-0.030927835051546393,-0.007363770250368162,0.1207658321060383,-0.08247422680412364,0.01767304860088359,2026H1
600470,2026-02-27,4,bull,ma_bull,shrinking_volume_acceleration,current_week,0.04494382022471921,0.0649188514357053,-0.07240948813982528,-0.09987515605493136,0.14981273408239715,2026H1
600470,2026-04-08,2,mid,none,pullback_holds,current_week,-0.05211267605633807,-0.030985915492957816,-0.05915492957746493,-0.06478873239436622,0.029577464788732355,2026H1
600470,2026-04-09,3,mid,none,pullback_holds,current_week,-0.03244005641748937,-0.035260930888575515,-0.09732016925246822,-0.06346967559943573,0.008462623413258097,2026H1
600470,2026-04-10,4,mid,none,pullback_holds,current_week,-0.04101838755304099,0.0,-0.08769448373408772,-0.06082036775106081,0.026874115983026803,2026H1
600470,2026-04-21,1,bull,none,pullback_holds,current_week,0.02342606149341142,-0.016105417276720435,-0.1434846266471449,-0.039531478770131745,0.06295754026354317,2026H1
600470,2026-04-22,2,bull,none,pullback_holds,current_week,0.040756914119359555,-0.02765647743813693,-0.16739446870451247,-0.04512372634643369,0.05676855895196509,2026H1
600470,2026-04-23,3,bull,none,pullback_holds,current_week,0.026470588235294246,-0.05882352941176461,-0.1588235294117647,-0.06617647058823517,0.0676470588235294,2026H1
600470,2026-04-29,2,bull,macd_stabilizing,two_day_acceleration,current_week,-0.07093184979137701,-0.13490959666203073,-0.2127955493741308,-0.14742698191933246,0.0,2026H1
600470,2026-06-25,3,bull,none,shrinking_volume_acceleration,current_week,0.01587301587301604,0.07460317460317478,-0.1507936507936507,-0.1063492063492063,0.13809523809523805,2026H1
603530,2024-02-27,1,bull,none,shrinking_volume_acceleration,current_week,0.03715332286760864,-0.00366300366300365,0.0047095761381474865,-0.06698063840920976,0.08686551543694399,2024H1
603530,2024-03-18,0,bull,ma_bull,pullback_holds,current_week,-0.03573278094251675,-0.02641118591403413,-0.006214396685654933,-0.08700155359917139,0.0046607975142414215,2024H1
603530,2024-03-26,1,mid,ma_bull,two_day_acceleration,current_week,-0.01917098445595855,-0.002590673575129543,-0.04300518134715037,-0.08652849740932655,0.01658031088082912,2024H1
603530,2024-03-29,4,mid,ma_bull,pullback_holds,current_week,0.0010700909577314732,-0.04066345639379354,0.09470304975922961,-0.041198501872659166,0.08346709470304958,2024H1
603530,2024-05-17,4,bull,ma_bull,shrinking_volume_acceleration,current_week,0.0008908685968820329,0.2084632516703786,0.2636971046770602,-0.03429844097995549,0.31759465478841875,2024H1
603530,2024-09-24,1,mid,none,two_day_acceleration,current_week,0.20477502295684125,0.08080808080808066,0.07300275482093666,-0.012396694214875992,0.2915518824609733,2024H2
603530,2024-11-05,1,bull,ma_bull,two_day_acceleration,current_week,-0.0016736401673641543,-0.04267782426778255,0.00878661087866095,-0.06694560669456073,0.02761506276150638,2024H2
603530,2024-11-06,2,bull,macd_stabilizing,pullback_holds,current_week,0.01134453781512601,-0.054621848739495826,-0.0021008403361344463,-0.07815126050420163,0.031932773109243806,2024H2
603530,2024-11-07,3,bull,ma_bull,shrinking_volume_acceleration,current_week,-0.05157593123209159,-0.07286123618501827,-0.04052394596807196,-0.10192386410151444,0.005321326238231894,2024H2
603530,2024-11-08,4,bull,macd_stabilizing,pullback_holds,current_week,-0.04054054054054057,-0.09670608108108103,0.016891891891891886,-0.09670608108108103,0.03716216216216228,2024H2
603530,2024-11-11,0,bull,ma_bull,shrinking_volume_acceleration,current_week,-0.08271908271908268,-0.09541359541359551,-0.00040950040950049615,-0.1314496314496315,0.005733005733005836,2024H2
603530,2024-11-12,1,bull,ma_bull,pullback_holds,current_week,-0.04267782426778255,-0.06359832635983276,0.0313807531380752,-0.11255230125523019,0.02092050209205021,2024H2
603530,2024-11-13,2,bull,ma_bull,pullback_holds,current_week,-0.06522642293311176,-0.013294557540506902,0.02201911092646447,-0.11882010801828002,0.01371001246364778,2024H2
603530,2024-11-25,0,mid,none,shrinking_volume_acceleration,current_week,0.10241238051888946,0.11106053709604002,0.14019116977696866,-0.01228948566226673,0.11879836140191191,2024H2
603530,2024-12-13,4,bull,macd_cross,pullback_holds,current_week,0.04497138184791494,0.029435813573180702,-0.05641864268192964,-0.010629599345870822,0.08462796402289463,2024H2
603530,2024-12-19,3,bull,ma_bull,shrinking_volume_acceleration,current_week,-0.04680851063829794,-0.09787234042553195,-0.04023210831721469,-0.09941972920696329,0.00657640232108303,2024H2
603530,2025-03-11,1,bull,ma_bull,pullback_holds,current_week,-0.010108303249097395,0.027797833935018,-0.1606498194945848,-0.029602888086642576,0.05956678700361029,2025H1
603530,2025-03-12,2,bull,ma_bull,shrinking_volume_acceleration,current_week,-0.0032385750269880997,-0.01943145016192871,-0.156531126304426,-0.032745591939546626,0.05613530046779425,2025H1
603530,2025-03-13,3,bull,ma_bull,pullback_holds,current_week,-0.002916514764855882,-0.0032810791104629367,-0.1290557783448778,-0.02734232592052499,0.06999635435654405,2025H1
603530,2025-03-14,4,bull,ma_bull,pullback_holds,current_week,0.010174418604651292,-0.006540697674418561,-0.12972383720930236,-0.03052325581395343,0.0664970930232558,2025H1
603530,2025-03-21,4,mid,ma_bull,pullback_holds,current_week,-0.004732435384055322,-0.13833272661084806,-0.14634146341463417,-0.13833272661084806,0.06843829632326193,2025H1
603530,2025-03-31,0,mid,ma_bull,two_day_acceleration,current_week,-0.18532955350815017,-0.16619418851878098,-0.13713678242381278,-0.2377746279234585,0.014528703047484104,2025H1
603530,2025-04-01,1,mid,ma_bull,pullback_holds,current_week,-0.16276557436082106,-0.16708678429960389,-0.13611811307166,-0.22542311847317242,0.022686352178610036,2025H1
603530,2025-05-07,2,bull,none,pullback_holds,current_week,0.05212677231025853,0.0688073394495412,0.08215179316096743,0.0,0.10508757297748117,2025H1
603530,2025-05-08,3,bull,none,shrinking_volume_acceleration,current_week,0.006407689227072577,0.03724469363235894,0.019623548257909462,-0.01361633960752906,0.06127352823388077,2025H1
603530,2025-05-20,1,bull,none,two_day_acceleration,current_week,0.016241299303944468,0.010440835266821269,-0.046790409899458485,-0.017014694508893924,0.04601701469450892,2025H1
603530,2025-06-16,0,bull,none,shrinking_volume_acceleration,current_week,-0.038799999999999946,0.036800000000000166,0.07800000000000007,-0.05399999999999994,0.08320000000000016,2025H1
603530,2025-06-24,1,bull,none,shrinking_volume_acceleration,current_week,0.06919006919006909,0.10093610093610095,0.12739112739112746,-0.0040700040700041296,0.16320716320716322,2025H1
603530,2025-06-26,3,bull,none,pullback_holds,current_week,0.09039319010944458,0.08998783948115108,0.0883664369679773,0.0,0.15849209566274824,2025H1
603530,2025-07-23,2,bull,ma_bull,pullback_holds,current_week,0.08864059590316575,0.1117318435754191,0.09795158286778394,-0.02346368715083813,0.12476722532588447,2025H2
603530,2025-07-24,3,bull,ma_bull,pullback_holds,current_week,0.0640929535232384,0.11094452773613206,0.11206896551724155,-0.017241379310344862,0.13193403298350814,2025H2
603530,2025-08-01,4,bull,ma_bull,shrinking_volume_acceleration,current_week,0.07263157894736838,0.04982456140350888,0.029824561403508865,-0.0035087719298244613,0.09192982456140353,2025H2
603530,2025-08-05,1,bull,ma_bull,two_day_acceleration,current_week,0.03316239316239322,0.009572649572649583,0.0,-0.004102564102564155,0.06393162393162388,2025H2
603530,2025-08-06,2,bull,ma_bull,two_day_acceleration,current_week,0.008067226890756451,-0.009075630252100786,0.0003361344537815558,-0.020840336134453796,0.04605042016806715,2025H2
603530,2025-08-25,0,bull,ma_bull,pullback_holds,current_week,-0.017137096774193616,0.02318548387096775,0.0668682795698925,-0.04872311827956988,0.040322580645161255,2025H2
603530,2025-08-26,1,bull,ma_bull,two_day_acceleration,current_week,-0.021739130434782705,0.037123745819398035,0.0618729096989965,-0.05317725752508362,0.05351170568561869,2025H2
603530,2025-09-03,2,bull,ma_bull,pullback_holds,current_week,0.0720382383065894,0.03516558552406979,0.18880163878456813,-0.011608057357459844,0.09218163195629914,2025H2
603530,2025-09-04,3,mid,ma_bull,pullback_holds,current_week,0.0819112627986347,0.021843003412969297,0.3071672354948807,0.0,0.09180887372013657,2025H2
603530,2025-09-24,2,bull,ma_bull,pullback_holds,current_week,0.11602564102564106,0.30769230769230793,0.2628205128205128,-0.00961538461538447,0.37115384615384617,2025H2
603530,2025-09-25,3,bull,ma_bull,pullback_holds,current_week,0.23111539697846362,0.30761812921890064,0.24558019929283192,-0.0067502410800385215,0.4143362262937962,2025H2
603530,2026-01-06,1,bull,none,pullback_holds,current_week,0.08941517641372632,0.1561140647655872,0.16022232962783933,-0.003624939584340181,0.19840502658289028,2026H1
603530,2026-01-21,2,bull,ma_bull,shrinking_volume_acceleration,current_week,-0.06139459239682854,-0.03455986989225446,0.11201463712136617,-0.103882903029071,0.009351494206139455,2026H1
603530,2026-02-05,3,mid,ma_bull,pullback_holds,current_week,0.08051948051948044,0.3023809523809524,0.4367965367965365,-0.009740259740259827,0.3023809523809524,2026H1
603530,2026-02-06,4,mid,ma_bull,pullback_holds,current_week,0.04868755292125315,0.3520321761219305,0.3702370872142253,-0.013336155800169447,0.36176968670618104,2026H1
603530,2026-02-24,1,bull,ma_bull,shrinking_volume_acceleration,current_week,0.23309788092835504,0.4012108980827447,0.2054490413723511,-0.007063572149344166,0.4920282542885974,2026H1
603530,2026-04-08,2,mid,ma_bull,pullback_holds,current_week,0.07755746622214432,0.06562554834181444,0.12791717845236006,-0.004386734514827184,0.11773995437796114,2026H1
603530,2026-04-10,4,mid,ma_bull,pullback_holds,current_week,0.05697278911564618,0.03707482993197275,0.16972789115646258,-0.03503401360544223,0.08333333333333326,2026H1
603530,2026-05-07,3,bull,macd_cross,shrinking_volume_acceleration,current_week,-0.017358958462492247,-0.09531928084314933,-0.1467761934283942,-0.10415375077495337,0.11686298822070684,2026H1
603530,2026-06-15,0,bull,none,pullback_holds,current_week,0.029053420805998043,-0.04592314901593253,-0.12108716026241806,-0.05548266166822868,0.07966260543580139,2026H1
603530,2026-06-16,1,bull,none,pullback_holds,current_week,0.009398496240601517,-0.08609022556390977,-0.14191729323308278,-0.09774436090225569,0.08270676691729317,2026H1
603530,2026-08-14,4,mid,none,shrinking_volume_acceleration,current_week,0.0437539632213062,0.017121116043119944,-0.09067850348763473,-0.08243500317057706,0.1519763263580638,2026H2
603530,2026-08-21,4,mid,none,shrinking_volume_acceleration,current_week,-0.026108075288403088,-0.00829791540174063,,-0.12143290831815423,0.042703906091884125,2026H2
002596,2025-03-05,2,bull,ma_bull,two_day_acceleration,current_week,0.03038674033149169,0.08563535911602216,-0.058011049723756924,-0.0055248618784530246,0.1270718232044199,2025H1
002596,2025-03-13,3,bull,ma_bull,pullback_holds,current_week,0.10439560439560447,-0.024725274725274637,-0.09615384615384615,-0.06318681318681318,0.12362637362637363,2025H1
002596,2025-03-20,3,bull,ma_bull,two_day_acceleration,current_week,-0.12561576354679804,-0.14532019704433508,-0.18226600985221675,-0.1921182266009852,0.00738916256157629,2025H1
002596,2025-04-30,2,mid,none,two_day_acceleration,current_week,0.027855153203342642,0.03342618384401108,-0.058495821727019504,0.0,0.08356545961002793,2025H1
002596,2025-05-09,4,bull,none,two_day_acceleration,current_week,-0.031746031746031744,-0.04761904761904767,-0.02645502645502651,-0.05820105820105825,0.023809523809523725,2025H1
002596,2025-05-21,2,bull,ma_bull,pullback_holds,current_week,-0.08042895442359244,-0.0697050938337801,-0.04021447721179627,-0.10723860589812328,0.002680965147453085,2025H1
002596,2025-06-23,0,bull,none,pullback_holds,current_week,0.06353591160220984,0.035911602209944826,0.29558011049723754,-0.002762430939226568,0.07734806629834257,2025H1
002596,2025-06-25,2,bull,none,two_day_acceleration,current_week,0.02997275204359684,0.04632152588555849,0.2098092643051772,-0.0027247956403269047,0.06267029972752036,2025H1
002596,2025-06-26,3,bull,ma_bull,two_day_acceleration,current_week,0.013368983957219305,0.03475935828876997,0.3048128342245988,-0.005347593582887722,0.048128342245989275,2025H1
002596,2025-06-30,0,bull,ma_bull,two_day_acceleration,current_week,-0.02088772845953002,0.026109660574412663,0.0966057441253263,-0.028720626631853707,0.02872062663185382,2025H1
002596,2025-07-03,3,bull,ma_bull,shrinking_volume_acceleration,current_week,0.023809523809523725,0.13227513227513232,0.039682539682539764,-0.015873015873015928,0.16666666666666652,2025H2
002596,2025-07-10,3,bull,ma_bull,two_day_acceleration,current_week,0.10880829015544058,0.2642487046632125,0.007772020725388629,-0.025906735751295207,0.32383419689119175,2025H2
002596,2025-07-15,1,bull,ma_bull,pullback_holds,current_week,0.2805194805194804,0.06493506493506485,0.010389610389610393,-0.0051948051948051965,0.3272727272727274,2025H2
002596,2025-08-11,0,bull,ma_bull,pullback_holds,current_week,-0.043147208121827374,-0.030456852791878042,-0.08375634517766495,-0.06598984771573602,0.002538071065989911,2025H2
002596,2025-08-18,0,bull,ma_bull,two_day_acceleration,current_week,0.01866666666666683,-0.039999999999999925,0.0,-0.05066666666666664,0.026666666666666616,2025H2
002596,2025-08-25,0,bull,none,pullback_holds,current_week,-0.052631578947368474,-0.050000000000000044,-0.03421052631578958,-0.09473684210526323,0.013157894736842035,2025H2
002596,2025-08-26,1,bull,none,pullback_holds,current_week,-0.06824146981627288,-0.06036745406824151,-0.044619422572178435,-0.09711286089238846,0.01049868766404205,2025H2
002596,2025-09-11,3,bull,none,pullback_holds,current_week,0.008152173913043459,-0.005434782608695676,0.09510869565217384,-0.03804347826086962,0.048913043478260754,2025H2
002596,2025-09-16,1,bull,none,two_day_acceleration,current_week,-0.04960835509138384,0.02872062663185382,0.06266318537859017,-0.07571801566579639,0.04960835509138395,2025H2
002596,2025-10-15,2,bull,none,shrinking_volume_acceleration,current_week,0.032994923857868175,0.030456852791878264,0.15228426395939088,-0.017766497461928932,0.07614213197969555,2025H2
002596,2025-10-16,3,bull,none,two_day_acceleration,current_week,0.035264483627204024,0.06045340050377823,0.1486146095717884,-0.02518891687657432,0.06801007556675054,2025H2
002596,2025-10-20,0,mid,none,two_day_acceleration,current_week,-0.039408866995074066,0.11083743842364524,0.25123152709359586,-0.046798029556650356,0.1206896551724137,2025H2
002596,2025-10-21,1,bull,macd_cross,shrinking_volume_acceleration,current_week,-0.053012048192771166,0.08192771084337336,0.2530120481927711,-0.06746987951807237,0.09638554216867457,2025H2
002596,2025-10-23,3,bull,macd_cross,shrinking_volume_acceleration,current_week,0.02682926829268295,0.06097560975609784,0.19512195121951237,-0.056097560975609695,0.1585365853658538,2025H2
002596,2025-10-29,2,bull,none,two_day_acceleration,current_week,0.14356435643564347,0.12376237623762387,0.4653465346534653,-0.007425742574257432,0.17574257425742568,2025H2
002596,2025-11-05,2,bull,ma_bull,two_day_acceleration,current_week,-0.01943844492440605,0.02591792656587466,0.3822894168466524,-0.0820734341252699,0.1533477321814254,2025H2
002596,2025-11-07,4,bull,ma_bull,shrinking_volume_acceleration,current_week,0.08597285067873295,0.17420814479638014,0.3823529411764708,-0.02488687782805421,0.21945701357466052,2025H2
002596,2025-11-11,1,bull,ma_bull,shrinking_volume_acceleration,current_week,0.14790286975717426,0.18763796909492259,0.30905077262693137,-0.026490066225165587,0.1898454746136864,2025H2
002596,2025-11-20,3,mid,ma_bull,shrinking_volume_acceleration,current_week,0.1925465838509317,0.1925465838509317,0.006211180124223725,-0.037267080745341574,0.49275362318840576,2025H2
002596,2026-02-03,1,mid,none,shrinking_volume_acceleration,current_week,0.024774774774774633,0.011261261261261257,-0.07432432432432434,-0.027027027027027084,0.04279279279279269,2026H1
002596,2026-02-05,3,mid,none,pullback_holds,current_week,-0.03563474387527843,-0.053452115812917644,-0.09576837416481065,-0.08017817371937641,0.028953229398663627,2026H1
002596,2026-02-06,4,mid,none,pullback_holds,current_week,-0.03539823008849563,-0.08628318584070804,-0.09734513274336287,-0.09513274336283195,0.022123893805309658,2026H1
002596,2026-03-16,0,mid,none,pullback_holds,current_week,-0.1124694376528117,-0.05378973105134466,-0.11491442542787278,-0.11980440097799505,0.012224938875305513,2026H1
300076,2023-03-02,3,bull,ma_bull,pullback_holds,current_week,-0.02930402930402931,-0.06959706959706957,0.012820512820512775,-0.0714285714285714,0.005494505494505475,2023H1
300076,2023-03-03,4,bull,ma_bull,pullback_holds,current_week,-0.014787430683918634,-0.04621072088724587,0.03327171903881698,-0.06284658040665436,0.01109057301293892,2023H1
300076,2023-03-13,0,mid,none,pullback_holds,current_week,-0.020560747663551426,0.04112149532710285,0.02990654205607468,-0.052336448598130914,0.04859813084112141,2023H1
300076,2023-03-20,0,mid,none,pullback_holds,current_week,0.05293005671077511,0.05482041587901709,-0.013232514177693777,-0.018903591682419618,0.07750472589792068,2023H1
300076,2023-03-21,1,mid,none,two_day_acceleration,current_week,0.03165735567970196,0.027932960893854775,-0.014897579143389184,-0.003724394785847185,0.06145251396648055,2023H1
300076,2023-03-31,4,bull,none,shrinking_volume_acceleration,current_week,-0.035778175313059046,-0.035778175313059046,-0.11806797853309481,-0.05008944543828253,0.028622540250447193,2023H1
300076,2023-05-10,2,mid,none,pullback_holds,current_week,0.0,0.0386965376782078,0.07942973523421593,-0.03665987780040725,0.06109979633401208,2023H1
300076,2023-05-11,3,mid,none,shrinking_volume_acceleration,current_week,0.011976047904191711,0.02594810379241519,0.04990019960079839,-0.055888223552894134,0.03992015968063867,2023H1
300076,2023-05-18,3,mid,none,two_day_acceleration,current_week,0.01984126984126977,0.06944444444444442,0.029761904761904878,-0.003968253968253843,0.08333333333333326,2023H1
300076,2023-06-19,0,mid,none,two_day_acceleration,current_week,-0.07649253731343286,-0.06902985074626866,-0.04104477611940305,-0.10820895522388063,0.0,2023H1
300076,2023-06-20,1,mid,none,pullback_holds,current_week,-0.04536862003780717,-0.051039697542533013,-0.04914933837429103,-0.09640831758034019,0.0,2023H1
300076,2025-02-24,0,bull,none,pullback_holds,current_week,0.22286541244573077,0.19392185238784365,0.215629522431259,-0.04775687409551377,0.29956584659913177,2025H1
300076,2025-03-05,2,bull,ma_bull,shrinking_volume_acceleration,current_week,0.07579462102689494,0.11369193154034218,-0.10024449877750607,-0.028117359413202925,0.21760391198044027,2025H1
300076,2025-05-08,3,bull,none,shrinking_volume_acceleration,current_week,-0.03566333808844513,0.009985734664764712,-0.0442225392296719,-0.04850213980028528,0.07275320970042798,2025H1
300076,2025-05-22,3,bull,none,shrinking_volume_acceleration,current_week,-0.02279202279202286,-0.04558404558404561,-0.12393162393162394,-0.05698005698005704,0.01424501424501412,2025H1
300076,2025-06-09,0,bull,none,pullback_holds,current_week,-0.04565537555228272,-0.07069219440353458,-0.08100147275405001,-0.10898379970544925,0.004418262150220897,2025H1
300076,2025-06-11,2,bull,none,shrinking_volume_acceleration,current_week,-0.03742514970059885,-0.017964071856287345,-0.06287425149700598,-0.09431137724550898,0.013473053892215647,2025H1
300076,2025-06-24,1,bull,none,shrinking_volume_acceleration,current_week,-0.020061728395061706,-0.02314814814814825,-0.015432098765432167,-0.04475308641975306,0.012345679012345734,2025H1
300076,2025-06-25,2,bull,none,pullback_holds,current_week,-0.03076923076923077,-0.03692307692307695,-0.02923076923076917,-0.04769230769230759,0.0,2025H1
300076,2025-06-26,3,bull,none,pullback_holds,current_week,-0.006201550387596955,-0.032558139534883734,-0.007751937984496138,-0.04031007751937976,0.007751937984496138,2025H1
300076,2025-06-27,4,bull,none,pullback_holds,current_week,-0.027993779160186527,-0.010886469673405785,0.004665629860031162,-0.04043545878693622,0.009331259720062324,2025H1
300076,2025-06-30,0,bull,none,pullback_holds,current_week,-0.032558139534883734,0.0031007751937983663,0.0031007751937983663,-0.04341085271317835,0.010852713178294726,2025H1
300076,2025-12-26,4,bull,ma_bull,shrinking_volume_acceleration,current_week,0.10419313850063516,0.06099110546378639,0.02668360864040653,-0.03557814485387556,0.11817026683608645,2025H2
300076,2026-01-06,1,bull,ma_bull,shrinking_volume_acceleration,current_week,-0.029069767441860517,-0.06627906976744191,-0.11162790697674407,-0.08953488372093021,0.009302325581395321,2026H1
300076,2026-02-09,0,bull,ma_bull,two_day_acceleration,current_week,0.030769230769230882,-0.06794871794871782,-0.07948717948717954,-0.07051282051282048,0.06153846153846154,2026H1
300076,2026-02-13,4,mid,ma_bull,pullback_holds,current_week,-0.03245942571785265,-0.03995006242197241,-0.1885143570536829,-0.11985018726591756,0.013732833957553314,2026H1
300076,2026-04-14,1,mid,none,pullback_holds,current_week,-0.18573797678275294,-0.17081260364842454,-0.18573797678275294,-0.25373134328358216,0.0016583747927030323,2026H1
600596,2025-08-25,0,bull,ma_bull,shrinking_volume_acceleration,current_week,0.0862068965517242,0.09961685823754807,0.0019157088122607746,-0.018199233716475027,0.11685823754789282,2025H2
600596,2025-08-28,3,bull,ma_bull,pullback_holds,current_week,0.033301617507136116,0.05899143672692686,-0.03425309229305418,-0.011417697431018059,0.10941960038058984,2025H2
600596,2025-08-29,4,bull,ma_bull,two_day_acceleration,current_week,0.05821596244131455,0.035680751173708725,-0.03474178403755879,-0.024413145539906034,0.09483568075117366,2025H2
600596,2025-09-30,1,bull,ma_bull,pullback_holds,current_week,-0.017790262172284632,-0.0786516853932584,-0.09176029962546806,-0.0870786516853932,0.0393258426966292,2025H2
600596,2025-10-09,3,bull,ma_bull,pullback_holds,current_week,-0.05772811918063303,-0.06610800744878964,-0.06517690875232773,-0.0996275605214153,0.03351955307262555,2025H2
600596,2025-10-10,4,bull,ma_bull,two_day_acceleration,current_week,-0.04770992366412219,-0.05152671755725202,0.0257633587786259,-0.07729007633587792,0.04866412213740445,2025H2
600596,2025-10-27,0,bull,none,pullback_holds,current_week,-0.015825914935707064,0.11078140454995067,0.06824925816023741,-0.060336300692383715,0.12561819980217614,2025H2
600596,2025-10-28,1,bull,none,pullback_holds,current_week,-0.038883349950149415,0.136590229312064,0.07477567298105692,-0.05284147557328012,0.14456630109670998,2025H2
600596,2025-10-30,3,bull,none,pullback_holds,current_week,0.0009970089730808596,0.23529411764705888,0.09471585244267211,-0.05284147557328012,0.23529411764705888,2025H2
600596,2025-10-31,4,bull,none,pullback_holds,current_week,0.06965174129353224,0.22189054726368163,0.12338308457711444,-0.054726368159204064,0.28955223880597014,2025H2
600596,2025-11-17,0,mid,ma_bull,shrinking_volume_acceleration,current_week,-0.12195121951219512,-0.09593495934959351,-0.1097560975609756,-0.15772357723577246,0.034146341463414664,2025H2
600596,2025-12-19,4,mid,ma_bull,pullback_holds,current_week,0.0528714676390154,0.12488605287146748,0.20783956244302626,-0.008204193254329972,0.13947128532360975,2025H2
600596,2025-12-23,1,bull,ma_bull,pullback_holds,current_week,0.03832442067736186,0.12566844919786102,0.1916221033868093,-0.028520499108734443,0.15418894830659546,2025H2
600596,2025-12-24,2,bull,ma_bull,two_day_acceleration,current_week,0.024107142857142883,0.08839285714285694,0.1964285714285714,-0.006249999999999978,0.15625,2025H2
600596,2026-01-19,0,bull,ma_bull,two_day_acceleration,current_week,0.029320987654321007,-0.09722222222222221,0.03240740740740744,-0.10108024691358031,0.06095679012345667,2026H1
600596,2026-01-20,1,bull,ma_bull,two_day_acceleration,current_week,0.002262443438914019,-0.09200603318250367,0.03167420814479627,-0.12141779788838614,0.03695324283559587,2026H1
600596,2026-01-22,3,bull,ma_bull,shrinking_volume_acceleration,current_week,-0.0037397157816007054,-0.09947643979057597,0.023186237845923552,-0.12864622288706062,0.02842183994016456,2026H1
600596,2026-02-27,4,bull,ma_bull,shrinking_volume_acceleration,current_week,-0.030927835051546393,-0.03313696612665684,-0.19072164948453607,-0.0758468335787923,0.016936671575846773,2026H1
600596,2026-04-10,4,mid,none,shrinking_volume_acceleration,current_week,0.012552301255229992,0.05439330543933041,0.046025104602510414,-0.01087866108786617,0.06359832635983254,2026H1
600596,2026-04-14,1,mid,none,two_day_acceleration,current_week,-0.005600000000000049,-0.0023999999999999577,-0.0464,-0.040000000000000036,0.020000000000000018,2026H1
600596,2026-04-16,3,mid,none,shrinking_volume_acceleration,current_week,0.025430680885972112,0.024610336341263306,-0.019688269073010578,-0.015586546349466768,0.05004101722723564,2026H1
600596,2026-04-21,1,bull,none,two_day_acceleration,current_week,0.007269789983844976,-0.034733441033925616,0.07108239095315017,-0.04523424878836835,0.03392568659127626,2026H1
600596,2026-05-12,1,bull,macd_stabilizing,pullback_holds,current_week,-0.038616251005631375,0.05148833467417546,0.20193081255028167,-0.06918744971842317,0.10699919549477066,2026H1
600596,2026-05-13,2,bull,macd_stabilizing,pullback_holds,current_week,-0.013643659711075395,0.008828250401283988,0.19823434991974298,-0.07142857142857151,0.1043338683788122,2026H1
600596,2026-05-20,2,bull,macd_stabilizing,two_day_acceleration,current_week,0.005600000000000049,0.15200000000000014,0.2792000000000001,-0.05279999999999996,0.15200000000000014,2026H1
600596,2026-05-21,3,mid,none,pullback_holds,current_week,0.027071369975389725,0.17473338802296978,0.26168990976210016,-0.028712059064807227,0.19524200164068906,2026H1
600596,2026-08-05,2,mid,none,two_day_acceleration,current_week,0.012037037037036846,-0.008333333333333304,0.0009259259259259967,-0.015740740740740722,0.05740740740740735,2026H2
600596,2026-08-07,4,mid,none,two_day_acceleration,current_week,-0.03063063063063065,-0.043243243243243135,-0.007207207207207245,-0.06216216216216208,0.028828828828828756,2026H2
600810,2025-04-24,3,mid,macd_cross,two_day_acceleration,current_week,-0.013095238095238049,0.04404761904761889,0.09761904761904772,-0.05714285714285716,0.08928571428571419,2025H1
600810,2025-05-06,1,mid,macd_stabilizing,two_day_acceleration,current_week,0.04778972520907998,0.12903225806451601,0.11230585424133799,-0.020310633213859175,0.18399044205495807,2025H1
600810,2025-05-08,3,bull,macd_stabilizing,shrinking_volume_acceleration,current_week,0.05581947743467941,0.09501187648456066,0.07719714964370561,-0.026128266033254244,0.18527315914489306,2025H1
600810,2025-05-16,4,bull,ma_bull,shrinking_volume_acceleration,current_week,-0.03172866520787754,0.03063457330415753,-0.07439824945295404,-0.04704595185995619,0.09190371991247259,2025H1
600810,2025-06-03,1,bull,ma_bull,shrinking_volume_acceleration,current_week,-0.06849315068493156,-0.10853530031612213,-0.018967334035827177,-0.12434141201264481,0.0010537407797681642,2025H1
600810,2025-06-19,3,mid,ma_bull,pullback_holds,current_week,0.048275862068965614,0.08505747126436769,0.033333333333333215,-0.03333333333333344,0.11379310344827576,2025H1
600810,2025-06-24,1,bull,ma_bull,pullback_holds,current_week,0.04724409448818889,0.06974128233970744,0.040494938132733305,-0.0056242969628796935,0.08998875140607421,2025H1
600810,2025-06-25,2,bull,ma_bull,two_day_acceleration,current_week,0.021978021978022122,0.020879120879121027,-0.00219780219780219,-0.004395604395604269,0.06483516483516483,2025H1
600810,2025-07-09,2,bull,ma_bull,pullback_holds,current_week,-0.028108108108108043,-0.018378378378378413,0.04864864864864882,-0.036756756756756714,0.0108108108108107,2025H2
600810,2025-07-10,3,bull,ma_bull,pullback_holds,current_week,-0.03437164339419985,-0.007518796992481258,0.04403866809881851,-0.04296455424274981,0.004296455424274814,2025H2
600810,2025-07-21,0,bull,ma_bull,pullback_holds,current_week,-0.011917659804983716,0.0,0.027085590465872222,-0.04333694474539551,0.011917659804983716,2025H2
600810,2025-07-22,1,bull,ma_bull,pullback_holds,current_week,-0.030204962243797095,0.028047464940668787,0.007551240560949246,-0.04746494066882412,0.056094929881337796,2025H2
600810,2025-07-23,2,bull,ma_bull,pullback_holds,current_week,-0.004385964912280826,0.0635964912280702,0.030701754385964897,-0.031798245614035214,0.07346491228070184,2025H2
600810,2025-07-24,3,bull,ma_bull,pullback_holds,current_week,-0.04004329004328999,0.051948051948051965,0.006493506493506551,-0.044372294372294396,0.06060606060606055,2025H2
600810,2025-07-25,4,bull,ma_bull,pullback_holds,current_week,-0.018458197611292082,0.05211726384364801,0.01411509229098784,-0.041259500542888294,0.06406080347448428,2025H2
600810,2025-08-04,0,bull,ma_bull,shrinking_volume_acceleration,current_week,0.0739934711643091,0.031556039173014305,0.10881392818280733,0.0,0.0761697497279652,2025H2
600810,2025-08-05,1,bull,ma_bull,two_day_acceleration,current_week,0.01682439537329139,-0.017875920084121977,0.07150368033648791,-0.023133543638275356,0.039957939011566745,2025H2
600810,2025-08-11,0,bull,ma_bull,two_day_acceleration,current_week,-0.03462321792260692,-0.048879837067209775,0.06109979633401208,-0.05804480651731159,0.007128309572301372,2025H2
600810,2025-09-05,4,bull,ma_bull,shrinking_volume_acceleration,current_week,-0.03393025447690856,-0.04995287464655984,0.06503298774740829,-0.08953817153628651,0.035815268614514784,2025H2
600810,2025-09-22,0,mid,ma_bull,two_day_acceleration,current_week,0.0827718960538979,0.07603464870067356,-0.095283926852743,-0.03561116458132829,0.17131857555341679,2025H2
600810,2025-09-23,1,mid,ma_bull,pullback_holds,current_week,-0.022556390977443663,0.03195488721804507,-0.10432330827067682,-0.05827067669172936,0.14379699248120303,2025H2
600810,2025-09-24,2,bull,ma_bull,pullback_holds,current_week,0.027613412228796763,0.06508875739644981,-0.05226824457593704,-0.01183431952662728,0.20019723865877714,2025H2
600810,2025-10-09,3,bull,ma_bull,pullback_holds,current_week,0.040462427745664664,-0.0077071290944122905,-0.038535645472061675,-0.026974951830443294,0.12716763005780352,2025H2
600810,2025-10-23,3,bull,ma_bull,shrinking_volume_acceleration,current_week,-0.06243902439024396,-0.02634146341463406,-0.11414634146341462,-0.08585365853658522,0.035121951219512226,2025H2
600810,2025-11-05,2,bull,none,pullback_holds,current_week,0.046078431372548856,-0.08039215686274515,-0.15588235294117658,-0.09509803921568638,0.16470588235294104,2025H2
600810,2025-11-13,3,bull,macd_stabilizing,shrinking_volume_acceleration,current_week,-0.14741784037558692,-0.20093896713615023,-0.20845070422535217,-0.20845070422535217,0.036619718309859106,2025H2
600810,2025-12-19,4,mid,none,two_day_acceleration,current_week,0.028436018957346043,0.08886255924170627,0.06753554502369674,-0.011848341232227444,0.13151658767772534,2025H2
600810,2025-12-22,0,bull,none,pullback_holds,current_week,0.059718969555035084,0.04683840749414503,0.058548009367681564,-0.023419203747072737,0.11826697892271665,2025H2
600810,2025-12-24,2,bull,none,pullback_holds,current_week,0.05640423031727382,0.08460634547591073,0.08460634547591073,-0.004700352526439411,0.12220916568742668,2025H2
600810,2025-12-25,3,bull,none,pullback_holds,current_week,0.03625730994152021,0.08771929824561409,0.07134502923976593,0.0,0.11695906432748537,2025H2
600810,2025-12-26,4,bull,none,two_day_acceleration,current_week,0.05875576036866348,0.06566820276497709,0.03341013824884809,-0.0023041474654377225,0.10023041474654382,2025H2
600810,2026-01-09,4,bull,none,two_day_acceleration,current_week,-0.04333694474539551,0.0,-0.08559046587215613,-0.05200433369447455,0.031419284940411574,2026H1
002412,2023-03-02,3,bull,none,pullback_holds,current_week,0.009077155824508187,-0.004538577912254205,-0.05900151285930422,-0.03782148260211804,0.016641452344931862,2023H1
002412,2023-03-03,4,bull,none,pullback_holds,current_week,-0.0075642965204235635,-0.013615733736762503,-0.03933434190620266,-0.03782148260211804,0.016641452344931862,2023H1
002412,2023-03-13,0,mid,none,pullback_holds,current_week,-0.04689863842662645,-0.04841149773071107,-0.02571860816944027,-0.05143721633888043,0.016641452344931862,2023H1
002412,2023-03-16,3,mid,none,pullback_holds,current_week,-0.030211480362537846,-0.06042296072507558,-0.006042296072507614,-0.06948640483383683,0.0060422960725075026,2023H1
002412,2023-04-04,1,bull,macd_stabilizing,pullback_holds,current_week,0.0219780219780219,0.0219780219780219,0.07849293563579285,-0.0031397174254316207,0.04866562009419151,2023H1
002412,2023-04-06,3,bull,macd_stabilizing,two_day_acceleration,current_week,0.010752688172043001,-0.004608294930875445,0.03686635944700467,-0.02457757296466967,0.02611367127496167,2023H1
002412,2023-04-17,0,bull,none,shrinking_volume_acceleration,current_week,-0.03313253012048201,0.03915662650602414,0.030120481927710774,-0.08734939759036142,0.03915662650602414,2023H1
002412,2023-05-18,3,mid,ma_bull,pullback_holds,current_week,-0.008759124087591275,0.020437956204379493,-0.01751824817518255,-0.021897810218978186,0.058394160583941535,2023H1
002412,2023-06-19,0,mid,ma_bull,pullback_holds,current_week,-0.030120481927710885,-0.0060240963855421326,0.001506024096385561,-0.06777108433734946,0.0060240963855420215,2023H1
002412,2023-07-04,1,mid,none,pullback_holds,current_week,0.004552352048558417,0.01365705614567525,0.019726858877086473,-0.012139605462822445,0.02427921092564489,2023H2
002412,2023-07-05,2,mid,none,pullback_holds,current_week,-0.009063444108761254,0.0045317220543807935,-0.004531722054380682,-0.0166163141993958,0.01963746223564944,2023H2
002412,2023-07-14,4,mid,macd_stabilizing,pullback_holds,current_week,0.00605143721633894,0.01966717095310133,0.001512859304084735,-0.00907715582450841,0.027231467473525006,2023H2
002412,2023-07-27,3,mid,none,pullback_holds,current_week,0.007485029940119903,-0.007485029940119681,-0.03892215568862267,-0.05239520958083832,0.017964071856287456,2023H2
002412,2023-07-28,4,bull,none,pullback_holds,current_week,-0.008888888888888835,-0.019259259259259198,-0.059259259259259234,-0.06222222222222218,0.007407407407407307,2023H2
002412,2023-09-14,3,mid,macd_stabilizing,pullback_holds,current_week,0.007451564828613977,0.04619970193740697,-0.014903129657227954,-0.005961251862891204,0.055141579731743606,2023H2
002412,2023-11-06,0,mid,ma_bull,pullback_holds,current_week,0.00877192982456143,0.042397660818713545,0.05263157894736836,-0.011695906432748537,0.043859649122807154,2023H2
002412,2023-11-09,3,mid,ma_bull,pullback_holds,current_week,-0.005830903790087438,0.05393586005830908,0.027696793002915276,-0.013119533527696792,0.06559766763848396,2023H2
002412,2023-11-10,4,mid,ma_bull,pullback_holds,current_week,0.0028943560057885787,0.04630969609261948,0.0028943560057885787,-0.01736613603473225,0.0680173661360346,2023H2
002412,2023-11-20,0,mid,ma_bull,two_day_acceleration,current_week,-0.00557880055788007,0.004184100418409997,-0.03765690376569031,-0.023709902370990243,0.029288702928870203,2023H2
002412,2023-12-28,3,mid,none,pullback_holds,current_week,0.023845007451564815,-0.005961251862891204,-0.09836065573770492,-0.005961251862891204,0.053651266766020944,2023H2
002412,2023-12-29,4,mid,none,pullback_holds,current_week,-0.008849557522124019,-0.008849557522124019,-0.1327433628318585,-0.02507374631268433,0.04277286135693226,2023H2
002412,2024-01-02,1,mid,macd_stabilizing,two_day_acceleration,current_week,-0.018840579710144856,-0.04057971014492756,-0.17826086956521747,-0.05797101449275366,0.02463768115942022,2024H1
002412,2025-07-14,0,bull,ma_bull,shrinking_volume_acceleration,current_week,0.03167420814479627,0.019607843137254832,0.03770739064856721,-0.02714932126696823,0.03921568627450989,2025H2
002412,2025-07-18,4,bull,ma_bull,shrinking_volume_acceleration,current_week,0.0014858841010401136,0.0520059435364042,-0.007429420505200679,-0.013372956909361022,0.07726597325408613,2025H2
002412,2025-07-29,1,bull,ma_bull,two_day_acceleration,current_week,0.023188405797101463,-0.004347826086956608,0.005797101449275477,-0.026086956521739202,0.050724637681159424,2025H2
002412,2025-07-31,3,bull,ma_bull,shrinking_volume_acceleration,current_week,-0.024460431654676262,-0.03884892086330938,-0.02877697841726623,-0.03884892086330938,0.043165467625899234,2025H2
002412,2025-08-01,4,bull,ma_bull,shrinking_volume_acceleration,current_week,-0.028368794326241065,-0.052482269503546064,-0.04822695035460989,-0.05531914893617018,0.02269503546099294,2025H2
002412,2025-08-18,0,bull,ma_bull,pullback_holds,current_week,0.031065088757396442,0.010355029585798814,-0.016272189349112343,-0.03402366863905315,0.050295857988165826,2025H2
002412,2025-08-19,1,bull,ma_bull,pullback_holds,current_week,0.007256894049346929,-0.020319303338171335,-0.023222060957910018,-0.052249637155297624,0.030478955007256836,2025H2
002412,2025-08-20,2,bull,ma_bull,pullback_holds,current_week,-0.036231884057971064,-0.01594202898550734,-0.0304347826086957,-0.05362318840579716,0.02898550724637694,2025H2
002412,2025-08-21,3,bull,ma_bull,pullback_holds,current_week,-0.02315484804630974,-0.01881331403762665,-0.05499276410998555,-0.05499276410998555,0.02749638205499272,2025H2
002412,2025-08-22,4,bull,ma_bull,pullback_holds,current_week,-0.02470930232558144,-0.0043604651162789665,-0.05813953488372081,-0.05087209302325579,0.03197674418604657,2025H2
002412,2025-08-26,1,bull,ma_bull,pullback_holds,current_week,-0.030172413793103425,-0.01867816091954022,-0.08620689655172409,-0.06178160919540221,0.010057471264367956,2025H2
002412,2025-09-08,0,bull,none,two_day_acceleration,current_week,-0.04727793696275073,-0.07736389684813749,-0.08022922636103158,-0.08452722063037243,0.0,2025H2
002412,2025-10-10,4,bull,none,pullback_holds,current_week,0.023771790808240878,0.04278922345483349,0.04912836767036444,-0.020602218700475516,0.06339144215530901,2025H2
002412,2025-10-15,2,bull,macd_stabilizing,pullback_holds,current_week,0.03091190108191655,-0.020092735703245768,0.060278207109737414,-0.030911901081916437,0.03709428129829995,2025H2
002412,2025-10-16,3,bull,macd_stabilizing,pullback_holds,current_week,0.029230769230769393,-0.03384615384615386,0.0707692307692307,-0.03538461538461535,0.03230769230769237,2025H2
002412,2025-10-17,4,mid,none,pullback_holds,current_week,0.009202453987730008,-0.023006134969325243,0.09969325153374231,-0.03834355828220859,0.02914110429447847,2025H2
002412,2025-10-24,4,bull,macd_stabilizing,pullback_holds,current_week,-0.03776435045317217,0.0,-0.013595166163141936,-0.052870090634441036,0.0030211480362538623,2025H2
002412,2025-11-03,0,bull,macd_stabilizing,pullback_holds,current_week,0.032457496136012454,0.09119010819165396,0.07727975270479126,-0.009273570324574876,0.13755795981452867,2025H2
002412,2025-11-04,1,bull,macd_stabilizing,pullback_holds,current_week,0.04468412942989208,0.07087827426810467,0.06779661016949134,-0.0046224961479198745,0.13405238828967647,2025H2
002412,2025-11-05,2,bull,macd_stabilizing,shrinking_volume_acceleration,current_week,0.042553191489361764,0.033434650455927084,0.0714285714285714,-0.010638297872340496,0.11854103343465039,2025H2
002412,2025-11-10,0,bull,none,two_day_acceleration,current_week,0.05688622754491024,-0.019461077844311392,0.02844311377245523,-0.026946107784431073,0.10179640718562877,2025H2
002412,2025-11-11,1,bull,none,shrinking_volume_acceleration,current_week,0.025073746312684442,-0.001474926253687281,-0.005899705014749235,-0.041297935103244865,0.08554572271386429,2025H2
002412,2025-11-13,3,bull,none,two_day_acceleration,current_week,-0.020231213872832332,-0.007225433526011571,-0.036127167630057855,-0.06069364161849711,0.06358381502890187,2025H2
002412,2025-11-14,4,bull,macd_cross,two_day_acceleration,current_week,-0.10425240054869678,-0.06172839506172845,-0.10150891632373116,-0.10836762688614543,0.008230452674897082,2025H2
002412,2025-12-01,0,mid,none,two_day_acceleration,current_week,-0.01151079136690647,-0.04604316546762599,-0.06330935251798564,-0.06618705035971217,0.021582733812949728,2025H2
002412,2026-01-06,1,bull,none,pullback_holds,current_week,0.036418816388467334,0.04248861911987856,0.025796661608497695,-0.01365705614567525,0.05311077389984842,2026H1
002412,2026-01-07,2,bull,none,pullback_holds,current_week,0.04122137404580162,0.03969465648854964,0.04427480916030535,-0.003053435114503733,0.05954198473282446,2026H1
002412,2026-01-16,4,bull,none,pullback_holds,current_week,0.020710059171597628,-0.002958579881656709,0.09615384615384626,-0.014792899408283988,0.06065088757396442,2026H1
002412,2026-03-16,0,mid,ma_bull,pullback_holds,current_week,-0.13285714285714278,-0.03857142857142848,-0.05714285714285705,-0.13714285714285712,0.0014285714285713347,2026H1
002412,2026-04-15,2,mid,none,pullback_holds,current_week,-0.03273809523809523,0.04315476190476186,0.059523809523809534,-0.05952380952380942,0.06398809523809534,2026H1
002412,2026-04-27,0,bull,none,two_day_acceleration,current_week,0.01739130434782621,0.04347826086956519,-0.0391304347826088,-0.011594202898550732,0.07826086956521738,2026H1
002412,2026-05-06,2,bull,none,shrinking_volume_acceleration,current_week,0.001394700139470073,-0.013947001394700065,-0.08228730822873076,-0.025104602510460206,0.03765690376569042,2026H1
002412,2026-05-11,0,bull,macd_cross,two_day_acceleration,current_week,-0.025991792065663488,-0.07523939808481539,-0.13953488372093026,-0.08481532147742821,0.009575923392612706,2026H1
002412,2026-06-02,1,mid,none,pullback_holds,current_week,-0.0676470588235294,-0.1147058823529411,-0.1588235294117647,-0.126470588235294,0.0014705882352941124,2026H1
300069,2025-04-22,1,mid,none,two_day_acceleration,current_week,-0.010582010582010581,0.005291005291005346,0.12228101116989998,-0.04174015285126398,0.10582010582010559,2025H1
300069,2025-04-24,3,mid,none,pullback_holds,current_week,0.030575539568345356,0.011990407673860837,0.34172661870503585,-0.007194244604316613,0.12769784172661858,2025H1
300069,2025-04-25,4,mid,none,two_day_acceleration,current_week,-0.035834266517357216,-0.06438969764837621,0.20380739081746935,-0.07446808510638292,0.02407614781634937,2025H1
300069,2025-05-08,3,bull,macd_cross,shrinking_volume_acceleration,current_week,-0.07639680729760545,0.15792474344355756,0.13055872291904236,-0.08038768529076401,0.5952109464082098,2025H1
300069,2025-05-09,4,bull,none,pullback_holds,current_week,-0.05797101449275366,0.10666666666666669,0.1773913043478259,-0.06492753623188408,0.6220289855072465,2025H1
300069,2025-06-10,1,bull,ma_bull,pullback_holds,current_week,-0.07632850241545885,-0.0879227053140097,0.05942028985507242,-0.14975845410628008,0.0004830917874396601,2025H1
300069,2025-06-24,1,bull,ma_bull,two_day_acceleration,current_week,0.03297872340425534,0.1664893617021277,0.14414893617021285,-0.00638297872340432,0.22340425531914887,2025H1
300069,2025-06-26,3,bull,ma_bull,pullback_holds,current_week,0.029866666666666708,0.09493333333333331,0.10346666666666682,-0.0021333333333333204,0.22666666666666657,2025H1
300069,2025-06-27,4,bull,ma_bull,shrinking_volume_acceleration,current_week,0.0547945205479452,0.06849315068493156,0.06269757639620654,-0.008956796628029617,0.21180189673340366,2025H1
300069,2025-06-30,0,bull,ma_bull,two_day_acceleration,current_week,0.17139852786540488,0.07255520504731883,0.06677181913774977,-0.000525762355415238,0.20925341745531023,2025H1
300069,2025-07-01,1,bull,ma_bull,two_day_acceleration,current_week,0.13099535843218146,0.025270758122743597,0.054667354306343396,-0.018566271273852464,0.1861784424961319,2025H2
300069,2025-07-03,3,bull,ma_bull,pullback_holds,current_week,0.06760270410816438,0.04888195527821115,0.15340613624544974,-0.010400416016640657,0.1960478419136764,2025H2
300069,2025-07-24,3,bull,ma_bull,pullback_holds,current_week,0.07357212003872204,0.32526621490803476,0.04017424975798645,-0.03533397870280741,0.377057115198451,2025H2
300069,2025-09-12,4,bull,none,pullback_holds,current_week,-0.022134776192818673,-0.06640432857845557,-0.025086079685194385,-0.0850959173635022,0.012297097884899078,2025H2
300069,2025-10-09,3,bull,none,pullback_holds,current_week,0.03280369041517184,0.006150691952844456,0.025115325474115657,-0.015889287544848862,0.07022039979497685,2025H2
300069,2025-11-04,1,bull,none,pullback_holds,current_week,0.07326932794340602,0.022233451237999136,-0.03789792824658922,-0.010611419909044795,0.1561394643759475,2025H2
300069,2025-11-07,4,bull,none,pullback_holds,current_week,0.06072874493927127,-0.08046558704453444,-0.05566801619433204,-0.08603238866396778,0.1578947368421051,2025H2
300069,2025-11-13,3,bull,none,pullback_holds,current_week,-0.05157170923379184,-0.05451866404715122,-0.10019646365422397,-0.11296660117878199,0.05009823182711193,2025H2
300069,2025-12-08,0,bull,none,pullback_holds,current_week,-0.027852169255490056,-0.06213176218532401,-0.04552758435993576,-0.10444563470808799,0.027316550615961388,2025H2
300069,2026-04-28,1,bull,ma_bull,shrinking_volume_acceleration,current_week,0.987593984962406,0.8631578947368421,0.313533834586466,-0.015037593984962516,1.2887218045112783,2026H1
300069,2026-06-02,1,mid,ma_bull,two_day_acceleration,current_week,-0.20620704019995828,-0.27390127056863156,-0.30535305144761504,-0.2988960633201415,0.1378879400124975,2026H1
300069,2026-08-18,1,bull,none,pullback_holds,current_week,-0.15450507614213194,-0.1725888324873096,-0.24365482233502533,-0.21541878172588835,0.09961928934010156,2026H2
301058,2025-05-19,0,bull,none,pullback_holds,current_week,-0.010928961748634003,-0.020036429872495543,0.004553734061930603,-0.03369763205828791,0.01821493624772308,2025H1
301058,2025-05-20,1,bull,none,pullback_holds,current_week,-0.02160216021602146,-0.02160216021602146,-0.027002700270026936,-0.045004500450045004,0.006300630063006407,2025H1
301058,2025-05-21,2,bull,none,pullback_holds,current_week,-0.03766816143497753,-0.013452914798206317,-0.052017937219730914,-0.04843049327354265,0.0008968609865471766,2025H1
301058,2025-05-22,3,bull,none,pullback_holds,current_week,0.011100832562442209,0.0194264569842737,-0.03052728954671602,-0.018501387604070385,0.031452358926919555,2025H1
301058,2025-06-04,2,bull,none,pullback_holds,current_week,0.04327808471454886,-0.004604051565377465,0.018416206261510304,-0.009208103130755041,0.0626151012891345,2025H1
301058,2025-06-05,3,bull,none,pullback_holds,current_week,0.033636363636363686,-0.039090909090909065,0.0027272727272726893,-0.047272727272727244,0.049090909090909074,2025H1
301058,2025-06-06,4,bull,none,pullback_holds,current_week,-0.0027247956403269047,-0.04813805631244317,-0.0072661217075385975,-0.04813805631244317,0.04813805631244339,2025H1
301058,2025-06-09,0,bull,none,shrinking_volume_acceleration,current_week,0.0,-0.04332129963898923,0.005415162454873723,-0.0631768953068591,0.04151624548736477,2025H1
301058,2025-06-12,3,bull,none,shrinking_volume_acceleration,current_week,-0.058771148708815724,-0.037399821905609976,0.024042742653606286,-0.07569011576135354,0.0008904719501334757,2025H1
301058,2025-06-25,2,bull,none,pullback_holds,current_week,0.015610651974288237,0.052341597796143224,0.058769513314967714,-0.010101010101010166,0.07988980716253447,2025H1
301058,2025-06-26,3,bull,none,pullback_holds,current_week,0.020351526364477124,0.06382978723404253,0.08325624421831646,0.0,0.0878815911193338,2025H1
301058,2025-06-27,4,bull,macd_stabilizing,pullback_holds,current_week,0.0009157509157509125,0.05494505494505497,0.05494505494505497,-0.0045787545787544515,0.07692307692307687,2025H1
301058,2025-06-30,0,bull,none,pullback_holds,current_week,0.01642335766423364,0.058394160583941535,0.04470802919708028,-0.00821167883211682,0.07299270072992692,2025H1
301058,2025-09-08,0,bull,ma_bull,two_day_acceleration,current_week,-0.02991452991453003,-0.0606837606837608,-0.02393162393162407,-0.07008547008547006,0.05982905982905984,2025H2
301058,2025-09-29,0,bull,none,pullback_holds,current_week,0.03912647861692453,0.0263876251137396,0.04458598726114649,-0.009099181073703333,0.04185623293903551,2025H2
301058,2025-09-30,1,bull,none,pullback_holds,current_week,0.029197080291970767,0.03558394160583922,0.04835766423357657,-0.006386861313868675,0.05565693430656937,2025H2
301058,2025-10-09,3,bull,none,pullback_holds,current_week,0.015454545454545388,0.033636363636363686,0.041818181818181976,-0.009999999999999898,0.05181818181818176,2025H2
301058,2025-10-13,0,bull,none,pullback_holds,current_week,-0.006272401433691788,0.02240143369175618,0.03853046594982068,-0.013440860215053752,0.03673835125448033,2025H2
301058,2025-10-14,1,bull,none,two_day_acceleration,current_week,-0.007042253521126751,-0.0035211267605632646,0.028169014084507005,-0.03080985915492951,0.01848591549295775,2025H2
301058,2025-10-15,2,bull,none,pullback_holds,current_week,0.006205673758865382,0.030141843971631443,0.028368794326241176,-0.02393617021276595,0.048758865248226924,2025H2
301058,2025-10-16,3,bull,none,pullback_holds,current_week,0.018817204301075252,0.014336917562723928,0.034946236559139754,-0.013440860215053752,0.060035842293906905,2025H2
301058,2025-10-24,4,bull,none,pullback_holds,current_week,-0.005295675198587868,0.015887025595763493,-0.0379523389232127,-0.015004413062665534,0.04413062665489842,2025H2
301058,2025-10-27,0,bull,none,two_day_acceleration,current_week,-0.0017590149516272247,0.019349164467897806,-0.023746701846965812,-0.01846965699208447,0.04045734388742295,2025H2
301058,2025-11-05,2,bull,none,pullback_holds,current_week,0.008695652173912993,-0.032173913043478164,-0.024347826086956514,-0.03652173913043477,0.020000000000000018,2025H2
301058,2025-11-06,3,bull,none,pullback_holds,current_week,0.0060975609756097615,-0.03310104529616731,-0.0409407665505227,-0.03658536585365857,0.021777003484320545,2025H2
301058,2025-11-07,4,bull,none,pullback_holds,current_week,0.004340277777777901,-0.05381944444444442,-0.0269097222222221,-0.05381944444444442,0.01822916666666674,2025H2
301058,2025-11-10,0,bull,macd_cross,shrinking_volume_acceleration,current_week,-0.0034662045060659397,-0.03812824956672456,-0.03379549393414216,-0.058058925476603074,0.016464471403812686,2025H2
301058,2025-11-11,1,bull,macd_cross,two_day_acceleration,current_week,-0.03170522707797763,-0.04884318766066842,-0.05227077977720651,-0.0685518423307625,0.0025706940874037354,2025H2
301058,2025-11-13,3,bull,macd_cross,pullback_holds,current_week,-0.035621198957428324,-0.035621198957428324,-0.04170286707211124,-0.055603822762814836,0.011294526498696777,2025H2
301058,2025-11-14,4,bull,macd_cross,pullback_holds,current_week,-0.05790838375108043,-0.01728608470181503,-0.046672428694900736,-0.060501296456352605,0.0008643042350906516,2025H2
301058,2025-12-01,0,mid,none,pullback_holds,current_week,-0.023642732049036774,-0.03590192644483359,-0.03590192644483359,-0.04290718038528896,0.017513134851138368,2025H2
301058,2025-12-22,0,bull,none,pullback_holds,current_week,0.019444444444444375,0.022222222222222143,0.08240740740740726,-0.00462962962962965,0.03611111111111098,2025H2
301058,2025-12-23,1,bull,none,pullback_holds,current_week,0.011100832562442209,0.02590194264569834,0.0851063829787233,-0.005550416281221104,0.035152636447733476,2025H2
301058,2025-12-24,2,bull,macd_stabilizing,pullback_holds,current_week,0.0,0.01642335766423364,0.07390510948905105,-0.019160583941605913,0.020985401459853836,2025H2
301058,2025-12-25,3,bull,macd_stabilizing,pullback_holds,current_week,-0.0018165304268845661,0.027247956403269713,0.06267029972752058,-0.02361489554950047,0.027247956403269713,2025H2
301058,2025-12-26,4,bull,macd_stabilizing,pullback_holds,current_week,0.012715712988192518,0.04632152588555849,0.050862851952770294,-0.02361489554950047,0.07992733878292468,2025H2
301058,2026-01-05,0,bull,none,pullback_holds,current_week,0.028181818181818308,0.06545454545454543,0.041818181818181976,-0.0009090909090908594,0.08090909090909104,2026H1
301058,2026-01-06,1,bull,none,two_day_acceleration,current_week,0.03690369036903696,0.053105310531053274,0.03780378037803778,-0.009000900090008979,0.07020702070207041,2026H1
301058,2026-01-07,2,bull,none,pullback_holds,current_week,0.03076923076923066,0.05791855203619889,0.06153846153846154,-0.0018099547511313263,0.07601809954751126,2026H1
301058,2026-01-08,3,bull,none,pullback_holds,current_week,0.027027027027027195,0.05675675675675684,0.03063063063063054,-0.003603603603603567,0.07117117117117133,2026H1
301058,2026-01-09,4,bull,none,pullback_holds,current_week,0.0260323159784559,0.05655296229802498,0.015260323159784539,-0.0008976660682226134,0.06732495511669656,2026H1
301058,2026-01-12,0,bull,none,two_day_acceleration,current_week,0.03169014084507049,0.02992957746478897,0.007042253521126751,-0.008802816901408383,0.046654929577464976,2026H1
301058,2026-01-13,1,bull,macd_cross,two_day_acceleration,current_week,0.018276762402088753,0.006962576153176636,-0.015665796344647487,-0.020017406440382968,0.030461270670147922,2026H1
301058,2026-01-15,3,bull,none,shrinking_volume_acceleration,current_week,0.029850746268656803,0.026338893766461702,-0.021071115013169495,-0.0017559262510974394,0.03950834064969255,2026H1
301058,2026-01-16,4,bull,none,two_day_acceleration,current_week,0.030647985989492144,0.04640980735551681,-0.028021015761821366,-0.004378283712784481,0.07005253940455347,2026H1
301058,2026-01-19,0,bull,macd_cross,two_day_acceleration,current_week,0.0034305317324185847,-0.01715265866209259,-0.030017152658662116,-0.02487135506003424,0.0480274442538593,2026H1
301058,2026-01-30,4,bull,ma_bull,two_day_acceleration,current_week,-0.03826530612244894,-0.056122448979591844,-0.03996598639455773,-0.05952380952380942,0.026360544217687076,2026H1
301058,2026-02-24,1,bull,ma_bull,pullback_holds,current_week,-0.011504424778761124,-0.030973451327433565,-0.1389380530973452,-0.038938053097345215,0.015929203539823078,2026H1
301058,2026-02-25,2,bull,ma_bull,pullback_holds,current_week,-0.023851590106007015,-0.035335689045936425,-0.12632508833922262,-0.04593639575971731,0.014134275618374659,2026H1
301058,2026-02-26,3,bull,ma_bull,pullback_holds,current_week,-0.030088495575221197,-0.05044247787610623,-0.12566371681415933,-0.052212389380530966,0.015929203539823078,2026H1
301058,2026-02-27,4,bull,ma_bull,pullback_holds,current_week,-0.00886524822695034,-0.04255319148936154,-0.12234042553191482,-0.05053191489361686,0.0177304964539009,2026H1
301058,2026-03-09,0,mid,none,pullback_holds,current_week,-0.03063063063063065,-0.15135135135135136,-0.11531531531531525,-0.15495495495495482,0.0018018018018020054,2026H1
003027,2023-05-08,0,bull,none,pullback_holds,current_week,0.04999999999999982,0.0625,-0.022222222222222254,-0.04120370370370374,0.10185185185185186,2023H1
003027,2025-06-04,2,bull,ma_bull,two_day_acceleration,current_week,0.12094395280235992,0.025368731563421898,0.057817109144542744,-0.012979351032448294,0.2023598820058996,2025H1
003027,2025-06-24,1,bull,ma_bull,pullback_holds,current_week,0.03001132502831272,0.02208380520951314,0.06002265005662499,-0.019818799546998944,0.0634201585503964,2025H1
003027,2025-06-25,2,bull,ma_bull,pullback_holds,current_week,0.024571428571428466,0.03542857142857159,0.05714285714285716,-0.010857142857142899,0.07314285714285718,2025H1
003027,2025-06-26,3,bull,ma_bull,pullback_holds,current_week,0.03209169054441263,0.03610315186246438,0.062464183381088834,-0.008022922636103158,0.07621776504298006,2025H1
003027,2025-06-27,4,bull,ma_bull,pullback_holds,current_week,-0.0034129692832766123,0.021615472127417545,0.05631399317406127,-0.010807736063708884,0.06825938566552892,2025H1
003027,2025-07-01,1,bull,ma_bull,two_day_acceleration,current_week,-0.012582056892779026,-0.002735229759299851,0.03118161925601748,-0.04868708971553615,0.027352297592997843,2025H2
003027,2025-07-03,3,bull,ma_bull,shrinking_volume_acceleration,current_week,0.009491903964265802,0.04020100502512558,0.021775544388609847,-0.029034059184812944,0.06141820212171978,2025H2
003027,2025-07-07,0,bull,ma_bull,shrinking_volume_acceleration,current_week,0.0027639579878386833,0.040353786622443266,0.04809286898839149,-0.021558872305140975,0.05085682697622995,2025H2
003027,2025-07-14,0,bull,ma_bull,pullback_holds,current_week,0.0064171122994653995,0.00855614973262031,0.06203208556149731,-0.02887700534759352,0.016577540106951894,2025H2
003027,2025-07-28,0,bull,ma_bull,two_day_acceleration,current_week,0.010660980810234477,0.05863539445628985,0.05756929637526653,-0.026652452025586304,0.061833688699360234,2025H2
003027,2025-07-29,1,bull,ma_bull,pullback_holds,current_week,0.021855010660980723,0.06076759061833692,0.0756929637526651,-0.026652452025586304,0.06556503198294239,2025H2
003027,2025-07-30,2,bull,ma_bull,pullback_holds,current_week,0.030530262453133394,0.05784681306909478,0.04499196572040698,-0.021960364220674933,0.08569898232458484,2025H2
003027,2025-08-01,4,bull,ma_bull,pullback_holds,current_week,0.04598930481283414,0.0481283422459895,0.027807486631016065,-0.012299465240641738,0.08395721925133692,2025H2
003027,2025-08-15,4,bull,ma_bull,pullback_holds,current_week,-0.04306220095693791,-0.08038277511961733,-0.05358851674641152,-0.10765550239234445,0.03157894736842093,2025H2
003027,2025-09-08,0,bull,ma_bull,two_day_acceleration,current_week,-0.05868320610687028,-0.0939885496183206,-0.06011450381679395,-0.1092557251908397,0.018606870229007644,2025H2
003027,2025-09-10,2,bull,ma_bull,shrinking_volume_acceleration,current_week,-0.019306930693069324,-0.06039603960396034,-0.040099009900990024,-0.10544554455445543,0.001980198019802204,2025H2
003027,2025-09-12,4,bull,ma_bull,pullback_holds,current_week,-0.04008117706747838,-0.03652968036529669,-0.031963470319634646,-0.08320649416539827,0.017250126839167823,2025H2
003027,2025-09-22,0,mid,none,shrinking_volume_acceleration,current_week,0.025775907417148858,0.03629668595476043,0.04523934771173055,-0.0494476591267754,0.04523934771173055,2025H2
003027,2025-09-24,2,bull,none,shrinking_volume_acceleration,current_week,0.029968454258675115,0.019453207150368135,0.008412197686645584,-0.023659305993690816,0.051524710830704645,2025H2
003027,2025-09-26,4,mid,none,shrinking_volume_acceleration,current_week,0.03693931398416894,0.0068601583113456766,0.025329815303430037,-0.020052770448548807,0.0554089709762533,2025H2
003027,2025-09-29,0,bull,none,two_day_acceleration,current_week,0.010774756285274467,0.00667008722421758,-0.01026167265264255,-0.04720369420215509,0.02616726526423796,2025H2
003027,2025-09-30,1,bull,none,pullback_holds,current_week,0.018059855521155965,0.020123839009287936,0.013931888544891802,-0.04179566563467485,0.033539731682146634,2025H2
003027,2025-10-09,3,bull,none,pullback_holds,current_week,-0.009703779366700749,0.0005107252298262033,0.0025536261491316825,-0.05158324821246174,0.02298263534218581,2025H2
003027,2025-10-10,4,bull,none,pullback_holds,current_week,0.0057894736842105665,0.03684210526315779,0.05684210526315803,-0.022631578947368447,0.05421052631578949,2025H2
003027,2025-10-14,1,bull,none,shrinking_volume_acceleration,current_week,-0.018018018018017945,-0.005505505505505437,0.00800800800800805,-0.054054054054053946,0.0025025025025025016,2025H2
003027,2025-10-21,1,bull,macd_stabilizing,shrinking_volume_acceleration,current_week,0.014811031664964114,-0.014811031664964336,0.22318692543411633,-0.021450459652706977,0.02298263534218581,2025H2
003027,2025-10-23,3,bull,macd_stabilizing,pullback_holds,current_week,-0.021428571428571463,0.001530612244897922,0.1795918367346938,-0.028571428571428692,0.019387755102040716,2025H2
003027,2025-10-24,4,bull,macd_stabilizing,pullback_holds,current_week,-0.018181818181818188,0.014141414141414232,0.0959595959595958,-0.03838383838383841,0.02020202020202011,2025H2
003027,2025-10-28,1,bull,ma_bull,shrinking_volume_acceleration,current_week,-0.02967806841046272,0.01307847082494984,0.08853118712273655,-0.04225352112676051,0.03319919517102621,2025H2
003027,2025-11-05,2,bull,ma_bull,pullback_holds,current_week,0.12722646310432562,0.17201017811704822,0.05597964376590325,-0.010687022900763399,0.3175572519083969,2025H2
003027,2025-11-06,3,bull,ma_bull,pullback_holds,current_week,0.1439471007121058,0.17599186164801628,0.02899287894201419,-0.006103763987792554,0.3168870803662258,2025H2
003027,2025-11-11,1,bull,ma_bull,shrinking_volume_acceleration,current_week,0.08126410835214437,-0.023024830699774346,-0.06817155756207682,-0.04018058690744919,0.16884875846501113,2025H2
003027,2025-11-20,3,mid,ma_bull,shrinking_volume_acceleration,current_week,-0.04498886414253889,-0.09888641425389755,-0.14209354120267248,-0.09977728285077947,0.03919821826280634,2025H2
003027,2025-12-23,1,bull,ma_bull,shrinking_volume_acceleration,current_week,0.06267942583732045,0.019617224880382533,0.08421052631578929,-0.008612440191387738,0.18181818181818166,2025H2
003027,2026-02-24,1,bull,ma_bull,two_day_acceleration,current_week,-0.06268914829226113,-0.009511456982274069,-0.11846087332468647,-0.09295287505404226,0.013834846519671373,2026H1
003027,2026-03-10,1,bull,ma_bull,pullback_holds,current_week,-0.02819956616052055,-0.11540130151843819,-0.06898047722342737,-0.16963123644251632,0.06377440347071572,2026H1
003027,2026-04-09,3,mid,none,pullback_holds,current_week,0.03621169916434552,0.12116991643454056,0.23491179201485624,-0.01439182915506032,0.28458681522748397,2026H1
003027,2026-04-24,4,bull,none,shrinking_volume_acceleration,current_week,-0.0028949545078577055,0.10463192721257242,-0.0880893300248139,-0.05459057071960294,0.1517783291976842,2026H1
003027,2026-05-06,2,bull,ma_bull,pullback_holds,current_week,0.11338057523968303,-0.02125885785744064,-0.0892038349312213,-0.04335139641517305,0.16090037515631517,2026H1
003027,2026-05-07,3,bull,ma_bull,two_day_acceleration,current_week,0.048367593712212775,-0.08061265618702151,-0.143087464731963,-0.08262797259169696,0.12253123740427241,2026H1
003027,2026-05-13,2,bull,ma_bull,shrinking_volume_acceleration,current_week,-0.11994002998500752,-0.17353823088455766,-0.21851574212893543,-0.17653673163418293,0.03635682158920539,2026H1
603059,2023-05-22,0,mid,none,pullback_holds,current_week,-0.013692377909630293,-0.005020538566864463,-0.025559105431309792,-0.02921040620721138,0.022820629849383822,2023H1
603059,2023-07-11,1,mid,none,two_day_acceleration,current_week,0.006521739130434856,0.030000000000000027,-0.002608695652173809,-0.021304347826086922,0.05173913043478273,2023H2
603059,2023-07-14,4,mid,none,pullback_holds,current_week,0.008676789587852562,0.03427331887201723,-0.02819956616052055,-0.023427331887201697,0.04945770065075927,2023H2
603059,2023-09-11,0,mid,none,pullback_holds,current_week,0.08404436860068265,0.04095563139931735,-0.04180887372013653,-0.03796928327645055,0.08404436860068265,2023H2
603059,2023-09-12,1,mid,none,two_day_acceleration,current_week,0.030252100840336027,-0.049579831932773044,-0.0714285714285714,-0.06260504201680683,0.0676470588235294,2023H2
603059,2023-09-22,4,mid,ma_bull,pullback_holds,current_week,-0.03863922721545565,-0.04157916841663156,-0.04997900041999148,-0.06299874002519945,0.024779504409911945,2023H2
603059,2023-11-06,0,mid,macd_stabilizing,two_day_acceleration,current_week,0.05336832895888022,0.046369203849518925,0.048118985126859304,-0.01356080489938749,0.05993000874890653,2023H2
603059,2023-11-07,1,mid,macd_stabilizing,shrinking_volume_acceleration,current_week,0.020206362854686022,0.02794496990541706,0.014617368873602654,-0.010318142734307867,0.041702493551160735,2023H2
603059,2023-11-13,0,mid,macd_cross,two_day_acceleration,current_week,-0.004163197335553592,-0.01582014987510405,-0.0507910074937552,-0.02581182348043287,0.006661115736885881,2023H2
603059,2023-11-20,0,mid,ma_bull,two_day_acceleration,current_week,-0.012943632567849583,0.00041753653444676075,-0.05678496868475991,-0.02087682672233826,0.009603340292275497,2023H2
603059,2023-11-21,1,mid,ma_bull,pullback_holds,current_week,-0.010766045548654346,-0.022774327122153215,-0.05548654244306428,-0.02898550724637694,0.011594202898550732,2023H2
603059,2024-01-02,1,mid,macd_stabilizing,two_day_acceleration,current_week,0.035930735930735924,0.08268398268398269,0.004761904761904745,-0.006926406926406892,0.1264069264069263,2024H1
603059,2024-01-04,3,mid,macd_stabilizing,shrinking_volume_acceleration,current_week,0.02953767123287676,0.09546232876712324,-0.021832191780821852,-0.005136986301369717,0.11386986301369872,2024H1
603059,2025-04-02,2,mid,ma_bull,pullback_holds,current_week,-0.13275072825634626,-0.11194340407823555,-0.08614232209737827,-0.24136496046608413,0.01872659176029967,2025H1
603059,2025-04-24,3,mid,none,pullback_holds,current_week,-0.022261798753339224,0.027604630454140633,0.1424755120213712,-0.0690115761353518,0.053428317008014314,2025H1
603059,2025-05-06,1,mid,none,two_day_acceleration,current_week,0.027147307521139474,0.14063195371606585,0.15086782376502006,-0.020916777926123675,0.16110369381397427,2025H1
603059,2025-05-08,3,bull,none,shrinking_volume_acceleration,current_week,0.0724766562916852,0.11605157847932412,0.1142730102267675,-0.003112494441974256,0.16451756336149392,2025H1
603059,2025-05-09,4,bull,none,two_day_acceleration,current_week,-0.014861995753715607,0.039065817409766446,0.07940552016985136,-0.04713375796178343,0.11210191082802545,2025H1
603059,2025-06-06,4,bull,none,pullback_holds,current_week,-0.028682170542635554,-0.06976744186046513,-0.011627906976744207,-0.08604651162790689,0.018604651162790642,2025H1
603059,2025-06-25,2,bull,none,pullback_holds,current_week,0.04830126893164133,0.054031927957429504,0.11993450675399098,-0.010233319688907061,0.08350388866148184,2025H1
603059,2025-06-26,3,bull,none,pullback_holds,current_week,0.012277227722772288,0.03762376237623766,0.06693069306930699,-0.03920792079207913,0.04950495049504955,2025H1
603059,2025-06-27,4,bull,none,pullback_holds,current_week,0.03658536585365857,0.06991869918699178,0.1073170731707318,-0.01097560975609757,0.0886178861788618,2025H1
603059,2025-07-01,1,bull,ma_bull,two_day_acceleration,current_week,0.02690937870993282,0.04432132963988922,0.11634349030470914,-0.007123070834982204,0.06766917293233088,2025H2
603059,2025-07-14,0,bull,ma_bull,shrinking_volume_acceleration,current_week,0.05384907091391722,0.06901782328403483,0.2495259764884339,-0.012135001896094066,0.12741751990898753,2025H2
603059,2025-07-24,3,bull,ma_bull,pullback_holds,current_week,0.1403639064240625,0.5027849981433345,0.19197920534719648,-0.008911994058670603,0.8369847753434831,2025H2
603059,2025-07-25,4,bull,ma_bull,pullback_holds,current_week,0.23690955693885019,0.3335774441596484,0.1658733064811424,0.0,0.8114243866715487,2025H2
603059,2025-07-28,0,bull,ma_bull,two_day_acceleration,current_week,0.3075299085151302,0.15939479239971854,0.11857846586910625,-0.03166783954961305,0.7406755805770582,2025H2
603059,2025-09-05,4,bull,ma_bull,pullback_holds,current_week,0.022886204704386515,0.08677685950413205,0.14653528289891926,-0.009218054672600062,0.10489510489510478,2025H2
603059,2025-09-10,2,bull,ma_bull,pullback_holds,current_week,0.03811023622047238,0.1162204724409448,0.06078740157480311,-0.01826771653543302,0.1294488188976377,2025H2
603059,2025-09-19,4,mid,ma_bull,shrinking_volume_acceleration,current_week,0.006176470588235228,0.06088235294117639,0.03676470588235303,-0.03529411764705892,0.06735294117647062,2025H2
603059,2025-09-22,0,mid,ma_bull,shrinking_volume_acceleration,current_week,-0.061172472387425736,0.004248088360237823,-0.04418011894647411,-0.07108467856131417,0.03370150099122049,2025H2
603059,2025-09-24,2,bull,ma_bull,shrinking_volume_acceleration,current_week,-0.02453637660485042,-0.0390870185449359,-0.12125534950071337,-0.08930099857346652,0.04136947218259612,2025H2
603059,2025-10-09,3,bull,ma_bull,two_day_acceleration,current_week,-0.007075471698113289,0.018867924528301883,-0.08166273584905659,-0.05896226415094341,0.07606132075471694,2025H2
603059,2025-10-10,4,bull,ma_bull,two_day_acceleration,current_week,0.004418262150220897,0.011192930780559607,-0.06332842415316653,-0.0597938144329897,0.07511045655375548,2025H2
603059,2025-11-12,2,bull,none,pullback_holds,current_week,0.08217913204062799,-0.09110495537088337,-0.0751000307787012,-0.13419513696522012,0.19052016004924588,2025H2
603059,2025-12-08,0,bull,none,pullback_holds,current_week,0.03053435114503822,0.045469631596415594,0.0192499170262197,-0.014271490209093907,0.08197809492200481,2025H2
603059,2025-12-22,0,bull,none,two_day_acceleration,current_week,-0.05402010050251249,-0.03548994974874364,0.21419597989949768,-0.07035175879396982,0.0003140703517587884,2025H2
603059,2025-12-24,2,bull,none,shrinking_volume_acceleration,current_week,-0.04507936507936505,0.006666666666666599,0.18253968253968256,-0.060317460317460325,0.02063492063492056,2025H2
603059,2025-12-25,3,bull,none,shrinking_volume_acceleration,current_week,-0.019071837253655466,0.10870947234583594,0.12396694214876036,-0.05912269548633187,0.10870947234583594,2025H2
603059,2026-01-05,0,bull,none,two_day_acceleration,current_week,0.12479845211222185,0.14446952595936802,0.2479845211222187,-0.018058690744921058,0.21702676555949685,2026H1
603059,2026-01-06,1,bull,none,pullback_holds,current_week,0.1869679109364768,0.19122462344466284,0.32940406024885394,-0.0029469548133594925,0.2357563850687623,2026H1
603059,2026-01-07,2,bull,none,pullback_holds,current_week,0.17867623084447337,0.26051516139550057,0.32996413433322447,0.0,0.2709488099119661,2026H1
603059,2026-04-21,1,bull,none,shrinking_volume_acceleration,current_week,-0.02569960022844109,0.003712164477441382,-0.14962878355225595,-0.08623643632210176,0.02370074243289544,2026H1
603059,2026-04-27,0,bull,none,shrinking_volume_acceleration,current_week,0.013184881336067766,-0.08936419572223853,-0.1851743334309991,-0.11368297685320838,0.04394960445355989,2026H1
603059,2026-04-28,1,bull,none,pullback_holds,current_week,0.04302670623145377,-0.09643916913946593,-0.18100890207715137,-0.10682492581602376,0.057270029673590406,2026H1
603059,2026-04-29,2,bull,none,shrinking_volume_acceleration,current_week,-0.02556736569951168,-0.12352772191898875,-0.1827061189313416,-0.14105142200517096,0.023556449296179283,2026H1
603059,2026-04-30,3,bull,none,pullback_holds,current_week,-0.09300316729052704,-0.1304347826086958,-0.212784336308667,-0.14483155773106837,0.02591419522027061,2026H1
603059,2026-05-06,2,bull,none,pullback_holds,current_week,-0.09745641611889111,-0.13775364389825662,-0.23692483566733358,-0.16919119748499578,0.01800514432695044,2026H1
603059,2026-05-08,4,bull,none,shrinking_volume_acceleration,current_week,-0.1337126600284495,-0.15277382645803694,-0.24608819345661448,-0.17297297297297298,0.011379800853485333,2026H1
000528,2023-07-11,1,mid,ma_bull,pullback_holds,current_week,0.02541296060991116,0.04066073697585759,0.0,-0.0050825921219822545,0.04828462515883092,2023H2
000528,2023-07-13,3,mid,ma_bull,pullback_holds,current_week,0.021518987341772045,0.025316455696202445,-0.02658227848101269,-0.005063291139240533,0.044303797468354444,2023H2
000528,2023-07-14,4,mid,ma_bull,two_day_acceleration,current_week,0.005006257822277815,0.007509386733416834,-0.06132665832290363,-0.012515644555694538,0.03254067584480591,2023H2
000528,2023-07-25,1,mid,ma_bull,shrinking_volume_acceleration,current_week,-0.013447432762836109,-0.03789731051344736,-0.09902200488997548,-0.0476772616136919,0.0036674816625918982,2023H2
000528,2023-07-26,2,mid,ma_bull,pullback_holds,current_week,-0.0012345679012345512,-0.05432098765432092,-0.10246913580246908,-0.05802469135802468,0.013580246913580396,2023H2
000528,2023-07-27,3,mid,ma_bull,pullback_holds,current_week,0.0,-0.0482673267326732,-0.1089108910891089,-0.05569306930693074,0.012376237623762387,2023H2
000528,2023-07-28,4,bull,ma_bull,pullback_holds,current_week,-0.014925373134328512,-0.0671641791044777,-0.0970149253731345,-0.06965174129353235,0.01741293532338295,2023H2
000528,2023-08-01,1,bull,ma_bull,pullback_holds,current_week,-0.023573200992555887,-0.06203473945409432,-0.09305210918114148,-0.0880893300248139,0.014888337468982549,2023H2
000528,2023-08-02,2,bull,ma_bull,pullback_holds,current_week,-0.051980198019802026,-0.07054455445544561,-0.10148514851485146,-0.09034653465346532,0.007425742574257432,2023H2
000528,2023-08-03,3,bull,ma_bull,pullback_holds,current_week,-0.04944375772558707,-0.07540173053152033,-0.10877626699629173,-0.09147095179233611,0.006180469715698411,2023H2
000528,2023-09-04,0,mid,none,two_day_acceleration,current_week,-0.03050397877984079,-0.04111405835543758,-0.09416445623342173,-0.06100795755968169,0.0026525198938993633,2023H2
000528,2023-09-05,1,mid,none,pullback_holds,current_week,-0.014824797843665638,-0.03234501347708896,-0.08625336927223715,-0.04582210242587603,0.0,2023H2
000528,2023-09-11,0,mid,none,pullback_holds,current_week,-0.01094391244870041,-0.012311901504788114,-0.07660738714090298,-0.03146374829001375,0.0068399452804377425,2023H2
000528,2023-09-12,1,mid,none,pullback_holds,current_week,-0.015089163237311465,-0.008230452674897082,-0.09327846364883396,-0.028806584362139898,0.009602194787380114,2023H2
000528,2023-09-22,4,mid,none,pullback_holds,current_week,-0.024793388429751984,-0.07024793388429751,-0.09779614325068875,-0.07575757575757569,0.008264462809917328,2023H2
000528,2024-04-01,0,bull,ma_bull,two_day_acceleration,current_week,0.15709261430246202,0.31301289566236834,0.29894490035169996,-0.004689331770222682,0.34583821805392745,2024H1
000528,2024-04-03,2,bull,ma_bull,two_day_acceleration,current_week,0.19954389965792485,0.2622576966932726,0.18814139110604344,-0.006841505131128689,0.31812998859749153,2024H1
000528,2024-04-19,4,bull,ma_bull,shrinking_volume_acceleration,current_week,-0.016574585635359074,-0.04051565377532229,-0.04143646408839774,-0.08103130755064447,0.026703499079189674,2024H1
000528,2024-05-27,0,mid,ma_bull,shrinking_volume_acceleration,current_week,-0.01024208566107998,0.04841713221601496,0.0810055865921786,-0.06610800744878964,0.0940409683426442,2024H1
000528,2024-08-19,0,mid,none,shrinking_volume_acceleration,current_week,-0.03367346938775506,-0.04081632653061229,0.05612244897959173,-0.07959183673469394,0.01632653061224487,2024H2
000528,2024-11-01,4,mid,ma_bull,pullback_holds,current_week,0.037190082644628086,-0.04132231404958675,-0.08016528925619826,-0.04380165289256188,0.08347107438016521,2024H2
000528,2024-11-05,1,bull,ma_bull,two_day_acceleration,current_week,-0.048799999999999955,-0.06480000000000008,-0.0776,-0.08319999999999994,0.048799999999999955,2024H2
000528,2024-11-07,3,bull,ma_bull,shrinking_volume_acceleration,current_week,-0.08900928792569662,-0.0975232198142415,-0.12074303405572762,-0.11300309597523217,0.014705882352941124,2024H2
000528,2024-11-19,1,mid,ma_bull,shrinking_volume_acceleration,current_week,-0.038593481989708356,-0.011149228130360234,-0.021440823327615766,-0.0634648370497427,0.023156089193824947,2024H2
000528,2024-12-04,2,bull,none,pullback_holds,current_week,-0.027420736932305068,-0.037703513281919454,-0.00856898029134534,-0.06598114824335899,0.006855184233076184,2024H2
000528,2024-12-05,3,bull,none,pullback_holds,current_week,0.0,-0.015004413062665534,0.014121800529567574,-0.0379523389232127,0.03706972639011474,2024H2
000528,2024-12-06,4,bull,none,shrinking_volume_acceleration,current_week,-0.04490500863557856,-0.05613126079447328,-0.005181347150259086,-0.069084628670121,0.014680483592400595,2024H2
000528,2024-12-16,0,bull,none,shrinking_volume_acceleration,current_week,-0.017889087656529412,0.05277280858676203,0.03130590339892669,-0.035778175313059046,0.06529516994633289,2024H2
000528,2024-12-17,1,bull,none,pullback_holds,current_week,-0.00876424189307623,0.056967572304995606,-0.004382120946538226,-0.05521472392638038,0.07361963190184051,2024H2
000528,2024-12-18,2,bull,none,pullback_holds,current_week,0.010781671159029615,0.039532794249775405,0.04761904761904745,-0.03144654088050325,0.10062893081761004,2024H2
000528,2024-12-23,0,mid,none,shrinking_volume_acceleration,current_week,0.07292616226071091,0.03828623518687335,0.0419325432999087,-0.0009115770282588365,0.1166818596171375,2024H2
000528,2024-12-24,1,bull,none,two_day_acceleration,current_week,0.06631299734748008,0.01326259946949615,0.011494252873563093,-0.027409372236958496,0.08311229000884168,2024H2
000528,2024-12-31,1,mid,none,two_day_acceleration,current_week,-0.05289256198347103,-0.06115702479338847,-0.12809917355371891,-0.10743801652892548,0.005785123966942196,2024H2
000528,2025-02-11,1,mid,none,pullback_holds,current_week,-0.01531531531531527,0.07117117117117133,0.1936936936936937,-0.06306306306306297,0.07117117117117133,2025H1
000528,2025-02-12,2,bull,none,shrinking_volume_acceleration,current_week,-0.02889667250437833,0.030647985989492144,0.11383537653239939,-0.08931698774080554,0.06304728546409821,2025H1
000528,2025-02-13,3,bull,none,pullback_holds,current_week,-0.03153153153153154,0.07747747747747757,0.12702702702702706,-0.06306306306306297,0.09549549549549563,2025H1
000528,2025-02-14,4,bull,none,pullback_holds,current_week,-0.07017543859649134,0.03859649122807007,0.11315789473684212,-0.08771929824561409,0.06666666666666665,2025H1
000528,2025-02-27,3,bull,macd_stabilizing,shrinking_volume_acceleration,current_week,0.06554621848739495,0.05126050420168071,0.02184873949579824,-0.02436974789915969,0.13949579831932768,2025H1
000528,2025-03-07,4,bull,macd_cross,shrinking_volume_acceleration,current_week,-0.03203661327231122,-0.04729214340198318,-0.22654462242562923,-0.06636155606407312,0.034324942791762014,2025H1
000528,2025-03-10,0,bull,ma_bull,two_day_acceleration,current_week,-0.06060606060606066,-0.04621212121212126,-0.23939393939393938,-0.07272727272727275,0.018939393939394034,2025H1
000528,2025-03-24,0,mid,ma_bull,pullback_holds,current_week,-0.10631494804156671,-0.19744204636290963,-0.14308553157474013,-0.2142286171063149,0.006394884092725928,2025H1
600885,2025-02-19,2,bull,ma_bull,pullback_holds,current_week,0.009306514560192047,0.005103572500750664,0.08706094265986186,-0.01230861603122202,0.04323026118282791,2025H1
600885,2025-02-20,3,bull,ma_bull,pullback_holds,current_week,0.005357142857142838,0.017857142857142794,0.0630952380952381,-0.013690476190476253,0.034226190476190466,2025H1
600885,2025-02-21,4,bull,ma_bull,two_day_acceleration,current_week,-0.028323699421965443,-0.001734104046242857,0.017052023121387094,-0.04219653179190752,0.01156069364161838,2025H1
600885,2025-03-25,1,mid,ma_bull,pullback_holds,current_week,0.0002773925104022634,-0.13037447988904305,-0.07961165048543706,-0.1484049930651874,0.040776699029126284,2025H1
600885,2025-05-07,2,bull,none,pullback_holds,current_week,0.0036122817579773425,0.013546056592414368,-0.014148103552077074,-0.034316676700782645,0.018964479229379938,2025H1
600885,2025-05-08,3,bull,none,pullback_holds,current_week,0.00330727600721592,0.010222489476849228,-0.016536380036079268,-0.035478051713770276,0.020144317498496767,2025H1
600885,2025-05-12,0,bull,none,pullback_holds,current_week,-0.040616661725467074,-0.008597687518529629,-0.045953157426623314,-0.04891787726059904,0.01541654313667351,2025H1
600885,2025-05-13,1,bull,none,pullback_holds,current_week,-0.003307276007215809,-0.008117859290438845,-0.026758869512928496,-0.035478051713770276,0.029765484064942838,2025H1
600885,2025-05-14,2,bull,none,pullback_holds,current_week,0.01171875,-0.00030048076923072653,-0.02914663461538458,-0.0360576923076924,0.02914663461538458,2025H1
600885,2025-05-15,3,bull,none,pullback_holds,current_week,0.009918845807033394,-0.0009017132551848439,-0.03817252780282543,-0.03576795912233255,0.02945596633603831,2025H1
600885,2026-08-31,0,bull,ma_bull,pullback_holds,current_week,0.005488157134604377,0.0008665511265164572,,-0.04737146158289984,0.05401502021952642,2026H2
600885,2026-09-01,1,bull,ma_bull,pullback_holds,current_week,0.014934114202050042,0.016983894582723424,,-0.03426061493411403,0.0685212298682285,2026H2
300098,2023-11-09,3,mid,ma_bull,pullback_holds,current_week,0.03424657534246589,0.11415525114155245,-0.015981735159817267,-0.004566210045662045,0.16438356164383583,2023H2
300098,2023-11-10,4,mid,ma_bull,pullback_holds,current_week,0.04494382022471921,0.035955056179775235,-0.006741573033707926,0.0,0.1460674157303372,2023H2
300098,2023-11-13,0,mid,ma_bull,two_day_acceleration,current_week,0.0942982456140351,0.010964912280701622,-0.03289473684210531,-0.013157894736842257,0.11842105263157898,2023H2
300098,2023-11-16,3,mid,ma_bull,pullback_holds,current_week,0.08203991130820398,-0.006651884700665023,0.03325942350332611,-0.026607538802660757,0.1308203991130823,2023H2
300098,2023-11-22,2,mid,ma_bull,shrinking_volume_acceleration,current_week,-0.05833333333333324,-0.10624999999999996,-0.11458333333333326,-0.1104166666666665,0.03125,2023H2
300098,2024-02-22,3,bull,none,two_day_acceleration,current_week,0.06382978723404253,0.06079027355623112,0.1793313069908815,-0.006079027355623157,0.12158054711246202,2024H1
300098,2024-03-15,4,bull,none,shrinking_volume_acceleration,current_week,0.018617021276595702,-0.05319148936170215,-0.21808510638297873,-0.10106382978723416,0.037234042553191404,2024H1
300098,2024-03-18,0,bull,none,two_day_acceleration,current_week,-0.02917771883289122,-0.0450928381962864,-0.16445623342175064,-0.10344827586206895,0.034482758620689724,2024H1
300098,2024-10-29,1,bull,ma_bull,pullback_holds,current_week,0.19924098671726753,0.21442125237191645,0.12144212523719156,-0.05882352941176483,0.41935483870967727,2024H2
300098,2024-10-30,2,bull,ma_bull,pullback_holds,current_week,0.32391713747645934,0.3163841807909604,0.1242937853107342,-0.0659133709981169,0.40866290018832396,2024H2
300098,2024-11-21,3,bull,ma_bull,pullback_holds,current_week,-0.09147286821705425,0.14108527131782944,0.04806201550387601,-0.13023255813953483,0.20930232558139528,2024H2
300098,2025-02-12,2,bull,none,shrinking_volume_acceleration,current_week,0.1037414965986394,0.09353741496598644,0.03401360544217691,-0.028911564625850317,0.1428571428571428,2025H1
300098,2025-03-12,2,bull,none,two_day_acceleration,current_week,-0.03966942148760322,-0.10743801652892548,-0.24958677685950414,-0.12892561983471063,0.0049586776859504855,2025H1
300098,2025-09-11,3,bull,ma_bull,two_day_acceleration,current_week,-0.009836065573770592,-0.03934426229508203,-0.12950819672131142,-0.08032786885245902,0.031147540983606392,2025H2
300098,2025-09-29,0,bull,ma_bull,shrinking_volume_acceleration,current_week,-0.04173913043478261,-0.050434782608695605,-0.01043478260869557,-0.07826086956521738,0.034782608695652195,2025H2
300098,2025-10-09,3,bull,ma_bull,pullback_holds,current_week,-0.05470085470085473,-0.06153846153846154,-0.03418803418803418,-0.09401709401709413,0.0017094017094017033,2025H2
300098,2025-10-13,0,bull,none,shrinking_volume_acceleration,current_week,-0.059233449477351874,-0.015679442508710784,-0.029616724738675937,-0.0766550522648084,0.006968641114982521,2025H2
300098,2025-10-27,0,bull,none,pullback_holds,current_week,0.02486678507992912,-0.010657193605683735,-0.01598579040852577,-0.01598579040852577,0.035523978685612745,2025H2
300098,2025-10-28,1,bull,macd_stabilizing,two_day_acceleration,current_week,-0.02065404475043031,-0.044750430292599064,-0.03442340791738385,-0.04647160068846823,0.0034423407917383297,2025H2
300098,2025-10-31,4,bull,macd_cross,shrinking_volume_acceleration,current_week,-0.03626943005181349,-0.04663212435233155,-0.04317789291882557,-0.06217616580310892,0.0,2025H2
300098,2025-11-18,1,mid,macd_stabilizing,pullback_holds,current_week,-0.01058201058201047,0.008818342151675429,0.042328042328042326,-0.06525573192239864,0.02821869488536155,2025H2
300098,2025-11-20,3,mid,none,pullback_holds,current_week,-0.0018248175182482562,0.014598540145985384,0.06934306569343063,-0.03284671532846728,0.06386861313868608,2025H2
300098,2025-12-19,4,mid,none,two_day_acceleration,current_week,-0.0016313213703099683,0.06199021207177813,0.11092985318107673,-0.02610114192495927,0.07014681892332808,2025H2
300098,2026-01-05,0,bull,ma_bull,pullback_holds,current_week,0.12214983713355054,0.17589576547231256,0.0032573289902280145,-0.006514657980456029,0.2508143322475569,2026H1
300098,2026-01-08,3,bull,ma_bull,shrinking_volume_acceleration,current_week,0.10339506172839497,0.10030864197530853,-0.05246913580246915,-0.007716049382716195,0.18518518518518512,2026H1
300098,2026-01-09,4,bull,ma_bull,two_day_acceleration,current_week,0.08333333333333326,0.0924242424242423,-0.08333333333333348,-0.00757575757575768,0.16363636363636358,2026H1
300098,2026-01-19,0,bull,ma_bull,shrinking_volume_acceleration,current_week,-0.04463040446304034,-0.1408647140864714,-0.13668061366806128,-0.14225941422594135,0.04323570432357049,2026H1
300098,2026-02-09,0,bull,ma_bull,shrinking_volume_acceleration,current_week,-0.0032206119162639935,-0.08212560386473422,-0.0998389694041868,-0.08534621578099844,0.019323671497584627,2026H1
300098,2026-02-10,1,bull,ma_bull,pullback_holds,current_week,-0.006339144215530945,-0.1077654516640254,-0.09191759112519815,-0.11410459587955635,0.0031695721077653616,2026H1
300098,2026-02-13,4,mid,ma_bull,pullback_holds,current_week,-0.03987240829346095,-0.06858054226475285,-0.19617224880382778,-0.1084529505582138,0.004784688995215225,2026H1
300098,2026-03-10,1,bull,none,pullback_holds,current_week,-0.0557432432432432,-0.1216216216216216,-0.07432432432432423,-0.15709459459459452,0.01013513513513531,2026H1
300098,2026-03-11,2,bull,none,pullback_holds,current_week,-0.023850085178875546,-0.10391822827938679,-0.08858603066439519,-0.14991482112436116,0.005110732538330609,2026H1
300098,2026-04-09,3,mid,none,pullback_holds,current_week,0.005535055350553542,-0.04243542435424341,0.14575645756457556,-0.04612546125461259,0.018450184501845213,2026H1
300098,2026-04-10,4,mid,none,pullback_holds,current_week,0.030131826741996104,-0.026365348399246757,0.15065913370998119,-0.03766478342749535,0.039548022598870025,2026H1
300098,2026-04-14,1,mid,none,two_day_acceleration,current_week,-0.02957486136783738,-0.060998151571164505,0.09057301293900188,-0.06839186691312382,0.020332717190388205,2026H1
300098,2026-05-11,0,bull,none,two_day_acceleration,current_week,-0.01170568561872909,-0.025083612040133874,-0.13545150501672243,-0.050167224080267636,0.05351170568561869,2026H1
300098,2026-05-12,1,bull,none,two_day_acceleration,current_week,-0.021207177814029365,-0.07014681892332786,-0.14518760195758562,-0.0880913539967374,0.00815660685154973,2026H1
000426,2023-07-04,1,mid,ma_bull,pullback_holds,current_week,0.08388520971302427,0.05739514348785857,0.017660044150110465,-0.0055187637969095205,0.12362030905077259,2023H2
000426,2023-07-26,2,mid,ma_bull,pullback_holds,current_week,-0.04875518672199175,-0.0632780082987553,-0.09439834024896265,-0.10580912863070535,0.006224066390041472,2023H2
000426,2023-08-07,0,bull,none,shrinking_volume_acceleration,current_week,0.029646522234891615,-0.021664766248574607,0.06043329532497155,-0.030786773090079822,0.05587229190421894,2023H2
000426,2023-08-08,1,bull,none,shrinking_volume_acceleration,current_week,-0.022075055187638082,-0.03863134657836642,0.026490066225165476,-0.06181015452538641,0.02207505518763786,2023H2
000426,2023-08-09,2,bull,none,pullback_holds,current_week,-0.026696329254727535,-0.028921023359288034,0.033370411568409475,-0.05450500556173532,0.030033370411568283,2023H2
000426,2023-08-10,3,bull,none,pullback_holds,current_week,-0.00766703176341732,-0.048192771084337505,-0.0021905805038336945,-0.06900328587075588,0.014238773274917849,2023H2
000426,2023-09-11,0,mid,none,two_day_acceleration,current_week,0.02051835853131756,0.02159827213822907,0.08963282937365014,-0.014038876889848728,0.04535637149028071,2023H2
000426,2023-09-12,1,mid,none,pullback_holds,current_week,0.029284164859002093,0.030368763557483636,0.07266811279826468,-0.009761388286333994,0.049891540130151846,2023H2
000426,2023-09-14,3,mid,none,two_day_acceleration,current_week,-0.021052631578947323,0.02210526315789485,0.03263157894736857,-0.032631578947368456,0.03368421052631576,2023H2
000426,2023-09-19,1,mid,ma_bull,two_day_acceleration,current_week,0.0,0.06631578947368433,-0.008421052631578996,-0.032631578947368456,0.10315789473684212,2023H2
000426,2023-11-06,0,mid,ma_bull,shrinking_volume_acceleration,current_week,-0.0022026431718060735,-0.009911894273127775,0.005506607929515406,-0.03964757709251099,0.03524229074889873,2023H2
000426,2023-11-08,2,mid,ma_bull,pullback_holds,current_week,-0.03556034482758608,-0.032327586206896464,-0.026939655172413812,-0.06034482758620674,0.007543103448275801,2023H2
000426,2023-11-09,3,mid,ma_bull,pullback_holds,current_week,-0.049568965517241326,-0.028017241379310276,-0.016163793103448176,-0.06034482758620674,0.007543103448275801,2023H2
000426,2023-12-29,4,mid,none,two_day_acceleration,current_week,0.02181025081788457,0.04252998909487471,0.010905125408942062,-0.01199563794983638,0.06106870229007644,2023H2
000426,2024-01-04,3,mid,none,two_day_acceleration,current_week,-0.005376344086021612,-0.018279569892473146,-0.11290322580645173,-0.04516129032258065,0.048387096774193505,2024H1
000426,2024-01-25,3,mid,macd_stabilizing,pullback_holds,current_week,-0.10810810810810811,-0.049729729729729666,-0.022702702702702582,-0.2097297297297297,0.046486486486486456,2024H1
000426,2024-03-21,3,bull,ma_bull,two_day_acceleration,current_week,-0.007386888273314907,0.17451523545706382,0.20683287165281627,-0.03693444136657431,0.22622345337026784,2024H1
000426,2024-04-02,1,bull,ma_bull,shrinking_volume_acceleration,current_week,0.10753598645215923,0.11685012701100761,0.10584250635055037,-0.02201524132091448,0.1812023708721422,2024H1
000426,2024-04-10,2,mid,ma_bull,two_day_acceleration,current_week,0.030278884462151323,0.035059760956175356,0.08924302788844618,-0.018326693227091684,0.11155378486055789,2024H1
000426,2024-05-06,0,bull,ma_bull,pullback_holds,current_week,0.03014318010550121,0.13639788997739255,0.05048982667671442,-0.030896759608138646,0.14318010550113036,2024H1
000426,2024-05-07,1,bull,ma_bull,pullback_holds,current_week,0.07473035439137132,0.14098613251155623,0.10400616332819723,-0.00924499229583986,0.19799691833590138,2024H1
000426,2024-05-08,2,bull,ma_bull,pullback_holds,current_week,0.035768645357686424,0.10273972602739723,0.0669710806697108,-0.0007610350076103778,0.18340943683409439,2024H1
000426,2024-05-09,3,bull,ma_bull,shrinking_volume_acceleration,current_week,-0.0029197080291971655,0.014598540145985384,0.0262773722627736,-0.03722627737226292,0.13503649635036497,2024H1
000426,2024-05-10,4,bull,ma_bull,two_day_acceleration,current_week,0.02987303958177745,0.06049290515309935,0.0672143390589992,-0.014936519790888836,0.16131441374159827,2024H1
000426,2024-05-14,1,bull,ma_bull,two_day_acceleration,current_week,0.0716353111432706,0.09117221418234434,0.01881331403762654,-0.03039073806078152,0.13314037626628084,2024H1
000426,2024-05-17,4,bull,ma_bull,shrinking_volume_acceleration,current_week,-0.02001380262249819,-0.015182884748102143,-0.06418219461697716,-0.059351276742581005,0.09661835748792269,2024H1
000426,2024-07-16,1,mid,ma_bull,shrinking_volume_acceleration,current_week,-0.16731266149870805,-0.2151162790697675,-0.24806201550387597,-0.2273901808785529,0.01421188630490966,2024H2
000426,2024-07-18,3,mid,ma_bull,pullback_holds,current_week,-0.11078717201166177,-0.07507288629737618,-0.14577259475218662,-0.1282798833819242,0.019679300291545188,2024H2
000426,2024-10-16,2,bull,none,pullback_holds,current_week,0.1101356743814843,0.1308858739026335,0.04309656823623298,-0.019154030327214744,0.1596169193934558,2024H2
000426,2024-10-24,3,bull,macd_cross,shrinking_volume_acceleration,current_week,-0.027896995708154515,0.03505007153075823,-0.04220314735336195,-0.05937052932761089,0.09656652360515028,2024H2
000426,2025-05-13,1,bull,none,two_day_acceleration,current_week,0.023203592814371232,0.011227544910179743,0.21856287425149712,-0.006736526946107824,0.059131736526946144,2025H1
000426,2025-05-16,4,bull,macd_cross,shrinking_volume_acceleration,current_week,0.015350877192982448,-0.0328947368421052,0.16959064327485374,-0.039473684210526216,0.030701754385964897,2025H1
000426,2025-07-01,1,bull,ma_bull,shrinking_volume_acceleration,current_week,0.050216986980781364,0.1438313701177929,0.144451332920025,-0.00743955362678228,0.1717296962182271,2025H2
000426,2025-07-03,3,bull,ma_bull,two_day_acceleration,current_week,0.005373134328358287,0.06029850746268672,0.04656716417910456,-0.020895522388059806,0.12835820895522398,2025H2
000426,2025-07-07,0,bull,ma_bull,two_day_acceleration,current_week,0.07696827262044659,0.062279670975323276,0.09283196239717983,-0.03642773207990602,0.11045828437132799,2025H2
000426,2025-08-05,1,bull,ma_bull,pullback_holds,current_week,0.01387406616862319,0.06456776947705434,0.23585912486659533,-0.01707577374599789,0.11686232657417284,2025H2
000426,2025-08-06,2,bull,ma_bull,shrinking_volume_acceleration,current_week,0.04258675078864371,0.04363827549947441,0.20715036803364884,-0.03154574132492105,0.10042060988433232,2025H2
000426,2025-08-08,4,bull,ma_bull,shrinking_volume_acceleration,current_week,0.06947368421052635,0.05105263157894724,0.22736842105263166,-0.030526315789473624,0.10157894736842099,2025H2
000426,2025-08-18,0,bull,ma_bull,two_day_acceleration,current_week,0.004887585532746819,0.12854349951124133,0.2517106549364614,-0.04643206256109478,0.14125122189638328,2025H2
000426,2025-08-25,0,bull,ma_bull,two_day_acceleration,current_week,0.16616161616161618,0.17525252525252522,0.3424242424242425,-0.013636363636363669,0.22272727272727266,2025H2
000426,2025-09-16,1,bull,ma_bull,two_day_acceleration,current_week,0.048487199379363854,0.27579519006982145,0.18735453840186178,-0.0806826997672615,0.3130333591931731,2025H2
000426,2025-09-24,2,bull,ma_bull,shrinking_volume_acceleration,current_week,0.3023758099352052,0.2339812814974802,0.09971202303815696,-0.02807775377969768,0.43592512598992084,2025H2
000426,2025-10-30,3,bull,ma_bull,pullback_holds,current_week,-0.07324840764331209,0.06687898089171962,0.047770700636942554,-0.13694267515923564,0.06687898089171962,2025H2
000426,2025-10-31,4,bull,ma_bull,pullback_holds,current_week,-0.030574941841143177,0.06447324692588907,0.14722499169159198,-0.09936856098371549,0.11332668660684608,2025H2
000426,2025-11-10,0,bull,ma_bull,two_day_acceleration,current_week,-0.00765794511805995,-0.03828972559029986,0.11646458200382903,-0.05807275047862159,0.06892150606253988,2025H2
000426,2025-11-12,2,bull,ma_bull,pullback_holds,current_week,-0.013656114214773307,-0.01024208566107998,0.09466170080695235,-0.08379888268156421,0.03972687771570449,2025H2
000426,2025-12-22,0,bull,ma_bull,two_day_acceleration,current_week,0.011269928532160467,0.15832875206157215,0.4898295766904892,-0.05387575590984062,0.20808136338647598,2025H2
000426,2026-01-09,4,bull,ma_bull,shrinking_volume_acceleration,current_week,0.1465827338129495,0.3012589928057554,0.0795863309352518,-0.022032374100719565,0.301708633093525,2026H1
000426,2026-01-16,4,bull,ma_bull,shrinking_volume_acceleration,current_week,0.11780610274237158,0.1881035148706065,-0.07126303592120509,-0.05948242564696793,0.44457319428350717,2026H1
000426,2026-04-16,3,mid,none,shrinking_volume_acceleration,current_week,-0.057987623195049354,-0.028650011460004565,-0.043777217510887034,-0.09213843685537482,0.068760027504011,2026H1
000426,2026-04-20,0,bull,none,two_day_acceleration,current_week,-0.06932447397563668,0.06622369878183831,-0.11716500553709852,-0.12270210409745297,0.07818383167220389,2026H1
000426,2026-04-30,3,bull,none,pullback_holds,current_week,0.17994441871236688,-0.033811949976841116,-0.004863362667901772,-0.04955998147290419,0.22024085224641032,2026H1
000426,2026-06-17,2,bull,none,shrinking_volume_acceleration,current_week,-0.13103448275862073,-0.1544334975369459,-0.2573891625615763,-0.21477832512315276,0.06034482758620707,2026H1
000426,2026-06-18,3,bull,none,pullback_holds,current_week,-0.15898089171974528,-0.09961783439490435,-0.28917197452229293,-0.18777070063694268,0.09681528662420402,2026H1
001376,2026-04-17,4,mid,none,pullback_holds,current_week,-0.035447761194029925,-0.05534825870646776,-0.1337064676616917,-0.07587064676616928,0.010572139303482553,2026H1
001376,2026-05-08,4,bull,none,pullback_holds,current_week,-0.13174404015056462,-0.11480552070263483,-0.13989962358845665,-0.18005018820577157,0.008155583437892133,2026H1
001376,2026-05-28,3,mid,none,pullback_holds,current_week,-0.023761031907671426,-0.20909708078750844,-0.2919212491513917,-0.2172437202987102,0.029192124915139228,2026H1
600731,2023-03-09,3,mid,ma_bull,pullback_holds,current_week,-0.11305241521068854,-0.12641315519013363,-0.14080164439876675,-0.1428571428571429,0.0010277492291881352,2023H1
600731,2023-04-03,0,bull,none,two_day_acceleration,current_week,-0.07613636363636367,-0.05340909090909096,-0.06136363636363651,-0.09090909090909094,0.004545454545454408,2023H1
600731,2023-04-17,0,bull,none,pullback_holds,current_week,-0.03001200480192079,0.013205282112844996,0.0012004801920768582,-0.07563025210084029,0.020408163265306145,2023H1
600731,2023-05-05,4,bull,none,pullback_holds,current_week,0.013398294762484664,0.012180267965895109,-0.02436053593179066,-0.0073081607795372205,0.04872107186358088,2023H1
600731,2023-05-10,2,mid,none,two_day_acceleration,current_week,-0.026963657678780617,-0.0058616647127782695,-0.0750293083235638,-0.03399765533411481,0.009378663540445586,2023H1
600731,2023-05-22,0,mid,none,pullback_holds,current_week,-0.020118343195266286,-0.053254437869822424,-0.09704142011834316,-0.06982248520710044,0.01775147928994092,2023H1
600731,2025-05-06,1,mid,ma_bull,two_day_acceleration,current_week,-0.032786885245901565,-0.03129657228017879,-0.00894187779433675,-0.058122205663189264,0.005961251862891315,2025H1
600731,2025-05-07,2,bull,ma_bull,pullback_holds,current_week,-0.015220700152207112,-0.0182648401826484,0.0426179604261796,-0.03805175038051756,0.0121765601217656,2025H1
600731,2025-05-28,2,mid,none,pullback_holds,current_week,0.06697819314641751,0.07320872274143309,0.09190031152647982,-0.010903426791277204,0.10280373831775713,2025H1
600731,2025-05-29,3,bull,none,pullback_holds,current_week,0.09034267912772598,0.06230529595015577,0.15576323987538943,-0.0031152647975076775,0.10280373831775713,2025H1
600731,2025-05-30,4,mid,macd_stabilizing,pullback_holds,current_week,0.0847457627118644,0.057010785824345156,0.12326656394453006,-0.006163328197226536,0.09090909090909083,2025H1
600731,2025-06-03,1,bull,none,two_day_acceleration,current_week,0.03759398496240607,0.02706766917293235,0.08571428571428563,-0.006015037593984918,0.0646616541353382,2025H1
600731,2025-06-16,0,bull,ma_bull,pullback_holds,current_week,-0.02183406113537123,0.06113537117903922,0.04512372634643369,-0.046579330422125254,0.10480349344978168,2025H1
600731,2025-06-18,2,bull,ma_bull,pullback_holds,current_week,0.040875912408758985,0.04233576642335768,0.01897810218978102,-0.04379562043795626,0.1080291970802918,2025H1
600731,2025-07-14,0,bull,ma_bull,pullback_holds,current_week,-0.00835654596100277,0.1629526462395543,0.10167130919220058,-0.04456824512534807,0.21866295264623958,2025H2
600731,2025-07-22,1,bull,ma_bull,pullback_holds,current_week,0.12184873949579811,0.10644257703081239,0.11484593837534995,-0.0056022408963585235,0.22549019607843124,2025H2
600731,2025-08-25,0,bull,ma_bull,pullback_holds,current_week,-0.06832298136645976,-0.07701863354037275,-0.1254658385093168,-0.11552795031055907,0.003726708074534013,2025H2
600731,2025-09-08,0,bull,ma_bull,two_day_acceleration,current_week,-0.02168021680216803,-0.046070460704607075,0.0013550135501356753,-0.054200542005420016,0.0013550135501356753,2025H2
600731,2025-09-15,0,bull,none,pullback_holds,current_week,-0.026279391424619658,0.0027662517289073207,0.04011065006915637,-0.051175656984785656,0.006915629322268302,2025H2
600731,2025-09-23,1,mid,none,pullback_holds,current_week,0.01555869872701554,0.0509193776520509,0.11032531824611036,-0.008486562942008558,0.06506364922206509,2025H2
600731,2025-09-24,2,bull,none,pullback_holds,current_week,0.01412429378531077,0.04802259887005644,0.10875706214689274,-0.009887005649717562,0.06355932203389836,2025H2
600731,2025-09-25,3,bull,none,pullback_holds,current_week,0.03677510608203671,0.05940594059405946,0.08345120226308333,-0.005657708628005631,0.06647807637906644,2025H2
600731,2025-09-26,4,mid,none,pullback_holds,current_week,0.01947148817802491,0.04033379694019468,0.06119610570236422,-0.012517385257301838,0.048678720445062496,2025H2
600731,2025-10-14,1,bull,none,shrinking_volume_acceleration,current_week,0.016216216216216273,0.06216216216216219,0.03378378378378377,-0.002702702702702786,0.08513513513513504,2025H2
600731,2025-10-27,0,bull,none,shrinking_volume_acceleration,current_week,-0.040251572327044016,-0.028930817610062998,-0.12075471698113205,-0.0641509433962264,0.010062893081761004,2025H2
600731,2025-11-10,0,bull,none,pullback_holds,current_week,0.011658031088082943,-0.09455958549222787,-0.10362694300518138,-0.10233160621761661,0.04015544041450769,2025H2
600731,2025-11-11,1,bull,none,pullback_holds,current_week,-0.011811023622047223,-0.08530183727034124,-0.1010498687664041,-0.09055118110236227,0.0538057742782152,2025H2
600731,2025-12-01,0,mid,none,pullback_holds,current_week,-0.017045454545454586,-0.042613636363636354,-0.03125,-0.05539772727272718,0.0,2025H2
600731,2025-12-19,4,mid,none,two_day_acceleration,current_week,-0.012931034482758563,0.004310344827586299,0.051724137931034475,-0.03735632183908044,0.010057471264367956,2025H2
600731,2026-01-05,0,bull,none,pullback_holds,current_week,0.0218023255813955,0.06104651162790686,0.06104651162790686,-0.0014534883720930258,0.06395348837209314,2026H1
600731,2026-01-06,1,bull,none,two_day_acceleration,current_week,-0.0014265335235377208,0.04422253922967201,0.05278174037089878,-0.01854493580599148,0.04422253922967201,2026H1
600731,2026-01-07,2,bull,none,pullback_holds,current_week,0.010159651669085612,0.10159651669085612,0.07837445573294621,-0.0014513788098694524,0.12772133526850515,2026H1
600731,2026-01-08,3,bull,none,shrinking_volume_acceleration,current_week,0.008608321377331585,0.08464849354375903,0.05451936872309915,-0.010043041606886516,0.11477761836441913,2026H1
600731,2026-01-15,3,bull,none,shrinking_volume_acceleration,current_week,0.07386363636363646,0.05965909090909083,0.06676136363636354,-0.005681818181818232,0.10369318181818188,2026H1
600731,2026-05-06,2,bull,none,pullback_holds,current_week,-0.06330935251798564,-0.12517985611510796,-0.18992805755395692,-0.13956834532374096,0.0014388489208632116,2026H1
300870,2025-01-24,4,mid,ma_bull,shrinking_volume_acceleration,current_week,0.006620403605328118,0.018584988434234617,0.04091888011485989,-0.1624790619765495,0.07840791257876667,2025H1
300870,2025-03-12,2,bull,ma_bull,two_day_acceleration,current_week,-0.014652249024249775,-0.12681553522298283,-0.34000895770682693,-0.14901785143003388,0.06724678482308533,2025H1
300870,2025-05-08,3,bull,none,shrinking_volume_acceleration,current_week,-0.1028,-0.12879999999999991,-0.10368,-0.15112000000000003,0.026960000000000095,2025H1
300870,2025-06-16,0,bull,none,shrinking_volume_acceleration,current_week,0.000177478037092893,0.12254858461265417,0.13940899813648078,-0.04694294081107453,0.144733339249268,2025H1
300870,2025-06-24,1,bull,none,two_day_acceleration,current_week,0.06647617446844278,0.030674846625766694,0.09000756366081175,-0.03353222959912605,0.08412471636271945,2025H1
300870,2025-07-17,3,bull,macd_cross,shrinking_volume_acceleration,current_week,-0.0767483138090167,-0.0608448704295349,0.4783812566560173,-0.09762158324458636,0.04913028044018475,2025H2
300870,2025-08-08,4,bull,ma_bull,pullback_holds,current_week,0.7136749189711056,0.8533204606578857,0.4935521688159439,0.0,0.902075718915937,2025H2
300870,2025-08-21,3,bull,ma_bull,shrinking_volume_acceleration,current_week,0.10035363457760327,-0.17552062868369345,-0.12738703339882118,-0.1905697445972495,0.11198428290766205,2025H2
300870,2025-11-17,0,mid,none,shrinking_volume_acceleration,current_week,0.017377049180328008,0.09967213114754103,0.13054644808743188,-0.06464480874316936,0.25032786885245906,2025H2
300870,2026-01-06,1,bull,none,pullback_holds,current_week,0.028115129676587136,-0.03238578228568889,0.11882201165532269,-0.04128297522131763,0.15218648516393074,2026H1
300870,2026-01-09,4,bull,macd_cross,shrinking_volume_acceleration,current_week,-0.08677604269618511,-0.13816959873492796,-0.13065823285234235,-0.15742241549713387,0.0001976675232258085,2026H1
300870,2026-01-26,0,bull,ma_bull,shrinking_volume_acceleration,current_week,0.09778180172023543,0.051652331371661475,0.21561792666364887,-0.03349932095971031,0.23132639203259386,2026H1
300870,2026-01-27,1,bull,ma_bull,two_day_acceleration,current_week,0.06118143459915615,0.005991561181434735,0.12658227848101267,-0.08839662447257379,0.14767932489451474,2026H1
300870,2026-01-30,4,bull,ma_bull,shrinking_volume_acceleration,current_week,-0.13113912047097864,-0.05638310482437081,0.10095223043186219,-0.1463511003990675,0.02192895807815387,2026H1
300870,2026-04-14,1,mid,ma_bull,shrinking_volume_acceleration,current_week,0.1420186335403728,0.17518633540372686,0.2622981366459629,-0.003726708074534124,0.25456521739130444,2026H1
300870,2026-05-12,1,bull,ma_bull,shrinking_volume_acceleration,current_week,0.04535268652915714,0.08209829386299972,-0.24853577794754256,-0.01158645276292325,0.14591291061879308,2026H1
300870,2026-05-19,1,bull,ma_bull,pullback_holds,current_week,0.028910411622276033,-0.3423486682808716,-0.09685230024213076,-0.38987893462469725,0.07782082324455208,2026H1
300870,2026-05-20,2,bull,ma_bull,shrinking_volume_acceleration,current_week,-0.009948004463543714,-0.3565849141717514,-0.11201595479474824,-0.4017426814501769,0.05686269854459969,2026H1
300870,2026-06-18,3,bull,none,shrinking_volume_acceleration,current_week,-0.1631377814501136,-0.2359533154306961,-0.4747985953315431,-0.2506971700061972,0.04059078702747354,2026H1
300870,2026-08-14,4,mid,none,shrinking_volume_acceleration,current_week,-0.09702995757082244,-0.08070115287361257,-0.13663052329318992,-0.17203102901470024,0.03287189816997382,2026H2
300870,2026-08-27,3,mid,none,shrinking_volume_acceleration,current_week,-0.030053276262465345,-0.061336004735667804,,-0.12768088884841322,0.05732890123400569,2026H2
300870,2026-08-28,4,mid,none,pullback_holds,current_week,-0.03886693017127807,-0.05208921513269338,,-0.09857895727460952,0.09260304912478823,2026H2
002910,2023-03-06,0,bull,none,pullback_holds,current_week,-0.045597484276729605,-0.0880503144654089,-0.062106918238993836,-0.09198113207547165,0.0,2023H1
002910,2023-03-21,1,mid,none,shrinking_volume_acceleration,current_week,-0.0033585222502098278,-0.011754827875734675,-0.057094878253568404,-0.027707808564231717,0.02602854743912686,2023H1
002910,2023-03-22,2,mid,none,pullback_holds,current_week,-0.020000000000000018,-0.04749999999999999,-0.0724999999999999,-0.04999999999999993,0.018333333333333313,2023H1
002910,2023-03-24,4,mid,none,pullback_holds,current_week,-0.010690789473684181,-0.08552631578947356,-0.10032894736842113,-0.08881578947368418,0.004111842105263275,2023H1
002910,2023-04-17,0,bull,none,pullback_holds,current_week,-0.029281277728482658,0.03460514640638879,0.004436557231588312,-0.048802129547471096,0.04347826086956519,2023H1
002910,2023-04-18,1,bull,none,pullback_holds,current_week,-0.030782761653474155,0.022867194371152033,0.0,-0.057167985927880416,0.03430079155672816,2023H1
002910,2023-04-19,2,bull,none,pullback_holds,current_week,0.008000000000000007,0.041777777777777914,0.04355555555555557,-0.047111111111111104,0.045333333333333226,2023H1
002910,2023-05-08,0,bull,none,shrinking_volume_acceleration,current_week,-0.0076857386848846465,0.002561912894961438,-0.026473099914602893,-0.04355251921434666,0.01366353543979515,2023H1
002910,2023-05-11,3,mid,none,two_day_acceleration,current_week,-0.03741496598639449,-0.04846938775510201,-0.028061224489795977,-0.058673469387755084,0.009353741496598733,2023H1
002910,2023-05-15,0,mid,none,pullback_holds,current_week,0.00859106529209619,-0.04982817869415812,-0.0077319587628865705,-0.05756013745704469,0.01632302405498276,2023H1
002910,2023-05-22,0,mid,none,two_day_acceleration,current_week,-0.0579216354344122,-0.028960817717206155,-0.03321976149914829,-0.0732538330494037,0.0076660988074956915,2023H1
002910,2025-06-05,3,bull,ma_bull,pullback_holds,current_week,-0.00425985090521841,-0.060702875399361034,0.022364217252396124,-0.06709265175718859,0.017039403620873195,2025H1
002910,2025-06-10,1,bull,ma_bull,pullback_holds,current_week,-0.025531914893617058,-0.02659574468085102,0.019148936170212627,-0.08510638297872353,0.009574468085106425,2025H1
002910,2025-06-16,0,bull,none,shrinking_volume_acceleration,current_week,-0.027203482045701888,0.02502720348204579,0.043525571273123065,-0.06420021762785633,0.03917301414581087,2025H1
002910,2025-06-24,1,bull,macd_stabilizing,two_day_acceleration,current_week,0.033477321814255,0.03455723542116629,0.09719222462203025,-0.024838012958963374,0.043196544276457916,2025H1
002910,2025-06-25,2,bull,macd_stabilizing,pullback_holds,current_week,0.046892039258451534,0.0403489640130863,0.08178844056706658,-0.0065430752453653485,0.05343511450381677,2025H1
002910,2025-06-26,3,bull,macd_stabilizing,pullback_holds,current_week,0.037837837837837895,0.024864864864864833,0.08864864864864863,-0.006486486486486531,0.044324324324324316,2025H1
002910,2025-06-27,4,bull,macd_stabilizing,two_day_acceleration,current_week,0.01602564102564097,0.013888888888889062,0.06410256410256432,-0.008547008547008517,0.03205128205128216,2025H1
002910,2025-07-01,1,bull,none,two_day_acceleration,current_week,0.0010449320794148065,-0.014629049111807846,0.0658307210031348,-0.03866248693834895,0.00940438871473348,2025H2
002910,2025-07-08,1,bull,macd_cross,shrinking_volume_acceleration,current_week,-0.018730489073881307,0.05723204994797104,0.05202913631633721,-0.042663891779396335,0.11342351716961518,2025H2
002910,2025-07-09,2,bull,none,pullback_holds,current_week,0.011578947368420911,0.04421052631578948,0.05789473684210544,-0.03157894736842093,0.12631578947368438,2025H2
002910,2025-07-14,0,bull,ma_bull,pullback_holds,current_week,0.0302713987473906,0.07828810020876831,0.06889352818371619,-0.039665970772442494,0.11691022964509412,2025H2
002910,2025-07-16,2,bull,ma_bull,pullback_holds,current_week,0.02585315408479838,0.08790072388831427,0.04343329886246128,0.0,0.13753877973112716,2025H2
002910,2025-07-24,3,bull,ma_bull,shrinking_volume_acceleration,current_week,-0.012807881773399088,-0.002955665024630516,0.022660098522167438,-0.039408866995073955,0.08374384236453203,2025H2
002910,2025-07-25,4,bull,ma_bull,pullback_holds,current_week,0.00401606425702794,0.01807228915662651,0.03714859437751006,-0.02108433734939763,0.10441767068273089,2025H2
002910,2025-07-30,2,bull,ma_bull,shrinking_volume_acceleration,current_week,-0.03179190751445082,-0.027938342967244734,-0.05298651252408482,-0.06069364161849722,0.0038535645472059787,2025H2
002910,2025-08-11,0,bull,ma_bull,pullback_holds,current_week,-0.047342995169082136,-0.006763285024154575,-0.04251207729468598,-0.061835748792270384,0.01642512077294689,2025H2
002910,2025-09-08,0,bull,none,shrinking_volume_acceleration,current_week,0.0040322580645162365,-0.06552419354838712,0.08770161290322598,-0.07157258064516114,0.045362903225806495,2025H2
002910,2025-09-29,0,bull,none,pullback_holds,current_week,0.11929460580912865,0.08921161825726132,0.13796680497925307,-0.009336099585062207,0.3641078838174274,2025H2
002910,2025-09-30,1,bull,macd_stabilizing,two_day_acceleration,current_week,0.07497467071935149,0.08915906788247208,0.13171225937183362,-0.016210739614994973,0.3323201621073961,2025H2
002910,2025-10-31,4,bull,ma_bull,pullback_holds,current_week,0.01115241635687747,0.09572490706319714,0.04275092936802971,-0.0074349442379182396,0.2007434944237918,2025H2
002910,2025-11-03,0,bull,ma_bull,two_day_acceleration,current_week,0.09315068493150691,0.0767123287671232,0.0237442922374429,-0.01735159817351606,0.17990867579908665,2025H2
002910,2025-11-05,2,bull,ma_bull,two_day_acceleration,current_week,0.07920792079207928,0.023402340234023544,0.010801080108010952,-0.027002700270026936,0.16291629162916288,2025H2
002910,2025-11-07,4,bull,ma_bull,pullback_holds,current_week,0.0757299270072993,-0.050182481751824826,-0.0018248175182482562,-0.0565693430656935,0.17883211678832112,2025H2
002910,2025-12-09,1,mid,ma_bull,pullback_holds,current_week,-0.0732368896925859,0.22513562386980102,0.023508137432187937,-0.10036166365280286,0.4475587703435806,2025H2
002910,2026-01-05,0,bull,ma_bull,shrinking_volume_acceleration,current_week,0.0741733690795352,0.0741733690795352,0.0813226094727435,-0.010723860589812229,0.1510277033065237,2026H1
002910,2026-01-06,1,bull,ma_bull,two_day_acceleration,current_week,0.058666666666666645,0.05422222222222217,0.08444444444444454,-0.016000000000000014,0.14488888888888907,2026H1
002910,2026-01-07,2,bull,ma_bull,two_day_acceleration,current_week,0.06561679790026242,0.03149606299212615,0.09011373578302728,-0.03149606299212593,0.12685914260717412,2026H1
002910,2026-01-09,4,bull,ma_bull,pullback_holds,current_week,0.0008688097306690512,0.05821025195482199,0.10425716768027815,-0.025195482189400487,0.11902693310165091,2026H1
002910,2026-01-13,1,bull,ma_bull,pullback_holds,current_week,-0.0016835016835018424,0.02777777777777768,0.05303030303030298,-0.05555555555555558,0.08417508417508412,2026H1
002910,2026-01-14,2,bull,ma_bull,two_day_acceleration,current_week,-0.03201970443349744,-0.016420361247947435,0.0049261083743843415,-0.07881773399014769,0.05747126436781613,2026H1
002910,2026-02-03,1,mid,ma_bull,pullback_holds,current_week,0.013776337115072979,-0.014586709886547755,-0.024311183144246296,-0.04294975688816849,0.07779578606158832,2026H1
002910,2026-02-04,2,mid,ma_bull,two_day_acceleration,current_week,-0.01765650080256831,-0.038523274478330705,-0.06821829855537731,-0.0521669341894061,0.0674157303370786,2026H1
002910,2026-02-05,3,mid,ma_bull,two_day_acceleration,current_week,-0.07307692307692304,-0.0723076923076923,-0.09615384615384615,-0.09153846153846146,0.02153846153846173,2026H1
002910,2026-03-16,0,mid,none,pullback_holds,current_week,-0.1271186440677966,-0.04067796610169494,-0.10084745762711878,-0.13898305084745766,0.004237288135593209,2026H1
002910,2026-04-13,0,mid,none,pullback_holds,current_week,0.000926784059314123,0.004633920296570837,0.040778498609823854,-0.040778498609824076,0.010194624652456019,2026H1
002910,2026-04-17,4,mid,none,pullback_holds,current_week,0.0037523452157599557,0.07035647279549728,0.020637898686679312,-0.02908067542213888,0.07786116322701697,2026H1
002910,2026-04-20,0,bull,none,pullback_holds,current_week,0.0037037037037035425,0.05833333333333335,-0.04166666666666674,-0.04166666666666674,0.07685185185185195,2026H1
002910,2026-04-21,1,bull,none,pullback_holds,current_week,0.0028011204481792618,0.07282913165266103,-0.00933706816059765,-0.03361344537815136,0.08590102707749758,2026H1
002910,2026-04-23,3,bull,none,pullback_holds,current_week,0.09275362318840585,0.0801932367149758,-0.014492753623188248,0.0,0.12367149758454121,2026H1
002910,2026-04-24,4,bull,none,pullback_holds,current_week,0.07743153918791323,0.05760151085930132,-0.05193578847969771,-0.014164305949008527,0.09820585457979236,2026H1
002910,2026-04-27,0,bull,none,pullback_holds,current_week,0.04862385321100904,0.03027522935779814,-0.07706422018348624,-0.026605504587156048,0.06697247706422016,2026H1
002910,2026-04-28,1,bull,none,pullback_holds,current_week,0.06983240223463683,0.02141527001862209,-0.07541899441340782,-0.012104283054003795,0.08286778398510242,2026H1
002910,2026-05-08,4,bull,none,shrinking_volume_acceleration,current_week,-0.04108391608391604,-0.07255244755244761,-0.16608391608391593,-0.10751748251748239,0.013986013986013957,2026H1
002910,2026-05-18,0,bull,none,shrinking_volume_acceleration,current_week,-0.07193605683836579,-0.08525754884547065,-0.0950266429840142,-0.15186500888099463,0.004440497335701732,2026H1
600468,2023-07-13,3,mid,ma_bull,pullback_holds,current_week,-0.046966731898238745,-0.001956947162426559,0.2700587084148727,-0.07045009784735823,0.03718199608610551,2023H2
600468,2023-08-09,2,bull,ma_bull,shrinking_volume_acceleration,current_week,-0.03111111111111109,-0.15851851851851861,-0.15851851851851861,-0.1777777777777778,0.023703703703703782,2023H2
600468,2023-11-07,1,mid,none,shrinking_volume_acceleration,current_week,0.003490401396160525,0.09598603839441533,0.008726003490401313,-0.029668411867364686,0.14485165794066313,2023H2
600468,2023-11-23,3,mid,macd_cross,shrinking_volume_acceleration,current_week,-0.006535947712418277,-0.06862745098039214,-0.045751633986928164,-0.07516339869281041,0.017973856209150485,2023H2
600468,2024-02-21,2,bull,none,two_day_acceleration,current_week,0.04241071428571419,0.1272321428571428,0.1741071428571428,0.0,0.1852678571428572,2024H1
600468,2024-03-13,2,bull,none,two_day_acceleration,current_week,0.01348747591522148,-0.05202312138728338,-0.11753371868978812,-0.05202312138728338,0.028901734104046062,2024H1
600468,2024-03-14,3,bull,none,pullback_holds,current_week,0.02739726027397249,-0.019569471624266255,-0.136986301369863,-0.041095890410958846,0.045009784735811964,2024H1
600468,2024-03-15,4,bull,none,pullback_holds,current_week,0.01171875,-0.001953125,-0.1953125,-0.04296875,0.04296875,2024H1
600468,2025-06-30,0,bull,ma_bull,two_day_acceleration,current_week,0.03846153846153855,-0.03296703296703296,-0.06456043956043955,-0.03846153846153855,0.12362637362637363,2025H1
600468,2025-08-08,4,bull,none,pullback_holds,current_week,0.010670731707316916,0.027439024390243816,-0.015243902439024515,-0.0060975609756097615,0.041158536585365724,2025H2
600468,2025-08-11,0,bull,none,two_day_acceleration,current_week,0.0029940119760478723,0.019461077844311392,-0.010479041916167553,-0.02395209580838309,0.02544910179640736,2025H2
600468,2025-08-12,1,bull,none,pullback_holds,current_week,0.024316109422492405,0.03951367781155013,-0.013677811550151908,-0.009118541033434568,0.045592705167173175,2025H2
600468,2025-08-13,2,bull,none,pullback_holds,current_week,0.021116138763197734,-0.003016591251885359,-0.02714932126696823,-0.016591251885369473,0.03921568627450989,2025H2
600468,2025-08-14,3,bull,none,pullback_holds,current_week,0.015037593984962294,-0.018045112781954864,-0.021052631578947434,-0.0586466165413535,0.03609022556390973,2025H2
600468,2025-08-15,4,bull,none,pullback_holds,current_week,0.016591251885369473,-0.02111613876319751,-0.02413273001508298,-0.05580693815987936,0.03921568627450989,2025H2
600468,2025-08-18,0,bull,none,pullback_holds,current_week,0.016417910447761308,-0.025373134328358193,-0.0313432835820896,-0.06567164179104479,0.028358208955223896,2025H2
600468,2025-08-19,1,bull,none,pullback_holds,current_week,0.01634472511144125,-0.04457652303120363,-0.026745913818722267,-0.06983655274888567,0.023774145616641817,2025H2
600468,2025-08-22,4,bull,none,pullback_holds,current_week,-0.03994082840236679,-0.044378698224852076,-0.06804733727810652,-0.08579881656804733,0.019230769230769384,2025H2
600468,2025-09-09,1,bull,none,pullback_holds,current_week,0.01393188854489158,0.009287925696594534,0.15634674922600622,-0.035603715170278605,0.026315789473684292,2025H2
600468,2025-09-11,3,bull,none,pullback_holds,current_week,-0.02304147465437778,0.03379416282642089,0.007680491551459445,-0.043010752688171894,0.06912442396313367,2025H2
600468,2025-09-15,0,bull,none,pullback_holds,current_week,-0.006211180124223614,0.045031055900621064,0.04347826086956519,-0.03260869565217395,0.11645962732919246,2025H2
600468,2025-09-16,1,bull,none,pullback_holds,current_week,-0.0060975609756097615,0.09908536585365835,0.03658536585365835,-0.05030487804878048,0.12804878048780477,2025H2
600468,2025-09-17,2,bull,none,pullback_holds,current_week,-0.004615384615384688,0.1907692307692308,0.06307692307692303,-0.041538461538461524,0.21384615384615402,2025H2
600468,2025-09-23,1,mid,none,pullback_holds,current_week,0.10923076923076924,0.14923076923076928,0.07538461538461538,-0.013846153846153841,0.2646153846153847,2025H2
600468,2025-09-24,2,bull,none,pullback_holds,current_week,0.16742081447963808,0.0603318250377074,0.045248868778280604,-0.010558069381598756,0.23981900452488691,2025H2
600468,2025-10-13,0,bull,none,shrinking_volume_acceleration,current_week,-0.1602002503128911,-0.11138923654568211,-0.07634543178973718,-0.1864831038798498,0.0,2025H2
600468,2025-10-28,1,bull,macd_stabilizing,pullback_holds,current_week,0.024390243902439046,0.053084648493543884,-0.12051649928263986,-0.03012912482065999,0.08751793400286956,2025H2
600468,2025-11-04,1,bull,ma_bull,pullback_holds,current_week,0.04261363636363624,-0.05539772727272718,-0.13494318181818188,-0.061079545454545414,0.07670454545454541,2025H2
600468,2025-12-08,0,bull,none,pullback_holds,current_week,0.0757097791798107,0.13880126182965302,0.1971608832807572,-0.023659305993690816,0.2003154574132493,2025H2
600468,2026-01-05,0,bull,none,pullback_holds,current_week,0.16478873239436598,0.14084507042253502,0.014084507042253502,-0.014084507042253613,0.17605633802816878,2026H1
600468,2026-01-12,0,bull,ma_bull,shrinking_volume_acceleration,current_week,-0.013398294762484886,-0.09500609013398309,-0.09866017052375153,-0.10109622411693064,0.0024360535931788885,2026H1
600468,2026-02-03,1,mid,ma_bull,pullback_holds,current_week,0.01375515818431916,0.04814305364511684,0.2365887207702888,-0.01925722145804687,0.05226960110041268,2026H1
600468,2026-02-04,2,mid,ma_bull,two_day_acceleration,current_week,-0.020242914979757165,0.047233468286099756,0.16329284750337392,-0.037786774628879916,0.04858299595141702,2026H1
600468,2026-02-06,4,mid,ma_bull,pullback_holds,current_week,-0.012195121951219523,0.05691056910569103,0.1639566395663956,-0.0257452574525745,0.0650406504065042,2026H1
600468,2026-02-26,3,bull,ma_bull,two_day_acceleration,current_week,0.1118335500650196,0.12093628088426533,0.22626788036410916,-0.062418725617685356,0.21586475942782823,2026H1
600468,2026-03-11,2,bull,ma_bull,two_day_acceleration,current_week,0.013559322033898313,0.12655367231638426,-0.13898305084745755,-0.08022598870056485,0.17514124293785316,2026H1
600468,2026-04-14,1,mid,ma_bull,two_day_acceleration,current_week,0.03470437017994854,-0.02185089974293053,-0.042416452442159414,-0.028277634961439535,0.06683804627249357,2026H1
600468,2026-04-22,2,bull,none,pullback_holds,current_week,-0.06666666666666654,-0.03703703703703698,-0.1444444444444445,-0.0888888888888889,0.024691358024691468,2026H1
600468,2026-04-23,3,bull,none,pullback_holds,current_week,-0.07116104868913853,-0.022471910112359494,-0.15855181023720344,-0.0786516853932584,0.009987515605493158,2026H1
600468,2026-05-08,4,bull,none,pullback_holds,current_week,-0.04974489795918369,-0.12627551020408156,-0.2002551020408162,-0.14923469387755106,0.029336734693877542,2026H1
600468,2026-05-13,2,bull,none,pullback_holds,current_week,-0.10126582278481011,-0.15189873417721522,-0.26962025316455696,-0.1594936708860759,0.021518987341772045,2026H1
001313,2025-05-07,2,bull,none,shrinking_volume_acceleration,current_week,0.010501750291715295,-0.03383897316219375,-0.09568261376896148,-0.043173862310385225,0.037339556592765444,2025H1
001313,2025-05-08,3,bull,none,two_day_acceleration,current_week,-0.02517162471395884,-0.06864988558352403,-0.09496567505720821,-0.06979405034324937,0.017162471395881118,2025H1
001313,2025-06-09,0,bull,none,shrinking_volume_acceleration,current_week,-0.03456790123456788,-0.060493827160493785,-0.03703703703703698,-0.08148148148148138,0.011111111111111072,2025H1
001313,2025-06-10,1,bull,none,pullback_holds,current_week,-0.022499999999999964,-0.011249999999999982,-0.015000000000000013,-0.06999999999999995,0.023749999999999938,2025H1
001313,2025-06-11,2,bull,none,pullback_holds,current_week,-0.043209876543209846,-0.043209876543209846,-0.01728395061728394,-0.08148148148148138,0.011111111111111072,2025H1
001313,2025-06-12,3,bull,none,pullback_holds,current_week,-0.05112219451371558,-0.043640897755610975,-0.004987531172069737,-0.0723192019950124,0.007481296758104827,2025H1
001313,2025-06-25,2,bull,none,pullback_holds,current_week,0.028387096774193488,0.02709677419354839,0.056774193548386975,-0.01677419354838705,0.09806451612903233,2025H1
001313,2025-06-26,3,bull,none,pullback_holds,current_week,0.01692708333333348,0.0390625,0.06770833333333326,-0.0078125,0.10807291666666674,2025H1
001313,2025-06-27,4,bull,none,pullback_holds,current_week,0.011688311688311748,0.03896103896103886,0.04675324675324677,-0.010389610389610393,0.10519480519480506,2025H1
001313,2025-06-30,0,bull,none,pullback_holds,current_week,0.01298701298701288,0.06363636363636349,0.049350649350649256,-0.003896103896103953,0.10519480519480506,2025H1
002627,2024-01-04,3,mid,ma_bull,two_day_acceleration,current_week,-0.027372262773722733,-0.0529197080291971,-0.14233576642335766,-0.07846715328467169,0.0036496350364962904,2024H1
002627,2025-05-19,0,bull,ma_bull,pullback_holds,current_week,-0.005607476635514086,0.007476635514018559,0.016822429906542036,-0.01495327102803734,0.08971962616822426,2025H1
002627,2025-05-22,3,bull,ma_bull,pullback_holds,current_week,-0.003663003663003539,0.027472527472527597,-0.045787545787545736,-0.034798534798534675,0.04029304029304015,2025H1
002627,2025-06-04,2,bull,none,two_day_acceleration,current_week,0.010849909584086825,-0.034358047016274984,-0.03616636528028938,-0.03797468354430378,0.027124773960216952,2025H1
002627,2025-06-26,3,bull,none,pullback_holds,current_week,0.007532956685499137,0.030131826741996104,0.05084745762711851,-0.011299435028248705,0.030131826741996104,2025H1
002627,2025-06-30,0,bull,ma_bull,pullback_holds,current_week,0.015009380863039379,0.028142589118199002,0.03752345215759845,-0.0037523452157597337,0.031894934333958735,2025H1
002627,2025-07-01,1,bull,ma_bull,pullback_holds,current_week,0.014981273408239737,-0.0018726591760299671,0.02434456928838946,-0.00561797752808979,0.029962546816479474,2025H2
002627,2025-07-02,2,bull,ma_bull,pullback_holds,current_week,0.018796992481203034,0.009398496240601517,0.048872180451127845,-0.001879699248120259,0.03383458646616533,2025H2
002627,2025-07-03,3,bull,ma_bull,pullback_holds,current_week,0.0224299065420559,0.005607476635513864,0.024299065420560817,-0.00747663551401867,0.028037383177569986,2025H2
002627,2025-07-04,4,bull,ma_bull,pullback_holds,current_week,0.018656716417910335,0.009328358208955168,0.01679104477611948,-0.009328358208955168,0.026119402985074647,2025H2
002627,2025-07-07,0,bull,macd_stabilizing,pullback_holds,current_week,0.012939001848428777,0.009242144177449063,0.009242144177449063,-0.018484288354898237,0.01663585951940849,2025H2
002627,2025-07-10,3,bull,macd_stabilizing,shrinking_volume_acceleration,current_week,-0.01645338208409508,0.02010968921389411,0.005484460694698434,-0.02925045703839113,0.021937842778793515,2025H2
002627,2025-07-21,0,bull,ma_bull,pullback_holds,current_week,0.012820512820512775,0.0,0.031135531135531025,-0.012820512820512886,0.029304029304029422,2025H2
002627,2025-07-23,2,bull,ma_bull,pullback_holds,current_week,0.02010968921389411,0.007312614259597838,0.03656307129798897,-0.014625228519195677,0.02742230347349195,2025H2
002627,2025-08-11,0,bull,none,pullback_holds,current_week,0.01441441441441449,0.028828828828828756,0.1837837837837839,-0.009009009009009028,0.03063063063063054,2025H2
002627,2025-08-12,1,bull,none,two_day_acceleration,current_week,-0.01403508771929829,0.021052631578947434,0.12456140350877187,-0.03508771929824561,0.03684210526315779,2025H2
002627,2025-08-15,4,bull,none,pullback_holds,current_week,0.019677996422182487,0.07871198568872995,0.2558139534883721,-0.007155635062611854,0.10733452593917714,2025H2
002627,2025-08-18,0,bull,none,two_day_acceleration,current_week,0.012411347517730542,0.13829787234042556,0.25,-0.00886524822695034,0.17553191489361697,2025H2
002627,2025-08-20,2,bull,none,shrinking_volume_acceleration,current_week,0.008833922261484162,0.14664310954063597,0.25795053003533575,-0.010600706713780883,0.23498233215547715,2025H2
002627,2025-08-27,2,bull,ma_bull,pullback_holds,current_week,0.1346153846153848,0.13636363636363646,0.11363636363636376,-0.005244755244755095,0.2220279720279721,2025H2
002627,2025-08-29,4,bull,ma_bull,two_day_acceleration,current_week,0.07881773399014791,0.15270935960591148,0.03776683087027921,-0.006568144499178974,0.15270935960591148,2025H2
002627,2025-09-05,4,bull,ma_bull,shrinking_volume_acceleration,current_week,0.07012195121951215,0.06402439024390238,-0.11432926829268297,-0.05030487804878048,0.16310975609756095,2025H2
002627,2025-10-14,1,bull,ma_bull,two_day_acceleration,current_week,0.042444821731748794,0.00339558573853993,0.0933786078098473,-0.020373514431239248,0.06451612903225823,2025H2
002627,2025-10-15,2,bull,ma_bull,shrinking_volume_acceleration,current_week,0.025167785234899487,-0.016778523489932806,0.08389261744966436,-0.03187919463087241,0.052013422818792066,2025H2
002627,2025-10-24,4,bull,none,pullback_holds,current_week,-0.024916943521594792,0.021594684385382035,0.021594684385382035,-0.0415282392026578,0.04983388704318936,2025H2
002627,2025-11-03,0,bull,none,pullback_holds,current_week,0.08557046979865768,0.07214765100671161,0.13590604026845643,0.0,0.1291946308724834,2025H2
002627,2025-11-04,1,bull,macd_stabilizing,two_day_acceleration,current_week,0.05573770491803276,0.0721311475409836,0.14918032786885238,-0.01639344262295095,0.10327868852459021,2025H2
002627,2025-11-07,4,bull,macd_stabilizing,shrinking_volume_acceleration,current_week,0.06677524429967407,0.0016286644951140072,0.13192182410423436,-0.006514657980456029,0.09609120521172643,2025H2
002627,2025-11-12,2,bull,none,shrinking_volume_acceleration,current_week,0.01238390092879249,-0.01393188854489158,0.06656346749226016,-0.049535603715170184,0.04179566563467496,2025H2
002627,2025-11-13,3,bull,none,two_day_acceleration,current_week,-0.037707390648567096,-0.037707390648567096,0.007541478129713397,-0.0739064856711914,0.015082956259427016,2025H2
002627,2025-12-19,4,mid,ma_bull,shrinking_volume_acceleration,current_week,-0.06257982120051087,-0.09195402298850575,0.1162196679438059,-0.09961685823754796,0.003831417624521105,2025H2
002627,2026-01-21,2,bull,ma_bull,shrinking_volume_acceleration,current_week,-0.025583982202447175,0.012235817575083408,-0.06896551724137923,-0.05895439377085643,0.1446051167964406,2026H1
002627,2026-03-11,2,bull,ma_bull,pullback_holds,current_week,0.04225352112676073,-0.017605633802816767,-0.08685446009389663,-0.08802816901408439,0.10680751173708924,2026H1
002627,2026-03-12,3,bull,ma_bull,pullback_holds,current_week,0.0185185185185186,-0.04166666666666685,-0.12731481481481488,-0.10069444444444442,0.09143518518518512,2026H1
002627,2026-04-13,0,mid,none,shrinking_volume_acceleration,current_week,-0.0013175230566534468,-0.04347826086956519,-0.08563899868247693,-0.07905138339920947,0.05401844532279321,2026H1
300862,2023-09-11,0,mid,none,two_day_acceleration,current_week,-0.05048982667671442,-0.04672192916352669,-0.01394122079879423,-0.08628485305199696,0.0030143180105501877,2023H2
300862,2023-09-22,4,mid,none,shrinking_volume_acceleration,current_week,0.027602523659306044,0.03785488958990535,0.08123028391167209,-0.025236593059936974,0.08162460567823349,2023H2
300862,2024-02-22,3,bull,none,pullback_holds,current_week,0.13773528533014634,0.0074693755602031064,-0.03854197789064828,-0.018524051389303797,0.19211233940842543,2024H1
300862,2024-04-03,2,bull,none,pullback_holds,current_week,-0.060436137071651075,-0.09781931464174454,0.07725856697819311,-0.13987538940809974,0.004984423676012373,2024H1
300862,2024-04-24,2,bull,none,shrinking_volume_acceleration,current_week,0.024528301886792336,0.009119496855346076,-0.0320754716981132,-0.024528301886792447,0.10534591194968557,2024H1
300862,2024-05-10,4,bull,none,pullback_holds,current_week,0.018569254185692552,-0.04992389649923901,-0.025875190258751957,-0.06240487062404876,0.039878234398782464,2024H1
300862,2026-09-08,1,mid,ma_bull,pullback_holds,current_week,-0.025353773584905648,,,-0.10338050314465419,0.021226415094339535,2026H2
000913,2023-06-13,1,mid,none,pullback_holds,current_week,0.006057268722466924,-0.01982378854625544,-0.04350220264317173,-0.03193832599118929,0.06828193832599139,2023H1
000913,2023-06-15,3,mid,none,shrinking_volume_acceleration,current_week,-0.057446808510638436,-0.02127659574468077,-0.1127659574468085,-0.0648936170212765,0.03191489361702127,2023H1
000913,2024-11-06,2,bull,ma_bull,pullback_holds,current_week,0.03924914675767899,-0.013083048919226403,-0.04379977246871458,-0.0364050056882822,0.10693970420932875,2024H2
000913,2024-11-07,3,bull,ma_bull,pullback_holds,current_week,-0.015633724176437824,-0.03964265773311004,-0.0630932439977665,-0.05415968732551646,0.0865438302624233,2024H2
000913,2024-11-08,4,bull,ma_bull,pullback_holds,current_week,-0.010215664018161208,-0.06923950056753703,-0.038024971623155546,-0.06923950056753703,0.10442678774120306,2024H2
000913,2024-12-02,0,bull,macd_stabilizing,two_day_acceleration,current_week,-0.010465116279069764,-0.049418604651162656,0.04941860465116288,-0.054651162790697594,0.020930232558139528,2024H2
000913,2024-12-04,2,bull,none,pullback_holds,current_week,0.01850746268656711,0.03164179104477616,0.05671641791044779,-0.029253731343283462,0.07044776119402973,2024H2
000913,2024-12-05,3,bull,none,pullback_holds,current_week,0.0316796174536762,0.029288702928870203,0.0902570233114166,-0.028093245666467315,0.07172743574417217,2024H2
000913,2024-12-06,4,bull,none,two_day_acceleration,current_week,-0.01179941002949847,0.02123893805309729,0.06076696165191753,-0.04070796460176973,0.057817109144542744,2024H2
000913,2024-12-09,0,bull,macd_stabilizing,pullback_holds,current_week,-0.06784492588369428,-0.04104903078677302,0.08437856328392246,-0.07297605473204094,0.022234891676168766,2024H2
000913,2024-12-10,1,bull,macd_stabilizing,pullback_holds,current_week,0.005269320843091396,0.06264637002341922,0.10538641686182659,-0.04800936768149888,0.07903981264636983,2024H2
000913,2024-12-11,2,bull,macd_stabilizing,pullback_holds,current_week,0.011117612638970265,0.06085430076067877,0.07606787595084841,-0.0485664131070801,0.07840842598010522,2024H2
000913,2024-12-20,4,bull,macd_stabilizing,shrinking_volume_acceleration,current_week,0.06470248411322932,0.038705950317735605,0.08549971114962451,-0.03119584055459268,0.08492201039861369,2024H2
000913,2024-12-26,3,bull,none,shrinking_volume_acceleration,current_week,0.0049586776859504855,-0.062258953168044195,0.08760330578512399,-0.062258953168044195,0.05289256198347081,2024H2
000913,2024-12-27,4,bull,none,two_day_acceleration,current_week,-0.020697167755991286,-0.10239651416121998,0.08496732026143805,-0.1241830065359476,0.040849673202614456,2024H2
000913,2025-01-24,4,mid,none,shrinking_volume_acceleration,current_week,-0.01568825910931182,-0.01720647773279349,-0.07945344129554655,-0.036437246963562875,0.029352226720647634,2025H1
000913,2025-02-12,2,bull,ma_bull,pullback_holds,current_week,-0.024205748865355536,-0.061522945032778775,-0.06707009581442269,-0.07060010085728707,0.0,2025H1
000913,2025-03-05,2,bull,ma_bull,shrinking_volume_acceleration,current_week,0.0,0.013513513513513598,-0.03405405405405404,-0.0318918918918919,0.03837837837837843,2025H1
000913,2025-03-06,3,bull,ma_bull,pullback_holds,current_week,-0.0010869565217392907,0.013586956521739024,-0.06793478260869568,-0.026630434782608847,0.04402173913043472,2025H1
000913,2025-03-07,4,bull,ma_bull,pullback_holds,current_week,0.03169398907103815,-0.015846994535519077,-0.1562841530054645,-0.021311475409836134,0.04972677595628405,2025H1
000913,2025-03-31,0,mid,none,pullback_holds,current_week,-0.14751381215469617,-0.08508287292817696,-0.17127071823204432,-0.20497237569060778,0.013812154696132506,2025H1
300649,2025-07-21,0,bull,ma_bull,shrinking_volume_acceleration,current_week,-0.07515085024684587,-0.07295666483817898,-0.06143719144267701,-0.11409764125068578,0.003291278113000562,2025H2
300649,2025-08-06,2,bull,ma_bull,pullback_holds,current_week,-0.011316259678379903,0.09469922572960088,-0.05360333531864192,-0.02084574151280516,0.1304347826086958,2025H2
300649,2025-08-07,3,bull,ma_bull,pullback_holds,current_week,0.032530120481927716,0.1439759036144579,-0.01867469879518091,-0.0072289156626507145,0.19216867469879495,2025H2
300649,2025-08-11,0,bull,ma_bull,two_day_acceleration,current_week,-0.01666666666666683,0.11724137931034484,0.04999999999999982,-0.047126436781609216,0.1471264367816092,2025H2
300649,2025-08-15,4,bull,ma_bull,pullback_holds,current_week,0.09730363423212185,-0.01992966002344665,0.036342321219226426,-0.03341148886283685,0.16998827667057448,2025H2
300649,2025-08-21,3,bull,none,two_day_acceleration,current_week,-0.07567567567567557,-0.11945945945945946,-0.06918918918918926,-0.1459459459459459,0.078918918918919,2025H2
300649,2025-09-10,2,bull,ma_bull,shrinking_volume_acceleration,current_week,-0.031573217201959825,-0.08818726183995651,-0.12792596624931962,-0.11486118671747414,0.0,2025H2
300649,2025-09-12,4,bull,none,pullback_holds,current_week,-0.035734543391945484,-0.05501985252410657,-0.07941009642654562,-0.07770845150311956,0.02382302892796373,2025H2
300649,2025-10-13,0,bull,none,pullback_holds,current_week,-0.016363636363636358,0.00121212121212122,0.013333333333333197,-0.041818181818181754,0.030303030303030276,2025H2
300649,2025-10-21,1,bull,none,pullback_holds,current_week,-0.010882708585247869,0.006650544135429204,0.0241837968561065,-0.024788391777509133,0.02781136638452253,2025H2
300649,2025-10-22,2,bull,none,pullback_holds,current_week,-0.0036607687614398365,0.023184868822452742,-0.005491153142159866,-0.015863331299572958,0.03721781574130567,2025H2
300649,2025-11-03,0,bull,none,pullback_holds,current_week,0.0011976047904191933,0.025149700598802394,-0.05628742514970053,-0.021556886227544925,0.03413173652694623,2025H2
300649,2025-11-04,1,bull,none,pullback_holds,current_week,0.006006006006006093,0.017417417417417536,-0.058858858858858776,-0.018618618618618576,0.037237237237237375,2025H2
300649,2025-11-07,4,bull,none,pullback_holds,current_week,0.021021021021021102,-0.07267267267267263,-0.10510510510510496,-0.07507507507507494,0.037237237237237375,2025H2
300649,2025-11-10,0,bull,none,shrinking_volume_acceleration,current_week,0.014819205690574933,-0.05038529934795499,-0.11144042679312394,-0.08713692946058094,0.023710729104919892,2025H2
300649,2026-01-19,0,bull,none,two_day_acceleration,current_week,0.015151515151515138,-0.019762845849802257,0.02503293807641649,-0.029644268774703497,0.04150197628458496,2026H1
300649,2026-01-21,2,bull,none,shrinking_volume_acceleration,current_week,-0.0392030848329048,-0.03020565552699228,-0.016066838046272514,-0.05334190231362468,0.016066838046272514,2026H1
300649,2026-01-22,3,bull,none,shrinking_volume_acceleration,current_week,-0.04469987228607919,-0.04342273307790545,-0.01724137931034475,-0.059386973180076574,0.009578544061302763,2026H1
300649,2026-05-15,4,bull,ma_bull,shrinking_volume_acceleration,current_week,-0.04956521739130437,-0.08478260869565213,0.07826086956521738,-0.11956521739130432,0.08434782608695657,2026H1
300649,2026-06-18,3,bull,ma_bull,two_day_acceleration,current_week,-0.030835424883470797,-0.026532807457870122,-0.15059160989602005,-0.06382215847974193,0.05772678379347429,2026H1
300649,2026-06-22,0,bull,ma_bull,two_day_acceleration,current_week,-0.0644161212538753,-0.02824664140544264,-0.2793661729245608,-0.10058560110230796,0.016190148122631642,2026H1
300649,2026-06-30,1,bull,ma_bull,shrinking_volume_acceleration,current_week,-0.01891418563922942,-0.023117338003502685,-0.2837127845884414,-0.08056042031523647,0.10262697022767076,2026H1
300649,2026-07-01,2,bull,ma_bull,pullback_holds,current_week,0.03273262228760565,0.09819786686281717,-0.29422581831555716,-0.03457153365207799,0.15777859507171743,2026H2
300649,2026-08-05,2,mid,none,pullback_holds,current_week,0.24597364568081992,0.17862371888726214,0.32162030258662755,-0.019033674963396807,0.3753050268423619,2026H2
300649,2026-08-12,2,mid,none,shrinking_volume_acceleration,current_week,-0.05994550408719346,-0.01245620864149477,-0.034643830284157295,-0.07746204748929553,0.09692487349163081,2026H2
300649,2026-08-14,4,mid,none,shrinking_volume_acceleration,current_week,-0.009375000000000022,-0.024609375000000044,0.02773437500000009,-0.07421875000000011,0.10078124999999982,2026H2
002500,2023-07-03,0,mid,macd_stabilizing,pullback_holds,current_week,0.005319148936170359,0.014184397163120588,0.1542553191489362,-0.00886524822695034,0.019503546099290947,2023H2
002500,2023-07-04,1,mid,none,pullback_holds,current_week,0.012411347517730542,0.0177304964539009,0.15248226950354615,-0.007092198581560183,0.02127659574468077,2023H2
002500,2023-07-05,2,mid,none,pullback_holds,current_week,0.005338078291815096,0.026690391459074814,0.17259786476868322,-0.003558718861209842,0.028469750889679846,2023H2
002500,2023-08-02,2,bull,ma_bull,shrinking_volume_acceleration,current_week,0.012121212121211977,-0.01363636363636378,-0.040909090909091006,-0.042424242424242475,0.07575757575757569,2023H2
002500,2023-08-03,3,bull,ma_bull,two_day_acceleration,current_week,-0.023188405797101463,-0.04637681159420293,-0.12173913043478257,-0.08405797101449275,0.02898550724637694,2023H2
002500,2023-09-11,0,mid,none,two_day_acceleration,current_week,-0.0185185185185186,-0.023569023569023684,-0.045454545454545525,-0.028619528619528656,0.0033670033670032407,2023H2
002500,2023-11-06,0,mid,none,two_day_acceleration,current_week,-0.003478260869565153,0.003478260869565375,-0.02782608695652178,-0.01043478260869557,0.024347826086956514,2023H2
002500,2023-11-10,4,mid,none,pullback_holds,current_week,0.010489510489510634,-0.005244755244755095,-0.038461538461538436,-0.006993006993006978,0.029720279720279796,2023H2
002500,2025-02-06,3,mid,none,pullback_holds,current_week,0.028006589785831926,0.006589785831960571,0.006589785831960571,-0.0032948929159802853,0.04448105436573302,2025H1
002500,2025-02-07,4,mid,none,two_day_acceleration,current_week,0.003215434083601254,0.0,-0.030546623794212135,-0.025723472668810143,0.019292604501607746,2025H1
002500,2025-03-26,2,mid,none,pullback_holds,current_week,0.0,-0.064569536423841,-0.056291390728476776,-0.1241721854304636,0.013245033112582849,2025H1
002500,2025-03-27,3,mid,none,pullback_holds,current_week,-0.0016447368421051989,-0.07401315789473684,-0.052631578947368474,-0.12993421052631582,0.006578947368421018,2025H1
002500,2025-04-03,3,mid,none,pullback_holds,current_week,-0.03924914675767921,-0.027303754266211677,-0.025597269624573427,-0.09726962457337884,0.0017064846416381396,2025H1
002500,2025-04-22,1,mid,none,pullback_holds,current_week,-0.013937282229965153,-0.012195121951219523,-0.027874564459930307,-0.019163763066202155,0.03135888501742157,2025H1
002500,2025-04-23,2,mid,none,pullback_holds,current_week,-0.012259194395796924,0.008756567425569184,-0.02626970227670744,-0.014010507880910739,0.03677758318739044,2025H1
002500,2025-04-25,4,mid,none,pullback_holds,current_week,-0.0017482517482516613,0.02622377622377625,-0.029720279720279685,-0.01573426573426573,0.03846153846153855,2025H1
002500,2025-09-16,1,bull,ma_bull,pullback_holds,current_week,-0.041158536585365946,-0.013719512195122019,-0.015243902439024515,-0.05640243902439024,0.021341463414634054,2025H2
002500,2025-09-17,2,bull,ma_bull,two_day_acceleration,current_week,-0.04654654654654644,-0.016516516516516533,-0.016516516516516533,-0.07057057057057048,0.0015015015015014122,2025H2
002500,2025-09-29,0,bull,none,two_day_acceleration,current_week,0.004615384615384688,0.0015384615384614886,-0.01538461538461533,-0.021538461538461506,0.01846153846153853,2025H2
002500,2025-09-30,1,bull,none,pullback_holds,current_week,0.018575851393188847,0.0,-0.012383900928792602,-0.015479876160990669,0.024767801857585203,2025H2
002500,2025-10-15,2,bull,none,shrinking_volume_acceleration,current_week,-0.015243902439024515,0.03201219512195119,-0.028963414634146423,-0.02591463414634143,0.03353658536585358,2025H2
002500,2025-10-21,1,bull,none,pullback_holds,current_week,0.015384615384615552,-0.01538461538461533,-0.03538461538461535,-0.026153846153846194,0.04307692307692301,2025H2
002500,2025-10-23,3,bull,none,pullback_holds,current_week,-0.015267175572518998,-0.021374045801526687,-0.04885496183206095,-0.03358778625954195,0.03511450381679393,2025H2
002500,2025-11-10,0,bull,none,pullback_holds,current_week,-0.01713395638629278,-0.06542056074766356,-0.051401869158878566,-0.07320872274143297,0.0031152647975078995,2025H2
002500,2025-11-11,1,bull,none,pullback_holds,current_week,-0.01724137931034475,-0.056426332288401215,-0.051724137931034475,-0.06739811912225702,0.006269592476489061,2025H2
002500,2025-11-12,2,bull,none,pullback_holds,current_week,-0.018867924528301883,-0.05817610062893086,-0.045597484276729605,-0.06446540880503149,0.00943396226415083,2025H2
002500,2025-11-13,3,bull,none,pullback_holds,current_week,-0.023510971786833812,-0.061128526645767955,-0.061128526645767955,-0.06739811912225702,0.006269592476489061,2025H2
002500,2025-12-01,0,mid,none,pullback_holds,current_week,0.00995024875621886,0.008291873963515828,0.008291873963515828,-0.01492537313432829,0.028192371475953548,2025H2
002500,2025-12-19,4,mid,none,pullback_holds,current_week,0.006578947368421018,0.02796052631578938,0.00164473684210531,-0.014802631578947345,0.02960526315789469,2025H2
002500,2025-12-26,4,bull,none,pullback_holds,current_week,0.0212418300653594,0.009803921568627416,-0.008169934640522847,-0.021241830065359513,0.026143790849673332,2025H2
002500,2026-01-05,0,bull,macd_stabilizing,pullback_holds,current_week,0.024630541871921263,-0.003284072249589376,-0.02791461412151064,-0.011494252873563093,0.034482758620689724,2026H1
002500,2026-01-06,1,bull,macd_stabilizing,two_day_acceleration,current_week,-0.011200000000000099,-0.025600000000000067,-0.0464,-0.036799999999999944,0.008000000000000007,2026H1
002500,2026-01-08,3,bull,macd_stabilizing,pullback_holds,current_week,-0.003284072249589376,-0.0016420361247947435,-0.008210180623973717,-0.011494252873563093,0.034482758620689724,2026H1
002500,2026-01-09,4,bull,macd_stabilizing,pullback_holds,current_week,-0.014634146341463428,-0.006504065040650375,-0.02276422764227648,-0.021138211382113803,0.024390243902439046,2026H1
002500,2026-01-12,0,bull,none,two_day_acceleration,current_week,-0.027243589743589758,-0.02083333333333337,-0.024038461538461564,-0.03525641025641024,0.009615384615384581,2026H1
002500,2026-01-13,1,bull,none,pullback_holds,current_week,-0.016155088852988775,-0.01938610662358642,-0.02100161550888524,-0.029079159935379795,0.017770597738287375,2026H1
002500,2026-01-29,3,bull,none,pullback_holds,current_week,-0.011456628477905073,-0.013093289689034338,-0.04582651391162029,-0.03436988543371522,0.004909983633387904,2026H1
600495,2023-03-08,2,mid,ma_bull,shrinking_volume_acceleration,current_week,0.004938271604938427,0.0024691358024693244,-0.06419753086419744,-0.03703703703703698,0.02716049382716057,2023H1
600495,2023-05-04,3,bull,none,two_day_acceleration,current_week,-0.004914004914005066,0.027027027027026973,0.027027027027026973,-0.03685503685503699,0.03439803439803435,2023H1
600495,2023-05-08,0,bull,ma_bull,two_day_acceleration,current_week,-0.033653846153846034,-0.028846153846153855,-0.009615384615384581,-0.05769230769230771,0.012019230769230616,2023H1
600495,2023-06-13,1,mid,ma_bull,pullback_holds,current_week,0.02386634844868718,0.05250596658711215,0.13842482100238662,-0.019093078758949944,0.07637231503579933,2023H1
600495,2023-07-03,0,mid,ma_bull,shrinking_volume_acceleration,current_week,0.1467268623024831,0.038374717832957206,-0.004514672686230181,-0.011286681715575564,0.1512415349887135,2023H2
600495,2023-07-04,1,mid,ma_bull,two_day_acceleration,current_week,0.08908685968819596,0.026726057906458767,-0.022271714922049157,-0.008908685968819552,0.13585746102449892,2023H2
600495,2023-07-14,4,mid,ma_bull,pullback_holds,current_week,-0.06263498920086397,-0.05831533477321804,-0.11231101511879038,-0.08639308855291561,0.030237580993520696,2023H2
600495,2023-07-31,0,bull,ma_bull,pullback_holds,current_week,-0.013667425968109215,-0.056947608200455635,-0.09339407744874706,-0.07517084282460118,0.009111617312072884,2023H2
600495,2023-08-01,1,bull,ma_bull,pullback_holds,current_week,-0.031963470319634646,-0.06164383561643827,-0.07305936073059349,-0.07305936073059349,0.009132420091324311,2023H2
600495,2023-08-02,2,bull,ma_bull,pullback_holds,current_week,-0.04555808656036431,-0.07517084282460118,-0.08200455580865595,-0.07744874715261951,0.002277904328018332,2023H2
600495,2023-09-04,0,mid,none,shrinking_volume_acceleration,current_week,-0.016949152542372725,-0.024213075060532607,-0.060532687651331685,-0.04600484261501214,0.0,2023H2
600495,2023-09-05,1,mid,none,pullback_holds,current_week,-0.0073710073710073765,-0.02211302211302224,-0.04668304668304679,-0.03194103194103204,0.007371007371007154,2023H2
600495,2023-09-11,0,mid,none,pullback_holds,current_week,-0.007389162561576401,-0.039408866995074066,-0.06157635467980305,-0.044334975369458296,0.0,2023H2
600495,2023-09-18,0,mid,none,pullback_holds,current_week,-0.029850746268656803,-0.034825870646766344,-0.08457711442786076,-0.034825870646766344,0.0024875621890547706,2023H2
600495,2025-04-21,0,mid,macd_stabilizing,two_day_acceleration,current_week,-0.015000000000000013,0.0475000000000001,0.20999999999999996,-0.015000000000000013,0.05249999999999999,2025H1
600495,2025-04-23,2,mid,macd_stabilizing,two_day_acceleration,current_week,-0.014778325123152802,0.046798029556650134,0.12315270935960587,-0.029556650246305605,0.06896551724137923,2025H1
600495,2025-05-19,0,bull,ma_bull,two_day_acceleration,current_week,0.07801418439716312,0.2978723404255319,0.12529550827423153,-0.014184397163120699,0.34751773049645385,2025H1
600495,2025-05-20,1,bull,ma_bull,pullback_holds,current_week,0.13571428571428568,0.269047619047619,0.12142857142857144,0.0,0.3571428571428572,2025H1
600495,2025-06-30,0,bull,ma_bull,two_day_acceleration,current_week,-0.008000000000000007,0.006000000000000005,0.016000000000000014,-0.027999999999999914,0.028000000000000025,2025H1
600495,2025-07-17,3,bull,ma_bull,pullback_holds,current_week,0.014227642276422925,0.010162601626016121,0.16666666666666674,-0.010162601626016232,0.08333333333333326,2025H2
600495,2025-07-18,4,bull,ma_bull,two_day_acceleration,current_week,0.004008016032064132,-0.006012024048096198,0.14428857715430854,-0.01002004008016033,0.06813627254509025,2025H2
600495,2025-07-25,4,bull,ma_bull,pullback_holds,current_week,-0.009980039920159611,0.08782435129740529,0.1716566866267466,-0.019960079840319334,0.10778443113772451,2025H2
600495,2025-07-28,0,bull,ma_bull,shrinking_volume_acceleration,current_week,-0.0078125,0.171875,0.130859375,-0.041015625,0.171875,2025H2
600495,2025-07-29,1,bull,ma_bull,two_day_acceleration,current_week,0.001956947162426559,0.1643835616438356,0.11350293542074374,-0.03913894324853229,0.2524461839530332,2025H2
600495,2025-08-06,2,bull,ma_bull,two_day_acceleration,current_week,0.13575525812619493,0.13957934990439758,-0.0019120458891014325,-0.017208413001912226,0.2237093690248566,2025H2
600495,2025-09-16,1,bull,ma_bull,pullback_holds,current_week,-0.03653846153846163,-0.03269230769230769,-0.015384615384615441,-0.05961538461538474,0.0038461538461538325,2025H2
600495,2025-09-29,0,bull,none,pullback_holds,current_week,0.011834319526627057,0.007889546351084853,0.035502958579881616,-0.023668639053254448,0.021696252465483123,2025H2
600495,2025-10-09,3,bull,none,pullback_holds,current_week,0.003960396039603964,0.011881188118811892,0.03168316831683171,-0.01980198019801971,0.025742574257425765,2025H2
600495,2025-10-10,4,bull,none,pullback_holds,current_week,-0.011952191235059861,0.015936254980079667,0.03585657370517925,-0.01394422310756982,0.03187250996015911,2025H2
600495,2025-10-15,2,bull,none,pullback_holds,current_week,-0.007751937984496138,-0.013565891472868241,0.013565891472868241,-0.04069767441860461,0.0019379844961240345,2025H2
600495,2025-10-20,0,mid,none,shrinking_volume_acceleration,current_week,0.011857707509881354,0.035573122529644285,0.049407114624505866,-0.00988142292490135,0.06324110671936745,2025H2
600495,2025-10-21,1,bull,none,pullback_holds,current_week,-0.001956947162426559,0.02739726027397249,0.019569471624266033,-0.011741682974559797,0.05283757338551842,2025H2
600495,2025-10-22,2,bull,none,pullback_holds,current_week,-0.005859375,0.02734375,-0.003906249999999889,-0.013671875,0.05078125,2025H2
600495,2025-10-23,3,bull,none,pullback_holds,current_week,0.021484375,0.017578125,-0.01953124999999989,-0.011718749999999889,0.05078125,2025H2
600495,2025-10-24,4,bull,none,pullback_holds,current_week,0.013671875,0.015625,-0.041015625,-0.011718749999999889,0.05078125,2025H2
600495,2025-10-27,0,bull,none,pullback_holds,current_week,0.0234375,0.017578125,-0.0234375,-0.011718749999999889,0.05078125,2025H2
600495,2025-11-11,1,bull,none,two_day_acceleration,current_week,-0.016981132075471694,-0.058490566037735725,-0.037735849056603654,-0.0811320754716981,0.013207547169811429,2025H2
600495,2025-11-12,2,bull,none,pullback_holds,current_week,-0.022988505747126298,-0.05555555555555558,-0.026819923371647403,-0.06704980842911867,0.028735632183908066,2025H2
600495,2025-11-13,3,bull,none,pullback_holds,current_week,-0.03646833013435691,-0.0575815738963531,-0.04990403071017269,-0.06525911708253351,0.030710172744721653,2025H2
600495,2025-11-14,4,bull,none,two_day_acceleration,current_week,-0.07007575757575757,-0.0625,-0.06818181818181823,-0.07765151515151514,0.007575757575757569,2025H2
600495,2025-12-01,0,mid,none,pullback_holds,current_week,0.03830645161290325,-0.010080645161290258,-0.03427419354838712,-0.038306451612903136,0.06048387096774199,2025H2
600495,2025-12-25,3,bull,none,pullback_holds,current_week,-0.0020661157024792765,0.030991735537190257,0.04132231404958686,-0.02066115702479332,0.03719008264462831,2025H2
600495,2026-01-06,1,bull,none,two_day_acceleration,current_week,-0.0020283975659228792,0.0020283975659229903,-0.022312373225152005,-0.026369168356997985,0.018255578093306468,2026H1
600495,2026-01-07,2,bull,none,pullback_holds,current_week,0.002053388090349051,0.006160164271047375,0.0,-0.014373716632443578,0.030800821355236208,2026H1
600495,2026-01-19,0,bull,none,pullback_holds,current_week,0.02857142857142847,-0.022448979591836782,-0.014285714285714346,-0.02448979591836742,0.03877551020408143,2026H1
600495,2026-01-20,1,bull,none,pullback_holds,current_week,0.0040567951318459805,-0.022312373225152005,-0.016227180527383256,-0.03245436105476662,0.032454361054766734,2026H1
600495,2026-01-21,2,bull,none,pullback_holds,current_week,0.0122699386503069,-0.004089979550102152,-0.004089979550102152,-0.024539877300613355,0.04089979550102263,2026H1
600495,2026-01-22,3,bull,none,pullback_holds,current_week,-0.020161290322580627,-0.028225806451612878,-0.014112903225806495,-0.038306451612903136,0.02620967741935476,2026H1
600495,2026-01-23,4,bull,none,pullback_holds,current_week,-0.02605210420841686,-0.034068136272545124,-0.024048096192384794,-0.044088176352705344,0.02004008016032066,2026H1
000988,2023-07-13,3,mid,ma_bull,shrinking_volume_acceleration,current_week,-0.06273584905660368,-0.12806603773584901,-0.1974056603773584,-0.13726415094339628,0.09410377358490574,2023H2
000988,2023-07-14,4,mid,ma_bull,shrinking_volume_acceleration,current_week,-0.08133971291866038,-0.12846889952153118,-0.20239234449760768,-0.12846889952153118,0.10980861244019136,2023H2
000988,2023-08-01,1,bull,ma_bull,two_day_acceleration,current_week,0.04786510742453087,-0.06989393527332066,-0.16480826760946432,-0.1112319825945065,0.06064726679358157,2023H2
000988,2023-08-08,1,bull,none,shrinking_volume_acceleration,current_week,-0.09881422924901184,-0.1681159420289856,-0.18524374176548086,-0.22108036890645588,0.004479578392621697,2023H2
000988,2023-09-14,3,mid,none,shrinking_volume_acceleration,current_week,-0.08440366972477065,0.029663608562691124,-0.15718654434250767,-0.09938837920489307,0.048012232415902245,2023H2
000988,2023-11-09,3,mid,none,shrinking_volume_acceleration,current_week,0.004350736278447176,0.031124497991968036,-0.00870147255689413,-0.003012048192771122,0.11412315930388228,2023H2
000988,2023-11-13,0,mid,none,two_day_acceleration,current_week,0.006174845628859282,-0.014949626259343374,0.07442313942151446,-0.035424114397140105,0.08189795255118626,2023H2
000988,2024-05-20,0,bull,none,pullback_holds,current_week,-0.045398009950248897,-0.059701492537313494,-0.03171641791044788,-0.08022388059701502,0.005907960199004858,2024H1
000988,2024-06-04,1,mid,none,pullback_holds,current_week,-0.012649800266311573,0.019640479360852225,-0.03828229027962715,-0.044274300932090505,0.04693741677762975,2024H1
000988,2024-08-19,0,mid,none,two_day_acceleration,current_week,-0.05019685039370081,-0.04527559055118102,-0.06660104986876647,-0.08464566929133854,0.0019685039370078705,2024H2
000988,2024-12-02,0,bull,ma_bull,two_day_acceleration,current_week,0.026893523600439284,0.04143798024149303,0.22667398463227229,-0.028814489571898916,0.07436882546652024,2024H2
000988,2024-12-03,1,bull,ma_bull,pullback_holds,current_week,0.03453038674033149,0.04447513812154691,0.19613259668508287,-0.02237569060773492,0.08149171270718214,2024H2
000988,2024-12-06,4,bull,ma_bull,pullback_holds,current_week,-0.013357778941854304,0.06783656364588797,0.022262964903090765,-0.02435830277632267,0.08564693556836045,2024H2
000988,2025-02-12,2,bull,ma_bull,two_day_acceleration,current_week,0.07294117647058829,0.1051764705882352,0.07552941176470584,-0.034588235294117586,0.1783529411764706,2025H1
000988,2025-04-01,1,mid,none,shrinking_volume_acceleration,current_week,-0.15284159613059245,-0.08827085852478833,-0.019347037484885088,-0.21813784764207989,0.021523579201934817,2025H1
000988,2025-04-02,2,mid,ma_bull,pullback_holds,current_week,-0.1019323671497584,-0.08574879227053134,0.008695652173912993,-0.21908212560386475,0.008212560386473555,2025H1
000988,2025-04-21,0,mid,none,pullback_holds,current_week,0.020512820512820662,0.10974358974358966,0.0692307692307692,-0.011538461538461386,0.11410256410256414,2025H1
000988,2025-04-24,3,mid,none,pullback_holds,current_week,0.06748466257668717,0.08946830265848682,0.06799591002044991,-0.0002556237218813706,0.1165644171779141,2025H1
000988,2025-05-06,1,mid,none,two_day_acceleration,current_week,0.007565011820330758,0.00047281323877057524,0.012056737588652444,-0.01513002364066196,0.06382978723404253,2025H1
000988,2025-05-12,0,bull,none,shrinking_volume_acceleration,current_week,-0.04006410256410253,-0.027701465201465214,0.016712454212454375,-0.04624542124542119,0.030219780219780334,2025H1
000988,2025-05-26,0,bull,none,pullback_holds,current_week,-0.007775683317624793,0.04641847313854863,0.09048067860508957,-0.024033930254476865,0.07869934024505199,2025H1
000988,2025-05-30,4,mid,none,pullback_holds,current_week,0.07379195429659613,0.08355153534872661,0.11901928112354199,-0.0011901928112353355,0.0983099262080458,2025H1
000988,2025-06-04,2,bull,none,pullback_holds,current_week,0.035030359645025655,0.04483886034563289,0.05721625408687525,-0.0007006071929005486,0.07753386268099027,2025H1
000988,2025-06-16,0,bull,none,two_day_acceleration,current_week,-0.02675438596491231,0.03092105263157885,0.00745614035087705,-0.04385964912280704,0.04078947368421049,2025H1
000988,2025-06-23,0,bull,ma_bull,pullback_holds,current_week,0.04443457009553442,-0.011997333925794273,0.07020662075094442,-0.022439457898244752,0.054432348367029704,2025H1
000988,2025-07-11,4,bull,ma_bull,pullback_holds,current_week,0.05374487373192327,0.03280811569177655,0.06691128858191231,-0.011439671918842986,0.09000647528599193,2025H2
000988,2025-08-13,2,bull,ma_bull,two_day_acceleration,current_week,0.03946869070208736,0.15521821631878563,0.24667931688804545,-0.030740037950664267,0.21195445920303602,2025H2
000988,2025-08-15,4,bull,ma_bull,pullback_holds,current_week,0.13800465838509313,0.328027950310559,0.49631211180124213,-0.008540372670807539,0.3509316770186337,2025H2
000988,2025-08-18,0,bull,ma_bull,two_day_acceleration,current_week,0.14250333396837478,0.43379691369784723,0.548104400838255,-0.02686225947799592,0.43379691369784723,2025H2
000988,2025-08-27,2,bull,ma_bull,two_day_acceleration,current_week,0.1889035667107002,0.08487450462351398,0.4663143989431968,0.0,0.3229854689564069,2025H2
000988,2025-10-28,1,bull,ma_bull,pullback_holds,current_week,-0.1241740715424926,-0.16814764183185238,-0.19377990430622016,-0.16997038049669633,0.01708817498291193,2025H2
000988,2025-10-29,2,bull,ma_bull,shrinking_volume_acceleration,current_week,-0.12760566624438552,-0.16987216399861804,-0.16618680179661394,-0.18138892087988023,0.0,2025H2
000988,2025-12-01,0,mid,none,pullback_holds,current_week,0.08419618528610351,0.025476839237057014,0.0926430517711172,-0.03542234332425076,0.1573569482288828,2025H2
000988,2025-12-30,1,bull,none,two_day_acceleration,current_week,0.016049382716049276,0.026666666666666616,-0.0712345679012345,-0.03049382716049376,0.05641975308641989,2025H2
000988,2026-01-06,1,bull,none,pullback_holds,current_week,-0.002119700748129727,-0.03740648379052369,-0.025561097256857845,-0.04226932668329175,0.06695760598503742,2026H1
000988,2026-01-12,0,bull,none,shrinking_volume_acceleration,current_week,-0.0488235294117646,-0.08541176470588241,-0.09482352941176475,-0.10258823529411765,0.00011764705882355564,2026H1
000988,2026-02-10,1,bull,none,pullback_holds,current_week,0.13334210872712915,0.336711859944715,0.5108595498222983,-0.01619060155324481,0.36211662498354613,2026H1
000988,2026-04-23,3,bull,ma_bull,pullback_holds,current_week,0.039391304347826006,0.25356521739130433,0.48104347826086946,-0.017130434782608672,0.30869565217391304,2026H1
000988,2026-04-27,0,bull,ma_bull,two_day_acceleration,current_week,0.12658227848101267,0.1594936708860759,0.39772151898734176,-0.034767932489451536,0.27004219409282704,2026H1
000988,2026-05-22,4,mid,ma_bull,shrinking_volume_acceleration,current_week,-0.0323566878980891,0.001273885350318471,0.11254777070063704,-0.10050955414012741,0.11974522292993628,2026H1
000988,2026-08-05,2,mid,none,pullback_holds,current_week,0.09247842170160303,0.05168516235100706,0.020345252774352618,-0.002979860254829547,0.17735306206329615,2026H2
000988,2026-08-06,3,mid,none,shrinking_volume_acceleration,current_week,0.019428571428571573,-0.007809523809523711,-0.05733333333333335,-0.040380952380952295,0.09123809523809512,2026H2
000988,2026-08-07,4,mid,none,two_day_acceleration,current_week,0.02130232558139533,-0.006697674418604693,-0.11069767441860456,-0.06269767441860463,0.06586046511627908,2026H2
000988,2026-08-31,0,bull,none,pullback_holds,current_week,-0.026461597248758184,-0.04470768055024843,,-0.0961979365685901,0.05731753916698512,2026H2
000988,2026-09-08,1,mid,none,pullback_holds,current_week,-0.07709311964631116,,,-0.09431703048724338,0.019434466242976844,2026H2
300047,2023-08-01,1,bull,none,pullback_holds,current_week,0.03624161073825505,0.041610738255033475,0.03489932885906044,-0.006711409395973145,0.06174496644295302,2023H2
300047,2023-08-02,2,bull,none,pullback_holds,current_week,0.03748326639892907,0.01740294511378848,0.06559571619812576,-0.009370816599732157,0.058902275769745716,2023H2
300047,2023-08-03,3,bull,none,pullback_holds,current_week,0.045333333333333226,0.020000000000000018,0.040000000000000036,-0.01866666666666661,0.05466666666666664,2023H2
300047,2023-08-10,3,bull,none,shrinking_volume_acceleration,current_week,-0.019230769230769162,-0.015384615384615441,0.09871794871794881,-0.060256410256410264,0.01025641025641022,2023H2
300047,2023-09-06,2,mid,none,shrinking_volume_acceleration,current_week,0.053462940461725283,0.012150668286755817,0.10085054678007288,-0.0060753341433780195,0.24665856622114202,2023H2
300047,2023-11-07,1,mid,ma_bull,pullback_holds,current_week,0.1591148577449948,0.06533192834562684,0.010537407797681642,-0.0010537407797681642,0.24762908324552146,2023H2
300047,2023-11-16,3,mid,ma_bull,shrinking_volume_acceleration,current_week,-0.047977422389463786,-0.09783631232361245,-0.08936970837253067,-0.11100658513640638,0.015992474129821188,2023H2
300047,2024-03-08,4,bull,none,shrinking_volume_acceleration,current_week,-0.027459954233409634,-0.010297482837528626,-0.12471395881006864,-0.05034324942791757,0.052631578947368585,2024H1
300047,2024-03-11,0,bull,none,two_day_acceleration,current_week,-0.006896551724137945,-0.05402298850574716,-0.16321839080459777,-0.05862068965517253,0.056321839080459624,2024H1
300047,2024-12-03,1,bull,ma_bull,pullback_holds,current_week,0.04454022988505746,-0.08117816091954011,-0.1558908045977011,-0.08620689655172409,0.10344827586206895,2024H2
300047,2025-02-07,4,mid,none,two_day_acceleration,current_week,0.04485852311939276,0.02898550724637672,0.05037957211870259,-0.05866114561766733,0.08350586611456179,2025H1
300047,2025-02-26,2,bull,macd_cross,two_day_acceleration,current_week,-0.033986928104575154,0.033333333333333215,-0.10261437908496729,-0.08431372549019611,0.12418300653594772,2025H1
300047,2025-04-23,2,mid,none,shrinking_volume_acceleration,current_week,0.07680126682501975,0.2446555819477434,0.16547901821060962,-0.046714172604908955,0.46397466349960426,2025H1
300047,2025-04-25,4,mid,none,pullback_holds,current_week,0.4216867469879517,0.32690763052208816,0.17188755020080304,-0.028112449799196915,0.48514056224899593,2025H1
300047,2025-04-29,1,mid,none,shrinking_volume_acceleration,current_week,0.21698113207547176,0.2641509433962266,0.17767295597484267,0.0,0.45361635220125796,2025H1
300047,2025-06-09,0,bull,none,pullback_holds,current_week,-0.05796178343949043,0.027388535031847017,0.005732484076433009,-0.11783439490445868,0.07643312101910804,2025H1
300047,2025-06-11,2,bull,none,pullback_holds,current_week,0.009497964721845387,0.08141112618724544,0.07801899592944372,-0.060379918588873815,0.14654002713704184,2025H1
300047,2025-06-25,2,bull,ma_bull,shrinking_volume_acceleration,current_week,-0.030094043887147315,-0.0037617554858934144,0.058307210031347756,-0.03699059561128537,0.04012539184952968,2025H1
300047,2025-06-26,3,bull,ma_bull,two_day_acceleration,current_week,-0.0359133126934984,0.008049535603715352,0.05015479876161,-0.04891640866873059,0.018575851393188847,2025H1
300047,2025-07-07,0,bull,none,pullback_holds,current_week,0.01914486279515004,0.059349074664964974,0.01595405232929159,-0.00957243139757502,0.09572431397574999,2025H2
300047,2025-07-08,1,bull,ma_bull,two_day_acceleration,current_week,-0.012476606363069354,0.009357454772301876,-0.004990642545227741,-0.03181534622582671,0.0711166562694947,2025H2
300047,2025-07-09,2,bull,none,pullback_holds,current_week,-0.0012658227848101333,0.06835443037974676,0.02215189873417711,-0.017721518987341867,0.08670886075949369,2025H2
300047,2025-08-21,3,bull,ma_bull,two_day_acceleration,current_week,0.013477088948786964,-0.12991913746630723,-0.04743935309973035,-0.1482479784366577,0.14716981132075468,2025H2
300047,2025-08-22,4,bull,ma_bull,shrinking_volume_acceleration,current_week,-0.046354166666666696,-0.14010416666666659,-0.10937499999999989,-0.17708333333333326,0.10833333333333339,2025H2
300047,2025-09-18,3,mid,ma_bull,two_day_acceleration,current_week,-0.0879059350503919,-0.10862262038073911,-0.12765957446808507,-0.12262038073908177,0.00615901455767065,2025H2
300047,2025-10-09,3,bull,none,pullback_holds,current_week,-0.0018461538461539417,-0.046769230769230785,-0.01723076923076916,-0.07938461538461539,0.0036923076923076614,2025H2
300047,2025-10-27,0,bull,none,pullback_holds,current_week,0.055766793409378845,0.0012674271229404788,-0.06147021546261089,-0.02344740177439808,0.0583016476552598,2025H2
300047,2025-10-28,1,bull,none,pullback_holds,current_week,0.025867507886435437,-0.010094637223974745,-0.05741324921135649,-0.027760252365930604,0.05362776025236582,2025H2
300047,2025-10-29,2,bull,none,pullback_holds,current_week,0.03126994256541171,-0.02425015954052323,-0.0631780472239949,-0.0312699425654116,0.06573069559668143,2025H2
300047,2025-10-30,3,bull,none,pullback_holds,current_week,0.02700964630225089,-0.013504823151125445,-0.06559485530546616,-0.023794212218649635,0.07395498392282951,2025H2
300047,2025-10-31,4,bull,none,two_day_acceleration,current_week,-0.04115479115479115,-0.07862407862407872,-0.098894348894349,-0.07862407862407872,0.025798525798525596,2025H2
300047,2025-11-18,1,mid,none,pullback_holds,current_week,-0.0311284046692607,-0.05317769130998706,-0.20946822308690016,-0.07911802853437089,0.004539559014267169,2025H2
300047,2025-12-01,0,mid,none,pullback_holds,current_week,-0.01412239408204441,-0.17148621385339613,-0.16610625420309355,-0.19166106254203097,0.0,2025H2
300047,2025-12-08,0,bull,none,pullback_holds,current_week,-0.15034482758620693,-0.15655172413793106,-0.1110344827586206,-0.18620689655172407,0.01379310344827589,2025H2
000751,2023-11-14,1,mid,none,pullback_holds,current_week,0.01840490797546024,0.012269938650306678,-0.00920245398773012,-0.0030674846625767804,0.021472392638036686,2023H2
000751,2023-11-17,4,mid,none,shrinking_volume_acceleration,current_week,-0.00909090909090915,-0.00303030303030305,-0.02121212121212135,-0.02121212121212135,0.012121212121211977,2023H2
000751,2025-07-01,1,bull,ma_bull,shrinking_volume_acceleration,current_week,0.01904761904761898,0.041269841269841345,0.08888888888888902,0.0,0.07301587301587298,2025H2
000751,2025-07-02,2,bull,ma_bull,two_day_acceleration,current_week,-0.006249999999999978,0.012499999999999956,0.06562500000000004,-0.01562500000000011,0.05624999999999991,2025H2
000751,2025-08-13,2,bull,ma_bull,pullback_holds,current_week,0.01744186046511631,0.014534883720930258,0.06976744186046524,-0.029069767441860517,0.05523255813953476,2025H2
000751,2025-08-20,2,bull,ma_bull,two_day_acceleration,current_week,-0.005698005698005715,0.02564102564102555,0.07977207977207978,-0.04558404558404561,0.0940170940170939,2025H2
000751,2025-08-22,4,bull,ma_bull,pullback_holds,current_week,0.008571428571428674,0.02285714285714291,0.005714285714285783,-0.042857142857142816,0.0971428571428572,2025H2
000751,2025-09-05,4,bull,ma_bull,shrinking_volume_acceleration,current_week,0.07182320441988943,-0.027624309392265234,0.11325966850828739,-0.03314917127071826,0.09392265193370153,2025H2
000751,2025-10-13,0,bull,ma_bull,two_day_acceleration,current_week,-0.06763285024154586,-0.05555555555555547,0.0,-0.09178743961352642,0.06038647342995174,2025H2
000751,2025-11-03,0,bull,ma_bull,pullback_holds,current_week,0.05343511450381677,0.09414758269720092,0.020356234096692072,-0.027989821882951627,0.1475826972010177,2025H2
000751,2025-11-04,1,bull,ma_bull,pullback_holds,current_week,0.07792207792207795,0.05714285714285716,0.025974025974025983,-0.007792207792207795,0.17142857142857126,2025H2
000751,2025-11-05,2,bull,ma_bull,pullback_holds,current_week,0.04785894206549113,0.08312342569269515,0.005037783375314797,-0.010075566750629705,0.13602015113350108,2025H2
000751,2025-11-13,3,bull,ma_bull,two_day_acceleration,current_week,0.0,-0.07398568019093088,-0.07398568019093088,-0.12649164677804303,0.07637231503579933,2025H2
000751,2026-01-05,0,bull,ma_bull,shrinking_volume_acceleration,current_week,0.05048076923076916,0.21153846153846145,0.4879807692307694,0.0,0.2764423076923077,2026H1
000751,2026-04-10,4,mid,none,pullback_holds,current_week,0.09280303030303028,0.23863636363636354,0.20265151515151514,-0.0037878787878788955,0.2954545454545454,2026H1
000751,2026-04-13,0,mid,none,pullback_holds,current_week,0.08872458410351203,0.15341959334565614,0.13678373382624764,-0.027726432532347522,0.2643253234750462,2026H1
000751,2026-04-14,1,mid,none,pullback_holds,current_week,0.0492700729927007,0.08211678832116776,0.062043795620437825,-0.04014598540145997,0.24817518248175174,2026H1
000751,2026-06-02,1,mid,none,two_day_acceleration,current_week,-0.137546468401487,-0.02230483271375472,0.15241635687732358,-0.17472118959107796,0.04275092936802971,2026H1
000751,2026-07-01,2,bull,none,shrinking_volume_acceleration,current_week,-0.20263591433278427,-0.2454695222405272,-0.2652388797364086,-0.27182866556836904,0.01976935749588149,2026H2
300420,2023-09-11,0,mid,none,pullback_holds,current_week,0.00328947368421062,0.00328947368421062,-0.003289473684210509,-0.02960526315789469,0.016447368421052655,2023H2
300420,2023-09-12,1,mid,none,pullback_holds,current_week,-0.013114754098360715,0.006557377049180246,-0.01967213114754096,-0.032786885245901676,0.013114754098360493,2023H2
300420,2023-09-18,0,mid,none,pullback_holds,current_week,0.00328947368421062,0.019736842105263275,-0.03947368421052633,-0.02631578947368418,0.03289473684210531,2023H2
300420,2023-09-19,1,mid,none,pullback_holds,current_week,0.023333333333333428,0.026666666666666616,-0.00666666666666671,-0.013333333333333308,0.046666666666666634,2023H2
300420,2023-11-13,0,mid,none,two_day_acceleration,current_week,0.06209150326797386,0.10784313725490202,0.02287581699346397,-0.006535947712418277,0.1568627450980391,2023H2
300420,2023-11-14,1,mid,none,pullback_holds,current_week,0.03583061889250816,0.11074918566775249,0.03257328990227992,-0.009771986970684154,0.15309446254071646,2023H2
300420,2025-03-18,1,bull,macd_cross,pullback_holds,current_week,-0.057575757575757724,-0.10909090909090913,-0.18484848484848493,-0.12727272727272743,0.06363636363636371,2025H1
300420,2025-03-19,2,bull,macd_cross,two_day_acceleration,current_week,-0.05357142857142849,-0.125,-0.15773809523809523,-0.1428571428571429,0.044642857142857206,2025H1
300420,2025-03-20,3,bull,macd_cross,two_day_acceleration,current_week,-0.09037900874635574,-0.14577259475218662,-0.1690962099125365,-0.16034985422740533,0.020408163265306145,2025H1
300420,2025-03-21,4,mid,macd_cross,pullback_holds,current_week,-0.09792284866468848,-0.2937685459940653,-0.1602373887240356,-0.3056379821958458,0.0029673590504450953,2025H1
300420,2025-04-25,4,mid,none,two_day_acceleration,current_week,0.1433333333333333,0.1233333333333333,0.21999999999999997,-0.0033333333333332993,0.16666666666666674,2025H1
300420,2025-05-20,1,bull,ma_bull,shrinking_volume_acceleration,current_week,-0.04210526315789476,-0.10263157894736841,-0.12631578947368416,-0.14473684210526316,0.007894736842105177,2025H1
300420,2025-06-09,0,bull,ma_bull,shrinking_volume_acceleration,current_week,-0.028735632183908066,-0.07471264367816088,-0.02011494252873558,-0.10632183908045978,0.02011494252873569,2025H1
300420,2025-06-24,1,bull,none,two_day_acceleration,current_week,0.030120481927710774,0.04216867469879504,0.06024096385542155,-0.015060240963855498,0.06325301204819267,2025H1
300420,2025-06-25,2,bull,none,pullback_holds,current_week,0.027272727272727337,0.039393939393939315,0.04848484848484835,-0.00909090909090915,0.06969696969696959,2025H1
300420,2025-06-26,3,bull,none,pullback_holds,current_week,0.051204819277108404,0.03614457831325302,0.05722891566265065,-0.0060240963855421326,0.06325301204819267,2025H1
300420,2025-06-27,4,bull,none,pullback_holds,current_week,0.017857142857142794,0.023809523809523725,0.0535714285714286,-0.011904761904761751,0.05059523809523814,2025H1
300420,2025-06-30,0,bull,macd_cross,two_day_acceleration,current_week,-0.014450867052023031,0.0,0.028901734104046284,-0.03179190751445082,0.020231213872832443,2025H1
300420,2025-07-02,2,bull,macd_stabilizing,pullback_holds,current_week,0.01479289940828421,-0.002958579881656709,0.047337278106508895,-0.020710059171597628,0.04437869822485219,2025H2
300420,2025-07-14,0,bull,none,pullback_holds,current_week,0.02608695652173898,0.03188405797101446,0.188405797101449,-0.04057971014492756,0.04347826086956519,2025H2
300420,2025-07-21,0,bull,ma_bull,two_day_acceleration,current_week,-0.0028011204481793728,0.09523809523809512,0.134453781512605,-0.03361344537815125,0.10364145658263291,2025H2
300420,2025-08-01,4,bull,ma_bull,two_day_acceleration,current_week,0.1270718232044199,0.1325966850828728,0.18232044198895037,-0.0055248618784530246,0.19889502762430933,2025H2
300420,2025-08-19,1,bull,ma_bull,shrinking_volume_acceleration,current_week,0.09200968523002429,0.02421307506053272,0.09927360774818417,-0.014527845036319542,0.1767554479418887,2025H2
300420,2025-08-20,2,bull,ma_bull,two_day_acceleration,current_week,0.04952830188679247,-0.03301886792452846,0.04009433962264142,-0.04009433962264153,0.14622641509433953,2025H2
300420,2025-09-17,2,bull,ma_bull,pullback_holds,current_week,-0.052154195011338,-0.05668934240362811,-0.09070294784580502,-0.09297052154195018,0.04761904761904767,2025H2
300420,2025-09-18,3,mid,ma_bull,pullback_holds,current_week,-0.0927152317880795,-0.10154525386313462,-0.11037527593818985,-0.11699779249448128,0.011037527593819041,2025H2
300420,2025-10-09,3,bull,none,pullback_holds,current_week,-0.03623188405797084,-0.03140096618357491,0.012077294685990614,-0.06763285024154586,0.0024154589371983004,2025H2
300420,2025-10-22,2,bull,none,pullback_holds,current_week,0.004987531172069959,0.05985037406483795,0.012468827930174786,-0.01995012468827917,0.06982543640897765,2025H2
300420,2025-10-23,3,bull,none,pullback_holds,current_week,-0.014962593516209433,0.04488778054862852,0.009975062344139696,-0.01995012468827917,0.06982543640897765,2025H2
300420,2025-10-27,0,bull,none,pullback_holds,current_week,-0.007317073170731603,0.02682926829268295,-0.046341463414634076,-0.04146341463414627,0.04634146341463419,2025H2
300420,2025-11-03,0,bull,none,two_day_acceleration,current_week,0.03694581280788167,0.04433497536945796,0.03201970443349755,-0.017241379310344862,0.056650246305418595,2025H2
300420,2025-11-04,1,bull,none,pullback_holds,current_week,0.04499999999999993,0.03249999999999997,0.04499999999999993,-0.0024999999999999467,0.07250000000000001,2025H2
300420,2025-11-17,0,mid,ma_bull,two_day_acceleration,current_week,-0.0756501182033098,-0.009456264775413725,-0.06855791962174951,-0.09219858156028382,0.0,2025H2
300420,2025-12-01,0,mid,none,two_day_acceleration,current_week,0.01918465227817756,-0.05515587529976018,-0.05515587529976018,-0.05995203836930452,0.062350119904076795,2025H2
300420,2025-12-08,0,bull,none,two_day_acceleration,current_week,-0.06635071090047384,-0.05213270142180093,-0.011848341232227444,-0.08767772511848337,0.004739336492891155,2025H2
300420,2025-12-09,1,mid,none,pullback_holds,current_week,-0.0626506024096386,-0.04337349397590362,-0.004819277108433884,-0.07228915662650603,0.004819277108433662,2025H2
300420,2025-12-31,2,bull,none,pullback_holds,current_week,0.05025125628140703,0.07035175879396971,0.03015075376884413,-0.007537688442211032,0.14321608040200995,2025H2
300420,2026-01-06,1,bull,none,pullback_holds,current_week,0.08706467661691542,0.06965174129353224,0.00995024875621886,-0.017412935323383172,0.1318407960199004,2026H1
300420,2026-02-09,0,bull,ma_bull,pullback_holds,current_week,0.014634146341463428,-0.04146341463414627,-0.03658536585365846,-0.04390243902439017,0.043902439024390505,2026H1
300420,2026-02-10,1,bull,ma_bull,shrinking_volume_acceleration,current_week,0.014563106796116498,-0.03883495145631066,-0.03398058252427183,-0.06310679611650494,0.03883495145631066,2026H1
300420,2026-02-11,2,bull,ma_bull,pullback_holds,current_week,0.02644230769230771,-0.024038461538461453,-0.07211538461538469,-0.07211538461538469,0.028846153846153966,2026H1
300420,2026-02-12,3,bull,ma_bull,pullback_holds,current_week,0.02898550724637694,-0.016908212560386326,-0.10386473429951681,-0.06763285024154586,0.0338164251207731,2026H1
300420,2026-02-13,4,mid,ma_bull,pullback_holds,current_week,-0.011961722488038284,-0.023923444976076458,-0.16746411483253587,-0.07655502392344493,0.02392344497607679,2026H1
300420,2026-02-25,2,bull,ma_bull,pullback_holds,current_week,-0.05035971223021585,-0.011990407673860837,-0.11990407673860914,-0.07434052757793763,0.026378896882494063,2026H1
300420,2026-02-26,3,bull,ma_bull,two_day_acceleration,current_week,-0.04470588235294104,-0.04941176470588238,-0.1505882352941177,-0.09176470588235297,0.007058823529411784,2026H1
300420,2026-03-09,0,mid,none,pullback_holds,current_week,-0.02195121951219514,-0.15121951219512186,-0.14390243902439015,-0.16097560975609748,0.019512195121951237,2026H1
300420,2026-03-10,1,bull,macd_stabilizing,two_day_acceleration,current_week,-0.050480769230769273,-0.13461538461538458,-0.12259615384615385,-0.17307692307692313,0.004807692307692291,2026H1
300420,2026-03-11,2,bull,none,pullback_holds,current_week,-0.03398058252427183,-0.10922330097087385,-0.13592233009708743,-0.16504854368932043,0.00728155339805836,2026H1
301276,2025-08-11,0,bull,ma_bull,shrinking_volume_acceleration,current_week,-0.032697547683923744,-0.07940833008952897,-0.09887115609186448,-0.08719346049046328,0.01284546516154128,2025H2
301276,2025-08-12,1,bull,ma_bull,pullback_holds,current_week,0.0035615354174911573,-0.06687772061733277,-0.11792639493470525,-0.07479224376731308,0.029679461812425867,2025H2
301276,2025-09-05,4,bull,ma_bull,shrinking_volume_acceleration,current_week,-0.009751773049645363,-0.04565602836879423,-0.07269503546099276,-0.055851063829787106,0.049645390070921946,2025H2
301276,2025-09-08,0,bull,ma_bull,two_day_acceleration,current_week,0.007778738115816752,-0.07908383751080383,-0.10630942091616258,-0.08167675021607612,0.023336214347450257,2025H2
301276,2025-09-17,2,bull,none,pullback_holds,current_week,0.009734513274336276,-0.07345132743362837,-0.05530973451327437,-0.08805309734513278,0.04867256637168138,2025H2
301276,2025-11-05,2,bull,none,shrinking_volume_acceleration,current_week,0.03488372093023262,0.03581395348837213,0.12511627906976752,-0.019069767441860508,0.07255813953488377,2025H2
301276,2025-11-19,2,mid,none,pullback_holds,current_week,0.03555555555555556,0.07511111111111113,0.09155555555555561,-0.04399999999999993,0.08533333333333348,2025H2
301276,2025-12-24,2,bull,ma_bull,shrinking_volume_acceleration,current_week,0.049719887955181896,-0.008053221288515378,0.0021008403361344463,-0.0353641456582634,0.08473389355742289,2025H2
301276,2025-12-25,3,bull,ma_bull,two_day_acceleration,current_week,-0.02382550335570477,-0.03422818791946303,-0.06073825503355701,-0.07550335570469802,0.039597315436241676,2025H2
301276,2026-02-04,2,mid,ma_bull,two_day_acceleration,current_week,-0.07277628032345018,-0.11118598382749334,-0.08760107816711582,-0.11590296495956864,0.009097035040431356,2026H1
301276,2026-03-09,0,mid,none,pullback_holds,current_week,-0.02629543696829073,-0.1589327146171694,-0.11252900232018559,-0.18793503480278417,0.10015467904098996,2026H1
301276,2026-03-10,1,bull,none,shrinking_volume_acceleration,current_week,-0.05034324942791746,-0.13081617086193742,-0.09801678108314249,-0.1990846681922196,0.08504958047292144,2026H1
301276,2026-03-13,4,mid,none,pullback_holds,current_week,-0.13149047441165485,-0.11430706014194991,-0.10571535300709745,-0.21553978333955914,0.0,2026H1
301276,2026-04-08,2,mid,none,two_day_acceleration,current_week,0.021347844286312423,0.11218082879866054,0.15529510255336954,-0.03725408120552531,0.12683131017161986,2026H1
301276,2026-04-09,3,mid,none,pullback_holds,current_week,0.07155098543273364,0.14610111396743797,0.13753213367609263,-0.005141388174807249,0.17266495287060835,2026H1
301276,2026-04-10,4,mid,none,pullback_holds,current_week,0.06766595289079214,0.145610278372591,0.13875802997858666,-0.005567451820128633,0.17216274089935757,2026H1
301276,2026-04-13,0,mid,none,two_day_acceleration,current_week,0.06566290255123386,0.08197406942701813,0.10163111668757852,-0.010037641154328703,0.14470932664157266,2026H1
301276,2026-04-15,2,mid,none,two_day_acceleration,current_week,0.08938089380893799,0.10537105371053701,0.055350553505535194,-0.013940139401394047,0.12218122181221824,2026H1
301276,2026-04-16,3,mid,none,two_day_acceleration,current_week,0.0742971887550199,0.09558232931726907,0.032530120481927716,-0.015261044176706928,0.10240963855421681,2026H1
301276,2026-04-20,0,bull,none,two_day_acceleration,current_week,0.012128325508607096,0.007433489827855855,0.022691705790297334,-0.017996870109546204,0.07981220657277,2026H1
301276,2026-04-21,1,bull,none,two_day_acceleration,current_week,0.016116653875671405,-0.005755947812739914,-0.020337682271680757,-0.018802762854950195,0.05909439754412893,2026H1
301276,2026-05-13,2,bull,none,pullback_holds,current_week,-0.03216155572176527,-0.09498878085265527,-0.1604338070306658,-0.11705310396409885,0.016828721017202675,2026H1
301276,2026-05-14,3,bull,none,pullback_holds,current_week,-0.020239880059970017,-0.07308845577211387,-0.13755622188905536,-0.11506746626686659,0.01911544227886064,2026H1
301276,2026-05-15,4,bull,none,pullback_holds,current_week,-0.0547945205479452,-0.04850055534987052,-0.03258052573121073,-0.12587930396149583,0.0066641984450204195,2026H1
603885,2023-03-17,4,mid,ma_bull,shrinking_volume_acceleration,current_week,-0.05771428571428561,0.027428571428571358,0.08971428571428564,-0.07485714285714273,0.037142857142857366,2023H1
603885,2023-04-07,4,bull,ma_bull,shrinking_volume_acceleration,current_week,-0.034979423868312765,-0.0668724279835391,-0.1260288065843621,-0.07921810699588472,0.028806584362139898,2023H1
603885,2023-05-05,4,bull,ma_bull,pullback_holds,current_week,-0.07799442896935926,-0.07520891364902493,-0.147075208913649,-0.09860724233983287,0.0,2023H1
603885,2023-05-15,0,mid,none,shrinking_volume_acceleration,current_week,-0.02121390689451974,-0.06894519740718907,-0.08131997642899225,-0.09133765468473776,0.0023571007660578847,2023H1
603885,2023-05-22,0,mid,none,pullback_holds,current_week,-0.04300423985463364,-0.07510599636583903,-0.0066626287098729975,-0.10539067231980626,0.015748031496062964,2023H1
603885,2023-06-13,1,mid,none,pullback_holds,current_week,0.024809160305343525,-0.020356234096692183,0.06424936386768443,-0.040712468193384255,0.0636132315521627,2023H1
603885,2023-06-15,3,mid,none,shrinking_volume_acceleration,current_week,-0.018867924528301883,0.040251572327044016,0.049056603773584895,-0.051572327044025146,0.0641509433962264,2023H1
603885,2023-06-19,0,mid,none,two_day_acceleration,current_week,-0.02385321100917437,0.02752293577981657,0.03425076452599374,-0.07767584097859337,0.042813455657492394,2023H1
603885,2023-07-27,3,mid,macd_cross,shrinking_volume_acceleration,current_week,-0.013430330162283233,-0.003917179630665957,-0.10464465584778959,-0.06491326245103524,0.05651930609960809,2023H2
603885,2023-07-28,4,bull,macd_cross,two_day_acceleration,current_week,-0.06280991735537189,-0.01597796143250707,-0.12396694214876036,-0.07933884297520666,0.040220385674931025,2023H2
603885,2025-05-15,3,bull,none,shrinking_volume_acceleration,current_week,0.026435045317220407,0.06948640483383683,0.024169184290030232,-0.03549848942598188,0.08987915407854974,2025H1
603885,2025-05-21,2,bull,none,two_day_acceleration,current_week,0.06666666666666665,0.03370786516853941,-0.011235955056179692,-0.0037453183520598232,0.08089887640449445,2025H1
603885,2025-05-23,4,bull,none,pullback_holds,current_week,0.039581777445855115,0.05227781926811037,-0.025392083644510843,-0.004480955937266606,0.07766990291262132,2025H1
603885,2025-05-28,2,mid,ma_bull,shrinking_volume_acceleration,current_week,-0.026798307475317307,-0.009873060648801002,-0.0437235543018335,-0.0599435825105783,0.021156558533145242,2025H1
603885,2025-09-17,2,bull,macd_cross,two_day_acceleration,current_week,-0.008142116950407119,0.014063656550703296,0.024426350851221246,-0.025906735751295318,0.0177646188008882,2025H2
603885,2025-09-19,4,mid,macd_cross,shrinking_volume_acceleration,current_week,0.009651076466221209,-0.018559762435040872,-0.0007423904974016571,-0.02152932442464739,0.031922791388270255,2025H2
603885,2025-11-12,2,bull,ma_bull,two_day_acceleration,current_week,-0.050000000000000044,-0.13783783783783787,-0.08918918918918917,-0.16216216216216217,0.020270270270270174,2025H2
603885,2026-01-06,1,bull,ma_bull,two_day_acceleration,current_week,-0.023606557377049198,0.01704918032786873,-0.03147540983606556,-0.05508196721311476,0.02622950819672143,2026H1
603885,2026-01-09,4,bull,ma_bull,shrinking_volume_acceleration,current_week,-0.016000000000000014,0.04733333333333345,0.024666666666666837,-0.03933333333333333,0.06466666666666665,2026H1
603885,2026-01-22,3,bull,ma_bull,two_day_acceleration,current_week,-0.03703703703703709,-0.016602809706257937,-0.10727969348659006,-0.0868454661558109,0.011494252873563093,2026H1
688670,2025-11-05,2,bull,ma_bull,two_day_acceleration,current_week,0.23059866962305997,0.38747228381374743,0.6906873614190687,-0.04046563192904662,0.6513303769401331,2025H2
688670,2026-01-07,2,bull,none,pullback_holds,current_week,0.04852521408182686,-0.022359657469076977,-0.04281636536631772,-0.032350142721217834,0.098001902949572,2026H1
688670,2026-01-08,3,bull,none,pullback_holds,current_week,0.001427212178877424,-0.021883920076118057,-0.04709800190294955,-0.032350142721217834,0.098001902949572,2026H1
688670,2026-01-09,4,bull,none,two_day_acceleration,current_week,-0.03477051460361613,-0.023180343069077458,-0.05424200278164104,-0.057023643949930425,0.07000463606861396,2026H1
688670,2026-01-12,0,bull,none,shrinking_volume_acceleration,current_week,-0.025206232813932195,0.15857011915673702,-0.06324472960586613,-0.0678276810265811,0.15857011915673702,2026H1
688670,2026-03-10,1,bull,none,shrinking_volume_acceleration,current_week,-0.05864037363777885,-0.10482615464452516,-0.06798131811105335,-0.1639854696419305,0.0015568240788792487,2026H1
688670,2026-03-16,0,mid,none,pullback_holds,current_week,-0.11868958109559613,-0.058002148227712214,-0.057465091299677806,-0.13480128893662735,0.005370569280343629,2026H1
688670,2026-04-09,3,mid,none,pullback_holds,current_week,0.021801491681009644,-0.032128514056224855,0.07343660355708548,-0.03843947217441179,0.0304073436603558,2026H1
688670,2026-04-10,4,mid,none,pullback_holds,current_week,0.0005668934240363743,-0.036848072562358225,0.09863945578231292,-0.06065759637188206,0.018140589569161092,2026H1
688670,2026-04-15,2,mid,none,pullback_holds,current_week,-0.029994340690435828,0.00339558573853993,0.09677419354838701,-0.06225240520656483,0.022637238256932646,2026H1
688670,2026-04-16,3,mid,none,two_day_acceleration,current_week,-0.05648769574944057,0.0022371364653246406,0.13534675615212532,-0.07326621923937349,0.01957494407158844,2026H1
688670,2026-04-17,4,mid,none,pullback_holds,current_week,-0.04065499717673626,0.03670242800677581,0.14850367024280064,-0.0643704121964992,0.05872388481084134,2026H1
688670,2026-04-28,1,bull,none,pullback_holds,current_week,0.08705745792222874,0.13290771909460242,-0.03946604759141026,0.0,0.24840394660475917,2026H1
688670,2026-04-29,2,bull,none,shrinking_volume_acceleration,current_week,0.12107623318385641,0.08632286995515681,-0.049887892376681675,-0.009529147982062725,0.20571748878923768,2026H1
600366,2025-03-04,1,mid,ma_bull,shrinking_volume_acceleration,current_week,-0.007743362831858391,-0.03318584070796471,-0.0995575221238938,-0.053097345132743445,0.028761061946902533,2025H1
600366,2025-03-05,2,bull,ma_bull,pullback_holds,current_week,-0.00553097345132747,-0.017699115044247815,-0.09292035398230103,-0.053097345132743445,0.028761061946902533,2025H1
600366,2025-03-06,3,bull,ma_bull,pullback_holds,current_week,-0.03559510567296997,-0.028921023359288034,-0.09121245828698554,-0.04783092324805338,0.034482758620689724,2025H1
600366,2025-05-09,4,bull,none,shrinking_volume_acceleration,current_week,0.014652014652014822,-0.028083028083027983,0.05494505494505497,-0.030525030525030417,0.05860805860805862,2025H1
600366,2025-05-14,2,bull,none,shrinking_volume_acceleration,current_week,-0.029761904761904767,-0.06547619047619047,0.2583333333333333,-0.06785714285714284,0.011904761904761862,2025H1
600366,2025-06-03,1,bull,none,shrinking_volume_acceleration,current_week,0.1162196679438059,0.5083014048531291,0.4367816091954022,0.0,0.6168582375478928,2025H1
600366,2025-06-04,2,bull,none,two_day_acceleration,current_week,0.19527363184079571,0.322139303482587,0.34203980099502473,-0.004975124378109541,0.5746268656716416,2025H1
600366,2025-07-03,3,bull,ma_bull,shrinking_volume_acceleration,current_week,0.07488584474885829,0.04840182648401825,0.0858447488584475,-0.05022831050228316,0.1753424657534246,2025H2
600366,2025-08-25,0,bull,ma_bull,two_day_acceleration,current_week,-0.01286549707602358,-0.1058479532163743,-0.15614035087719302,-0.1578947368421053,0.04035087719298236,2025H2
600366,2025-10-29,2,bull,none,pullback_holds,current_week,-0.03453136011275537,-0.0725863284002819,-0.08386187455954897,-0.08104298801973209,0.04228329809725162,2025H2
600366,2025-10-30,3,bull,none,two_day_acceleration,current_week,-0.05551747772446869,-0.07539410555174775,-0.1110349554489376,-0.10623714873200818,0.0020562028786841324,2025H2
600366,2025-10-31,4,bull,none,pullback_holds,current_week,-0.03309859154929584,-0.06338028169014087,-0.07746478873239449,-0.08169014084507042,0.0007042253521125641,2025H2
600366,2025-12-01,0,mid,none,pullback_holds,current_week,0.09323308270676689,0.03834586466165413,0.045864661654135386,-0.045112781954887216,0.13157894736842102,2025H2
600366,2025-12-22,0,bull,none,pullback_holds,current_week,0.007241129616220032,0.04634322954380887,0.04561911658218665,-0.013758146270818172,0.06444605358435918,2025H2
600366,2026-01-05,0,bull,none,pullback_holds,current_week,0.06379928315412187,0.04587813620071679,-0.04444444444444451,-0.0028673835125448965,0.07311827956989236,2026H1
600366,2026-01-06,1,bull,none,pullback_holds,current_week,0.0034965034965033226,0.007692307692307665,-0.021678321678321733,-0.020979020979021046,0.04685314685314679,2026H1
600366,2026-01-07,2,bull,none,two_day_acceleration,current_week,-0.0062937062937062915,0.009790209790209614,-0.027972027972028024,-0.020979020979021046,0.04685314685314679,2026H1
600366,2026-01-09,4,bull,none,two_day_acceleration,current_week,-0.014915254237288011,0.0115254237288136,-0.09898305084745751,-0.05084745762711862,0.013559322033898313,2026H1
600366,2026-01-23,4,bull,none,two_day_acceleration,current_week,-0.056704469646430944,-0.11340893929286189,-0.008005336891260817,-0.13609072715143422,0.0807204803202135,2026H1
600366,2026-02-10,1,bull,ma_bull,pullback_holds,current_week,0.07193732193732183,-0.014245014245014342,-0.09900284900284906,-0.037749287749287874,0.08547008547008539,2026H1
600366,2026-02-11,2,bull,ma_bull,pullback_holds,current_week,0.03881439661256181,-0.0388143966125617,-0.14890613973182776,-0.0465772759350741,0.07551164431898383,2026H1
600366,2026-02-12,3,bull,ma_bull,two_day_acceleration,current_week,0.04903314917127055,-0.06629834254143652,-0.18508287292817682,-0.07251381215469621,0.05248618784530379,2026H1
300259,2025-04-21,0,mid,none,two_day_acceleration,current_week,0.021406727828746197,0.08868501529051986,0.07033639143730896,0.0,0.08868501529051986,2025H1
300259,2025-04-22,1,mid,none,pullback_holds,current_week,0.009009009009008917,0.06306306306306309,0.027027027027026973,-0.009009009009008917,0.0780780780780781,2025H1
300259,2025-04-23,2,mid,none,two_day_acceleration,current_week,0.0,0.04424778761061954,0.020648967551622377,-0.02654867256637161,0.05899705014749257,2025H1
300259,2025-04-25,4,mid,none,shrinking_volume_acceleration,current_week,0.029498525073746285,0.026548672566371723,0.020648967551622377,-0.02654867256637161,0.05899705014749257,2025H1
300259,2025-05-06,1,mid,none,two_day_acceleration,current_week,0.008620689655172376,0.03735632183908044,-0.002873563218390718,-0.011494252873563204,0.07183908045977017,2025H1
300259,2025-05-08,3,bull,none,two_day_acceleration,current_week,-0.028089887640449507,-0.016853932584269704,-0.0252808988764045,-0.03370786516853941,0.047752808988763995,2025H1
300259,2025-05-19,0,bull,none,pullback_holds,current_week,-0.02259887005649719,-0.025423728813559254,-0.03389830508474578,-0.03672316384180785,0.053672316384180796,2025H1
300259,2025-05-20,1,bull,none,two_day_acceleration,current_week,-0.036111111111111094,-0.036111111111111094,-0.050000000000000044,-0.05277777777777781,0.002777777777777768,2025H1
300259,2025-05-22,3,bull,none,pullback_holds,current_week,0.0028571428571428914,-0.008571428571428563,-0.042857142857142816,-0.02571428571428569,0.008571428571428674,2025H1
300259,2025-08-04,0,bull,ma_bull,pullback_holds,current_week,0.029490616621983934,0.01608579088471851,0.04825737265415553,-0.013404825737265313,0.03217158176943702,2025H2
300259,2025-08-08,4,bull,ma_bull,shrinking_volume_acceleration,current_week,-0.00793650793650802,0.050264550264550234,0.01851851851851838,-0.02645502645502651,0.06613756613756605,2025H2
300259,2025-08-11,0,bull,ma_bull,two_day_acceleration,current_week,-0.01558441558441559,0.03896103896103886,0.01298701298701288,-0.04415584415584417,0.07012987012987004,2025H2
300259,2025-08-13,2,bull,ma_bull,pullback_holds,current_week,0.018421052631578894,0.015789473684210353,0.013157894736842035,-0.03157894736842104,0.08421052631578951,2025H2
300259,2025-08-18,0,bull,ma_bull,pullback_holds,current_week,0.04986876640419946,0.026246719160105014,0.0209973753280841,-0.02099737532808399,0.08136482939632539,2025H2
300259,2025-08-22,4,bull,ma_bull,two_day_acceleration,current_week,-0.042183622828784184,-0.04466501240694798,-0.042183622828784184,-0.07940446650124078,0.022332506203473823,2025H2
300259,2025-09-08,0,bull,ma_bull,pullback_holds,current_week,-0.005115089514066473,0.010230179028132946,-0.010230179028132946,-0.028132992327365658,0.04603580562659837,2025H2
300259,2025-09-22,0,mid,ma_bull,shrinking_volume_acceleration,current_week,-0.022727272727272707,-0.022727272727272707,0.007575757575757569,-0.058080808080808066,0.002525252525252597,2025H2
300259,2025-09-23,1,mid,ma_bull,pullback_holds,current_week,0.0025839793281652312,0.010335917312661591,0.015503875968992276,-0.03100775193798455,0.025839793281653867,2025H2
300259,2025-09-24,2,bull,ma_bull,pullback_holds,current_week,-0.0025510204081632404,-0.012755102040816313,0.025510204081632848,-0.04336734693877553,0.012755102040816313,2025H2
300259,2025-10-09,3,bull,ma_bull,pullback_holds,current_week,-0.007692307692307665,0.023076923076923217,0.3025641025641026,-0.038461538461538436,0.023076923076923217,2025H2
300259,2025-10-10,4,bull,ma_bull,two_day_acceleration,current_week,-0.023316062176165775,0.03886010362694292,0.28756476683937815,-0.02849740932642486,0.041450777202072686,2025H2
300259,2025-12-26,4,bull,ma_bull,pullback_holds,current_week,0.03409090909090895,0.06363636363636349,0.06363636363636349,-0.015909090909090984,0.09090909090909083,2025H2
300259,2025-12-31,2,bull,none,two_day_acceleration,current_week,0.03153153153153143,0.06981981981981966,0.072072072072072,0.0,0.09684684684684686,2025H2
300259,2026-01-05,0,bull,none,two_day_acceleration,current_week,0.034858387799564294,0.034858387799564294,0.02178649237472774,-0.023965141612200314,0.061002178649237626,2026H1
300259,2026-01-09,4,bull,none,two_day_acceleration,current_week,0.030368763557483636,0.03687635574837311,0.045553145336225676,-0.02819956616052055,0.058568329718004186,2026H1
300259,2026-01-20,1,bull,ma_bull,shrinking_volume_acceleration,current_week,-0.008474576271186418,0.0,0.021186440677966267,-0.040254237288135486,0.025423728813559254,2026H1
300259,2026-02-06,4,mid,ma_bull,shrinking_volume_acceleration,current_week,-0.03901437371663252,-0.01642710472279263,0.04106776180698146,-0.03901437371663252,0.02053388090349073,2026H1
300259,2026-02-25,2,bull,ma_bull,pullback_holds,current_week,-0.03112033195020758,0.09336099585062252,-0.008298755186721962,-0.06224066390041494,0.09958506224066377,2026H1
300259,2026-02-26,3,bull,ma_bull,two_day_acceleration,current_week,0.016393442622950838,0.05532786885245922,-0.040983606557377095,-0.07377049180327855,0.08606557377049184,2026H1
300259,2026-03-10,1,bull,ma_bull,two_day_acceleration,current_week,-0.02161100196463639,-0.07465618860510803,-0.08055009823182713,-0.13163064833005889,0.04911591355599221,2026H1
300259,2026-04-09,3,mid,none,pullback_holds,current_week,0.054229934924078016,-0.02386117136659438,-0.041214750542299394,-0.03253796095444694,0.07592190889370931,2026H1
300259,2026-04-10,4,mid,none,shrinking_volume_acceleration,current_week,0.060869565217391175,-0.026086956521739202,0.08478260869565202,-0.04565217391304366,0.07826086956521716,2026H1
300259,2026-04-16,3,mid,none,shrinking_volume_acceleration,current_week,-0.07216494845360832,-0.08041237113402078,0.42268041237113385,-0.09690721649484546,0.01855670103092777,2026H1
300259,2026-05-07,3,bull,none,pullback_holds,current_week,0.11777777777777776,0.45777777777777784,0.1888888888888891,-0.02444444444444449,0.568888888888889,2026H1
300259,2026-05-08,4,bull,none,pullback_holds,current_week,0.17333333333333334,0.6599999999999999,0.3600000000000001,-0.02444444444444449,0.6666666666666667,2026H1
300259,2026-08-05,2,mid,none,two_day_acceleration,current_week,0.0926829268292686,-0.03414634146341455,0.06341463414634174,-0.03902439024390236,0.1634146341463416,2026H2
300259,2026-09-08,1,mid,none,pullback_holds,current_week,-0.10383747178329561,,,-0.10609480812641081,0.004514672686230403,2026H2
688381,2025-06-16,0,bull,none,shrinking_volume_acceleration,current_week,-0.02066314271984626,0.04084574723690548,0.04997597308986079,-0.05189812590100906,0.04180682364247956,2025H1
688381,2025-06-23,0,bull,none,pullback_holds,current_week,0.058651026392961825,0.03421309872922773,0.13587487781036178,-0.0019550342130987275,0.07233626588465292,2025H1
688381,2025-06-24,1,bull,none,two_day_acceleration,current_week,0.027553444180522524,0.028028503562945284,0.0916864608076009,-0.005700712589073675,0.04228028503562942,2025H1
688381,2025-06-30,0,bull,none,shrinking_volume_acceleration,current_week,-0.023084025854108958,0.00877192982456143,0.0817174515235457,-0.028624192059095166,0.028624192059095055,2025H1
688381,2025-07-08,1,bull,none,two_day_acceleration,current_week,0.009302325581395321,0.06883720930232551,0.0934883720930233,-0.011627906976744207,0.09069767441860455,2025H2
688381,2025-07-09,2,bull,none,pullback_holds,current_week,0.013972985561248263,0.06520726595249204,0.11224965067536097,-0.010246856078248712,0.0922217047042384,2025H2
688381,2025-07-11,4,bull,none,pullback_holds,current_week,0.021759259259259256,0.08379629629629615,0.09166666666666679,-0.012499999999999956,0.08749999999999991,2025H2
688381,2025-07-14,0,bull,none,two_day_acceleration,current_week,0.06654428636989462,0.07526388251491523,0.09958696649839394,-0.021110601193207734,0.10325837540156035,2025H2
688381,2025-07-16,2,bull,none,shrinking_volume_acceleration,current_week,0.050528249885163135,0.0748736793752871,0.10702802021130009,-0.006890215893431306,0.1042719338539273,2025H2
688381,2025-07-17,3,bull,none,two_day_acceleration,current_week,0.04172274562584111,0.037236428891879836,0.06146253925527145,-0.015253476895468854,0.0785105428443249,2025H2
688381,2025-08-04,0,bull,ma_bull,pullback_holds,current_week,0.020442930153321992,0.05621805792163537,0.14778534923339004,-0.00596252129471897,0.0753833049403747,2025H2
688381,2025-08-06,2,bull,ma_bull,two_day_acceleration,current_week,0.01345668629100083,0.20899915895710675,0.10597140454163156,-0.012615643397813292,0.2514718250630783,2025H2
688381,2025-08-08,4,bull,ma_bull,pullback_holds,current_week,0.02499999999999991,0.2046610169491525,0.09364406779661016,-0.003813559322033866,0.26101694915254225,2025H2
688381,2025-08-14,3,bull,ma_bull,pullback_holds,current_week,0.17500000000000004,0.1258474576271187,0.1042372881355933,-0.0004237288135593431,0.26101694915254225,2025H2
688381,2025-08-18,0,bull,ma_bull,two_day_acceleration,current_week,0.08970764917901497,0.07929515418502198,0.09291149379255104,-0.0028033640368441137,0.1918301962354827,2025H2
688381,2025-09-26,4,mid,ma_bull,pullback_holds,current_week,-0.1629464285714286,-0.21141581632653061,-0.23947704081632648,-0.2254464285714286,0.0,2025H2
688381,2025-11-17,0,mid,none,shrinking_volume_acceleration,current_week,-0.044117647058823595,0.02310924369747913,-0.015966386554621792,-0.0718487394957984,0.03949579831932781,2025H2
688381,2025-12-09,1,mid,none,pullback_holds,current_week,-0.059942124844977185,-0.052501033484911086,-0.007441091360066099,-0.08185200496072753,0.03472509301364202,2025H2
688381,2025-12-25,3,bull,none,pullback_holds,current_week,-0.0012706480304954804,0.04955527318932673,0.0681914443032614,-0.03515459551037692,0.04955527318932673,2025H2
688381,2025-12-26,4,bull,none,pullback_holds,current_week,0.023655913978494647,0.04559139784946242,0.11139784946236553,-0.020215053763440793,0.07440860215053768,2025H2
688381,2026-01-09,4,bull,none,two_day_acceleration,current_week,0.03771239121425607,0.07003729796933289,-0.02942395358474914,-0.005387484459179359,0.07003729796933289,2026H1
688381,2026-01-12,0,bull,none,two_day_acceleration,current_week,-0.0028146361077603377,0.014073180538801688,-0.002010454362685987,-0.03498190591073591,0.04382790510655399,2026H1
688381,2026-02-10,1,bull,macd_stabilizing,pullback_holds,current_week,0.010526315789473717,-0.08906882591093113,-0.02631578947368418,-0.0923076923076922,0.03157894736842115,2026H1
688381,2026-02-11,2,bull,macd_stabilizing,pullback_holds,current_week,0.03054989816700604,-0.06761710794297349,-0.06761710794297349,-0.08676171079429729,0.03788187372708762,2026H1
688381,2026-02-12,3,bull,macd_stabilizing,pullback_holds,current_week,0.006449012494961659,-0.06852075775896826,-0.11124546553808956,-0.09633212414349057,0.027005239822652127,2026H1
688381,2026-02-13,4,mid,macd_stabilizing,pullback_holds,current_week,-0.04887662593614517,-0.09854158454867956,-0.19471817106819078,-0.12219156484036264,0.004335829720141904,2026H1
688381,2026-05-22,4,mid,ma_bull,shrinking_volume_acceleration,current_week,-0.0050941306755259985,-0.15105204872646738,-0.025692137320044273,-0.1559246954595792,0.163233665559247,2026H1
688381,2026-09-03,3,mid,none,two_day_acceleration,current_week,-0.07057911065149935,,,-0.14296794208893493,0.05532574974146853,2026H2
688381,2026-09-09,2,bull,none,pullback_holds,current_week,,,,-0.07453936348408718,0.13958682300390834,2026H2
605100,2023-11-17,4,mid,none,two_day_acceleration,current_week,-0.00691823899371069,-0.008176100628930816,-0.030188679245283012,-0.01572327044025157,0.023899371069182385,2023H2
605100,2023-11-20,0,mid,macd_cross,two_day_acceleration,current_week,-0.019195046439628438,-0.01671826625386985,-0.053250773993807954,-0.030959752321981338,0.008049535603715352,2023H2
605100,2024-01-04,3,mid,none,shrinking_volume_acceleration,current_week,-0.01743462017434605,0.13947696139476973,-0.2415940224159402,-0.03300124533001225,0.13947696139476973,2024H1
605100,2025-05-21,2,bull,none,pullback_holds,current_week,-0.08580858085808585,-0.08863743517208855,-0.125884016973126,-0.12258368694012267,0.008015087223008033,2025H1
605100,2025-06-04,2,bull,none,two_day_acceleration,current_week,0.07592975206611574,-0.018595041322314043,0.026342975206611552,-0.037706611570247905,0.12603305785123964,2025H1
605100,2025-06-05,3,bull,none,pullback_holds,current_week,0.03245749613601223,-0.04482225656877903,0.06491499227202491,-0.04636785162287471,0.12313240597630082,2025H1
605100,2025-06-06,4,bull,none,pullback_holds,current_week,-0.02410256410256406,-0.030256410256410238,-0.007179487179487243,-0.05282051282051292,0.11794871794871797,2025H1
605100,2025-06-09,0,bull,none,two_day_acceleration,current_week,-0.028600612870275932,-0.02298263534218603,-0.012768130745658857,-0.05669050051072533,0.11338100102145043,2025H1
605100,2025-07-14,0,bull,none,pullback_holds,current_week,0.03730569948186524,0.032642487046631974,0.06994818652849744,-0.00880829015544049,0.0766839378238342,2025H2
605100,2025-07-15,1,bull,none,pullback_holds,current_week,-0.003027245206861706,0.026236125126135157,0.04389505549949546,-0.01564076690211902,0.04843592330978819,2025H2
605100,2025-07-16,2,bull,none,two_day_acceleration,current_week,-0.014077425842131785,-0.003016591251885359,0.039718451483157224,-0.019105077928607272,0.042232277526395245,2025H2
605100,2025-07-18,4,bull,none,pullback_holds,current_week,-0.007533902561526751,0.011049723756906049,0.039678553490708035,-0.02009040683073826,0.041185334003013496,2025H2
605100,2025-07-28,0,bull,none,pullback_holds,current_week,0.026713709677419484,0.04082661290322598,0.24193548387096775,-0.009072580645161255,0.05241935483870974,2025H2
605100,2025-07-29,1,bull,none,two_day_acceleration,current_week,0.001474926253687281,0.017207472959685388,0.3323500491642086,-0.03343166175024581,0.026548672566371723,2025H2
605100,2025-07-30,2,bull,none,pullback_holds,current_week,0.0338042381432897,0.043390514631685084,0.37436932391523725,-0.004540867810292615,0.053481331987890846,2025H2
605100,2025-07-31,3,bull,none,pullback_holds,current_week,0.017119838872104776,0.015105740181268867,0.40634441087613293,-0.0015105740181268201,0.051359516616314105,2025H2
605100,2025-08-01,4,bull,none,two_day_acceleration,current_week,0.007492507492507627,0.033966033966033926,0.40709290709290724,-0.007992007992008054,0.05294705294705304,2025H2
605100,2025-08-22,4,bull,macd_cross,shrinking_volume_acceleration,current_week,0.19364406779661025,0.10593220338983045,0.04491525423728815,-0.005084745762711895,0.23855932203389818,2025H2
605100,2025-08-28,3,bull,ma_bull,shrinking_volume_acceleration,current_week,-0.09505161979352073,-0.08793164827340683,0.07155571377714498,-0.1327874688501246,0.04058383766464946,2025H2
605100,2025-09-16,1,bull,ma_bull,pullback_holds,current_week,0.0799385088393545,0.11452728670253642,0.05918524212144516,-0.07263643351268256,0.19523443504996174,2025H2
605100,2025-10-09,3,bull,ma_bull,shrinking_volume_acceleration,current_week,-0.02076949267960504,-0.05481784133469525,0.25400068096697304,-0.09703779366700716,0.03438883214164101,2025H2
605100,2025-10-13,0,bull,ma_bull,pullback_holds,current_week,-0.04512322110378342,-0.004859423811176655,0.3332176327664005,-0.06907323845886848,0.05449496702533829,2025H2
605100,2025-10-15,2,bull,ma_bull,pullback_holds,current_week,-0.059385665529010145,-0.012969283276450527,0.5341296928327646,-0.08464163822525594,0.008532423208191142,2025H2
605100,2025-10-27,0,bull,ma_bull,pullback_holds,current_week,0.21431064572425806,0.34066317626527054,0.581500872600349,-0.010471204188481686,0.36055846422338567,2025H2
605100,2025-10-28,1,bull,ma_bull,pullback_holds,current_week,0.22650017343045437,0.4172736732570239,0.6097814776274715,-0.014221297259798815,0.4443288241415191,2025H2
605100,2025-10-29,2,bull,ma_bull,pullback_holds,current_week,0.25742228431714986,0.5700314355571081,0.5337059028990572,-0.0038421236465245867,0.5700314355571081,2025H2
605100,2025-11-05,2,bull,ma_bull,shrinking_volume_acceleration,current_week,0.24895804390108367,0.37816060016671305,0.2172825784940262,-0.007224228952486755,0.37816060016671305,2025H2
605100,2025-11-06,3,bull,ma_bull,shrinking_volume_acceleration,current_week,0.21114772103239976,0.28995057660626045,0.20785282811641959,-0.011532125205930832,0.3698517298187809,2025H2
605100,2025-12-08,0,bull,ma_bull,shrinking_volume_acceleration,current_week,-0.06370402802101571,-0.1398861646234676,0.006348511383537536,-0.15521015761821355,0.03283712784588433,2025H2
605100,2026-01-07,2,bull,ma_bull,two_day_acceleration,current_week,0.027956989247311936,0.058064516129032295,-0.03118279569892468,-0.02516129032258063,0.08752688172043022,2026H1
605100,2026-01-12,0,bull,ma_bull,two_day_acceleration,current_week,0.0215873015873016,0.0006349206349207659,-0.05142857142857138,-0.03915343915343916,0.07026455026455025,2026H1
605100,2026-01-16,4,bull,ma_bull,pullback_holds,current_week,0.03050627434011255,-0.0218520121159671,-0.0653396797922976,-0.0603634790134141,0.08156642146257043,2026H1
605100,2026-01-23,4,bull,ma_bull,pullback_holds,current_week,-0.04216101694915253,-0.03919491525423735,-0.11016949152542377,-0.07987288135593229,0.030084745762711806,2026H1
605100,2026-02-27,4,bull,ma_bull,pullback_holds,current_week,-0.01504629629629628,-0.03009259259259267,-0.05208333333333337,-0.10648148148148151,0.011574074074074181,2026H1
605100,2026-05-06,2,bull,ma_bull,pullback_holds,current_week,0.08416547788873041,0.17138781332789899,-0.27735887507642143,-0.007540248624414048,0.18055838597921325,2026H1
605100,2026-05-07,3,bull,ma_bull,pullback_holds,current_week,0.042336657846529624,0.13128434764909414,-0.2926928556889884,-0.00875228984327292,0.19478933441888868,2026H1
605100,2026-06-16,1,bull,none,two_day_acceleration,current_week,0.11493943472409152,0.11305518169582784,-0.10013458950201881,-0.03364737550471064,0.13378196500672934,2026H1
300055,2025-06-09,0,bull,ma_bull,pullback_holds,current_week,0.043010752688172005,0.06451612903225823,0.06989247311827951,-0.02508960573476693,0.1254480286738351,2025H1
300055,2025-06-11,2,bull,ma_bull,pullback_holds,current_week,0.005376344086021501,0.014336917562723928,0.08960573476702516,-0.02508960573476693,0.1254480286738351,2025H1
300055,2025-06-18,2,bull,ma_bull,pullback_holds,current_week,0.010714285714285676,0.044642857142857206,0.06964285714285712,-0.02857142857142858,0.12142857142857144,2025H1
300055,2025-06-23,0,bull,ma_bull,shrinking_volume_acceleration,current_week,0.008787346221441172,0.049209138840070166,0.10017574692442865,-0.031634446397188154,0.1036906854130053,2025H1
300055,2025-07-22,1,bull,ma_bull,shrinking_volume_acceleration,current_week,-0.01562500000000011,-0.004687500000000067,0.02499999999999991,-0.057812500000000044,0.021874999999999867,2025H2
300055,2025-08-04,0,bull,ma_bull,pullback_holds,current_week,0.03514376996805124,0.03514376996805124,-0.02076677316293929,-0.004792332268370503,0.057507987220447365,2025H2
300055,2025-08-05,1,bull,ma_bull,shrinking_volume_acceleration,current_week,0.03296703296703285,0.02982731554160134,-0.05494505494505486,-0.017268445839874413,0.03924646781789631,2025H2
300055,2025-08-07,3,bull,ma_bull,pullback_holds,current_week,0.006339144215530945,0.058637083993660744,-0.06656101426307459,-0.007923930269413737,0.074484944532488,2025H2
300055,2025-08-08,4,bull,ma_bull,shrinking_volume_acceleration,current_week,-0.0031152647975076775,0.024922118380062308,-0.08099688473520239,-0.015576323987538832,0.05607476635514019,2025H2
300055,2025-08-12,1,bull,ma_bull,two_day_acceleration,current_week,-0.003039513677811523,-0.006079027355623157,-0.1063829787234043,-0.03951367781155013,0.03039513677811545,2025H2
300055,2025-08-18,0,bull,ma_bull,pullback_holds,current_week,0.01391035548686248,-0.05255023183925811,-0.09273570324574953,-0.09119010819165374,0.04791344667697062,2025H2
300055,2025-08-20,2,bull,ma_bull,pullback_holds,current_week,-0.05222734254992323,-0.10291858678955457,-0.09062980030721968,-0.10599078341013812,0.04147465437788034,2025H2
300055,2025-09-08,0,bull,none,shrinking_volume_acceleration,current_week,-0.011784511784511786,-0.03367003367003374,0.17676767676767668,-0.043771043771043905,0.006734006734006703,2025H2
300055,2025-09-11,3,bull,none,pullback_holds,current_week,-0.013559322033898313,-0.0423728813559322,0.17627118644067785,-0.06949152542372883,0.013559322033898313,2025H2
300055,2025-09-12,4,bull,none,pullback_holds,current_week,-0.015228426395939021,-0.035532994923857864,0.1996615905245347,-0.07106598984771573,0.011844331641285955,2025H2
300055,2025-09-16,1,bull,none,pullback_holds,current_week,-0.0557432432432432,-0.025337837837837718,0.19932432432432434,-0.07263513513513509,0.01013513513513531,2025H2
300055,2025-09-17,2,bull,none,pullback_holds,current_week,-0.030456852791878153,0.016920473773265554,0.20304568527918776,-0.07106598984771573,0.04230118443316422,2025H2
300055,2025-09-29,0,bull,none,pullback_holds,current_week,0.20517241379310347,0.2362068965517241,0.3275862068965518,-0.010344827586206806,0.2637931034482759,2025H2
300055,2025-09-30,1,bull,none,pullback_holds,current_week,0.21972318339100338,0.22837370242214527,0.347750865051903,-0.0017301038062282892,0.2681660899653979,2025H2
300055,2025-10-27,0,bull,ma_bull,two_day_acceleration,current_week,0.015068493150685036,0.24520547945205484,0.10547945205479459,-0.045205479452054775,0.263013698630137,2025H2
300055,2025-10-31,4,bull,ma_bull,pullback_holds,current_week,0.17931034482758634,0.1586206896551725,0.14758620689655166,0.0,0.27172413793103467,2025H2
300055,2025-11-13,3,bull,ma_bull,shrinking_volume_acceleration,current_week,-0.028968713789107814,-0.0451911935110082,-0.08806488991888772,-0.10196987253765943,0.028968713789107703,2025H2
300055,2026-01-13,1,bull,none,two_day_acceleration,current_week,-0.02689486552567233,0.020782396088019572,0.041564792176039145,-0.03911980440097795,0.020782396088019572,2026H1
300055,2026-01-20,1,bull,ma_bull,pullback_holds,current_week,0.05429292929292928,-0.044191919191919116,0.14141414141414144,-0.08207070707070696,0.06060606060606055,2026H1
300055,2026-01-23,4,bull,ma_bull,two_day_acceleration,current_week,-0.055757575757575784,-0.10060606060606059,0.13818181818181818,-0.11878787878787878,0.0181818181818183,2026H1
300055,2026-02-27,4,bull,ma_bull,shrinking_volume_acceleration,current_week,0.18131868131868134,0.18021978021978025,0.23516483516483522,-0.014285714285714124,0.2857142857142858,2026H1
300055,2026-03-05,3,mid,ma_bull,shrinking_volume_acceleration,current_week,0.05714285714285716,-0.024630541871921152,0.20197044334975378,-0.030541871921182295,0.15270935960591148,2026H1
300055,2026-04-17,4,mid,ma_bull,shrinking_volume_acceleration,current_week,-0.07263922518159804,-0.07990314769975793,-0.19693301049233247,-0.12429378531073454,0.002421307506053294,2026H1
300055,2026-05-11,0,bull,ma_bull,two_day_acceleration,current_week,-0.13070175438596487,-0.142982456140351,-0.32105263157894737,-0.1719298245614036,0.007894736842105177,2026H1
603416,2023-03-01,2,bull,ma_bull,pullback_holds,current_week,-0.0488992791739723,-0.08435612702123507,-0.13072277420611733,-0.08864211961815693,0.02707968049873366,2023H1
603416,2023-03-02,3,bull,ma_bull,pullback_holds,current_week,-0.0636645962732919,-0.11684782608695654,-0.15411490683229823,-0.1187888198757765,0.017274844720496896,2023H1
603416,2023-05-08,0,bull,none,pullback_holds,current_week,-0.014472965592572162,0.06007646095030039,0.03194975423265989,-0.043691971600218316,0.07154560349535788,2023H1
603416,2023-05-15,0,mid,none,pullback_holds,current_week,0.07863295359822176,0.08696860238955262,-0.026118366212836808,0.0,0.10141706029452613,2023H1
603416,2023-05-18,3,mid,none,two_day_acceleration,current_week,0.01016949152542379,-0.0023468057366363704,-0.015123859191655709,-0.014602346805736688,0.03807040417209917,2023H1
603416,2025-02-10,0,mid,ma_bull,shrinking_volume_acceleration,current_week,0.0016938386618674528,0.09273766673724326,0.15477450772813883,-0.015032818124073644,0.1486343425788692,2025H1
603416,2025-02-12,2,bull,ma_bull,two_day_acceleration,current_week,0.0739983646770237,0.14431725265739992,0.18847097301717075,-0.04905968928863447,0.1479967293540474,2025H1
603416,2025-02-14,4,bull,ma_bull,pullback_holds,current_week,0.11311544991511058,0.04520373514431242,0.2054329371816639,-0.01273344651952446,0.1918505942275044,2025H1
603416,2025-02-21,4,bull,ma_bull,shrinking_volume_acceleration,current_week,-0.04812524159257836,0.02667182064166984,0.05662930034789326,-0.07537688442211055,0.085427135678392,2025H1
603416,2025-02-25,1,bull,ma_bull,shrinking_volume_acceleration,current_week,-0.04911220249338866,0.09746883264072537,0.09784661881375145,-0.096335474121647,0.1322251605591236,2025H1
603416,2025-03-10,0,bull,ma_bull,two_day_acceleration,current_week,0.11048478015783547,0.02931228861330326,-0.09207065013152949,-0.022923712889891035,0.15445321307779025,2025H1
603416,2025-03-27,3,mid,ma_bull,pullback_holds,current_week,0.039742025448840756,-0.10493289175527287,-0.10371274185114177,-0.24193829527627686,0.12340944744640048,2025H1
603416,2025-03-28,4,mid,ma_bull,pullback_holds,current_week,-0.043129566922117335,-0.07360541792906783,-0.10835858135804666,-0.224915344858314,0.1486366066654785,2025H1
603416,2025-04-02,2,mid,ma_bull,two_day_acceleration,current_week,-0.15998010610079572,-0.22695623342175064,-0.06448938992042441,-0.2790119363395225,0.02437002652519893,2025H1
603416,2025-06-05,3,bull,ma_bull,pullback_holds,current_week,-0.06282989954026907,-0.09160565298825141,-0.08053805550825821,-0.1045462285033203,0.009364890175378893,2025H1
603416,2025-06-27,4,bull,none,pullback_holds,current_week,0.013962888113172811,0.054381774756568024,0.009553555024802485,-0.026272276318206833,0.06816094065772549,2025H1
603416,2025-07-02,2,bull,none,pullback_holds,current_week,0.03454646222058,0.08867541104747834,0.01459449473489749,-0.020875669684093934,0.1352300018474044,2025H2
603416,2025-07-08,1,bull,none,shrinking_volume_acceleration,current_week,0.05490470361951383,0.009092498688582085,-0.043364224514775285,-0.050533310019234,0.07448854694876728,2025H2
603416,2025-07-18,4,bull,none,shrinking_volume_acceleration,current_week,-0.06164617486338797,-0.07872267759562845,0.01861338797814205,-0.08077185792349728,0.03159153005464477,2025H2
603416,2025-08-04,0,bull,none,pullback_holds,current_week,0.02948134667879887,0.08371246587807102,0.07151956323930841,-0.009099181073703333,0.09899909008189267,2025H2
603416,2025-08-05,1,bull,none,pullback_holds,current_week,0.06709090909090909,0.06563636363636371,0.06981818181818178,-0.009999999999999898,0.09800000000000009,2025H2
603416,2025-08-08,4,bull,none,pullback_holds,current_week,0.06233303650934996,0.02991985752448789,0.0017809439002671734,-0.007836153161175363,0.07551202137132673,2025H2
603416,2025-08-25,0,bull,ma_bull,two_day_acceleration,current_week,0.001871703249957557,-0.003743406499914892,0.09358516249787296,-0.07980262038455,0.03947592309001191,2025H2
603416,2025-08-26,1,bull,ma_bull,pullback_holds,current_week,0.0011910838863364859,-0.006976348477114258,0.08814020758890595,-0.07980262038455,0.03947592309001191,2025H2
603416,2025-08-29,4,bull,ma_bull,pullback_holds,current_week,-0.04661016949152541,0.04779661016949155,0.06813559322033913,-0.0833898305084746,0.06949152542372894,2025H2
603416,2025-09-09,1,bull,ma_bull,pullback_holds,current_week,0.13691090471276213,0.09993120055039562,0.007911936704506406,-0.01049191606467148,0.18300653594771243,2025H2
603416,2025-09-10,2,bull,ma_bull,pullback_holds,current_week,0.15043327556325803,0.12045060658578866,0.0,-0.0029462738301559988,0.19202772963604842,2025H2
603416,2025-10-10,4,bull,ma_bull,pullback_holds,current_week,-0.10629032258064508,-0.12354838709677418,0.03370967741935482,-0.14838709677419348,0.003225806451612856,2025H2
603416,2025-11-05,2,bull,none,shrinking_volume_acceleration,current_week,0.02138077362493873,-0.08144279418965239,-0.15603068385833196,-0.09874326750448836,0.08699200261139195,2025H2
603416,2025-11-06,3,bull,macd_stabilizing,shrinking_volume_acceleration,current_week,-0.01467978706242945,-0.10501693821584124,-0.12889175673495723,-0.10921116309082113,0.07436683336021921,2025H2
603416,2025-11-07,4,bull,macd_stabilizing,two_day_acceleration,current_week,-0.08558488208652193,-0.167109167577698,-0.15289707949398723,-0.1831953771669529,0.040137435577073166,2025H2
603416,2025-12-01,0,mid,none,pullback_holds,current_week,0.027505999630792033,-0.010337825364593045,-0.008122577072180115,-0.049289274506184255,0.10707033413328415,2025H2
603416,2025-12-08,0,bull,none,two_day_acceleration,current_week,-0.043532560214094684,-0.04888492417484391,-0.00856378233719901,-0.07225691347011609,0.06993755575379113,2025H2
603416,2025-12-22,0,bull,none,shrinking_volume_acceleration,current_week,0.006556762832521601,0.04102660172349193,0.23154739602847485,-0.03128512551517426,0.07156238291494943,2025H2
603416,2025-12-24,2,bull,none,pullback_holds,current_week,0.05059920106524651,0.22693551455202576,0.2073425908312725,-0.0009511128019782378,0.24881110899752712,2025H2
603416,2025-12-25,3,bull,none,two_day_acceleration,current_week,0.019361976765627897,0.16983219620136447,0.10418587497694998,-0.017149179420984706,0.21058454729854326,2025H2
603416,2025-12-26,4,bull,none,pullback_holds,current_week,0.03349282296650724,0.18402649981597352,0.07029812292970194,-0.019138755980861233,0.22322414427677573,2025H2
603416,2026-01-05,0,bull,none,shrinking_volume_acceleration,current_week,0.14927536231884053,0.1693840579710144,-0.016123188405797073,-0.005072463768115987,0.2041666666666666,2026H1
603416,2026-01-06,1,bull,none,two_day_acceleration,current_week,0.15532411564015103,0.1163584126414079,-0.002513916322499421,-0.013826539773747482,0.1935715568324654,2026H1
300882,2023-06-13,1,mid,ma_bull,pullback_holds,current_week,0.10763888888888884,0.004166666666666652,0.0732638888888888,-0.08819444444444446,0.17256944444444455,2023H1
300882,2023-09-11,0,mid,none,pullback_holds,current_week,-0.045553145336225676,-0.05509761388286327,-0.0702819956616052,-0.08893709327548804,0.017787418655097698,2023H2
300882,2023-11-13,0,mid,none,two_day_acceleration,current_week,0.03436426116838498,0.006443298969072142,-0.009879725085910618,-0.018470790378006807,0.03608247422680422,2023H2
300882,2023-11-15,2,mid,none,two_day_acceleration,current_week,-0.022325189553496272,0.00968828980623404,-0.02695871946082562,-0.03748946925021068,0.01811288963774227,2023H2
300882,2023-11-17,4,mid,none,shrinking_volume_acceleration,current_week,-0.036508602601762474,0.0004196391103650221,-0.04154427192614363,-0.041124632815778495,0.014267729752412972,2023H2
300882,2023-11-20,0,mid,none,two_day_acceleration,current_week,-0.0282040647034425,-0.02737453338863538,-0.06345914558274568,-0.0522604728328494,0.002488593944421469,2023H2
300882,2025-12-01,0,mid,ma_bull,pullback_holds,current_week,-0.0015503875968992942,-0.0041343669250647475,-0.007751937984496249,-0.04031007751937987,0.015503875968992276,2025H2
300882,2025-12-08,0,bull,none,pullback_holds,current_week,-0.0025879917184264967,-0.026915113871635588,0.02795031055900621,-0.06314699792960654,0.017080745341615078,2025H2
300882,2025-12-29,0,bull,none,shrinking_volume_acceleration,current_week,0.035453597497393075,0.1230448383733056,0.19290928050052125,-0.02659019812304475,0.17778936392075084,2025H2
300882,2026-01-07,2,bull,none,two_day_acceleration,current_week,0.08678102926337017,0.1730575176589304,0.13874873864783055,-0.007568113017154321,0.39505549949545915,2026H1
300882,2026-01-09,4,bull,none,two_day_acceleration,current_week,0.2146341463414636,0.1609756097560977,0.07560975609756104,-0.027804878048780513,0.34878048780487814,2026H1
300882,2026-01-12,0,bull,none,two_day_acceleration,current_week,0.2560386473429952,0.12270531400966189,0.08067632850241546,-0.024154589371980673,0.33574879227053156,2026H1
300882,2026-02-02,0,mid,ma_bull,pullback_holds,current_week,-0.014103129131776138,0.01718818862935212,0.1511679153812251,-0.047157338034376384,0.019391802556192106,2026H1
300882,2026-02-03,1,mid,ma_bull,pullback_holds,current_week,-0.020381036774479444,0.021710234824988905,0.1058927780239256,-0.04209127159946824,0.024811696942844463,2026H1
300882,2026-02-04,2,mid,ma_bull,pullback_holds,current_week,-0.010295434198746678,0.051029543419874646,0.09489704565801249,-0.03222918531781549,0.05192479856759169,2026H1
300882,2026-02-26,3,bull,ma_bull,two_day_acceleration,current_week,0.06408602150537646,0.052043010752688135,-0.09763440860215056,-0.06021505376344083,0.12731182795698937,2026H1
300882,2026-04-08,2,mid,macd_stabilizing,two_day_acceleration,current_week,-0.010367170626349953,-0.03412526997840182,-0.18833693304535648,-0.046220302375809985,0.01987041036717052,2026H1
300882,2026-04-10,4,mid,macd_stabilizing,shrinking_volume_acceleration,current_week,-0.04316239316239323,-0.06752136752136761,-0.1726495726495727,-0.08333333333333348,0.002136752136751907,2026H1
300882,2026-04-20,0,bull,none,shrinking_volume_acceleration,current_week,-0.05853873239436613,-0.16241197183098577,-0.2099471830985915,-0.20290492957746475,0.00044014084507049134,2026H1
300882,2026-05-07,3,bull,none,two_day_acceleration,current_week,-0.024197790636507177,-0.05576012624934257,-0.16044187269857968,-0.05733824302998425,0.0441872698579695,2026H1
300882,2026-05-13,2,bull,none,two_day_acceleration,current_week,-0.05255179383527031,-0.12531581606872155,-0.2349671551288529,-0.13188479029813038,0.0030318342597273062,2026H1
600352,2024-11-01,4,mid,ma_bull,pullback_holds,current_week,0.010826771653543288,-0.0029527559055116948,-0.0019685039370078705,-0.015748031496062964,0.036417322834645605,2024H2
600352,2024-11-05,1,bull,ma_bull,two_day_acceleration,current_week,-0.020270270270270174,-0.010617760617760541,-0.019305019305019266,-0.03474903474903468,0.01640926640926632,2024H2
600352,2024-11-08,4,bull,ma_bull,pullback_holds,current_week,-0.01459143968871579,-0.01459143968871579,0.009727626459144156,-0.027237354085603016,0.01945525291828809,2024H2
600352,2024-11-19,1,mid,ma_bull,pullback_holds,current_week,-0.014634146341463428,-0.008780487804878057,0.030243902439024417,-0.023414634146341484,0.022439024390243922,2024H2
600352,2024-11-20,2,bull,ma_bull,two_day_acceleration,current_week,-0.009661835748792202,-0.017391304347826098,0.022222222222222365,-0.032850241545893666,0.012560386473430052,2024H2
600352,2024-11-25,0,mid,ma_bull,pullback_holds,current_week,0.0029354207436398383,0.017612524461839474,0.020547945205479312,-0.020547945205479534,0.02739726027397249,2024H2
600352,2024-11-27,2,mid,ma_bull,pullback_holds,current_week,-0.010700389105058328,0.03891050583657596,0.0077821011673151474,-0.021400778210116655,0.043774319066147926,2024H2
600352,2024-12-02,0,bull,ma_bull,pullback_holds,current_week,0.016617790811339184,0.043010752688172005,0.03128054740957964,-0.013685239491691203,0.05962854349951119,2024H2
600352,2024-12-05,3,bull,ma_bull,pullback_holds,current_week,0.04292682926829272,0.0204878048780488,-0.04682926829268297,-0.0019512195121951237,0.05756097560975615,2024H2
600352,2025-01-24,4,mid,none,pullback_holds,current_week,-0.005149330587023715,-0.018537590113285374,-0.028836251287332804,-0.02059732234809486,0.01029866117404743,2025H1
600352,2025-02-12,2,bull,none,pullback_holds,current_week,-0.022750775594622463,-0.024819027921406445,-0.03619441571871762,-0.04343329886246117,0.004136504653567741,2025H1
600352,2025-02-26,2,bull,none,pullback_holds,current_week,-0.019047619047619202,-0.013756613756613856,0.015873015873015817,-0.03915343915343927,0.008465608465608288,2025H1
600352,2025-02-27,3,bull,none,pullback_holds,current_week,-0.01590668080593849,-0.01166489925768821,0.0275715800636267,-0.03711558854718977,0.010604453870625585,2025H1
600352,2025-03-11,1,bull,none,pullback_holds,current_week,0.02352941176470602,0.0299465240641712,-0.04919786096256673,-0.0117647058823529,0.03743315508021405,2025H1
600352,2025-03-12,2,bull,none,pullback_holds,current_week,0.02253218884120156,0.030042918454935563,-0.03648068669527893,-0.007510729613733891,0.04077253218884125,2025H1
600352,2025-03-13,3,bull,none,pullback_holds,current_week,0.0032223415682062218,0.04081632653061207,-0.03544575725026855,-0.0010741138560687036,0.047261009667024734,2025H1
600352,2025-03-24,0,mid,none,pullback_holds,current_week,-0.005285412262156508,-0.038054968287526525,0.05391120507399583,-0.07822410147991543,0.030655391120507414,2025H1
600352,2025-03-25,1,mid,none,two_day_acceleration,current_week,-0.012461059190031265,-0.07684319833852549,0.034267912772585785,-0.09449636552440288,0.012461059190031154,2025H1
600352,2025-03-28,4,mid,none,pullback_holds,current_week,-0.0671563483735571,-0.044071353620146914,0.019937040923399874,-0.08499475341028317,0.009443861490031624,2025H1
600352,2025-07-21,0,bull,ma_bull,two_day_acceleration,current_week,0.0056657223796034994,-0.0009442870632672129,-0.01227573182247399,-0.007554296506137925,0.037771482530689404,2025H2
600352,2025-08-11,0,bull,ma_bull,pullback_holds,current_week,-0.0159924741298213,0.0009407337723423836,-0.022577610536218318,-0.02822201317027284,0.011288805268109048,2025H2
600352,2025-08-21,3,bull,ma_bull,pullback_holds,current_week,-0.011267605633802913,-0.04319248826291089,-0.04037558685446008,-0.05539906103286385,0.027230046948356623,2025H2
600352,2025-08-22,4,bull,ma_bull,pullback_holds,current_week,-0.008450704225352101,-0.03849765258215965,-0.04319248826291089,-0.05539906103286385,0.027230046948356623,2025H2
600352,2025-08-26,1,bull,ma_bull,shrinking_volume_acceleration,current_week,-0.05050505050505061,-0.03489439853076226,-0.07897153351698816,-0.0762167125803489,0.0,2025H2
600352,2025-09-08,0,bull,none,pullback_holds,current_week,-0.013422818791946178,-0.03355704697986572,-0.03355704697986572,-0.038350910834132335,0.019175455417066223,2025H2
600352,2025-09-09,1,bull,none,pullback_holds,current_week,-0.02294455066921608,-0.041108986615678966,-0.03154875717017214,-0.053537284894837556,0.008604206500955947,2025H2
600352,2025-09-10,2,bull,none,pullback_holds,current_week,-0.0028846153846153744,-0.04615384615384621,-0.025000000000000022,-0.05673076923076925,0.008653846153846123,2025H2
600352,2025-09-11,3,bull,none,pullback_holds,current_week,-0.024809160305343525,-0.05916030534351158,-0.04580152671755733,-0.06393129770992367,0.000954198473282375,2025H2
600352,2025-09-12,4,bull,none,pullback_holds,current_week,-0.011639185257032114,-0.043646944713870095,-0.02133850630455869,-0.058195926285160016,0.013579049466537318,2025H2
600352,2025-09-17,2,bull,none,pullback_holds,current_week,-0.045235803657362905,-0.018286814244465766,-0.0038498556304139564,-0.0654475457170356,0.0,2025H2
600352,2025-09-29,0,bull,none,two_day_acceleration,current_week,0.015105740181268867,0.017119838872104776,0.09063444108761343,-0.009063444108761365,0.0332326283987916,2025H2
600352,2025-09-30,1,bull,none,pullback_holds,current_week,0.006958250497017815,0.010934393638170947,0.05666003976143141,-0.010934393638170947,0.01988071570576544,2025H2
600352,2025-10-09,3,bull,macd_stabilizing,two_day_acceleration,current_week,0.0,0.020710059171597628,0.07889546351084809,-0.0167652859960552,0.02268244575936884,2025H2
600352,2025-10-10,4,bull,macd_stabilizing,pullback_holds,current_week,-0.004975124378109541,0.03184079601990053,0.0975124378109451,-0.007960199004975133,0.03383084577114426,2025H2
600352,2025-10-20,0,mid,macd_stabilizing,pullback_holds,current_week,0.023809523809523725,0.0714285714285714,0.1071428571428572,-0.004960317460317554,0.10019841269841279,2025H2
600352,2025-10-21,1,bull,macd_stabilizing,pullback_holds,current_week,0.03270564915758167,0.07333994053518333,0.09415262636273547,-0.0029732408325073845,0.11199207135778,2025H2
600352,2025-10-22,2,bull,macd_stabilizing,pullback_holds,current_week,0.032480314960629864,0.04625984251968518,0.07578740157480301,-0.0019685039370078705,0.10433070866141736,2025H2
600352,2025-10-23,3,bull,macd_stabilizing,two_day_acceleration,current_week,0.021297192642788065,0.05905130687318483,0.039690222652468465,-0.007744433688286589,0.08615682478218778,2025H2
600352,2025-11-06,3,bull,macd_cross,two_day_acceleration,current_week,0.026508226691042136,-0.018281535648994485,-0.035648994515539156,-0.023765996343692808,0.03839122486288837,2025H2
600352,2025-11-18,1,mid,none,pullback_holds,current_week,-0.05621033544877596,-0.045330915684496875,-0.04351767905711679,-0.06165004533091567,0.0072529465095194645,2025H2
600352,2025-12-01,0,mid,ma_bull,pullback_holds,current_week,-0.0037914691943128354,0.005687203791469031,0.009478672985781866,-0.027488151658767834,0.018009478672985635,2025H2
600352,2025-12-26,4,bull,none,pullback_holds,current_week,0.03151065801668218,0.036144578313252795,0.2428174235403151,-0.016682113067655324,0.077849860982391,2025H2
600352,2026-01-05,0,bull,none,pullback_holds,current_week,0.0473537604456824,0.06592386258124439,0.27205199628597976,-0.0009285051067781103,0.0798514391829157,2026H1
600352,2026-01-06,1,bull,ma_bull,two_day_acceleration,current_week,0.008115419296663706,0.06853020739404858,0.30568079350766464,-0.010820559062218127,0.06853020739404858,2026H1
600352,2026-01-09,4,bull,ma_bull,shrinking_volume_acceleration,current_week,-0.017714791851195844,0.16209034543844103,0.3241806908768823,-0.02834366696191326,0.20283436669619115,2026H1
600352,2026-02-12,3,bull,ma_bull,shrinking_volume_acceleration,current_week,-0.012650602409638556,-0.04578313253012056,-0.2102409638554218,-0.07289156626506033,0.030722891566264954,2026H1
600352,2026-03-02,0,bull,ma_bull,two_day_acceleration,current_week,-0.0709600477042337,-0.1371496720333929,-0.2093023255813954,-0.14549791293977343,0.008348240906380422,2026H1
600352,2026-04-08,2,mid,none,two_day_acceleration,current_week,-0.07870036101083033,-0.06570397111913362,-0.09386281588447642,-0.09747292418772557,0.030324909747292406,2026H1
600352,2026-06-02,1,mid,none,shrinking_volume_acceleration,current_week,-0.033868092691622165,0.04099821746880572,0.1559714795008913,-0.06506238859180036,0.10516934046345816,2026H1
600352,2026-06-17,2,bull,none,shrinking_volume_acceleration,current_week,0.11186440677966103,0.06440677966101682,0.05254237288135588,-0.10762711864406793,0.1355932203389829,2026H1
688631,2025-01-24,4,mid,none,shrinking_volume_acceleration,current_week,0.2336666666666667,0.2603333333333333,0.23611111111111116,-0.07766666666666666,0.3877777777777778,2025H1
688631,2025-02-26,2,bull,none,shrinking_volume_acceleration,current_week,-0.13057851239669416,-0.1456198347107438,-0.23636363636363633,-0.1744628099173554,0.024710743801652946,2025H1
688631,2025-03-17,0,bull,ma_bull,pullback_holds,current_week,-0.11510031678986266,-0.13199577613516367,-0.2387443601804743,-0.14677930306230202,0.025343189017951406,2025H1
688631,2025-05-09,4,bull,none,pullback_holds,current_week,-0.04206642066420663,-0.07736777367773673,0.02742927429274289,-0.07749077490774903,0.08548585485854865,2025H1
688631,2025-05-14,2,bull,none,shrinking_volume_acceleration,current_week,-0.054583538689009226,-0.07072449482503695,0.005421389847215519,-0.08206012814194186,0.0022178413011335607,2025H1
688631,2025-05-27,1,mid,none,pullback_holds,current_week,0.0958387516254875,0.10247074122236666,0.1110533159947984,-0.02262678803641105,0.14798439531859553,2025H1
688631,2025-10-13,0,bull,none,two_day_acceleration,current_week,-0.14565217391304341,-0.13956521739130434,-0.1844565217391304,-0.17717391304347818,0.02271739130434791,2025H2
300881,2023-03-21,1,mid,none,pullback_holds,current_week,0.032068255369226195,-0.06295969402765522,0.026772580170638216,-0.07296263606943221,0.07060900264783765,2023H1
300881,2023-03-23,3,bull,none,pullback_holds,current_week,-0.04055587067498578,0.007657402155416992,0.0700510493477029,-0.10947249007373783,0.05558706749858189,2023H1
300881,2023-03-24,4,mid,none,pullback_holds,current_week,-0.03150289017341046,-0.03843930635838144,0.07138728323699417,-0.09248554913294793,0.07572254335260098,2023H1
300881,2023-03-27,0,mid,none,shrinking_volume_acceleration,current_week,-0.07102272727272729,-0.05255681818181823,0.05823863636363624,-0.10795454545454541,0.057386363636363624,2023H1
300881,2024-12-02,0,bull,none,pullback_holds,current_week,0.007196401799100416,-0.012593703148425783,-0.06536731634182913,-0.03718140929535241,0.04167916041979014,2024H2
300881,2024-12-05,3,bull,none,pullback_holds,current_week,0.02142426071213044,-0.04465902232951113,-0.10078455039227519,-0.06638503319251654,0.04828002414001209,2024H2
300881,2024-12-06,4,bull,none,pullback_holds,current_week,-0.015901590159015933,-0.04710471047104703,-0.09120912091209121,-0.07170717071707167,0.04230423042304232,2024H2
300881,2024-12-09,0,bull,none,two_day_acceleration,current_week,-0.04688856729377722,-0.09406657018813325,-0.0963820549927642,-0.10448625180897253,0.005499276410998455,2024H2
300881,2024-12-11,2,bull,none,shrinking_volume_acceleration,current_week,-0.07595676307332766,-0.09377738825591597,-0.1051709027169151,-0.10137306456324868,0.004674262342973856,2024H2
300881,2024-12-16,0,bull,none,pullback_holds,current_week,-0.04017172646427469,-0.04415823367065308,-0.016559337626494863,-0.05673106409076967,0.008892977614228803,2024H2
300881,2025-02-11,1,mid,none,two_day_acceleration,current_week,-0.0606349206349206,-0.021269841269841216,0.05301587301587296,-0.06507936507936507,0.009206349206349218,2025H1
300881,2025-02-24,0,bull,none,two_day_acceleration,current_week,0.06106623586429749,0.07269789983844932,0.21001615508885307,-0.011954765751211571,0.19418416801292415,2025H1
300881,2025-03-26,2,mid,ma_bull,shrinking_volume_acceleration,current_week,-0.08448753462603886,-0.19944598337950137,-0.19307479224376733,-0.31772853185595573,0.016620498614958512,2025H1
300881,2025-08-18,0,bull,ma_bull,pullback_holds,current_week,0.039617486338797914,-0.04371584699453557,0.006284153005464477,-0.07622950819672125,0.04644808743169415,2025H2
300881,2025-08-19,1,bull,ma_bull,pullback_holds,current_week,0.031173092698933536,-0.033634126333059844,0.002187585452556595,-0.07547169811320753,0.04730653541153962,2025H2
300881,2025-08-20,2,bull,ma_bull,pullback_holds,current_week,-0.04516129032258065,-0.0795698924731183,-0.03602150537634419,-0.09112903225806457,0.029569892473118253,2025H2
300881,2025-08-21,3,bull,ma_bull,pullback_holds,current_week,-0.06219709208400648,-0.0748519116855143,-0.08185245018847598,-0.08966074313408723,0.031233171782445,2025H2
300881,2025-08-22,4,bull,ma_bull,pullback_holds,current_week,-0.07723358449946194,-0.050861141011840694,-0.08449946178686762,-0.09015069967707212,0.030678148546824602,2025H2
300881,2025-09-30,1,bull,none,two_day_acceleration,current_week,0.02838933951332545,0.022305909617612807,0.11181923522595594,-0.02230590961761303,0.044611819235225836,2025H2
300881,2025-10-09,3,bull,macd_stabilizing,two_day_acceleration,current_week,-0.03478756772169944,0.01368691189050475,0.14741944682064445,-0.03763900769888795,0.028229255774165907,2025H2
300881,2025-10-22,2,bull,macd_stabilizing,two_day_acceleration,current_week,-0.007124536905101175,0.09375890567113143,-0.02251353662011968,-0.016528925619834878,0.09717868338557989,2025H2
300881,2025-10-24,4,bull,macd_stabilizing,pullback_holds,current_week,0.040915593705293185,0.12074391988555067,-0.084406294706724,-0.012589413447782638,0.2217453505007152,2025H2
300881,2025-12-01,0,mid,none,pullback_holds,current_week,0.014025663980901326,0.016413011041480186,0.03431811399582241,-0.02685765443151289,0.02745449119665766,2025H2
300881,2025-12-19,4,mid,none,pullback_holds,current_week,0.03258293838862558,0.023992890995260696,0.1498815165876779,-0.010663507109004766,0.06605450236966837,2025H2
300881,2026-01-05,0,bull,none,pullback_holds,current_week,0.0461853259280911,0.11867874890382946,0.15814089447529955,0.0,0.15346389944460692,2026H1
300881,2026-01-06,1,bull,none,pullback_holds,current_week,0.05011587485515623,0.12456546929316326,0.1732329084588644,-0.0031865585168018296,0.21813441483198148,2026H1
300881,2026-01-07,2,bull,none,two_day_acceleration,current_week,0.021609326130224593,0.09781063406312196,0.19107193630935448,-0.013363662212112604,0.19562126812624392,2026H1
300881,2026-01-12,0,bull,none,two_day_acceleration,current_week,0.07439640651319501,0.1372824256035936,0.23919146546883785,-0.007580011229646133,0.18051656372824287,2026H1
300881,2026-01-13,1,bull,none,two_day_acceleration,current_week,0.07326513685374625,0.12773016311860652,0.26320154824440123,-0.01990599944705551,0.16256566215095392,2026H1
300881,2026-01-15,3,bull,none,shrinking_volume_acceleration,current_week,0.09381838074398252,0.09436542669584225,0.3140043763676148,-0.009846827133479175,0.15016411378555805,2026H1
300881,2026-02-04,2,mid,ma_bull,two_day_acceleration,current_week,0.12826034936587694,0.31131849724814553,0.1344819334769085,-0.03086862885857855,0.3591768365637713,2026H1
300881,2026-04-09,3,mid,none,pullback_holds,current_week,0.06946983546617935,0.08889396709323583,0.15859232175502758,0.0,0.15493601462522855,2026H1
300881,2026-08-05,2,mid,none,shrinking_volume_acceleration,current_week,-0.015439429928740922,-0.04364608076009502,-0.04631828978622332,-0.04899049881235151,0.020486935866983247,2026H2
300881,2026-08-07,4,mid,none,pullback_holds,current_week,-0.017723039951937358,-0.007509762691498945,-0.04626013817963348,-0.037849203965154676,0.03094022228897564,2026H2
300881,2026-08-10,0,mid,none,shrinking_volume_acceleration,current_week,-0.004431314623338234,-0.08567208271787308,-0.06499261447562776,-0.09601181683899551,0.013884785819793244,2026H2
300881,2026-08-20,3,mid,none,shrinking_volume_acceleration,current_week,-0.04691283292978199,-0.040859564164648865,,-0.0780871670702179,0.0051452784503631666,2026H2
300881,2026-08-21,4,mid,none,pullback_holds,current_week,-0.03607153682934228,-0.03758714762049109,,-0.076689906032131,0.003940588056986938,2026H2
300881,2026-08-31,0,bull,none,two_day_acceleration,current_week,-0.029438822447102053,-0.09782275375651639,,-0.11683532658693652,0.0030665440049064685,2026H2
603309,2023-03-06,0,bull,none,pullback_holds,current_week,-0.13990610328638498,-0.2107981220657278,-0.20469483568075109,-0.23192488262910804,0.008450704225352101,2023H1
603309,2023-04-07,4,bull,none,pullback_holds,current_week,0.10207612456747395,0.10553633217993097,0.03229527104959651,-0.01557093425605538,0.1251441753171858,2023H1
603309,2023-04-28,4,bull,none,two_day_acceleration,current_week,-0.06673618352450461,-0.039103232533889476,-0.019812304483837306,-0.08915537017726805,0.016162669447341127,2023H1
603309,2023-05-18,3,mid,none,pullback_holds,current_week,0.017609391675560193,0.0026680896478119553,-0.07577374599786557,-0.014407684098185825,0.05549626467449298,2023H1
603309,2025-07-16,2,bull,ma_bull,shrinking_volume_acceleration,current_week,0.032738095238095344,0.0714285714285714,0.1116071428571428,-0.0022321428571427937,0.08407738095238093,2025H2
603309,2025-07-21,0,bull,ma_bull,two_day_acceleration,current_week,0.011412268188302432,0.032097004279600716,0.05777460770328102,-0.021398002853066922,0.03922967189728954,2025H2
603309,2025-07-24,3,bull,ma_bull,shrinking_volume_acceleration,current_week,-0.0021459227467810482,0.01645207439198848,0.06723891273247484,-0.012875536480686622,0.045064377682403345,2025H2
603309,2025-07-25,4,bull,ma_bull,two_day_acceleration,current_week,-0.0035186488388458947,0.019704433497536922,0.028149190710766936,-0.02885292047853627,0.05137227304714975,2025H2
603309,2025-07-29,1,bull,ma_bull,shrinking_volume_acceleration,current_week,0.001386001386001423,0.042273042273042405,0.02009702009702008,-0.043659043659043606,0.06999306999306998,2025H2
603309,2025-08-04,0,bull,ma_bull,two_day_acceleration,current_week,0.028295376121463045,0.02346445824706689,-0.0165631469979296,-0.024844720496894346,0.06556245686680473,2025H2
603309,2025-08-06,2,bull,ma_bull,pullback_holds,current_week,0.04768583450210384,0.045582047685834626,-0.007713884992987308,-0.008415147265077083,0.08274894810659195,2025H2
603309,2025-08-07,3,bull,ma_bull,pullback_holds,current_week,0.0342897130860742,0.04408677396780969,-0.015395381385584384,-0.01049685094471664,0.08047585724282702,2025H2
603309,2025-08-11,0,bull,ma_bull,two_day_acceleration,current_week,-0.011333333333333306,-0.016000000000000014,-0.026000000000000023,-0.03599999999999992,0.02933333333333321,2025H2
603309,2025-08-15,4,bull,ma_bull,shrinking_volume_acceleration,current_week,-0.015498652291105142,-0.04919137466307277,-0.02695417789757415,-0.07345013477088946,0.01819407008086249,2025H2
603309,2025-08-25,0,bull,ma_bull,pullback_holds,current_week,-0.03258655804480659,-0.008146639511201648,-0.06177868295994571,-0.06653088934147999,0.008146639511201537,2025H2
603309,2025-08-26,1,bull,ma_bull,pullback_holds,current_week,-0.03520649966147593,-0.025050778605280932,-0.08259986459038582,-0.06905890318212593,0.005416384563303955,2025H2
603309,2025-09-08,0,bull,ma_bull,pullback_holds,current_week,-0.024406779661016897,-0.06305084745762712,-0.096271186440678,-0.07118644067796598,0.0,2025H2
603309,2025-09-09,1,bull,ma_bull,pullback_holds,current_week,0.0013840830449827202,-0.06228373702422152,-0.06505190311418696,-0.07820069204152258,0.007612456747404739,2025H2
603309,2025-09-11,3,bull,ma_bull,pullback_holds,current_week,-0.0357142857142857,-0.0755494505494505,-0.09271978021978022,-0.0851648351648352,0.0,2025H2
603309,2025-09-12,4,bull,ma_bull,pullback_holds,current_week,-0.03257103257103244,-0.0637560637560638,-0.06514206514206511,-0.07692307692307687,0.008316008316008316,2025H2
603309,2025-11-12,2,bull,none,two_day_acceleration,current_week,-0.058863791923340125,-0.06502395619438739,-0.07665982203969879,-0.09993155373032159,0.0,2025H2
603309,2025-11-13,3,bull,none,pullback_holds,current_week,-0.0377094972067038,-0.04748603351955305,-0.06424581005586594,-0.08170391061452509,0.02025139664804465,2025H2
603309,2025-11-14,4,bull,none,pullback_holds,current_week,-0.08222996515679437,-0.04738675958188154,-0.06341463414634152,-0.08362369337979092,0.0034843205574912606,2025H2
603309,2026-01-12,0,bull,none,shrinking_volume_acceleration,current_week,0.054387237128353805,0.0674401740391588,0.08339376359680917,-0.027556200145032683,0.09862218999274841,2026H1
603309,2026-02-06,4,mid,ma_bull,two_day_acceleration,current_week,0.0,-0.027981345769486965,0.019986675549633626,-0.03264490339773485,0.025982678214523602,2026H1
603309,2026-04-17,4,mid,none,two_day_acceleration,current_week,-0.02655485674353608,-0.02935010482180289,-0.0552061495457723,-0.11111111111111105,0.0062893081761006275,2026H1
603309,2026-05-06,2,bull,none,pullback_holds,current_week,0.0386819484240688,-0.03151862464183386,-0.16977077363896853,-0.0580229226361032,0.08667621776504286,2026H1
603309,2026-05-07,3,bull,none,pullback_holds,current_week,-0.00497512437810943,-0.05046197583511025,-0.18336886993603407,-0.06538734896943854,0.07818052594171987,2026H1
603309,2026-05-08,4,bull,none,two_day_acceleration,current_week,-0.029556650246305383,-0.02181562280084448,-0.18578465869106264,-0.07459535538353279,0.06755805770584078,2026H1
603309,2026-05-13,2,bull,none,shrinking_volume_acceleration,current_week,-0.06694271911663219,-0.12491373360938585,-0.21256038647343,-0.13457556935817805,0.0,2026H1
301003,2025-03-18,1,bull,ma_bull,two_day_acceleration,current_week,-0.03006491288008195,-0.0058079945336521055,-0.13665869490946358,-0.05978817902289035,0.1096686026648448,2025H1
301003,2025-03-19,2,bull,ma_bull,two_day_acceleration,current_week,-0.026640026640026626,-0.03463203463203457,-0.14252414252414258,-0.08358308358308364,0.0815850815850816,2025H1
301003,2025-04-22,1,mid,none,pullback_holds,current_week,0.02452830188679256,-0.007924528301886835,0.10377358490566047,-0.010566037735849076,0.08566037735849052,2025H1
301003,2025-05-12,0,bull,none,pullback_holds,current_week,0.0892123926838373,0.31019036954087364,0.11832773422918996,-0.05785740948114959,0.31019036954087364,2025H1
301003,2025-06-09,0,bull,ma_bull,shrinking_volume_acceleration,current_week,-0.011737089201877993,0.04225352112676051,0.0090543259557343,-0.08014755197853796,0.08249496981891347,2025H1
301003,2025-06-10,1,bull,ma_bull,pullback_holds,current_week,-0.041388518024032095,0.03471295060080104,0.01234979973297734,-0.08444592790387184,0.07743658210947935,2025H1
301003,2025-06-11,2,bull,ma_bull,pullback_holds,current_week,-0.03389261744966443,0.0587248322147651,0.0308724832214764,-0.07953020134228195,0.08322147651006717,2025H1
301003,2025-06-12,3,bull,ma_bull,pullback_holds,current_week,-0.06668889629876629,0.018339446482160682,-0.01133711237079027,-0.08536178726242083,0.07635878626208736,2025H1
301003,2025-06-25,2,bull,ma_bull,shrinking_volume_acceleration,current_week,0.017656500802568198,-0.013804173354735272,0.04365971107544131,-0.051043338683788075,0.05906902086677368,2025H1
301003,2025-08-04,0,bull,ma_bull,two_day_acceleration,current_week,0.03132387706855777,0.12765957446808507,0.0463947990543736,-0.03900709219858156,0.15130023640661938,2025H2
301003,2025-09-30,1,bull,ma_bull,pullback_holds,current_week,0.03484513274336276,0.03401548672566368,0.07024336283185839,-0.08407079646017712,0.05641592920353977,2025H2
301003,2025-10-29,2,bull,ma_bull,pullback_holds,current_week,0.04172274562584133,0.1440107671601616,-0.014804845222072593,-0.014804845222072593,0.1779273216689099,2025H2
301003,2025-11-03,0,bull,ma_bull,two_day_acceleration,current_week,0.06663288573600212,0.007347352419559083,-0.05143146693691414,-0.05320496579680778,0.10869014441347846,2025H2
301003,2025-11-07,4,bull,ma_bull,two_day_acceleration,current_week,0.025774473358116445,-0.13952912019826524,-0.08376703841387867,-0.13952912019826524,0.0845105328376703,2025H2
301003,2025-12-25,3,bull,ma_bull,two_day_acceleration,current_week,0.03836872586872597,0.13223938223938236,0.1510617760617763,-0.022442084942084883,0.16722972972972983,2025H2
301003,2026-01-14,2,bull,ma_bull,two_day_acceleration,current_week,0.045454545454545414,-0.001699235344095107,0.0783772302463892,-0.05458793542905693,0.05777400169923541,2026H1
301003,2026-04-13,0,mid,ma_bull,pullback_holds,current_week,0.011650485436893288,0.18349514563106806,0.040776699029126284,-0.012038834951456301,0.40737864077669905,2026H1
301003,2026-04-14,1,mid,ma_bull,two_day_acceleration,current_week,0.017307692307692246,0.08903846153846162,0.054230769230769305,-0.021538461538461506,0.39384615384615396,2026H1
301003,2026-05-20,2,bull,ma_bull,shrinking_volume_acceleration,current_week,-0.033616482920657886,-0.119645761792879,0.024399060184348453,-0.12705584673775516,0.02638713175492491,2026H1
301003,2026-05-25,0,bull,none,pullback_holds,current_week,-0.056907593778591004,-0.13632204940530646,0.025617566331198605,-0.15992680695333938,0.0391582799634036,2026H1
301003,2026-05-28,3,mid,none,pullback_holds,current_week,-0.1367567567567567,-0.11675675675675667,-0.03315315315315304,-0.1727927927927927,0.023243243243243228,2026H1
301003,2026-06-17,2,bull,none,two_day_acceleration,current_week,-0.05663716814159281,-0.07929203539823004,-0.10654867256637157,-0.13681415929203533,0.06194690265486735,2026H1
301003,2026-06-22,0,bull,none,two_day_acceleration,current_week,-0.12136752136752138,-0.07863247863247869,-0.3326495726495726,-0.1663247863247863,0.011282051282051286,2026H1
301003,2026-08-10,0,mid,none,shrinking_volume_acceleration,current_week,0.06347328996648915,0.13345160654445087,0.21032919377094417,-0.0074906367041198685,0.1350285826926867,2026H2
301003,2026-08-11,1,mid,none,shrinking_volume_acceleration,current_week,0.06945765937202664,0.09800190294957178,0.17754519505233102,-0.019980970504281714,0.10142721217887729,2026H2
002438,2024-11-20,2,bull,ma_bull,pullback_holds,current_week,0.03384841795437832,-0.047093451066960945,-0.11479028697571736,-0.05518763796909487,0.04635761589403975,2024H2
002438,2024-11-21,3,bull,ma_bull,shrinking_volume_acceleration,current_week,-0.028328611898017053,-0.0821529745042493,-0.1402266288951841,-0.09065155807365444,0.0056657223796034994,2024H2
002438,2024-11-25,0,mid,ma_bull,pullback_holds,current_week,-0.014136904761904767,-0.04761904761904756,-0.11458333333333326,-0.05877976190476186,0.05654761904761907,2024H2
002438,2024-11-26,1,mid,ma_bull,pullback_holds,current_week,-0.022962962962962963,-0.0444444444444444,-0.10370370370370374,-0.06296296296296289,0.05185185185185204,2024H2
002438,2024-11-27,2,mid,ma_bull,two_day_acceleration,current_week,-0.07367668097281821,-0.06080114449213159,-0.11802575107296143,-0.09513590844062947,0.01573676680972813,2024H2
002438,2024-11-28,3,mid,ma_bull,pullback_holds,current_week,-0.04915627292736613,-0.05869405722670584,-0.0807043286867204,-0.07190022010271457,0.006603081438004477,2024H2
002438,2024-12-11,2,bull,ma_bull,pullback_holds,current_week,-0.08447488584474883,-0.06164383561643838,-0.029680365296803735,-0.09893455098934556,0.0,2024H2
002438,2024-12-25,2,bull,none,pullback_holds,current_week,-0.03325223033252234,0.03406326034063256,0.014598540145985384,-0.07055961070559602,0.04785077047850761,2024H2
002438,2024-12-26,3,bull,none,pullback_holds,current_week,-0.07741420590582604,-0.040702314445331345,0.005586592178770777,-0.08539505187549878,0.031125299281723695,2024H2
002438,2025-02-10,0,mid,macd_stabilizing,shrinking_volume_acceleration,current_week,-0.03661513425549234,-0.05126118795768919,-0.03580146460537037,-0.07078925956061843,0.029292107404393697,2025H1
002438,2025-02-11,1,mid,macd_stabilizing,pullback_holds,current_week,-0.04571428571428571,-0.05551020408163265,-0.03591836734693876,-0.06775510204081636,0.03265306122448974,2025H1
002438,2025-02-13,3,bull,none,pullback_holds,current_week,-0.02390766694146751,-0.037098103874690924,-0.039571310799670245,-0.058532563891179,0.004946413849958642,2025H1
002438,2025-02-14,4,bull,none,pullback_holds,current_week,-0.027182866556836882,-0.06507413509060966,-0.008237232289950547,-0.06589785831960471,0.0,2025H1
002438,2025-02-26,2,bull,none,two_day_acceleration,current_week,-0.005063291139240422,-0.013502109704641385,0.03881856540084394,-0.048101265822784844,0.0151898734177216,2025H1
002438,2025-03-04,1,mid,none,two_day_acceleration,current_week,0.00853970964987183,0.05294619982920579,0.016225448334756587,-0.02220324508966698,0.06660973526900071,2025H1
002438,2025-03-05,2,bull,none,pullback_holds,current_week,-0.010998307952622688,0.04145516074450084,-0.010998307952622688,-0.03130287648054142,0.05668358714043986,2025H1
002438,2025-03-07,4,bull,none,pullback_holds,current_week,0.013468013468013407,0.039562289562289354,-0.11531986531986538,-0.036195286195286114,0.06397306397306401,2025H1
002438,2025-03-20,3,bull,none,shrinking_volume_acceleration,current_week,-0.025910931174088936,-0.05425101214574901,-0.16113360323886639,-0.07287449392712542,0.02348178137651824,2025H1
002438,2025-08-29,4,bull,ma_bull,shrinking_volume_acceleration,current_week,-0.023121387283236983,-0.017341040462427793,-0.06647398843930641,-0.056358381502890076,0.0,2025H2
002438,2025-09-19,4,mid,none,shrinking_volume_acceleration,current_week,-0.07250538406317297,0.004307250538406304,0.007896625987078298,-0.09547738693467334,0.004307250538406304,2025H2
002438,2025-10-10,4,bull,none,pullback_holds,current_week,0.04615384615384621,0.026923076923076827,0.12384615384615372,-0.002307692307692233,0.11307692307692307,2025H2
002438,2025-10-15,2,bull,macd_stabilizing,shrinking_volume_acceleration,current_week,-0.04535790219702329,0.023387668320340227,-0.016300496102055195,-0.07937632884479084,0.03685329553508154,2025H2
002438,2025-10-17,4,mid,macd_stabilizing,pullback_holds,current_week,-0.031907179115301054,0.00870195794053652,0.048585931834662865,-0.058013052936910836,0.060913705583756306,2025H2
002438,2025-12-31,2,bull,ma_bull,two_day_acceleration,current_week,0.021943573667711602,-0.012539184952978122,0.08025078369905958,-0.03260188087774307,0.06520376175548592,2025H2
002438,2026-01-05,0,bull,ma_bull,two_day_acceleration,current_week,0.04773713577185368,0.0055796652200867936,0.03719776813391196,-0.043397396156230617,0.053316800991940694,2026H1
002438,2026-01-07,2,bull,ma_bull,shrinking_volume_acceleration,current_week,-0.02043343653250762,-0.009287925696594312,0.10773993808049553,-0.04458204334365323,0.05201238390092899,2026H1
002438,2026-01-09,4,bull,ma_bull,two_day_acceleration,current_week,-0.054621848739495826,-0.0018007202881152873,0.005402160864345751,-0.07382953181272511,0.019807923169267827,2026H1
002438,2026-04-20,0,bull,none,pullback_holds,current_week,-0.029708853238265,0.029708853238265,-0.0362448009506835,-0.06120023767082594,0.03802733214497911,2026H1
002438,2026-04-23,3,bull,none,two_day_acceleration,current_week,-0.04502369668246431,0.02547393364928907,0.05035545023696697,-0.06398104265402837,0.05154028436018954,2026H1
002438,2026-05-20,2,bull,none,pullback_holds,current_week,0.04561611374407604,-0.005924170616113611,-0.06338862559241698,-0.05213270142180093,0.08234597156398116,2026H1
002438,2026-05-28,3,mid,none,shrinking_volume_acceleration,current_week,-0.054433221099887685,-0.16386083052749723,-0.2048260381593715,-0.18013468013468015,0.011223344556677839,2026H1
002438,2026-06-16,1,bull,none,two_day_acceleration,current_week,-0.01847133757961794,-0.06305732484076432,-0.1847133757961783,-0.10254777070063703,0.023566878980891603,2026H1
002438,2026-06-17,2,bull,none,pullback_holds,current_week,-0.06217948717948707,-0.08141025641025634,-0.19807692307692304,-0.09679487179487178,0.030128205128205243,2026H1
002738,2025-09-15,0,bull,ma_bull,two_day_acceleration,current_week,-0.03858447488584482,0.09109589041095867,0.07808219178082187,-0.08538812785388128,0.09589041095890405,2025H2
002738,2025-09-19,4,mid,ma_bull,pullback_holds,current_week,0.02814951545916,0.23950161513613288,0.23788647900323023,-0.07568066451315181,0.26419012459621594,2025H2
002738,2025-10-13,0,bull,ma_bull,shrinking_volume_acceleration,current_week,-0.15383211678832132,-0.02098540145985417,0.11569343065693416,-0.16058394160583944,0.006386861313868453,2025H2
002738,2025-10-29,2,bull,ma_bull,shrinking_volume_acceleration,current_week,0.021941242097434088,0.09334325027891421,0.1887318705838601,-0.01822238750464855,0.18631461509854974,2025H2
002738,2025-11-19,2,mid,ma_bull,shrinking_volume_acceleration,current_week,-0.09319148936170218,-0.1163120567375886,-0.04340425531914893,-0.16255319148936176,0.06382978723404253,2025H2
002738,2026-01-09,4,bull,ma_bull,pullback_holds,current_week,-0.026043524794862605,0.14757997383755495,-0.023546200499464875,-0.04031394933999288,0.15947199429183012,2026H1
002738,2026-01-15,3,bull,ma_bull,shrinking_volume_acceleration,current_week,0.06314567614625655,0.07916424840394654,-0.005687753917585692,-0.05977945443993038,0.1707486941381311,2026H1
002738,2026-02-24,1,bull,ma_bull,two_day_acceleration,current_week,-0.07485473396376885,-0.08704568759257147,-0.2849492993050017,-0.14834225817477498,0.07553833884015049,2026H1
002738,2026-05-06,2,bull,none,shrinking_volume_acceleration,current_week,-0.12652406417112294,-0.26395721925133686,-0.3535828877005348,-0.30117647058823527,0.011764705882353121,2026H1
002028,2023-06-15,3,mid,ma_bull,pullback_holds,current_week,-0.040851063829787315,-0.008510638297872353,0.10361702127659589,-0.06382978723404253,0.005957446808510625,2023H1
002028,2023-06-16,4,mid,ma_bull,pullback_holds,current_week,-0.03780880773361983,0.007089151450053732,0.11428571428571432,-0.05477980665950599,0.015682062298603583,2023H1
002028,2023-08-03,3,bull,ma_bull,pullback_holds,current_week,0.03364900261938342,0.0006044731009471338,0.031231110215595326,-0.028611726778158375,0.04876083014305865,2023H2
002028,2023-09-11,0,mid,none,pullback_holds,current_week,-0.023214982442450238,-0.0477955520873975,-0.06984003121342175,-0.0495513070620367,0.007023019898556582,2023H2
002028,2023-09-12,1,mid,none,pullback_holds,current_week,-0.019897557131599686,-0.03900709219858145,-0.046887312844759554,-0.04255319148936165,0.004728132387706863,2023H2
002028,2023-09-18,0,mid,none,pullback_holds,current_week,-0.02574850299401199,-0.014171656686626788,-0.02215568862275452,-0.03493013972055892,0.034930139720558806,2023H2
002028,2023-09-22,4,mid,none,pullback_holds,current_week,0.0038306451612901693,-0.0429435483870968,0.006048387096774244,-0.06612903225806455,0.045362903225806495,2023H2
002028,2023-11-20,0,mid,macd_stabilizing,two_day_acceleration,current_week,0.00666936135812457,-0.004244139046079232,0.00828617623282124,-0.038399353274050196,0.018189167340339596,2023H2
002028,2023-11-22,2,mid,none,pullback_holds,current_week,0.01243781094527363,-0.00787728026534007,0.015547263681592094,-0.013681592039801016,0.044361525704809335,2023H2
002028,2023-11-23,3,mid,none,pullback_holds,current_week,0.023130937629078918,-0.002271788517141715,0.017348203221809078,-0.01734820322180919,0.040479140850887996,2023H2
002028,2024-02-26,0,bull,ma_bull,shrinking_volume_acceleration,current_week,0.10217510509961625,0.10583074392250036,0.0674465362822152,-0.003838420764028516,0.1365381100347285,2024H1
002028,2024-02-27,1,bull,ma_bull,two_day_acceleration,current_week,0.07054890921885981,0.034482758620689724,0.025686136523574987,-0.019704433497537033,0.09394792399718499,2024H1
002028,2024-02-28,2,bull,ma_bull,pullback_holds,current_week,0.09767025089605719,0.07043010752688161,0.04121863799283143,-0.0014336917562725038,0.11433691756272402,2024H1
002028,2024-02-29,3,bull,ma_bull,shrinking_volume_acceleration,current_week,0.05524669909659474,0.03804725503822093,0.011466296038915802,-0.009207783182765827,0.08026407227241128,2024H1
002028,2024-03-18,0,bull,ma_bull,pullback_holds,current_week,-0.03359258646367702,-0.020023167301009392,0.12477246400794306,-0.04765844779083228,0.0095978818467648,2024H1
002028,2024-05-08,2,bull,ma_bull,shrinking_volume_acceleration,current_week,0.060881018586272484,0.004097760866383693,0.08663837260354157,-0.008780916142250739,0.10566369091175187,2024H1
002028,2024-05-13,0,bull,ma_bull,two_day_acceleration,current_week,-0.03323679492483789,-0.004964832436905264,-0.002896152254861506,-0.06592194180113087,0.027444490415114986,2024H1
002028,2024-05-15,2,bull,ma_bull,shrinking_volume_acceleration,current_week,-0.05884773662551446,0.004938271604938205,-0.024965706447187985,-0.07091906721536356,0.021947873799725626,2024H1
002028,2024-05-28,1,mid,ma_bull,pullback_holds,current_week,0.03036663867898115,0.0027987685418413566,-0.04813881891967553,-0.02714805485586358,0.06689056815001382,2024H1
002028,2024-05-29,2,mid,ma_bull,shrinking_volume_acceleration,current_week,0.01670546350814739,-0.026701355607284705,-0.08503354785704498,-0.048062440093112446,0.04395453923045323,2024H1
002028,2024-07-15,0,mid,none,pullback_holds,current_week,-0.00015782828282828731,0.023989898989899006,0.05792297979797989,-0.05839646464646453,0.07323232323232332,2024H2
002028,2024-08-19,0,mid,none,pullback_holds,current_week,-0.034135338345864574,-0.015789473684210464,0.04090225563909766,-0.06270676691729327,0.022556390977443552,2024H2
002028,2024-09-24,1,mid,none,pullback_holds,current_week,0.09395070948468986,0.05870052277819249,0.14996265870052272,-0.020014936519790916,0.20552651232262886,2024H2
002028,2024-09-25,2,bull,none,two_day_acceleration,current_week,0.0819003206062372,0.04779947537161178,0.16190614981055074,-0.04357330224424383,0.1761877003788983,2024H2
002028,2024-11-01,4,mid,ma_bull,pullback_holds,current_week,0.01474582848273176,-0.011770792911654282,0.007502263614021398,-0.01565127409132061,0.04902341223645079,2024H2
002028,2024-11-13,2,bull,ma_bull,pullback_holds,current_week,-0.03167535936903698,-0.020099224017300577,-0.07136496628927613,-0.05024806004325155,0.014501971759318222,2024H2
002028,2024-11-14,3,bull,ma_bull,pullback_holds,current_week,-0.016247778624016274,-0.03617669459253614,-0.06575272911906571,-0.05229753744605237,0.0066006600660064585,2024H2
002028,2024-11-21,3,bull,ma_bull,pullback_holds,current_week,-0.020258064516128993,-0.03922580645161278,-0.06812903225806455,-0.04929032258064503,0.03548387096774186,2024H2
002028,2024-12-09,0,bull,ma_bull,pullback_holds,current_week,-0.07198142414860675,-0.07572239422084615,-0.09894220846233215,-0.09674922600619196,0.006191950464396356,2024H2
002028,2024-12-24,1,bull,none,two_day_acceleration,current_week,-0.017700310768815064,-0.02310498581272813,0.05755978921767313,-0.06890960680989067,0.005945142548304361,2024H2
002028,2024-12-30,0,bull,none,pullback_holds,current_week,-0.04965986394557809,-0.027891156462585,0.03646258503401367,-0.0653061224489796,0.0013605442176871652,2024H2
002028,2025-02-18,1,bull,ma_bull,pullback_holds,current_week,-0.08780238064763857,-0.07666709330602839,-0.06668373224113644,-0.1011135287341609,0.004479713298348953,2025H1
002028,2025-03-07,4,bull,none,pullback_holds,current_week,0.0035196967645862998,-0.02883443887911208,-0.03546771355083256,-0.03208338973873026,0.018410721537836627,2025H1
002028,2025-03-14,4,bull,none,pullback_holds,current_week,-0.034454912516823755,0.02960969044414541,-0.036339165545087315,-0.04037685060565277,0.0388963660834456,2025H1
002028,2025-04-22,1,mid,none,pullback_holds,current_week,-0.012608459869848265,-0.04419739696312375,0.044061822125813555,-0.05355206073752716,0.04162147505422986,2025H1
002028,2025-04-23,2,mid,none,pullback_holds,current_week,-0.01140109890109886,-0.0013736263736262577,0.03296703296703307,-0.04107142857142854,0.05535714285714288,2025H1
002028,2025-04-24,3,mid,none,pullback_holds,current_week,-0.02113642602250876,0.01811693659072211,0.010156464452374614,-0.04186110348613781,0.05448805929179246,2025H1
002028,2025-04-28,0,mid,none,pullback_holds,current_week,-0.04933333333333334,-0.019866666666666588,-0.034533333333333416,-0.06919999999999993,0.024399999999999977,2025H1
002028,2025-05-22,3,bull,none,two_day_acceleration,current_week,-0.05371144798745431,-0.0423418714061683,-0.04077365394668053,-0.06965499215891269,0.012284370099320485,2025H1
002028,2025-08-15,4,bull,ma_bull,two_day_acceleration,current_week,-0.03327596098680441,0.005163511187607606,0.07217441193344798,-0.0541594951233505,0.009638554216867323,2025H2
002028,2025-08-25,0,bull,ma_bull,two_day_acceleration,current_week,0.12229210342417884,0.08607034707663641,0.1632890752387608,-0.02667132541346373,0.12625203820172382,2025H2
002028,2025-08-29,4,bull,ma_bull,two_day_acceleration,current_week,0.052123118400359436,0.04965176364861823,0.15816670411143585,0.0,0.08627274769714677,2025H2
002028,2025-09-03,2,bull,ma_bull,shrinking_volume_acceleration,current_week,-0.011024296264583122,0.04227764101466325,0.19929358878304604,-0.04313389703521353,0.04741517713796406,2025H2
002028,2025-09-05,4,bull,ma_bull,shrinking_volume_acceleration,current_week,0.011255411255411074,0.07813852813852806,0.17835497835497827,-0.016450216450216604,0.09177489177489173,2025H2
002028,2025-09-23,1,mid,ma_bull,two_day_acceleration,current_week,0.07419450192137145,0.060005911912503596,0.3179623608237263,-0.019115183761947097,0.1318356488323973,2025H2
002028,2025-09-25,3,bull,ma_bull,shrinking_volume_acceleration,current_week,0.07438337541270146,0.03223926976111868,0.275490386482812,-0.03330743833754135,0.11545931248786179,2025H2
002028,2025-10-24,4,bull,ma_bull,two_day_acceleration,current_week,0.07663934426229502,0.19860655737704902,0.11295081967213116,-0.01344262295081966,0.2520491803278688,2025H2
002028,2025-10-31,4,bull,ma_bull,shrinking_volume_acceleration,current_week,0.09151302530417249,0.11308501903411217,0.07113532880495632,-0.020079122191535403,0.1524221840710609,2025H2
002028,2025-12-22,0,bull,ma_bull,two_day_acceleration,current_week,0.03732835621917063,0.028729502732969037,0.3128249566724437,-0.018464204772697057,0.08252233035595258,2025H2
002028,2026-01-21,2,bull,ma_bull,shrinking_volume_acceleration,current_week,-0.026756701868399735,0.024725832656376845,0.15414297319252634,-0.09372461413484978,0.03325548334687234,2026H1
002028,2026-02-26,3,bull,ma_bull,two_day_acceleration,current_week,0.03555076757339082,-0.04340605081246063,-0.05619894065894604,-0.05512164467187364,0.0733459017865159,2026H1
002028,2026-03-03,1,bull,ma_bull,pullback_holds,current_week,0.052809092589170215,-0.023054888190722544,-0.06671594899279243,-0.06958048419885421,0.10478654592496772,2026H1
002028,2026-03-05,3,mid,ma_bull,shrinking_volume_acceleration,current_week,-0.06865658596276536,-0.07744078314832614,-0.08399615418232675,-0.11991958744864961,0.04501354776680366,2026H1
002028,2026-04-16,3,mid,none,shrinking_volume_acceleration,current_week,0.03713478723896846,-0.09709681900263922,-0.09714312172986983,-0.11353428716951419,0.07551974811316398,2026H1
002028,2026-05-07,3,bull,none,pullback_holds,current_week,-0.0057848808706736365,-0.02529659770565751,-0.0548092950289244,-0.08275321109912748,0.03519952936562398,2026H1
002028,2026-05-12,1,bull,none,shrinking_volume_acceleration,current_week,-0.024757427228168427,-0.029208762628788687,-0.08322496749024699,-0.06421926577973391,0.056116835050515235,2026H1
002028,2026-05-18,0,bull,none,shrinking_volume_acceleration,current_week,0.04895032753907258,0.11414865631608806,-0.08185897766544592,-0.02419146850982612,0.13380100067055234,2026H1
002028,2026-05-22,4,mid,none,pullback_holds,current_week,0.020650307987478467,-0.10385741694436024,0.015853781682318546,-0.10905786125416539,0.10981520751287488,2026H1
002028,2026-06-18,3,bull,none,pullback_holds,current_week,-0.09736611514870364,-0.13586928508839746,-0.24204937889799483,-0.20426782124632747,0.06128550074738426,2026H1
002028,2026-08-20,3,mid,none,shrinking_volume_acceleration,current_week,-0.10790697674418603,-0.16290697674418608,,-0.21284883720930226,0.03889534883720924,2026H2
002028,2026-08-21,4,mid,none,two_day_acceleration,current_week,-0.18647727272727266,-0.16363636363636358,,-0.23073863636363623,0.015284090909090997,2026H2
300063,2023-07-14,4,mid,none,pullback_holds,current_week,-0.009302325581395321,-0.009302325581395321,-0.020930232558139528,-0.027906976744186074,0.020930232558139528,2023H2
300063,2023-08-03,3,bull,none,pullback_holds,current_week,0.002293577981651307,-0.052752293577981724,-0.04816513761467889,-0.08944954128440374,0.025229357798165042,2023H2
300063,2023-09-11,0,mid,none,pullback_holds,current_week,-0.03623188405797084,-0.03140096618357491,0.019323671497584627,-0.07004830917874383,0.0,2023H2
300063,2024-03-14,3,bull,none,pullback_holds,current_week,0.22807017543859653,0.07017543859649122,-0.14035087719298245,-0.015594541910331383,0.2651072124756335,2024H1
300063,2024-03-15,4,bull,none,shrinking_volume_acceleration,current_week,0.18482490272373542,0.02529182879377445,-0.24319066147859913,0.0,0.26264591439688734,2024H1
300063,2024-10-31,3,bull,ma_bull,shrinking_volume_acceleration,current_week,-0.03733333333333333,-0.07644444444444443,-0.07022222222222219,-0.24088888888888882,0.06577777777777771,2024H2
300063,2025-02-10,0,mid,none,shrinking_volume_acceleration,current_week,0.0680272108843536,0.06511175898930999,-0.045675413022351896,-0.0388726919339164,0.1360544217687074,2025H1
300063,2025-02-13,3,bull,none,two_day_acceleration,current_week,-0.0518038852913969,-0.052728954671600436,-0.12118408880666054,-0.08510638297872342,0.04810360777058276,2025H1
300063,2025-02-26,2,bull,none,pullback_holds,current_week,-0.07478427612655791,-0.056567593480345124,-0.12176414189837004,-0.11121764141898371,0.01342281879194629,2025H1
300063,2025-04-02,2,mid,none,two_day_acceleration,current_week,-0.1437699680511182,-0.1437699680511182,-0.09584664536741216,-0.30670926517571895,0.014909478168263934,2025H1
300063,2025-04-03,3,mid,none,pullback_holds,current_week,-0.04176610978520301,-0.04176610978520301,0.007159904534606021,-0.22315035799522687,0.03221957040572776,2025H1
300063,2025-05-06,1,mid,none,two_day_acceleration,current_week,0.011574074074073959,0.0092592592592593,-0.06365740740740744,-0.03935185185185186,0.06481481481481488,2025H1
300063,2025-10-09,3,bull,ma_bull,pullback_holds,current_week,-0.07803790412486078,-0.07246376811594202,-0.03232998885172811,-0.11036789297658867,0.011148272017837302,2025H2
300063,2026-01-08,3,bull,none,two_day_acceleration,current_week,0.5471698113207546,0.5504994450610434,0.7225305216426192,0.0,1.0410654827968924,2026H1
300063,2026-02-02,0,mid,ma_bull,two_day_acceleration,current_week,-0.02835203780271711,-0.16479621972829295,-0.24158298877731832,-0.1783815711754282,0.054341405788541186,2026H1
300063,2026-03-10,1,bull,ma_bull,two_day_acceleration,current_week,-0.07596899224806208,-0.12945736434108523,-0.020930232558139528,-0.172093023255814,0.0007751937984497026,2026H1
300063,2026-04-14,1,mid,none,two_day_acceleration,current_week,0.021523178807947074,-0.09354304635761579,-0.0016556291390728006,-0.09685430463576161,0.07947019867549665,2026H1
300063,2026-05-18,0,bull,none,pullback_holds,current_week,-0.10032894736842113,-0.08717105263157898,-0.21299342105263153,-0.17845394736842102,0.04851973684210531,2026H1
300063,2026-05-19,1,bull,none,pullback_holds,current_week,-0.13677313677313674,-0.13923013923013927,-0.2137592137592138,-0.18181818181818188,0.010647010647010458,2026H1
300807,2023-08-04,4,bull,ma_bull,pullback_holds,current_week,-0.06437908496732037,-0.07352941176470584,0.06732026143790848,-0.10784313725490202,0.051633986928104614,2023H2
300807,2023-08-07,0,bull,ma_bull,two_day_acceleration,current_week,-0.05846253229974152,-0.08624031007751942,0.08397932816537468,-0.11821705426356588,0.039405684754521886,2023H2
300807,2023-08-08,1,bull,ma_bull,two_day_acceleration,current_week,-0.09235668789808926,-0.061464968152866395,0.10605095541401277,-0.1305732484076434,0.024840764331210075,2023H2
300807,2023-09-05,1,mid,none,two_day_acceleration,current_week,0.12524682651621988,-0.07729196050775744,-0.005923836389280734,-0.08011283497884358,0.3410437235543018,2023H2
300807,2024-12-04,2,bull,none,pullback_holds,current_week,0.03970080552359034,-0.08630609896432673,0.27617951668584584,-0.12025316455696189,0.07364787111622562,2024H2
300807,2024-12-11,2,bull,ma_bull,shrinking_volume_acceleration,current_week,-0.1172873818788216,-0.19288493607559765,-0.0033351862145637456,-0.19955530850472492,0.026959421901056047,2024H2
300807,2024-12-12,3,bull,ma_bull,pullback_holds,current_week,-0.09955131800336525,-0.15199102636006734,-0.030566461020751667,-0.1971396522714527,0.008973639932697619,2024H2
300807,2025-02-24,0,bull,ma_bull,two_day_acceleration,current_week,-0.03858267716535435,0.039107611548556465,0.031233595800524983,-0.06325459317585314,0.08503937007874018,2025H1
300807,2025-02-27,3,bull,ma_bull,pullback_holds,current_week,0.03267973856209161,0.010718954248366108,-0.07843137254901966,-0.0669281045751634,0.08078431372549022,2025H1
300807,2025-03-06,3,bull,ma_bull,two_day_acceleration,current_week,-0.016284987277353724,-0.007633587786259666,-0.11526717557251909,-0.04427480916030535,0.06692111959287517,2025H1
300807,2025-04-01,1,mid,ma_bull,two_day_acceleration,current_week,-0.12315408191696842,-0.04736695458344953,0.0571189746447478,-0.22011702424073554,0.0025076623014768096,2025H1
300807,2025-06-25,2,bull,ma_bull,pullback_holds,current_week,-0.022402757262432238,-0.02806499261447548,0.066223535204333,-0.03175775480059084,0.014278680452978865,2025H1
300807,2025-06-26,3,bull,ma_bull,pullback_holds,current_week,-0.022954822954823095,-0.03589743589743588,0.03736263736263745,-0.041269841269841345,0.006105006105006083,2025H1
300807,2025-06-27,4,bull,ma_bull,pullback_holds,current_week,-0.0022365805168986785,-0.003976143141153132,0.061878727634194775,-0.025347912524851024,0.02385685884691857,2025H1
300807,2025-07-17,3,bull,macd_cross,shrinking_volume_acceleration,current_week,-0.002114164904862492,0.06906272022551097,0.22034296452901114,-0.026309607704956495,0.06953253464881382,2025H2
300807,2025-10-09,3,bull,none,pullback_holds,current_week,-0.011877685114986103,-0.0030326004548899554,0.17108920899671487,-0.07000252716704569,0.01920646954763705,2025H2
300807,2025-10-10,4,bull,none,pullback_holds,current_week,0.02201086956521725,0.0894021739130435,0.22364130434782603,0.0,0.09673913043478244,2025H2
300807,2025-10-20,0,mid,none,shrinking_volume_acceleration,current_week,0.02117093570308426,0.1280710925248303,0.22530057501306855,-0.008102456874019781,0.23366440146366974,2025H2
300807,2025-10-21,1,bull,none,two_day_acceleration,current_week,-0.0038491147036181506,0.14267385168078017,0.21118809340518352,-0.026173979984603468,0.21118809340518352,2025H2
300807,2025-10-24,4,bull,none,two_day_acceleration,current_week,0.03265822784810135,0.14000000000000012,0.12101265822784812,-0.0392405063291138,0.19493670886075964,2025H2
300807,2025-12-23,1,bull,ma_bull,two_day_acceleration,current_week,0.03569338794616739,0.056173200702164916,0.12014823483518611,0.0,0.2092841817827189,2025H2
300807,2025-12-29,0,bull,ma_bull,two_day_acceleration,current_week,0.046040515653775316,0.0865561694290975,0.009208103130755152,-0.03720073664825052,0.21325966850828704,2025H2
300807,2026-02-04,2,mid,ma_bull,pullback_holds,current_week,-0.03285006423196912,0.008992475683611723,-0.05707469260414755,-0.04092494035602867,0.034501743439163235,2026H1
300807,2026-02-05,3,mid,ma_bull,shrinking_volume_acceleration,current_week,-0.043171965317919114,0.01264450867052025,-0.09049855491329473,-0.055997109826589675,0.027276011560693814,2026H1
300807,2026-02-06,4,mid,ma_bull,pullback_holds,current_week,-0.026752767527675303,-0.011439114391143979,-0.06273062730627299,-0.035793357933579406,0.049261992619926254,2026H1
300807,2026-02-24,1,bull,none,pullback_holds,current_week,-0.052044609665427566,-0.007434944237918351,-0.10353159851301119,-0.07249070631970267,0.05706319702602225,2026H1
300807,2026-02-25,2,bull,none,two_day_acceleration,current_week,-0.06437926581811482,-0.04076738609112707,-0.06382586238701349,-0.07950562626821622,0.04906843755764623,2026H1
300807,2026-02-27,4,bull,none,two_day_acceleration,current_week,-0.04314582195521566,-0.08337884580375021,-0.07336610231203355,-0.0915710904787912,0.0,2026H1
300807,2026-04-08,2,mid,none,two_day_acceleration,current_week,0.02114688512097551,0.11583158696894635,-0.09392265193370164,-0.0289578967422367,0.2806248809297007,2026H1
300807,2026-04-17,4,mid,none,two_day_acceleration,current_week,-0.16855102648021425,-0.23742933650699194,-0.35465635227610826,-0.2633144897351978,0.0,2026H1
601860,2024-11-05,1,bull,ma_bull,two_day_acceleration,current_week,-0.0068728522336769515,0.02405498281786933,0.0068728522336769515,-0.024054982817869552,0.05841924398625431,2024H2
601860,2024-11-21,3,bull,ma_bull,pullback_holds,current_week,-0.023809523809523725,-0.017006802721088343,-0.023809523809523725,-0.05102040816326525,0.006802721088435382,2024H2
601860,2024-12-02,0,bull,ma_bull,pullback_holds,current_week,0.01718213058419238,0.013745704467353903,0.0034364261168384758,-0.010309278350515538,0.04810996563573888,2024H2
601860,2024-12-03,1,bull,ma_bull,pullback_holds,current_week,0.023972602739726234,-0.010273972602739656,-0.023972602739726012,-0.013698630136986356,0.044520547945205546,2024H2
601860,2024-12-04,2,bull,ma_bull,pullback_holds,current_week,0.034482758620689724,-0.0034482758620688614,-0.055172413793103336,-0.006896551724137945,0.0517241379310347,2024H2
601860,2024-12-10,1,bull,ma_bull,two_day_acceleration,current_week,-0.026936026936026924,-0.026936026936026924,-0.07407407407407418,-0.047138047138047146,0.023569023569023573,2024H2
601860,2024-12-12,3,bull,ma_bull,shrinking_volume_acceleration,current_week,-0.04966887417218535,-0.04304635761589404,-0.10927152317880795,-0.0629139072847682,0.0033112582781458233,2024H2
601860,2024-12-24,1,bull,ma_bull,pullback_holds,current_week,-0.01384083044982698,-0.04844290657439454,-0.0726643598615917,-0.0726643598615917,0.02422145328719716,2024H2
601860,2024-12-25,2,bull,ma_bull,pullback_holds,current_week,-0.055172413793103336,-0.06206896551724128,-0.06206896551724128,-0.07586206896551717,0.020689655172413834,2024H2
601860,2024-12-26,3,bull,ma_bull,pullback_holds,current_week,-0.05555555555555547,-0.06597222222222221,-0.04513888888888884,-0.06944444444444431,0.0277777777777779,2024H2
601860,2024-12-27,4,bull,ma_bull,pullback_holds,current_week,-0.055172413793103336,-0.07931034482758625,-0.04137931034482745,-0.08965517241379306,0.020689655172413834,2024H2
601860,2024-12-30,0,bull,ma_bull,pullback_holds,current_week,-0.05841924398625431,-0.061855670103092786,-0.054982817869415834,-0.09278350515463918,0.01718213058419238,2024H2
601860,2025-02-07,4,mid,none,two_day_acceleration,current_week,-0.01075268817204289,-0.02508960573476693,-0.03584229390681004,-0.028673835125448077,0.0035842293906811484,2025H1
601860,2025-02-18,1,bull,macd_stabilizing,pullback_holds,current_week,-0.025270758122743597,-0.02166064981949456,0.0036101083032491488,-0.028880866425992857,0.0036101083032491488,2025H1
601860,2025-03-13,3,bull,none,pullback_holds,current_week,0.04460966542750944,0.0371747211895912,-0.014869888475836479,0.0,0.055762081784386686,2025H1
601860,2025-03-14,4,bull,macd_stabilizing,two_day_acceleration,current_week,0.01086956521739113,0.0036231884057971175,-0.036231884057971064,-0.0036231884057972286,0.02898550724637672,2025H1
601860,2025-03-17,0,bull,none,two_day_acceleration,current_week,-0.003558718861209842,-0.014234875444839923,-0.0462633451957295,-0.02135231316725983,0.010676156583629748,2025H1
601860,2025-03-19,2,bull,none,shrinking_volume_acceleration,current_week,-0.003558718861209842,0.003558718861209842,-0.03558718861209964,-0.02135231316725983,0.010676156583629748,2025H1
601860,2025-04-01,1,mid,none,pullback_holds,current_week,-0.05017921146953408,-0.03584229390681004,-0.032258064516129004,-0.07885304659498216,0.017921146953404854,2025H1
601860,2025-04-02,2,mid,none,pullback_holds,current_week,-0.053380782918149405,-0.03558718861209964,-0.039145907473309594,-0.0854092526690392,0.010676156583629748,2025H1
601860,2025-07-02,2,bull,ma_bull,two_day_acceleration,current_week,0.055016181229773586,0.02265372168284796,-0.01941747572815522,-0.009708737864077555,0.08090614886731395,2025H2
601860,2025-07-03,3,bull,ma_bull,pullback_holds,current_week,0.0714285714285714,0.01948051948051943,-0.025974025974025983,-0.0032467532467531646,0.08441558441558428,2025H2
601860,2025-07-09,2,bull,ma_bull,two_day_acceleration,current_week,-0.027692307692307683,-0.0461538461538461,-0.07384615384615378,-0.06153846153846143,0.027692307692307683,2025H2
601860,2025-07-14,0,bull,ma_bull,shrinking_volume_acceleration,current_week,-0.040123456790123524,-0.0586419753086419,-0.0771604938271605,-0.06172839506172845,0.006172839506172867,2025H2
601860,2025-08-05,1,bull,ma_bull,pullback_holds,current_week,-0.019736842105263164,-0.02631578947368418,-0.016447368421052544,-0.046052631578947456,0.00328947368421062,2025H2
601860,2025-08-06,2,bull,ma_bull,pullback_holds,current_week,-0.01661129568106323,-0.009966777408637939,-0.02657807308970106,-0.036544850498339,0.006644518272425293,2025H2
601860,2025-08-07,3,bull,ma_bull,pullback_holds,current_week,-0.02657807308970106,-0.0033222591362126463,-0.023255813953488413,-0.036544850498339,0.006644518272425293,2025H2
601860,2025-08-08,4,bull,ma_bull,pullback_holds,current_week,-0.023255813953488413,-0.009966777408637939,-0.029900332225913706,-0.036544850498339,0.0,2025H2
601860,2025-08-18,0,bull,none,pullback_holds,current_week,0.010067114093959884,-0.01342281879194629,-0.020134228187919434,-0.02684563758389269,0.01342281879194629,2025H2
601860,2025-08-19,1,bull,none,pullback_holds,current_week,0.013559322033898313,0.013559322033898313,0.003389830508474523,-0.016949152542372947,0.023728813559321882,2025H2
601860,2025-08-20,2,bull,none,pullback_holds,current_week,-0.020134228187919434,-0.016778523489932806,-0.006711409395973145,-0.02684563758389269,0.01342281879194629,2025H2
601860,2025-08-21,3,bull,none,pullback_holds,current_week,-0.023333333333333317,-0.020000000000000018,-0.033333333333333326,-0.036666666666666625,0.006666666666666599,2025H2
601860,2025-08-22,4,bull,none,pullback_holds,current_week,0.0,-0.020134228187919434,-0.033557046979865834,-0.030201342281879096,0.01342281879194629,2025H2
601860,2025-08-25,0,bull,none,pullback_holds,current_week,-0.020000000000000018,-0.029999999999999916,-0.046666666666666745,-0.036666666666666625,0.006666666666666599,2025H2
601860,2025-08-26,1,bull,none,pullback_holds,current_week,0.0,-0.02341137123745829,-0.04013377926421413,-0.03344481605351168,0.010033444816053505,2025H2
601860,2025-09-02,1,bull,none,pullback_holds,current_week,-0.020134228187919434,-0.006711409395973145,-0.0604026845637583,-0.030201342281879096,0.006711409395973256,2025H2
601860,2025-09-16,1,bull,macd_stabilizing,pullback_holds,current_week,-0.030405405405405372,-0.054054054054053946,0.0,-0.057432432432432456,0.0033783783783785104,2025H2
601860,2025-09-17,2,bull,macd_stabilizing,pullback_holds,current_week,-0.03050847457627126,-0.04067796610169494,0.010169491525423568,-0.05423728813559325,0.003389830508474523,2025H2
601860,2025-10-09,3,bull,none,pullback_holds,current_week,0.03191489361702149,0.05673758865248235,0.0177304964539009,-0.0035460992907800915,0.05673758865248235,2025H2
601860,2025-10-10,4,bull,none,pullback_holds,current_week,0.02473498233215543,0.035335689045936425,0.0176678445229681,-0.007067137809187329,0.053003533568904526,2025H2
601860,2025-10-13,0,bull,none,pullback_holds,current_week,0.021052631578947434,0.024561403508771784,0.010526315789473717,-0.0035087719298246833,0.04561403508771922,2025H2
601860,2025-10-14,1,bull,none,pullback_holds,current_week,0.01730103806228378,0.006920415224913601,-0.0034602076124568004,-0.00692041522491349,0.03114186851211076,2025H2
601860,2025-10-15,2,bull,none,pullback_holds,current_week,0.02422145328719716,-0.00692041522491349,0.0,-0.01384083044982698,0.03114186851211076,2025H2
601860,2025-10-16,3,bull,none,pullback_holds,current_week,0.02405498281786933,-0.013745704467354014,-0.010309278350515538,-0.020618556701030966,0.02405498281786933,2025H2
601860,2025-10-17,4,mid,none,pullback_holds,current_week,0.010344827586207028,-0.024137931034482696,0.0,-0.03103448275862064,0.02758620689655178,2025H2
601860,2025-10-20,0,mid,none,shrinking_volume_acceleration,current_week,0.0034364261168384758,-0.024054982817869552,-0.010309278350515538,-0.03436426116838487,0.02405498281786933,2025H2
601860,2025-10-21,1,bull,none,two_day_acceleration,current_week,-0.010204081632652962,-0.023809523809523725,-0.03401360544217691,-0.04421768707482987,0.013605442176870763,2025H2
601860,2025-10-24,4,bull,none,pullback_holds,current_week,-0.03412969283276457,-0.017064846416382395,-0.05460750853242324,-0.04095563139931746,0.006825938566553003,2025H2
601860,2025-11-04,1,bull,macd_stabilizing,pullback_holds,current_week,0.0034843205574912606,-0.010452961672474004,-0.020905923344947785,-0.013937282229965153,0.017421602787456303,2025H2
601860,2025-11-12,2,bull,none,pullback_holds,current_week,-0.020689655172413834,-0.04137931034482745,-0.051724137931034475,-0.04827586206896539,0.006896551724137945,2025H2
601860,2025-11-14,4,bull,none,pullback_holds,current_week,-0.04482758620689653,-0.04482758620689653,-0.06206896551724128,-0.051724137931034475,0.0034482758620690834,2025H2
601121,2025-09-02,1,bull,ma_bull,pullback_holds,current_week,0.013235294117647234,0.02205882352941191,0.02941176470588247,-0.032352941176470584,0.04117647058823537,2025H2
601121,2025-09-11,3,bull,ma_bull,pullback_holds,current_week,-0.01608187134502914,-0.03654970760233922,0.043859649122807154,-0.058479532163742576,0.03508771929824572,2025H2
601121,2025-09-29,0,bull,ma_bull,two_day_acceleration,current_week,0.05481481481481487,0.06962962962962949,0.05185185185185204,0.0,0.12444444444444436,2025H2
601121,2025-09-30,1,bull,ma_bull,two_day_acceleration,current_week,-0.01109570041608876,-0.00554785020804438,-0.00554785020804438,-0.03606102635228847,0.05270457697642161,2025H2
601121,2025-10-22,2,bull,ma_bull,pullback_holds,current_week,0.029329608938547524,0.0013966480446927498,0.05586592178770955,-0.020949720670391137,0.05027932960893855,2025H2
601121,2025-10-23,3,bull,ma_bull,pullback_holds,current_week,0.024827586206896513,0.022068965517241468,0.07034482758620686,-0.03310344827586209,0.05517241379310356,2025H2
601121,2025-10-28,1,bull,ma_bull,pullback_holds,current_week,-0.011142061281336879,0.09610027855153214,-0.00417827298050133,-0.0236768802228412,0.1378830083565461,2025H2
601121,2025-10-31,4,bull,ma_bull,pullback_holds,current_week,0.017808219178082174,0.08082191780821923,0.006849315068493178,-0.03972602739726028,0.11917808219178094,2025H2
601121,2025-11-06,3,bull,ma_bull,two_day_acceleration,current_week,0.06342780026990558,0.047233468286099756,0.0161943319838056,-0.012145748987854255,0.10256410256410264,2025H2
601121,2025-12-22,0,bull,none,pullback_holds,current_week,0.04281767955801108,0.05939226519337004,0.12016574585635342,-0.015193370165745845,0.07182320441988943,2025H2
601121,2025-12-23,1,bull,none,pullback_holds,current_week,0.012328767123287676,0.03972602739726039,0.12876712328767126,-0.019178082191780743,0.06301369863013706,2025H2
601121,2025-12-24,2,bull,none,pullback_holds,current_week,0.01933701657458564,0.06767955801104986,0.1533149171270718,-0.011049723756906049,0.07596685082872923,2025H2
601121,2025-12-25,3,bull,none,pullback_holds,current_week,0.02063273727647852,0.05914718019257226,0.1801925722145803,-0.0013755158184319827,0.079779917469051,2025H2
601121,2025-12-26,4,bull,ma_bull,two_day_acceleration,current_week,0.02008032128514059,0.025435073627844806,0.10441767068273089,-0.021419009370816533,0.05087014725568961,2025H2
601121,2026-01-19,0,bull,ma_bull,shrinking_volume_acceleration,current_week,0.10424710424710426,0.01287001287001277,0.07593307593307586,-0.02187902187902191,0.1943371943371941,2026H1
601121,2026-01-21,2,bull,ma_bull,two_day_acceleration,current_week,0.0850801479654748,0.0012330456226883335,0.06041923551171391,-0.0320591861898889,0.1442663378545006,2026H1
601121,2026-01-26,0,bull,ma_bull,two_day_acceleration,current_week,-0.06642941874258601,-0.03677342823250285,0.014234875444840034,-0.10201660735468554,0.10083036773428233,2026H1
601121,2026-02-09,0,bull,ma_bull,shrinking_volume_acceleration,current_week,0.027027027027026973,0.05036855036855048,-0.011056511056511065,-0.03194103194103204,0.11425061425061411,2026H1
601121,2026-02-27,4,bull,ma_bull,shrinking_volume_acceleration,current_week,-0.0747767857142857,-0.0546875,-0.14285714285714302,-0.109375,0.012276785714285587,2026H1
601121,2026-03-09,0,mid,ma_bull,pullback_holds,current_week,-0.033532934131736414,-0.15449101796407172,-0.10658682634730532,-0.16287425149700596,0.05389221556886237,2026H1
601121,2026-03-11,2,bull,ma_bull,pullback_holds,current_week,-0.022673031026253176,-0.11217183770883055,-0.09665871121718383,-0.16587112171837715,0.05011933174224348,2026H1
601121,2026-03-12,3,bull,ma_bull,pullback_holds,current_week,-0.07048984468339314,-0.11230585424133821,-0.08482676224611718,-0.16487455197132628,0.05137395459976091,2026H1
601121,2026-03-13,4,mid,ma_bull,pullback_holds,current_week,-0.09523809523809523,-0.08571428571428574,-0.08690476190476193,-0.16785714285714282,0.004761904761904745,2026H1
601121,2026-04-08,2,mid,none,two_day_acceleration,current_week,-0.015748031496062964,0.023622047244094446,-0.001312335958005173,-0.019685039370078816,0.04855643044619429,2026H1
601121,2026-04-10,4,mid,none,pullback_holds,current_week,0.03026315789473677,0.009210526315789336,-0.014473684210526305,-0.017105263157894846,0.051315789473684204,2026H1
601121,2026-04-14,1,mid,none,two_day_acceleration,current_week,0.005154639175257714,0.0,-0.07989690721649478,-0.037371134020618535,0.03350515463917514,2026H1
601121,2026-05-06,2,bull,none,shrinking_volume_acceleration,current_week,-0.05429292929292928,-0.10479797979797978,-0.172979797979798,-0.11868686868686862,0.0037878787878788955,2026H1
300180,2023-11-15,2,mid,ma_bull,pullback_holds,current_week,0.007858546168958647,-0.043222003929273,-0.09626719056974442,-0.0491159135559921,0.15520628683693527,2023H2
300180,2024-10-11,4,bull,ma_bull,shrinking_volume_acceleration,current_week,0.0010438413361169019,-0.09290187891440504,-0.09394572025052195,-0.17536534446764085,0.197286012526096,2024H2
300180,2024-11-11,0,bull,ma_bull,shrinking_volume_acceleration,current_week,-0.1696428571428572,-0.1685267857142858,-0.1685267857142858,-0.1964285714285715,0.060267857142856984,2024H2
300180,2024-11-12,1,bull,ma_bull,two_day_acceleration,current_week,-0.1322033898305085,-0.17740112994350277,-0.14124293785310726,-0.18644067796610164,0.016949152542372836,2024H2
300180,2025-02-12,2,bull,none,shrinking_volume_acceleration,current_week,-0.018099547511312264,0.0015082956259426794,0.05731523378582204,-0.04223227752639502,0.04826546003016596,2025H1
300180,2025-02-13,3,bull,none,two_day_acceleration,current_week,-0.006033182503770718,-0.019607843137254832,0.02413273001508287,-0.04223227752639502,0.03318250377073917,2025H1
300180,2025-02-17,0,bull,none,two_day_acceleration,current_week,-0.010447761194029903,-0.07761194029850749,0.07164179104477597,-0.08955223880597007,0.011940298507462588,2025H1
300180,2025-03-14,4,bull,none,shrinking_volume_acceleration,current_week,-0.05217391304347829,-0.03768115942028982,0.06666666666666665,-0.08985507246376812,0.14782608695652177,2025H1
300180,2025-05-08,3,bull,ma_bull,pullback_holds,current_week,-0.0092592592592593,-0.07671957671957674,0.033068783068783025,-0.07804232804232814,0.042328042328042326,2025H1
300180,2025-06-09,0,bull,ma_bull,shrinking_volume_acceleration,current_week,0.07435897435897454,0.12435897435897436,0.26410256410256405,-0.02564102564102555,0.2897435897435898,2025H1
300180,2025-06-12,3,bull,ma_bull,two_day_acceleration,current_week,0.04433497536945796,0.1637931034482758,0.17241379310344818,-0.04064039408867004,0.23891625615763545,2025H1
300180,2025-06-26,3,bull,ma_bull,shrinking_volume_acceleration,current_week,-0.06417112299465233,0.018181818181818077,-0.04171122994652399,-0.07486631016042777,0.1101604278074868,2025H1
300180,2025-07-29,1,bull,ma_bull,pullback_holds,current_week,-0.07574094401756304,-0.04171240395170128,-0.01975850713501648,-0.10757409440175614,0.002195389681668658,2025H2
300180,2025-08-11,0,bull,none,shrinking_volume_acceleration,current_week,0.05734767025089593,0.08721624850657084,-0.04062126642771824,-0.00238948626045421,0.10394265232974909,2025H2
300180,2025-08-25,0,bull,macd_cross,two_day_acceleration,current_week,-0.029966703662597016,-0.10876803551609326,-0.1587125416204217,-0.15427302996670367,0.018867924528301883,2025H2
300180,2025-10-10,4,bull,none,pullback_holds,current_week,0.001392757660167332,-0.0027855153203342198,0.026462395543175532,-0.02646239554317542,0.09749303621169925,2025H2
300180,2025-10-14,1,bull,none,two_day_acceleration,current_week,-0.04376657824933683,-0.050397877984084904,-0.01591511936339529,-0.07294429708222805,0.0026525198938993633,2025H2
300180,2025-10-27,0,bull,none,pullback_holds,current_week,0.009708737864077666,0.023578363384188616,-0.06796116504854377,-0.01941747572815533,0.03190013869625519,2025H2
300180,2025-10-29,2,bull,none,pullback_holds,current_week,0.004166666666666652,0.008333333333333304,-0.0722222222222223,-0.01805555555555549,0.04583333333333339,2025H2
300180,2025-11-03,0,bull,none,pullback_holds,current_week,0.01933701657458564,-0.006906077348066253,-0.07596685082872923,-0.013812154696132506,0.04005524861878462,2025H2
300180,2025-11-04,1,bull,none,pullback_holds,current_week,0.03342618384401108,-0.01392757660167121,-0.08077994428969348,-0.01671309192200543,0.048746518105849734,2025H2
300180,2025-11-05,2,bull,none,pullback_holds,current_week,0.004149377593360981,-0.048409405255878335,-0.11756569847856158,-0.05532503457814664,0.04149377593361003,2025H2
300180,2025-11-06,3,bull,none,pullback_holds,current_week,0.0041379310344829,-0.05241379310344829,-0.13241379310344825,-0.0579310344827586,0.0386206896551724,2025H2
300180,2025-11-07,4,bull,none,two_day_acceleration,current_week,-0.02837837837837842,-0.10945945945945956,-0.12702702702702706,-0.11081081081081079,0.0175675675675675,2025H2
